1.0
494
19.435484 38.274193     1.755493 14.712891 514.766846     -0.028644 -0.999590 0.999590 -0.028644     5.197221 5.197221 1.569613
119.651306 66.698257     209.913086 -78.809570 1602.741699     0.056313 -0.998413 0.998413 0.056313     64.503704 64.503704 1.565770
120.171051 73.132027     218.182617 -63.981445 1873.126953     0.038574 -0.999256 0.999256 0.038574     66.092229 66.092229 1.566337
122.118576 86.048309     302.150391 -187.552734 2911.959961     0.071315 -0.997454 0.997454 0.071315     76.465700 76.465700 1.562342
122.118576 86.048309     339.995361 92.834961 2916.552734     0.071315 -0.997454 0.997454 0.071315     76.465700 76.465700 2.931987
122.684471 92.819710     347.972168 117.686035 3795.497070     0.081244 -0.996694 0.996694 0.081244     81.066226 81.066226 1.560188
122.684471 92.819710     18.467766 12.125244 70.804688     0.081244 -0.996694 0.996694 0.081244     81.066226 81.066226 2.867498
124.457359 101.507019     16.437576 -11.650879 46.476562     0.097867 -0.995200 0.995200 0.097867     93.225103 93.225103 1.559384
124.457359 101.507019     12.165180 6.175903 53.523438     0.097867 -0.995200 0.995200 0.097867     93.225103 93.225103 2.843426
126.079483 111.993713     394.531006 168.079102 7008.113281     0.116551 -0.993185 0.993185 0.116551     106.571956 106.571956 1.552371
126.079483 111.993713     35.897728 289.522461 12115.117188     0.116551 -0.993185 0.993185 0.116551     106.571956 106.571956 2.789750
127.445732 123.502586     6.531250 -0.500000 41.812500     0.120447 -0.992720 0.992720 0.120447     117.660619 117.660619 2.757808
128.626495 135.213516     29.796875 -72.453125 375.890625     0.119211 -0.992869 0.992869 0.119211     127.577644 127.577644 2.772457
325.237854 393.131073     18.437500 -3.375000 47.015625     0.014168 -0.999900 0.999900 0.014168     11.494101 11.494101 1.600348
325.237854 393.131073     38.437500 -81.765625 379.734375     0.014168 -0.999900 0.999900 0.014168     11.494101 11.494101 4.718590
325.304169 393.190125     8.015625 -3.812500 73.890625     0.062927 -0.998018 0.998018 0.062927     14.610001 14.610001 1.587355
325.304169 393.190125     11.359375 1.421875 59.195312     0.062927 -0.998018 0.998018 0.062927     14.610001 14.610001 4.699685
349.231415 442.603302     685.294312 -407.455078 15428.187500     0.196961 -0.980411 0.980411 0.196961     17.568053 17.568053 1.507239
349.231415 442.603302     15.218750 2.156250 58.960938     0.196961 -0.980411 0.980411 0.196961     17.568053 17.568053 5.612613
325.515717 393.720123     42.875000 -43.281250 351.375000     0.097441 -0.995241 0.995241 0.097441     17.540066 17.540066 1.570558
325.515717 393.720123     41.421875 -0.093750 48.062500     0.097441 -0.995241 0.995241 0.097441     17.540066 17.540066 4.674744
325.723175 393.844635     20.406250 -20.328125 87.289062     0.115712 -0.993283 0.993283 0.115712     19.115379 19.115379 1.560161
325.723175 393.844635     2.718750 -10.910156 220.791016     0.115712 -0.993283 0.993283 0.115712     19.115379 19.115379 4.649070
349.739929 442.183136     20.296875 0.328125 62.351562     0.221559 -0.975147 0.975147 0.221559     20.053984 20.053984 1.492028
349.739929 442.183136     40.687500 -19.765625 110.804688     0.221559 -0.975147 0.975147 0.221559     20.053984 20.053984 5.599602
354.680664 438.218475     31.500000 16.687500 178.453125     0.057586 -0.998341 0.998341 0.057586     12.564361 12.564361 1.526192
372.945465 288.192719     35.914062 -6.953125 89.226562     -0.029685 -0.999559 0.999559 -0.029685     15.138436 15.138436 1.570048
372.945465 288.192719     2374.937500 -2323.330078 15635.564453     -0.029685 -0.999559 0.999559 -0.029685     15.138436 15.138436 4.711764
353.097809 447.110687     49.671875 -47.328125 357.984375     0.125165 -0.992136 0.992136 0.125165     25.184804 25.184804 1.507373
325.230774 393.852570     704.154907 -73.441406 17032.855469     0.155734 -0.987799 0.987799 0.155734     24.455509 24.455509 1.503098
325.230774 393.852570     52.203125 4.023438 50.015625     0.155734 -0.987799 0.987799 0.155734     24.455509 24.455509 4.605435
373.417725 288.386078     16.281250 13.937500 99.605469     -0.049116 -0.998793 0.998793 -0.049116     17.493784 17.493784 1.589738
373.417725 288.386078     15.281250 12.398438 106.794922     -0.049116 -0.998793 0.998793 -0.049116     17.493784 17.493784 4.713067
353.852966 447.373291     6.882812 -1.687500 42.718750     0.136353 -0.990660 0.990660 0.136353     27.342029 27.342029 1.508894
324.627747 393.472626     22.906250 -16.828125 53.171875     0.014113 -0.999900 0.999900 0.014113     28.961460 28.961460 1.651429
324.627747 393.472626     63.367188 -8.820312 97.585938     0.014113 -0.999900 0.999900 0.014113     28.961460 28.961460 4.727840
367.527100 99.472908     30.484375 -3.539062 66.031250     0.049843 -0.998757 0.998757 0.049843     6.635439 6.635439 1.607956
374.011353 288.102264     3012.353516 -2935.333984 18707.875000     -0.007802 -0.999970 0.999970 -0.007802     20.272145 20.272145 1.571469
374.011353 288.102264     27.890625 25.742188 273.991211     -0.007802 -0.999970 0.999970 -0.007802     20.272145 20.272145 4.691705
360.835022 354.750854     24.703125 -37.625000 519.296875     0.127233 -0.991873 0.991873 0.127233     26.630779 26.630779 1.497061
360.835022 354.750854     15.796875 -1.835938 40.289062     0.127233 -0.991873 0.991873 0.127233     26.630779 26.630779 4.574193
361.451904 354.516022     11.609375 -1.111328 63.078125     0.275991 -0.961160 0.961160 0.275991     30.578153 30.578153 1.354088
367.514404 97.185188     32.718750 -24.621094 69.557617     0.040614 -0.999175 0.999175 0.040614     7.254535 7.254535 1.607434
354.437958 447.346710     34.687500 27.457031 256.366211     0.148390 -0.988929 0.988929 0.148390     29.360648 29.360648 1.507576
324.348328 393.104340     4051.569824 -2222.996094 19352.000000     -0.794457 -0.607320 0.607320 -0.794457     30.830722 30.830722 2.485053
324.348328 393.104340     178.476562 14.953125 49.968750     -0.794457 -0.607320 0.607320 -0.794457     30.830722 30.830722 5.584985
367.559692 97.041046     0.078125 -9.535156 691.995605     0.029140 -0.999575 0.999575 0.029140     8.679680 8.679680 1.597515
350.684723 394.719208     27.750000 -2.875000 209.500000     0.046934 -0.998898 0.998898 0.046934     11.737605 11.737605 1.550880
350.684723 394.719208     52.906250 47.810547 281.530273     0.046934 -0.998898 0.998898 0.046934     11.737605 11.737605 4.688326
361.538452 355.341888     17.828125 -5.503906 101.342773     0.235755 -0.971813 0.971813 0.235755     35.211585 35.211585 1.376977
303.395172 99.673386     23.953125 6.234375 162.656250     0.051874 -0.998654 0.998654 0.051874     13.030157 13.030157 4.751824
374.957489 287.782501     0.109375 -12.613281 1086.454102     0.098117 -0.995175 0.995175 0.098117     24.703094 24.703094 1.484204
374.957489 287.782501     57.750000 33.398438 259.114258     0.098117 -0.995175 0.995175 0.098117     24.703094 24.703094 4.572477
365.511749 93.214096     39.312500 -50.648438 2367.207031     -0.102931 -0.994689 0.994689 -0.102931     22.601838 22.601838 1.618723
365.511749 93.214096     93.468750 -14.414062 110.125000     -0.102931 -0.994689 0.994689 -0.102931     22.601838 22.601838 3.691820
461.634674 276.214020     21.796875 0.531250 22.859375     0.016996 -0.999856 0.999856 0.016996     19.546127 19.546127 3.221166
349.873077 395.407684     45.828125 -3.742188 69.648438     0.148788 -0.988869 0.988869 0.148788     14.993432 14.993432 1.486697
349.873077 395.407684     19.843750 -1.710938 16.863281     0.148788 -0.988869 0.988869 0.148788     14.993432 14.993432 4.623248
490.396881 263.314941     26.593750 -9.646484 111.254883     0.075422 -0.997152 0.997152 0.075422     21.038292 21.038292 6.025346
463.729645 202.058640     45.890625 22.078125 209.667969     0.074337 -0.997233 0.997233 0.074337     17.807733 17.807733 3.136541
325.000000 393.223511     97.468750 20.507812 292.710938     -0.945503 -0.325614 0.325614 -0.945503     31.144617 31.144617 2.741656
303.452087 98.568863     0.265625 -18.460938 1586.427734     0.021577 -0.999767 0.999767 0.021577     15.316793 15.316793 4.723721
364.812500 92.109375     129.000000 -385.281250 14375.742188     -0.121117 -0.992638 0.992638 -0.121117     25.190884 25.190884 1.657624
332.932648 393.945923     111.414062 -70.203125 324.296875     -0.993472 -0.114076 0.114076 -0.993472     31.258566 31.258566 4.692317
511.978455 86.353447     116.125000 -37.484375 1622.003906     0.013777 -0.999905 0.999905 0.013777     0.000000 0.000000 1.570796
362.896851 354.326111     8.914062 -1.277344 41.312500     0.325532 -0.945531 0.945531 0.325532     40.394891 40.394891 1.258284
461.531952 275.677155     154.234375 -7.125000 321.515625     0.015812 -0.999875 0.999875 0.015812     23.685793 23.685793 3.401680
363.715271 89.538193     61.343750 23.472656 256.957520     -0.196776 -0.980449 0.980449 -0.196776     29.614889 29.614889 1.669722
363.715271 89.538193     77.000000 -415.210938 6529.085938     -0.196776 -0.980449 0.980449 -0.196776     29.614889 29.614889 3.857976
303.037109 96.611328     19.367188 4.617188 37.937500     0.065479 -0.997854 0.997854 0.065479     18.807072 18.807072 4.701058
464.066925 206.875504     147.281250 -424.156250 16143.875000     -0.044812 -0.998995 0.998995 -0.044812     21.894925 21.894925 3.428891
511.878906 91.982697     68.171875 -25.292969 127.289062     0.011608 -0.999933 0.999933 0.011608     0.000000 0.000000 1.570796
363.004425 90.122780     65.132812 -17.138672 72.222656     -0.159466 -0.987203 0.987203 -0.159466     32.560555 32.560555 1.695858
363.004425 90.122780     30.996094 -2.193359 17.354492     -0.159466 -0.987203 0.987203 -0.159466     32.560555 32.560555 3.757231
458.987366 276.201477     99.593750 -5.503906 27.642578     -0.038003 -0.999278 0.999278 -0.038003     35.311683 35.311683 3.424262
458.987366 276.201477     161.750000 -14.015625 323.890625     -0.038003 -0.999278 0.999278 -0.038003     35.311683 35.311683 6.413458
493.001129 254.603867     71.218750 -7.828125 73.445312     0.021742 -0.999764 0.999764 0.021742     27.816791 27.816791 1.457423
363.790253 353.728210     121.179688 -35.970703 130.924805     0.499861 -0.866106 0.866106 0.499861     41.524509 41.524509 1.086723
376.083160 288.054718     830.359375 24.240234 1.122803     0.151630 -0.988437 0.988437 0.151630     30.272012 30.272012 1.391030
376.083160 288.054718     22.000000 4.207031 59.718750     0.151630 -0.988437 0.988437 0.151630     30.272012 30.272012 4.495666
465.578186 156.080566     90.875000 -506.898438 8521.773438     -0.910164 0.414248 -0.414248 -0.910164     18.047509 18.047509 5.172873
302.396576 95.772942     171.531250 -34.273438 148.410156     0.111795 -0.993731 0.993731 0.111795     22.727681 22.727681 1.642119
302.396576 95.772942     168.640625 -55.136719 68.390625     0.111795 -0.993731 0.993731 0.111795     22.727681 22.727681 4.675095
462.725037 206.866791     181.593750 2.125000 330.500000     -0.131295 -0.991343 0.991343 -0.131295     29.497001 29.497001 3.560708
457.151398 277.103241     524.875000 125.904297 339.935547     -0.103347 -0.994645 0.994645 -0.103347     43.938510 43.938510 0.270395
457.151398 277.103241     1449.140625 17.083984 1.308594     -0.103347 -0.994645 0.994645 -0.103347     43.938510 43.938510 3.499806
307.098724 155.420593     167.859375 95.296875 4823.136719     -0.271875 -0.962333 0.962333 -0.271875     17.376144 17.376144 0.188384
511.718506 103.501236     260.929688 -41.955078 162.602539     0.011636 -0.999932 0.999932 0.011636     1.014168 1.014168 1.575952
334.666931 393.781799     289.601562 17.421875 52.859375     -0.996603 -0.082351 0.082351 -0.996603     31.351484 31.351484 4.716691
493.195740 265.688202     23.953125 3.683594 66.419922     0.029266 -0.999572 0.999572 0.029266     28.940287 28.940287 1.498348
493.195740 265.688202     27.515625 -7.144531 92.091797     0.029266 -0.999572 0.999572 0.029266     28.940287 28.940287 4.674037
465.484192 156.686707     73.835938 -18.171875 325.380859     0.347958 -0.937510 0.937510 0.347958     21.525078 21.525078 2.805871
457.595612 247.150238     31.812500 -41.476562 66.852478     0.024869 -0.999691 0.999691 0.024869     48.297499 48.297499 1.506235
300.812775 202.485107     2668.687500 -60.786133 9.420654     0.039335 -0.999226 0.999226 0.039335     13.397445 13.397445 1.682005
300.812775 202.485107     179.812500 -474.156250 18237.468750     0.039335 -0.999226 0.999226 0.039335     13.397445 13.397445 4.332731
364.694641 353.376160     3.906250 -1.449219 220.941406     0.635920 -0.771755 0.771755 0.635920     43.573974 43.573974 0.916881
496.052826 133.022644     4.062500 -7.670898 146.688049     0.670739 -0.741693 0.741693 0.670739     11.213928 11.213928 5.095568
363.109497 89.068588     147.765625 -19.359375 110.476562     -0.117496 -0.993073 0.993073 -0.117496     34.437962 34.437962 1.621658
363.109497 89.068588     6302.795898 -3734.785156 21090.472656     -0.117496 -0.993073 0.993073 -0.117496     34.437962 34.437962 3.585035
494.644470 260.872772     89.750000 -6.117188 73.476562     0.063957 -0.997953 0.997953 0.063957     31.943563 31.943563 1.556881
494.644470 260.872772     184.953125 -979.351562 10631.109375     0.063957 -0.997953 0.997953 0.063957     31.943563 31.943563 4.683442
456.848969 236.964432     201.515625 0.937500 332.828125     0.027952 -0.999609 0.999609 0.027952     52.584831 52.584831 1.514880
306.861450 155.587357     37.449219 -46.605469 73.966248     -0.228687 -0.973500 0.973500 -0.228687     19.241146 19.241146 6.388523
299.426117 95.737045     1423.363281 -240.875000 846.348633     0.346553 -0.938030 0.938030 0.346553     34.514575 34.514575 1.541453
299.426117 95.737045     2837.375000 -72.851562 11.812012     0.346553 -0.938030 0.938030 0.346553     34.514575 34.514575 4.466144
220.863632 137.352661     261.312500 -1119.953125 10388.757812     0.631447 -0.775419 0.775419 0.631447     32.191923 32.191923 1.853561
220.863632 137.352661     127.718750 -0.234375 71.289062     0.631447 -0.775419 0.775419 0.631447     32.191923 32.191923 2.663264
213.059097 108.427269     245.046875 -157.015625 7377.132812     -0.987924 0.154936 -0.154936 -0.987924     18.559709 18.559709 0.775397
213.059097 108.427269     174.234375 -20.046875 109.593750     -0.987924 0.154936 -0.154936 -0.987924     18.559709 18.559709 1.598703
263.697021 138.394028     383.195312 22.531250 54.093750     -0.997120 0.075834 -0.075834 -0.997120     23.479477 23.479477 5.796228
377.519165 288.136017     1426.507812 -293.451172 949.712891     0.655439 -0.755248 0.755248 0.655439     36.119373 36.119373 0.872689
377.519165 288.136017     42.718750 -47.757812 75.526367     0.655439 -0.755248 0.755248 0.655439     36.119373 36.119373 3.928391
296.259949 95.570251     3231.539062 -74.800781 13.109619     0.657939 -0.753071 0.753071 0.657939     42.632133 42.632133 4.082928
292.199707 204.958038     111.343750 -59.281250 4767.773438     -0.813768 0.581190 -0.581190 -0.813768     27.414536 27.414536 5.119394
365.974701 353.120697     248.632812 -114.128906 231.820312     -0.851421 0.524482 -0.524482 -0.851421     45.166787 45.166787 3.833969
299.049011 53.328430     116.375000 -107.062500 6413.029297     -0.999574 -0.029195 0.029195 -0.999574     2.898283 2.898283 1.779879
306.795288 157.305878     234.796875 -2.437500 335.859375     -0.109520 -0.993985 0.993985 -0.109520     20.883325 20.883325 6.202320
494.802856 262.531799     9744.944336 -5828.392578 19646.328125     0.059801 -0.998210 0.998210 0.059801     35.004005 35.004005 1.544167
494.802856 262.531799     166.546875 -1.414062 70.453125     0.059801 -0.998210 0.998210 0.059801     35.004005 35.004005 4.693524
294.022491 96.413727     82.289062 -19.445312 328.887695     -0.812284 0.583262 -0.583262 -0.812284     50.069466 50.069466 0.773905
287.214600 206.008591     1450.593750 -2193.054688 11741.015625     -0.914516 0.404550 -0.404550 -0.914516     29.849634 29.849634 1.891600
287.214600 206.008591     204.218750 -22.945312 107.945312     -0.914516 0.404550 -0.404550 -0.914516     29.849634 29.849634 4.939279
230.823639 130.202377     30.654297 10.319336 20.054321     -0.892173 -0.451694 0.451694 -0.892173     74.785633 74.785633 4.407132
230.823639 130.202377     465.945312 25.687500 55.234375     -0.892173 -0.451694 0.451694 -0.892173     74.785633 74.785633 5.241454
289.205383 53.572392     57.730469 -45.895020 75.206848     -0.999930 -0.011797 0.011797 -0.999930     4.734710 4.734710 1.749034
289.205383 53.572392     192.734375 -8.382812 69.875000     -0.999930 -0.011797 0.011797 -0.999930     4.734710 4.734710 4.718302
454.770935 249.501404     120.359375 34.179688 377.787109     -0.020458 -0.999791 0.999791 -0.020458     57.962620 57.962620 1.536382
291.062927 97.464317     23.781250 1.863281 25.765625     -0.938262 0.345926 -0.345926 -0.938262     54.584497 54.584497 0.516007
291.062927 97.464317     33158.867188 -1071.492188 17476.765625     -0.938262 0.345926 -0.345926 -0.938262     54.584497 54.584497 4.761122
331.452240 393.722382     247.988281 14.067871 66.454712     -0.997332 -0.073001 0.073001 -0.997332     32.319953 32.319953 1.514460
331.452240 393.722382     58.695312 -39.140625 62.640625     -0.997332 -0.073001 0.073001 -0.997332     32.319953 32.319953 4.728412
362.481110 88.850693     304.574219 22.212402 71.056946     -0.067524 -0.997718 0.997718 -0.067524     39.306322 39.306322 1.635187
362.481110 88.850693     48.195312 6.812500 18.796875     -0.067524 -0.997718 0.997718 -0.067524     39.306322 39.306322 3.490918
306.850616 157.589218     227.656250 -25.937500 107.164062     -0.085780 -0.996314 0.996314 -0.085780     21.877580 21.877580 6.176663
307.337555 156.658798     624.875000 405.500000 17502.570312     0.108668 -0.994078 0.994078 0.108668     23.267489 23.267489 5.790578
361.299561 93.548103     59.734375 15.867188 37.937500     0.071683 -0.997427 0.997427 0.071683     38.324036 38.324036 1.584119
252.261887 116.316811     15.449219 -2.250000 292.906250     -0.919524 0.393034 -0.393034 -0.919524     91.638512 91.638512 5.007870
454.231140 260.525909     202.531250 -10.289062 66.304688     -0.019082 -0.999818 0.999818 -0.019082     59.599049 59.599049 1.542715
282.505188 205.187027     58.507812 -44.535156 91.082031     -0.833443 0.552605 -0.552605 -0.833443     42.106941 42.106941 2.116002
205.073471 31.538776     666.585938 21.546875 57.046875     0.552668 -0.833402 0.833402 0.552668     9.339465 9.339465 4.549149
276.707092 55.186565     5.984375 33.281250 511.812500     -0.999739 0.022840 -0.022840 -0.999739     12.753286 12.753286 4.696180
571.483887 98.874550     19.523438 -16.593750 49.136719     0.006677 -0.999978 0.999978 0.006677     8.882883 8.882883 1.569756
571.483887 98.874550     38.617188 -40.250000 105.945312     0.006677 -0.999978 0.999978 0.006677     8.882883 8.882883 3.141324
571.891785 27.610390     19.871094 30.687500 138.601562     0.053552 -0.998565 0.998565 0.053552     8.598556 8.598556 1.581714
557.064331 65.774750     35.820312 65.054688 343.367188     0.010142 -0.999949 0.999949 0.010142     5.069988 5.069988 1.571644
367.676575 352.687500     45.835938 102.945312 563.125000     -0.920240 0.391354 -0.391354 -0.920240     45.501992 45.501992 3.714661
378.722595 288.179810     16.523438 23.132812 109.679688     -0.948501 0.316774 -0.316774 -0.948501     38.033277 38.033277 1.913905
499.699005 235.500793     73.390625 80.781250 732.023438     0.092544 -0.995709 0.995709 0.092544     43.612816 43.612816 1.568885
499.699005 235.500793     20.839844 -14.328125 196.906250     0.092544 -0.995709 0.995709 0.092544     43.612816 43.612816 4.690104
205.577698 31.253378     27.792969 -7.281250 483.328125     0.563572 -0.826067 0.826067 0.563572     10.699532 10.699532 4.535058
361.113129 94.031677     90.105469 -34.429688 546.640625     0.080024 -0.996793 0.996793 0.080024     38.847225 38.847225 1.535334
275.790527 55.475536     151.640625 -18.757812 1112.835938     -0.999668 0.025757 -0.025757 -0.999668     14.183872 14.183872 4.690685
504.582367 221.222336     146.617188 -47.710938 4226.218750     0.108619 -0.994083 0.994083 0.108619     53.042781 53.042781 1.547876
504.582367 221.222336     183.082031 11.562500 4419.921875     0.108619 -0.994083 0.994083 0.108619     53.042781 53.042781 4.664889
380.519073 288.592377     48.468750 -13.062500 56.289062     -0.999991 0.004153 -0.004153 -0.999991     37.994523 37.994523 1.587933
449.588196 282.601501     27.906250 -5.046875 37.046875     0.021999 -0.999758 0.999758 0.021999     69.944505 69.944505 1.528438
449.588196 282.601501     11.984375 -1.968750 90.953125     0.021999 -0.999758 0.999758 0.021999     69.944505 69.944505 4.673484
369.139313 352.571442     10.523438 -3.304688 82.578125     -0.961719 0.274039 -0.274039 -0.961719     45.865012 45.865012 1.860352
369.139313 352.571442     207.699219 60.187500 4633.921875     -0.961719 0.274039 -0.274039 -0.961719     45.865012 45.865012 3.601970
328.689850 393.453857     52.625000 -12.335938 66.984375     -0.997686 -0.067987 0.067987 -0.997686     32.623715 32.623715 1.518754
328.689850 393.453857     38.093750 -17.187500 33.781250     -0.997686 -0.067987 0.067987 -0.997686     32.623715 32.623715 4.726549
206.245331 31.250668     20.093750 -2.968750 182.621094     0.581012 -0.813895 0.813895 0.581012     13.216591 13.216591 4.477828
278.596924 55.815052     61.343750 -12.265625 80.726562     -0.999730 0.023223 -0.023223 -0.999730     15.175134 15.175134 4.691514
571.284485 120.141998     56.625000 33.210938 153.238281     0.012728 -0.999919 0.999919 0.012728     47.322621 47.322621 0.260102
571.284485 120.141998     45.984375 -10.625000 156.656250     0.012728 -0.999919 0.999919 0.012728     47.322621 47.322621 1.548655
277.215607 206.413177     5.031250 -1.976562 73.515625     -0.732617 0.680641 -0.680641 -0.732617     50.469961 50.469961 2.125384
571.093750 136.631119     47.343750 -17.031250 32.687500     0.016996 -0.999856 0.999856 0.016996     48.163694 48.163694 0.185362
571.093750 136.631119     377.390625 389.953125 5312.781250     0.016996 -0.999856 0.999856 0.016996     48.163694 48.163694 1.526745
382.494629 288.453094     50.062500 -12.843750 11.562500     -0.999892 0.014711 -0.014711 -0.999892     37.765785 37.765785 1.588570
360.863708 94.090279     4.609375 -0.179688 256.464844     0.078130 -0.996943 0.996943 0.078130     40.441242 40.441242 1.564870
479.769562 253.210739     107.703125 -21.992188 13.972656     0.200097 -0.979776 0.979776 0.200097     142.495335 142.495335 4.560996
479.769562 253.210739     32.867188 0.554199 9.668274     0.200097 -0.979776 0.979776 0.200097     142.495335 142.495335 5.528270
370.421173 352.269714     6.320312 -0.406250 137.718750     -0.975370 0.220576 -0.220576 -0.975370     45.615957 45.615957 1.788970
370.421173 352.269714     53.046875 -13.906250 10.015625     -0.975370 0.220576 -0.220576 -0.975370     45.615957 45.615957 3.558700
359.846893 143.799042     52.500000 -18.171875 33.984375     -0.860630 0.509231 -0.509231 -0.860630     20.393657 20.393657 1.248461
359.846893 143.799042     42.468750 -27.812500 1589.355469     -0.860630 0.509231 -0.509231 -0.860630     20.393657 20.393657 4.991735
180.946564 24.896946     153.859375 -26.757812 16.627930     -0.853482 -0.521122 0.521122 -0.853482     16.688576 16.688576 5.559377
327.406067 393.144562     6.703125 -1.007812 78.570312     -0.998065 -0.062181 0.062181 -0.998065     32.955861 32.955861 1.518293
327.406067 393.144562     407.000000 347.773438 6111.539062     -0.998065 -0.062181 0.062181 -0.998065     32.955861 32.955861 4.731007
208.025177 31.492805     51.125000 -9.875000 157.390625     0.637560 -0.770401 0.770401 0.637560     19.998027 19.998027 4.315296
384.155792 288.036224     147.968750 111.726562 370.890625     -0.997702 0.067760 -0.067760 -0.997702     37.462512 37.462512 1.629856
362.357697 96.399689     61.500000 -16.859375 13.375000     -0.129415 -0.991591 0.991591 -0.129415     48.445276 48.445276 1.749281
359.817505 143.619766     13.593750 -11.203125 69.390625     -0.514776 -0.857325 0.857325 -0.514776     21.422294 21.422294 3.413686
359.817505 143.619766     368.390625 73.550781 86.321777     -0.514776 -0.857325 0.857325 -0.514776     21.422294 21.422294 3.942011
331.525543 190.547440     47.328125 2.026855 13.223450     0.689081 -0.724685 0.724685 0.689081     20.854801 20.854801 2.088373
331.525543 190.547440     153.765625 113.187500 392.351562     0.689081 -0.724685 0.724685 0.689081     20.854801 20.854801 4.230777
312.275848 259.597687     61.968750 -101.710938 2622.750000     -0.976549 -0.215296 0.215296 -0.976549     18.714237 18.714237 5.932541
371.615265 352.190277     120.437500 -18.156250 142.578125     -0.979412 0.201874 -0.201874 -0.979412     45.407182 45.407182 1.767161
371.615265 352.190277     141.859375 -29.890625 15.437500     -0.979412 0.201874 -0.201874 -0.979412     45.407182 45.407182 3.554155
312.673859 259.716980     58.492188 8.046875 35.031250     -0.884920 -0.465743 0.465743 -0.884920     24.477034 24.477034 2.452859
312.673859 259.716980     124.750000 -26.546875 13.031250     -0.884920 -0.465743 0.465743 -0.884920     24.477034 24.477034 5.522105
178.066360 328.894409     57.156250 -17.703125 39.843750     0.008109 -0.999967 0.999967 0.008109     17.677025 17.677025 3.012539
385.588531 287.691681     438.812500 -423.992188 2624.636719     -0.997192 0.074892 -0.074892 -0.997192     36.428312 36.428312 1.628986
329.816895 192.523941     203.546875 -54.164062 35.436523     0.572946 -0.819593 0.819593 0.572946     23.544501 23.544501 4.407537
330.278137 392.821381     48.101562 2.438965 15.665344     -0.999377 -0.035283 0.035283 -0.999377     33.760844 33.760844 1.534526
219.500000 355.204376     482.976562 475.734375 7427.578125     -0.065373 -0.997861 0.997861 -0.065373     8.776747 8.776747 2.571050
408.154572 83.022079     169.828125 -21.343750 90.453125     -0.992810 0.119698 -0.119698 -0.992810     14.652527 14.652527 4.768025
235.909958 196.786728     819.109375 220.871094 167.364990     0.408788 -0.912630 0.912630 0.408788     15.647269 15.647269 3.220391
238.675125 195.073608     58.078125 -9.390625 119.781250     0.423344 -0.905969 0.905969 0.423344     20.028312 20.028312 2.690326
238.675125 195.073608     34.062500 -47.906250 442.718750     0.423344 -0.905969 0.905969 0.423344     20.028312 20.028312 3.174106
255.883331 341.130005     178.437500 -32.531250 14.046875     -0.236293 -0.971682 0.971682 -0.236293     15.851589 15.851589 3.996454
256.165924 336.278015     55.437500 -13.796875 58.890625     -0.198778 -0.980044 0.980044 -0.198778     21.404841 21.404841 4.002724
255.216400 332.257416     451.937500 -295.789062 3590.414062     -0.188268 -0.982118 0.982118 -0.188268     22.990427 22.990427 4.059606
253.949005 329.928284     214.187500 -61.304688 43.765625     -0.144840 -0.989455 0.989455 -0.144840     30.745159 30.745159 3.865654
260.046082 430.557617     20.765625 10.226562 25.660156     0.076638 -0.997059 0.997059 0.076638     4.860871 4.860871 1.562183
234.183334 357.362488     201.187500 -39.218750 16.281250     -0.228445 -0.973557 0.973557 -0.228445     14.989341 14.989341 3.505729
252.959793 329.046600     61.007812 3.023438 224.359375     -0.119985 -0.992776 0.992776 -0.119985     35.895091 35.895091 3.771287
242.430466 455.140717     859.679688 963.343750 7922.257812     0.080584 -0.996748 0.996748 0.080584     19.963704 19.963704 1.553412
259.474487 432.966827     498.187500 -105.140625 3519.296875     0.077710 -0.996976 0.996976 0.077710     7.111032 7.111032 1.565029
241.540436 441.771454     52.273438 2.981445 18.680115     0.015978 -0.999872 0.999872 0.015978     23.673856 23.673856 1.571726
248.704880 323.887512     2061.093750 501.810547 292.436279     0.019504 -0.999810 0.999810 0.019504     55.347202 55.347202 2.853673
248.704880 323.887512     1370.531250 636.718750 8008.710938     0.019504 -0.999810 0.999810 0.019504     55.347202 55.347202 3.224356
248.797882 368.708435     15.357422 19.242188 107.781250     0.011693 -0.999932 0.999932 0.011693     54.384745 54.384745 1.564675
250.619064 366.970337     116.156250 -149.203125 606.281250     -0.002729 -0.999996 0.999996 -0.002729     60.883267 60.883267 1.561803
393.806213 317.498260     2360.062500 543.830078 327.300293     0.597173 -0.802113 0.802113 0.597173     28.010005 28.010005 0.956835
393.806213 317.498260     492.062500 -125.238281 212.854980     0.597173 -0.802113 0.802113 0.597173     28.010005 28.010005 4.022766
399.378052 260.666656     19.044922 30.921875 198.765625     0.405436 -0.914124 0.914124 0.405436     22.798547 22.798547 1.131806
491.431244 461.487488     3556.085938 -1831.195312 8514.046875     0.024908 -0.999690 0.999690 0.024908     15.546392 15.546392 1.567018
292.110687 432.301514     123.718750 -212.218750 1014.171875     0.045720 -0.998954 0.998954 0.045720     14.492648 14.492648 4.838380
251.691528 365.873932     3953.375000 822.107422 373.580811     -0.013594 -0.999908 0.999908 -0.013594     64.725104 64.725104 1.564451
394.376068 317.129639     28.609375 -16.367188 84.345703     0.498488 -0.866897 0.866897 0.498488     30.364672 30.364672 1.027113
394.376068 317.129639     13.574219 16.625000 707.570312     0.498488 -0.866897 0.866897 0.498488     30.364672 30.364672 4.091355
491.254211 458.247894     24.367188 -14.113281 26.294922     0.071701 -0.997426 0.997426 0.071701     16.281340 16.281340 1.550334
255.456726 369.508942     165.343750 -320.593750 2805.546875     -0.059940 -0.998202 0.998202 -0.059940     76.882183 76.882183 1.564146
393.805450 253.319092     6586.546875 1089.203125 400.062256     -0.314789 -0.949162 0.949162 -0.314789     28.967705 28.967705 1.755436
343.908142 231.369156     1.750000 -0.304688 265.960938     0.018257 -0.999833 0.999833 0.018257     20.144495 20.144495 4.677521
394.802612 316.587463     182.437500 -62.343750 180.890625     0.435913 -0.899989 0.899989 0.435913     33.494892 33.494892 1.111497
394.802612 316.587463     576.765625 -87.667969 251.995605     0.435913 -0.899989 0.899989 0.435913     33.494892 33.494892 4.120347
393.758148 252.825439     303.445312 26.179932 7.327988     -0.296613 -0.954998 0.954998 -0.296613     30.623150 30.623150 1.766431
348.710785 309.416656     83.707031 -14.350586 7.465576     0.028826 -0.999584 0.999584 0.028826     10.036363 10.036363 1.537976
257.776611 367.961395     637.031250 -79.574219 271.513672     -0.078283 -0.996931 0.996931 -0.078283     83.797901 83.797901 1.573125
482.597229 42.155861     17.480469 -1.035156 502.953125     -0.993417 -0.114558 0.114558 -0.993417     25.893561 25.893561 1.539296
482.597229 42.155861     4526.218750 -2395.898438 8646.179688     -0.993417 -0.114558 0.114558 -0.993417     25.893561 25.893561 6.197724
345.083008 231.260742     7170.937500 1117.265625 412.547607     0.111681 -0.993744 0.993744 0.111681     23.705583 23.705583 4.650000
347.882751 298.860962     33.234375 -15.707031 31.086914     -0.042279 -0.999106 0.999106 -0.042279     15.158422 15.158422 1.554039
391.251007 372.051788     36.375000 2.760010 17.379986     -0.957038 0.289963 -0.289963 -0.957038     12.463537 12.463537 0.262539
372.750000 239.607498     92.191406 -15.690430 8.097168     0.000713 -1.000000 1.000000 0.000713     9.661120 9.661120 1.561017
415.580048 94.750656     301.320312 32.447510 13.157761     -0.976033 0.217624 -0.217624 -0.976033     13.551734 13.551734 0.235476
415.580048 94.750656     298.656250 -82.859375 3294.031250     -0.976033 0.217624 -0.217624 -0.976033     13.551734 13.551734 2.856542
299.154236 24.343283     5297.781250 1000.386719 778.679932     -0.999715 -0.023869 0.023869 -0.999715     13.982654 13.982654 6.361074
336.828369 446.495056     2.288086 32.773438 631.953125     0.003092 -0.999995 0.999995 0.003092     11.311980 11.311980 0.184773
390.074890 406.656403     227.531250 -0.138672 7.157959     -0.959127 0.282977 -0.282977 -0.959127     10.942296 10.942296 3.594857
347.386322 253.868698     86.375000 7.738037 25.062874     0.017971 -0.999839 0.999839 0.017971     29.152517 29.152517 1.561257
347.386322 253.868698     122.814453 22.461914 37.161133     0.017971 -0.999839 0.999839 0.017971     29.152517 29.152517 4.696222
412.299988 95.436172     48.093750 -13.863281 33.418945     -0.982768 0.184844 -0.184844 -0.982768     15.323261 15.323261 4.786843
371.492950 318.348602     21.421875 -2.976562 14.023438     0.014019 -0.999902 0.999902 0.014019     11.638391 11.638391 4.713355
258.193909 359.651031     230.507812 23.839844 100.920410     -0.060628 -0.998160 0.998160 -0.060628     88.396821 88.396821 1.579351
386.354218 245.153000     1028.406250 -652.921875 5083.828125     -0.383233 -0.923652 0.923652 -0.383233     45.361290 45.361290 1.784933
391.557892 371.905273     2.889648 40.472656 744.656250     -0.953672 0.300847 -0.300847 -0.953672     12.772798 12.772798 0.321342
465.437744 459.083008     122.562500 1.585449 29.889282     0.189771 -0.981828 0.981828 0.189771     15.212646 15.212646 1.444114
475.770630 46.323730     12.855469 0.300781 35.331055     -0.971254 -0.238046 0.238046 -0.971254     37.188389 37.188389 1.473933
475.770630 46.323730     117.750000 28.390625 70.590576     -0.971254 -0.238046 0.238046 -0.971254     37.188389 37.188389 5.863380
390.753540 160.947861     107.390625 -8.119141 22.658691     -0.401011 -0.916073 0.916073 -0.401011     12.762448 12.762448 4.849353
335.307861 446.619263     7509.085938 -5805.195312 17789.250000     0.101686 -0.994817 0.994817 0.101686     16.757109 16.757109 1.559589
335.307861 446.619263     24.312500 -3.257812 14.960938     0.101686 -0.994817 0.994817 0.101686     16.757109 16.757109 4.683481
409.350159 96.695290     965.062500 -762.421875 7057.843750     -0.971367 0.237583 -0.237583 -0.971367     17.525297 17.525297 4.811674
300.721436 25.071428     51.500000 -8.890625 43.578125     -0.998251 -0.059118 0.059118 -0.998251     16.289388 16.289388 6.291060
385.668915 244.422073     181.375000 0.883789 34.488121     -0.370522 -0.928824 0.928824 -0.370522     46.897988 46.897988 1.760132
390.992310 170.266663     44.765625 -62.312500 120.468750     -0.011155 -0.999938 0.999938 -0.011155     17.669230 17.669230 1.701093
390.992310 170.266663     3.680664 54.960938 1059.421875     -0.011155 -0.999938 0.999938 -0.011155     17.669230 17.669230 4.735640
257.819794 352.443146     38.218750 -4.960938 16.000000     -0.068825 -0.997629 0.997629 -0.068825     91.037926 91.037926 1.580007
347.979218 267.610168     260.500000 13.183594 39.220016     0.039625 -0.999215 0.999215 0.039625     34.251851 34.251851 1.577936
386.887329 372.551636     4.029297 58.664062 1119.046875     -0.975711 0.219064 -0.219064 -0.975711     13.293321 13.293321 1.612472
386.887329 372.551636     7.031250 -23.273438 457.501221     -0.975711 0.219064 -0.219064 -0.975711     13.293321 13.293321 3.938622
471.814758 47.925404     62.750000 -6.648438 16.070312     -0.961004 -0.276535 0.276535 -0.961004     41.286066 41.286066 1.468805
471.814758 47.925404     8010.937500 -4351.132812 18276.566406     -0.961004 -0.276535 0.276535 -0.961004     41.286066 41.286066 5.725005
385.289246 407.542694     9.750000 -55.193359 1162.346924     -0.975498 0.220009 -0.220009 -0.975498     11.943232 11.943232 1.656837
385.289246 407.542694     1002.906250 -79.484375 17739.671875     -0.975498 0.220009 -0.220009 -0.975498     11.943232 11.943232 3.645881
362.834747 252.972229     5.486328 83.230469 1661.406250     0.183982 -0.982930 0.982930 0.183982     85.316326 85.316326 1.691504
407.418945 97.688667     30.984375 -23.328125 44.812500     -0.959321 0.282318 -0.282318 -0.959321     19.869734 19.869734 4.820882
301.083069 25.444090     6.356445 92.871094 1823.703125     -0.997216 -0.074564 0.074564 -0.997216     17.706787 17.706787 6.261244
258.519928 346.183563     54.152344 0.687500 11.096680     -0.068028 -0.997683 0.997683 -0.068028     95.516492 95.516492 1.580211
388.551849 316.696259     16856.796875 -1264.679688 19211.519531     -0.969721 0.244217 -0.244217 -0.969721     41.506946 41.506946 1.776512
467.473938 48.852940     6.187500 -9.357422 160.778168     -0.955976 -0.293446 0.293446 -0.955976     44.902322 44.902322 1.480683
467.473938 48.852940     8.226562 127.738281 2687.468750     -0.955976 -0.293446 0.293446 -0.955976     44.902322 44.902322 5.633644
333.732758 443.474731     28.312500 -28.398438 40.574219     0.114895 -0.993378 0.993378 0.114895     24.032544 24.032544 1.557417
333.732758 443.474731     10.369141 177.175781 4001.718750     0.114895 -0.993378 0.993378 0.114895     24.032544 24.032544 4.663429
382.427917 407.783783     12.282227 215.992188 4979.218750     -0.982299 0.187318 -0.187318 -0.982299     12.602705 12.602705 1.675892
363.092743 262.264252     18.886719 343.988281 9810.929688     0.093018 -0.995664 0.995664 0.093018     92.693867 92.693867 1.639002
406.590515 98.286263     67.371704 49.125000 114.312500     -0.951774 0.306800 -0.306800 -0.951774     22.047398 22.047398 4.853186
409.823517 185.357849     21.940430 361.667969 10107.960938     -0.619381 -0.785090 0.785090 -0.619381     16.035151 16.035151 6.227557
381.761719 407.773926     183.000488 88.660156 143.562500     -0.979948 0.199254 -0.199254 -0.979948     12.969712 12.969712 1.663487
265.049438 349.693817     48.406250 -5.531250 11.781250     -0.132768 -0.991147 0.991147 -0.132768     121.636282 121.636282 1.583687
366.385345 269.536255     38.326843 31.203613 99.453125     0.034739 -0.999396 0.999396 0.034739     100.071422 100.071422 1.655457
301.264465 26.019283     15.335209 13.086998 89.559753     -0.996145 -0.087723 0.087723 -0.996145     19.312058 19.312058 6.236279
166.005051 463.883850     1377.623047 -516.539062 258.554688     -0.196001 -0.980604 0.980604 -0.196001     15.267766 15.267766 3.636282
413.673157 88.310966     1323.126953 -523.382812 304.523438     -0.933908 0.357514 -0.357514 -0.933908     57.788104 57.788104 4.827262
166.154388 458.784210     2303.294922 -68.390625 351.031250     -0.164952 -0.986302 0.986302 -0.164952     16.761194 16.761194 1.606753
166.154388 458.784210     73.039062 15.691406 402.113281     -0.164952 -0.986302 0.986302 -0.164952     16.761194 16.761194 3.640705
336.983063 136.125427     2156.505859 -32.242188 805.468750     0.262409 -0.964957 0.964957 0.262409     22.118090 22.118090 4.831974
195.441345 292.560333     7.750000 30.386719 466.445312     -0.023935 -0.999714 0.999714 -0.023935     16.334558 16.334558 3.161124
329.929565 107.464790     9.601562 38.558594 500.464844     0.682592 -0.730800 0.730800 0.682592     15.049724 15.049724 1.476251
329.929565 107.464790     128.093750 -190.453125 319.750000     0.682592 -0.730800 0.730800 0.682592     15.049724 15.049724 1.997450
316.717651 214.247055     154.562500 -342.484375 1152.355469     0.001153 -0.999999 0.999999 0.001153     5.952343 5.952343 1.574534
316.717651 214.247055     1453.207031 858.972656 3726.593750     0.001153 -0.999999 0.999999 0.001153     5.952343 5.952343 4.647552
415.074249 89.001534     198.203125 -5.539062 7830.914062     -0.969523 0.244999 -0.244999 -0.969523     68.222408 68.222408 3.939238
415.074249 89.001534     158.421875 36.328125 18.187500     -0.969523 0.244999 -0.244999 -0.969523     68.222408 68.222408 4.730205
183.927200 14.681993     7.684082 23.879883 122.125000     -0.996174 -0.087395 0.087395 -0.996174     10.093668 10.093668 4.692024
183.927200 14.681993     66.078125 26.859375 47.312500     -0.996174 -0.087395 0.087395 -0.996174     10.093668 10.093668 5.998130
330.339783 107.413124     2661.835938 -222.484375 1320.625000     0.706281 -0.707932 0.707932 0.706281     17.209741 17.209741 2.037508
330.339783 107.413124     165.421875 35.546875 18.937500     0.706281 -0.707932 0.707932 0.706281     17.209741 17.209741 4.339125
205.831055 53.662102     11.598633 43.922852 221.716797     -0.983840 0.179050 -0.179050 -0.983840     9.914200 9.914200 0.910428
205.831055 53.662102     187.015625 37.671875 19.281250     -0.983840 0.179050 -0.179050 -0.983840     9.914200 9.914200 2.102686
342.165405 62.691730     62.156250 31.937500 77.703125     -0.998215 0.059725 -0.059725 -0.998215     10.755886 10.755886 0.381450
342.165405 62.691730     13.064453 50.075195 259.380859     -0.998215 0.059725 -0.059725 -0.998215     10.755886 10.755886 3.384712
416.569916 89.785187     120.453125 -8.265625 67.578125     -0.978995 0.203886 -0.203886 -0.978995     71.850995 71.850995 4.689482
162.259399 276.375946     16.343750 -13.734375 41.242188     0.002132 -0.999998 0.999998 0.002132     18.813155 18.813155 3.047526
330.456146 107.385963     13.804199 51.531250 267.056641     -0.730822 0.682568 -0.682568 -0.730822     18.233029 18.233029 2.208248
330.456146 107.385963     207.539062 -28.628906 7631.718750     -0.730822 0.682568 -0.682568 -0.730822     18.233029 18.233029 5.211270
206.209015 53.573769     1.906250 6.705078 229.871338     -0.984097 0.177632 -0.177632 -0.984097     10.325521 10.325521 2.148410
206.209015 53.573769     14.399902 52.309570 274.539062     -0.984097 0.177632 -0.177632 -0.984097     10.325521 10.325521 4.672694
184.588409 15.707247     150.609375 -31.109375 83.203125     -0.993873 -0.110527 0.110527 -0.993873     13.905882 13.905882 5.944655
100.539215 440.308838     2.140625 5.039062 248.749268     -0.051839 -0.998655 0.998655 -0.051839     3.447298 3.447298 1.573554
335.087067 62.515293     215.859375 42.296875 22.546875     -1.000000 0.000629 -0.000629 -1.000000     12.039390 12.039390 3.160217
335.087067 62.515293     15.166016 53.207031 281.259766     -1.000000 0.000629 -0.000629 -1.000000     12.039390 12.039390 3.725871
206.967148 53.405109     379.031250 59.718750 27.828125     -0.982149 0.188105 -0.188105 -0.982149     11.378071 11.378071 0.963909
206.967148 53.405109     24.421875 20.687500 100.734375     -0.982149 0.188105 -0.188105 -0.982149     11.378071 11.378071 2.131643
334.119049 80.119049     259.750000 -12.906250 58.687500     0.138927 -0.990303 0.990303 0.138927     16.365824 16.365824 1.424870
334.119049 80.119049     22.031250 22.781250 89.718750     0.138927 -0.990303 0.990303 0.138927     16.365824 16.365824 4.790263
167.992828 45.697132     269.843750 -11.781250 61.984375     -0.970975 -0.239180 0.239180 -0.970975     25.307487 25.307487 4.586395
331.539246 108.043037     18.890625 -15.507812 43.226562     -0.856676 0.515854 -0.515854 -0.856676     22.531957 22.531957 2.182473
331.539246 108.043037     96.062500 -3.625000 76.296875     -0.856676 0.515854 -0.515854 -0.856676     22.531957 22.531957 5.107186
399.921173 283.605927     19.650879 59.866211 311.433594     -0.943160 0.332340 -0.332340 -0.943160     16.209115 16.209115 3.575991
331.715668 68.891891     35.953125 10.125000 106.359375     -0.984503 -0.175369 0.175369 -0.984503     44.245281 44.245281 2.759044
100.272354 435.768280     5.281250 10.126953 230.979980     -0.054321 -0.998524 0.998524 -0.054321     3.732271 3.732271 1.573022
190.278687 74.520493     24.972656 72.291016 521.404297     -0.013379 -0.999910 0.999910 -0.013379     16.132010 16.132010 4.788576
168.193954 44.112091     295.390625 -35.750000 78.312500     -0.905240 -0.424901 0.424901 -0.905240     34.053017 34.053017 4.387151
241.034836 65.250870     6.828125 12.568359 241.967041     -0.995522 0.094532 -0.094532 -0.995522     21.052940 21.052940 0.213157
241.034836 65.250870     15.718750 -28.984375 197.265625     -0.995522 0.094532 -0.094532 -0.995522     21.052940 21.052940 3.154104
399.748932 283.740265     218.203125 7.843750 7559.005859     -0.954067 0.299595 -0.299595 -0.954067     16.800088 16.800088 3.514826
398.881653 423.902374     9.875000 14.826172 235.974121     -0.838736 0.544538 -0.544538 -0.838736     27.668968 27.668968 3.682379
407.710052 460.428986     35.692383 77.899414 507.144531     0.490322 -0.871541 0.871541 0.490322     14.021747 14.021747 1.451227
407.710052 460.428986     39.578125 5.968750 109.859375     0.490322 -0.871541 0.871541 0.490322     14.021747 14.021747 4.702626
99.868904 428.164642     159.796875 -67.062500 188.265625     -0.051849 -0.998655 0.998655 -0.051849     4.092674 4.092674 1.571859
398.094086 283.808350     2845.808594 -160.046875 1389.812500     -0.978033 0.208452 -0.208452 -0.978033     17.395078 17.395078 3.443535
99.787880 426.258942     64.085938 -124.906250 314.812500     -0.052396 -0.998626 0.998626 -0.052396     4.389104 4.389104 1.573942
595.390686 29.542997     16.359375 16.937500 236.572021     0.051459 -0.998675 0.998675 0.051459     10.867314 10.867314 4.722698
395.768372 284.048035     2122.097656 790.667969 14809.062500     -0.990389 0.138307 -0.138307 -0.990389     17.510646 17.510646 4.819162
595.323730 44.488861     45.406250 -1.984375 110.921875     0.047722 -0.998861 0.998861 0.047722     12.001626 12.001626 4.721583
99.303925 417.058838     263.343750 -184.259766 144.848145     -0.050073 -0.998746 0.998746 -0.050073     5.157327 5.157327 1.570547
434.076660 459.603333     361.750000 52.203125 36.687500     0.598262 -0.801300 0.801300 0.598262     16.575199 16.575199 3.255503
434.076660 459.603333     42.156250 -6.421875 162.375000     0.598262 -0.801300 0.801300 0.598262     16.575199 16.575199 6.332827
99.163231 414.142609     454.781250 90.656250 173.390625     -0.050904 -0.998704 0.998704 -0.050904     5.732553 5.732553 1.572971
249.020767 120.003464     101.953613 101.083008 454.708984     -0.999873 -0.015962 0.015962 -0.999873     14.982841 14.982841 4.681342
564.220276 17.398602     29.078125 8.759766 241.496338     0.060201 -0.998186 0.998186 0.060201     10.670934 10.670934 1.565600
98.663422 403.670380     131.062500 -247.500000 573.328125     -0.047515 -0.998871 0.998871 -0.047515     6.598545 6.598545 1.570243
237.976074 97.894737     44.765625 0.531250 47.679688     -0.999821 -0.018930 0.018930 -0.999821     13.802636 13.802636 3.143125
237.976074 97.894737     6.343750 -1.500000 262.421875     -0.999821 -0.018930 0.018930 -0.999821     13.802636 13.802636 4.295671
499.435547 146.844452     445.437500 44.531250 276.843750     0.628082 -0.778147 0.778147 0.628082     10.448019 10.448019 5.148284
98.126160 391.065979     5.031250 10.718750 104.515625     -0.044259 -0.999020 0.999020 -0.044259     7.143180 7.143180 1.570418
97.785645 382.637085     23.562500 -35.562500 180.078125     -0.043363 -0.999059 0.999059 -0.043363     7.672844 7.672844 1.569893
97.114441 368.665894     137.117188 -266.921875 632.109375     -0.038999 -0.999239 0.999239 -0.038999     9.471002 9.471002 1.569234
96.904312 366.305267     43.000000 6.185547 231.728271     -0.037088 -0.999312 0.999312 -0.037088     10.764421 10.764421 1.568881
96.577614 358.835541     3045.824219 576.109375 14657.640625     -0.035065 -0.999385 0.999385 -0.035065     11.749657 11.749657 1.566930
96.688515 360.114319     1555.640625 57.218750 285.453125     -0.035789 -0.999359 0.999359 -0.035789     13.491184 13.491184 1.568553
