1.0
556
447.769745 407.017181     87.750000 -14.921875 14.531250     -0.981334 0.192314 -0.192314 -0.981334     15.331061 15.331061 0.224736
365.151917 407.373596     2053.703125 -277.656250 100.406250     -0.990425 0.138051 -0.138051 -0.990425     35.348614 35.348614 0.245511
359.936432 409.066589     4103.453125 -515.000000 132.593750     -0.991959 0.126558 -0.126558 -0.991959     36.803324 36.803324 0.243897
356.343353 405.747040     8436.710938 -1137.953125 294.593750     -0.990728 0.135862 -0.135862 -0.990728     52.966886 52.966886 0.433783
367.137939 331.362061     42.562500 -0.210938 10.617188     -0.999978 0.006603 -0.006603 -0.999978     14.661850 14.661850 1.374148
404.669373 337.510193     144.562500 73.656250 52.218750     -0.874966 -0.484185 0.484185 -0.874966     15.233100 15.233100 0.732558
356.781494 403.143066     10233.343750 -1383.515625 414.515625     -0.990583 0.136911 -0.136911 -0.990583     67.243945 67.243945 0.387310
17.951456 319.203888     44.123871 -31.150391 29.164062     -0.785330 0.619078 -0.619078 -0.785330     9.659934 9.659934 1.789540
17.951456 319.203888     10636.453125 -1590.656250 728.281250     -0.785330 0.619078 -0.619078 -0.785330     9.659934 9.659934 4.124088
18.740740 319.164612     14787.546875 -1933.765625 1440.500000     -0.804093 0.594503 -0.594503 -0.804093     10.618584 10.618584 1.786299
18.740740 319.164612     73.657227 -1.378906 113.765625     -0.804093 0.594503 -0.594503 -0.804093     10.618584 10.618584 4.103706
91.853203 379.877472     56.722382 -36.509277 33.406250     0.034319 -0.999411 0.999411 0.034319     38.608289 38.608289 1.476717
91.853203 379.877472     18661.265625 -1661.921875 1848.968750     0.034319 -0.999411 0.999411 0.034319     38.608289 38.608289 3.036547
87.877937 277.043823     262.851562 -48.132812 122.406250     -0.957037 0.289967 -0.289967 -0.957037     28.483704 28.483704 0.451346
19.105839 319.361328     43.433594 -8.960938 10.500000     -0.807523 0.589836 -0.589836 -0.807523     11.681722 11.681722 1.082156
19.105839 319.361328     13.734375 -12.482422 37.437500     -0.807523 0.589836 -0.589836 -0.807523     11.681722 11.681722 1.783495
81.031509 271.126038     70.933167 -45.857910 41.257812     -0.955206 0.295941 -0.295941 -0.955206     46.655644 46.655644 0.383944
128.088882 270.608887     452.315918 -87.412109 273.937500     -0.969114 0.246612 -0.246612 -0.969114     12.901505 12.901505 0.430910
128.088882 270.608887     47.298828 -8.882812 11.343750     -0.969114 0.246612 -0.246612 -0.969114     12.901505 12.901505 2.240857
71.288460 332.524048     606.491699 -125.380859 495.960938     0.394624 -0.918843 0.918843 0.394624     13.021596 13.021596 1.111303
71.288460 332.524048     52.347656 -10.621094 13.242188     0.394624 -0.918843 0.918843 0.394624     13.021596 13.021596 3.979244
19.741432 319.526489     81.365265 -51.502441 47.523438     -0.808655 0.588284 -0.588284 -0.808655     12.645636 12.645636 1.084894
19.741432 319.526489     25792.632812 -2050.429688 2779.562500     -0.808655 0.588284 -0.588284 -0.808655     12.645636 12.645636 1.761493
70.914215 264.403290     134.267090 -11.246094 62.523438     -0.925793 0.378030 -0.378030 -0.925793     69.458254 69.458254 0.512313
128.580643 270.431458     1053.924316 -104.612305 644.636719     -0.973789 0.227452 -0.227452 -0.973789     13.700228 13.700228 0.329383
128.580643 270.431458     54.228516 -20.750000 28.335938     -0.973789 0.227452 -0.227452 -0.973789     13.700228 13.700228 2.224107
129.370102 269.950165     304.562500 163.515625 496.982422     -0.969207 0.246246 -0.246246 -0.969207     14.611976 14.611976 0.397459
129.370102 269.950165     396.968750 149.046875 620.641602     -0.969207 0.246246 -0.246246 -0.969207     14.611976 14.611976 2.240879
70.790390 332.759827     599.937500 240.460938 963.767578     0.424456 -0.905449 0.905449 0.424456     13.933474 13.933474 0.950345
70.790390 332.759827     136.316162 -18.442871 64.132812     0.424456 -0.905449 0.905449 0.424456     13.933474 13.933474 3.945045
20.559366 319.757263     58.275391 -28.656250 39.695312     -0.809979 0.586459 -0.586459 -0.809979     14.395413 14.395413 1.052859
20.559366 319.757263     31508.812500 -2636.859375 2774.125000     -0.809979 0.586459 -0.586459 -0.809979     14.395413 14.395413 1.715540
130.729950 267.724609     13.500000 -7.828125 212.945312     -0.874454 0.485109 -0.485109 -0.874454     18.458084 18.458084 0.730152
70.290077 332.809174     2018.968750 406.421875 1090.882568     0.446615 -0.894726 0.894726 0.446615     14.817886 14.817886 0.936863
70.290077 332.809174     135.553528 -23.868164 67.351562     0.446615 -0.894726 0.894726 0.446615     14.817886 14.817886 3.949536
131.370285 266.535370     4014.062500 674.375000 1042.542969     -0.808823 0.588053 -0.588053 -0.808823     19.543087 19.543087 0.834292
69.679184 333.122864     45.875000 -28.906250 455.414062     0.479343 -0.877628 0.877628 0.479343     16.095544 16.095544 0.925391
69.679184 333.122864     68.804688 -42.295898 92.763672     0.479343 -0.877628 0.877628 0.479343     16.095544 16.095544 3.958018
149.605911 260.566498     201.125000 -83.108398 122.018555     0.208652 -0.977990 0.977990 0.208652     10.325605 10.325605 0.910618
149.605911 260.566498     87.492188 -82.949219 129.195312     0.208652 -0.977990 0.977990 0.208652     10.325605 10.325605 3.943071
134.795044 260.426453     452.674316 39.374023 91.585938     0.595440 -0.803400 0.803400 0.595440     20.737082 20.737082 4.318028
68.441338 333.067047     54.234375 -22.628906 641.382812     0.514846 -0.857283 0.857283 0.514846     20.255841 20.255841 0.888629
132.529877 63.808765     32634.171875 -2864.484375 3031.578125     -0.797563 0.603235 -0.603235 -0.797563     22.904196 22.904196 0.813613
132.529877 63.808765     95.359375 -125.394531 1220.339844     -0.797563 0.603235 -0.603235 -0.797563     22.904196 22.904196 2.128080
133.586212 66.647217     69.078125 9.593750 5.597656     0.603112 -0.797656 0.797656 0.603112     27.307446 27.307446 2.317681
133.586212 66.647217     145.687500 -109.218750 442.390625     0.603112 -0.797656 0.797656 0.603112     27.307446 27.307446 5.355392
67.548225 333.548218     83.890625 11.671875 6.330078     0.584897 -0.811107 0.811107 0.584897     20.948949 20.948949 0.887093
135.347443 66.527840     754.187500 -33.859375 310.875000     -0.718749 0.695269 -0.695269 -0.718749     30.371378 30.371378 0.955623
135.347443 66.527840     376.984863 28.435547 104.070312     -0.718749 0.695269 -0.695269 -0.718749     30.371378 30.371378 2.111705
66.649773 334.041473     8.542969 -10.277344 50.960938     0.635408 -0.772176 0.772176 0.635408     21.466699 21.466699 0.895041
136.511993 66.662003     307.015625 30.382812 11.423828     -0.766480 0.642268 -0.642268 -0.766480     31.713621 31.713621 0.918674
136.511993 66.662003     1275.179688 -294.874023 296.928223     -0.766480 0.642268 -0.642268 -0.766480     31.713621 31.713621 5.311234
361.448608 102.563087     17.515625 -3.062500 16.351562     -0.140496 -0.990081 0.990081 -0.140496     19.266995 19.266995 2.060169
361.448608 102.563087     638.390625 294.000000 295.969727     -0.140496 -0.990081 0.990081 -0.140496     19.266995 19.266995 3.917078
139.684555 67.347969     1465.957031 -442.963867 513.849609     -0.845499 0.533977 -0.533977 -0.845499     37.523423 37.523423 0.843283
134.609283 260.145203     725.125000 385.734375 296.511719     0.614901 -0.788604 0.788604 0.614901     21.493740 21.493740 4.288115
353.598816 120.008781     28.250000 19.132812 61.382812     0.038455 -0.999260 0.999260 0.038455     32.872659 32.872659 3.652191
146.981369 67.257141     754.500000 441.730469 699.528320     -0.946851 0.321672 -0.321672 -0.946851     42.414821 42.414821 0.682718
146.981369 67.257141     127.796875 42.117188 127.234375     -0.946851 0.321672 -0.321672 -0.946851     42.414821 42.414821 3.940246
349.584839 130.067520     679.281250 151.691406 2143.972656     0.083411 -0.996515 0.996515 0.083411     39.588844 39.588844 0.420807
349.584839 130.067520     1023.562500 636.945312 519.095703     0.083411 -0.996515 0.996515 0.083411     39.588844 39.588844 1.892898
147.691788 68.362206     607.843750 -158.367188 4302.044922     -0.934363 0.356322 -0.356322 -0.934363     46.038763 46.038763 0.697350
348.333069 136.237793     5.265625 -47.343750 481.151367     0.109451 -0.993992 0.993992 0.109451     40.637740 40.637740 1.593093
348.333069 136.237793     574.453125 -46.851562 4422.441406     0.109451 -0.993992 0.993992 0.109451     40.637740 40.637740 3.464600
150.362900 68.919357     828.693359 -42.960938 2.562500     -0.944087 0.329697 -0.329697 -0.944087     49.299745 49.299745 0.694744
577.038757 421.727478     972.054688 -51.093750 3.062500     -0.971622 0.236538 -0.236538 -0.971622     29.556898 29.556898 3.291327
577.038757 421.727478     31.292969 -6.107422 12.679688     -0.971622 0.236538 -0.236538 -0.971622     29.556898 29.556898 5.173713
463.262146 144.883499     6.617188 -59.003906 589.784180     -0.989250 -0.146237 0.146237 -0.989250     9.199661 9.199661 1.564074
152.520874 70.005447     1045.373047 -55.343750 3.343750     -0.941699 0.336458 -0.336458 -0.941699     54.708213 54.708213 0.696395
464.554169 145.012497     594.515625 83.585938 4378.751953     -0.989335 -0.145655 0.145655 -0.989335     9.663672 9.663672 1.556428
465.908081 145.150742     37.875000 32.265625 104.921875     -0.989740 -0.142881 0.142881 -0.989740     10.095328 10.095328 1.537596
467.705688 145.433548     157.687500 -63.781250 89.042969     -0.990855 -0.134929 0.134929 -0.990855     10.524581 10.524581 1.538971
347.970032 138.652878     363.418823 26.375000 108.789062     0.126532 -0.991963 0.991963 0.126532     44.446045 44.446045 1.570606
347.970032 138.652878     61.781250 -27.312500 139.421875     0.126532 -0.991963 0.991963 0.126532     44.446045 44.446045 1.878912
149.906250 260.258942     102.281250 18.281250 110.781250     0.223707 -0.974657 0.974657 0.223707     11.190511 11.190511 0.884747
149.906250 260.258942     29648.070312 -3033.023438 7061.039062     0.223707 -0.974657 0.974657 0.223707     11.190511 11.190511 2.344908
475.862976 145.622223     65.042969 -15.702148 27.310547     -0.994866 -0.101201 0.101201 -0.994866     12.990280 12.990280 1.535974
475.862976 145.622223     1488.113281 21.000000 0.648438     -0.994866 -0.101201 0.101201 -0.994866     12.990280 12.990280 4.758358
162.555099 72.023132     9.562500 -74.550781 677.424805     -0.963434 0.267945 -0.267945 -0.963434     65.970584 65.970584 0.651126
479.949249 139.186569     13.078125 16.953125 73.796875     -0.998264 -0.058904 0.058904 -0.998264     35.699248 35.699248 4.243155
455.847290 270.285706     5755.218750 842.503906 7402.648438     -0.770295 0.637688 -0.637688 -0.770295     16.726614 16.726614 3.919861
467.727386 124.868111     11.257812 -82.460938 717.738281     -0.866959 -0.498379 0.498379 -0.866959     50.704658 50.704658 0.663283
467.727386 124.868111     2110.386719 -127.398438 8.171875     -0.866959 -0.498379 0.498379 -0.866959     50.704658 50.704658 5.392024
581.213684 128.667542     1703.527344 23.453125 0.703125     -0.861876 -0.507119 0.507119 -0.861876     37.528312 37.528312 0.497176
441.609314 212.939072     91.244141 -19.866211 40.558105     0.483694 -0.875237 0.875237 0.483694     23.779118 23.779118 5.967169
434.254181 274.133789     1607.583008 -92.839844 637.007812     -0.415582 -0.909556 0.909556 -0.415582     19.875589 19.875589 5.383003
459.434174 117.655632     104.408203 -22.646484 44.001465     -0.728733 -0.684798 0.684798 -0.728733     75.892655 75.892655 5.314594
438.955353 269.755951     26.421875 8.460938 29.917969     -0.709464 -0.704742 0.704742 -0.709464     41.584845 41.584845 1.148387
456.335449 136.025848     122.656250 228.054688 507.195312     -0.101944 -0.994790 0.994790 -0.101944     115.933856 115.933856 4.856974
456.335449 136.025848     2326.597656 -140.585938 9.109375     -0.101944 -0.994790 0.994790 -0.101944     115.933856 115.933856 5.355379
578.781433 128.342072     1875.710938 24.117188 0.800781     -0.827099 -0.562056 0.562056 -0.827099     41.794080 41.794080 0.171476
578.781433 128.342072     18.320312 -96.914062 738.725586     -0.827099 -0.562056 0.562056 -0.827099     41.794080 41.794080 5.211130
453.800201 161.838425     36.578125 3.289062 39.726562     0.042752 -0.999086 0.999086 0.042752     110.325016 110.325016 1.563266
453.800201 161.838425     146.228516 -30.885742 56.148926     0.042752 -0.999086 0.999086 0.042752     110.325016 110.325016 4.727023
317.213593 113.611649     53.843750 -23.265625 78.824219     0.098045 -0.995182 0.995182 0.098045     3.489525 3.489525 1.571767
455.689911 171.152115     2301.902344 28.476562 2.214844     0.012173 -0.999926 0.999926 0.012173     107.801326 107.801326 1.578982
455.689911 171.152115     351.587891 -37.660156 8.039062     0.012173 -0.999926 0.999926 0.012173     107.801326 107.801326 4.722122
167.506378 404.697876     273.183594 -23.140625 3.375000     -0.998658 0.051793 -0.051793 -0.998658     2.602344 2.602344 4.707302
171.090561 404.437744     6044.250000 1686.929688 8347.762695     -0.998620 0.052510 -0.052510 -0.998620     2.758758 2.758758 4.705429
143.855072 72.787437     27940.843750 -3045.929688 6882.273438     -0.958136 0.286312 -0.286312 -0.958136     14.825881 14.825881 0.612173
143.855072 72.787437     445.839844 -50.492188 10.351562     -0.958136 0.286312 -0.286312 -0.958136     14.825881 14.825881 4.966439
316.983673 116.530609     408.627563 55.734375 122.398438     0.099665 -0.995021 0.995021 0.099665     3.784178 3.784178 1.572383
172.447098 404.259399     2241.417969 15.078125 4.394531     -0.998600 0.052888 -0.052888 -0.998600     2.890545 2.890545 4.705526
458.898193 178.718796     527.337891 -47.843750 12.960938     -0.022072 -0.999756 0.999756 -0.022072     109.551692 109.551692 1.586835
458.898193 178.718796     49.093750 -63.148438 663.656250     -0.022072 -0.999756 0.999756 -0.022072     109.551692 109.551692 4.733783
145.434784 73.594200     49.558594 -1.175781 6.656250     -0.966263 0.257556 -0.257556 -0.966263     16.856658 16.856658 0.617802
145.434784 73.594200     10.634766 -12.902344 53.820312     -0.966263 0.257556 -0.257556 -0.966263     16.856658 16.856658 4.943179
178.628311 403.873169     2044.976562 7.203125 5.359375     -0.998506 0.054636 -0.054636 -0.998506     2.931324 2.931324 4.706156
560.625854 285.132660     6507.558594 1290.004883 1317.681152     -0.373835 -0.927495 0.927495 -0.373835     22.441444 22.441444 1.011589
575.800659 241.087021     740.904297 -71.195312 26.937500     -0.858449 0.512899 -0.512899 -0.858449     32.116101 32.116101 2.178000
605.980591 258.037323     53.625000 99.343750 230.046875     0.301777 -0.953378 0.953378 0.301777     32.802468 32.802468 0.180273
316.901398 118.264084     11.187500 0.562500 233.109375     0.103058 -0.994675 0.994675 0.103058     4.170636 4.170636 1.574729
182.371353 403.599457     518.648438 -38.093750 11.578125     -0.998401 0.056520 -0.056520 -0.998401     3.112894 3.112894 4.703728
567.412109 282.619843     6484.739258 1892.768555 2732.770020     -0.621916 -0.783084 0.783084 -0.621916     42.156735 42.156735 1.011269
146.946075 75.318626     303.910156 -18.359375 3.484375     -0.940376 0.340135 -0.340135 -0.940376     20.929141 20.929141 0.691910
146.946075 75.318626     17.812500 -13.093750 250.687500     -0.940376 0.340135 -0.340135 -0.940376     20.929141 20.929141 5.022026
189.898834 216.785995     1507.835449 -333.368164 1519.843750     -0.999900 -0.014114 0.014114 -0.999900     2.669903 2.669903 4.710491
317.134979 118.027611     1302.339844 -66.996094 56.375000     0.109604 -0.993975 0.993975 0.109604     5.212785 5.212785 1.576599
403.719818 365.875000     77.078125 -3.687500 14.742188     -0.251897 -0.967754 0.967754 -0.251897     13.246660 13.246660 1.686293
188.356003 403.133789     336.394531 9.035156 103.890625     -0.998269 0.058817 -0.058817 -0.998269     3.072020 3.072020 4.705043
147.696274 76.072311     20.781250 -24.320312 269.300781     -0.939050 0.343779 -0.343779 -0.939050     22.591649 22.591649 0.694132
147.696274 76.072311     61.937500 -28.304688 550.304688     -0.939050 0.343779 -0.343779 -0.939050     22.591649 22.591649 5.029225
317.271729 118.301628     314.439453 10.253906 104.304688     0.114416 -0.993433 0.993433 0.114416     5.970909 5.970909 1.584157
317.271729 118.301628     26.250000 -38.109375 290.492188     0.114416 -0.993433 0.993433 0.114416     5.970909 5.970909 5.812000
193.625504 402.716614     37.013672 7.148438 21.609375     -0.998182 0.060271 -0.060271 -0.998182     3.115815 3.115815 4.708607
386.202393 218.734131     284.234375 13.171875 107.828125     -0.718761 -0.695258 0.695258 -0.718761     16.261292 16.261292 0.762362
193.538467 216.849655     36.687500 -61.171875 323.664062     -0.999905 -0.013769 0.013769 -0.999905     2.774587 2.774587 4.709308
149.276184 77.507935     200.250000 -107.156250 581.765625     -0.945255 0.326332 -0.326332 -0.945255     26.123130 26.123130 0.595013
149.276184 77.507935     308.980469 -19.250000 3.984375     -0.945255 0.326332 -0.326332 -0.945255     26.123130 26.123130 5.029341
378.847412 266.906250     28.621094 4.785156 14.703125     -0.447391 -0.894338 0.894338 -0.447391     12.801038 12.801038 1.645914
378.847412 266.906250     30.257812 17.953125 90.781250     -0.447391 -0.894338 0.894338 -0.447391     12.801038 12.801038 3.304201
317.853546 117.787186     25.468750 -4.281250 22.000000     0.120770 -0.992681 0.992681 0.120770     8.562129 8.562129 5.873208
150.180511 77.962753     39.644531 -12.640625 75.773438     -0.948704 0.316167 -0.316167 -0.948704     27.169809 27.169809 0.587957
150.180511 77.962753     31.304688 16.625000 90.265625     -0.948704 0.316167 -0.316167 -0.948704     27.169809 27.169809 5.022169
386.828217 217.205521     307.132812 -16.828125 5.000000     -0.631534 -0.775348 0.775348 -0.631534     19.886893 19.886893 0.664883
377.469269 258.915161     49.062500 -81.742188 347.574219     -0.421560 -0.906800 0.906800 -0.421560     18.354523 18.354523 1.677529
377.469269 258.915161     55.875000 104.593750 241.859375     -0.421560 -0.906800 0.906800 -0.421560     18.354523 18.354523 4.434672
197.931213 402.285248     40.921875 -22.882812 42.234375     -0.998178 0.060331 -0.060331 -0.998178     3.520821 3.520821 4.698329
196.000000 216.917984     37.455078 5.746094 21.812500     -0.999917 -0.012860 0.012860 -0.999917     3.151961 3.151961 4.711137
318.450256 119.027924     53.746094 5.238281 10.585938     0.131037 -0.991377 0.991377 0.131037     10.563520 10.563520 5.813292
387.914948 215.062073     343.835938 1.898438 86.468750     -0.533047 -0.846085 0.846085 -0.533047     26.433799 26.433799 0.510470
387.914948 215.062073     302.945312 -16.859375 6.640625     -0.533047 -0.846085 0.846085 -0.533047     26.433799 26.433799 3.252165
152.676788 79.399132     21.417969 -0.808594 43.937500     -0.955175 0.296043 -0.296043 -0.955175     30.711087 30.711087 0.582135
152.676788 79.399132     37.273438 16.203125 58.234375     -0.955175 0.296043 -0.296043 -0.955175     30.711087 30.711087 5.018714
200.483337 402.018188     54.515625 101.531250 238.828125     -0.998144 0.060898 -0.060898 -0.998144     3.857694 3.857694 4.691614
200.081009 217.402527     99.554688 -3.218750 28.343750     -0.999900 -0.014157 0.014157 -0.999900     5.953364 5.953364 4.710744
389.728851 211.696030     129.453125 5.968750 61.046875     0.513322 -0.858196 0.858196 0.513322     28.434743 28.434743 1.988994
389.728851 211.696030     910.664062 -26.187500 97.062500     0.513322 -0.858196 0.858196 0.513322     28.434743 28.434743 2.524465
203.993134 217.535477     4712.125000 -253.421875 137.390625     -0.999923 -0.012380 0.012380 -0.999923     6.140939 6.140939 4.714964
151.572861 334.967346     627.031250 -34.105469 25.875000     -0.994183 0.107704 -0.107704 -0.994183     8.953950 8.953950 4.708739
195.169159 387.960205     79.911835 -14.351562 16.265625     -0.996395 0.084838 -0.084838 -0.996395     5.333384 5.333384 4.725966
154.788254 334.735840     5658.041016 -485.640625 65.453125     -0.993517 0.113684 -0.113684 -0.993517     9.624063 9.624063 1.596706
154.788254 334.735840     139.296875 -3.527344 6.578125     -0.993517 0.113684 -0.113684 -0.993517     9.624063 9.624063 4.741786
156.482330 82.478012     25.734375 -24.218750 68.281250     -0.965947 0.258741 -0.258741 -0.965947     38.944235 38.944235 0.510109
156.482330 82.478012     68.156250 -134.898438 744.894531     -0.965947 0.258741 -0.258741 -0.965947     38.944235 38.944235 5.030138
201.215134 218.206726     2632.742188 -670.871094 558.515625     -0.999977 -0.006740 0.006740 -0.999977     9.323697 9.323697 4.714667
159.540771 334.925110     13235.355469 -1211.328125 181.750000     -0.995774 0.091832 -0.091832 -0.995774     13.157167 13.157167 4.736778
393.016998 185.870163     88.477509 -0.838257 5.925781     0.101169 -0.994869 0.994869 0.101169     29.395758 29.395758 2.012825
164.295563 269.389160     10.476562 -57.093750 361.785400     -0.999625 0.027375 -0.027375 -0.999625     11.581754 11.581754 4.771073
150.008026 260.172699     131.625000 190.093750 335.625000     0.266058 -0.963957 0.963957 0.266058     11.968347 11.968347 2.328578
150.008026 260.172699     12994.720703 -1111.101562 178.640625     0.266058 -0.963957 0.963957 0.266058     11.968347 11.968347 3.828987
198.944519 218.641541     10.484375 -49.542969 320.592041     -0.999994 -0.003532 0.003532 -0.999994     10.392893 10.392893 4.714348
391.957794 184.593643     109.375000 -211.562500 443.515625     0.080214 -0.996778 0.996778 0.080214     31.057530 31.057530 1.693809
391.957794 184.593643     33.565918 -18.933594 27.117188     0.080214 -0.996778 0.996778 0.080214     31.057530 31.057530 2.089746
193.222229 219.552185     233.156250 -18.253906 6.976562     -0.999934 0.011454 -0.011454 -0.999934     13.665963 13.665963 4.710728
168.210693 335.913666     96.281250 12.468750 59.015625     -0.995160 0.098268 -0.098268 -0.995160     20.077905 20.077905 4.732444
198.642136 388.036804     1396.911621 84.099121 19.088867     -0.997985 0.063456 -0.063456 -0.997985     6.754864 6.754864 4.732991
415.815247 309.180725     32.937500 -70.542969 293.537109     -0.996568 -0.082773 0.082773 -0.996568     14.985363 14.985363 1.698495
415.815247 309.180725     29.101562 -38.633789 321.511597     -0.996568 -0.082773 0.082773 -0.996568     14.985363 14.985363 4.828926
462.000000 453.473419     812.156250 -8.046875 56.312500     -0.409899 -0.912131 0.912131 -0.409899     13.485981 13.485981 4.779761
523.987854 198.187500     19726.601562 -1170.609375 190.875000     -0.002535 -0.999997 0.999997 -0.002535     15.050515 15.050515 4.058689
175.723923 267.472382     37.828613 -20.753906 30.109375     -0.997221 0.074498 -0.074498 -0.997221     13.297707 13.297707 4.694993
183.383026 335.575836     403.226562 6.421875 67.707031     -0.998190 0.060134 -0.060134 -0.998190     25.808677 25.808677 4.772828
199.251511 388.018188     92.953125 97.640625 109.236328     -0.998152 0.060772 -0.060772 -0.998152     6.922648 6.922648 4.731942
522.787048 200.654678     382.093750 -520.656250 2217.398438     0.055962 -0.998433 0.998433 0.055962     18.596817 18.596817 3.938384
186.070831 336.292816     113.296875 83.388672 365.498047     -0.998566 0.053539 -0.053539 -0.998566     32.693343 32.693343 2.951364
186.070831 336.292816     12.593750 17.628906 360.824219     -0.998566 0.053539 -0.053539 -0.998566     32.693343 32.693343 4.743119
418.180328 308.270477     78.359375 -18.203125 54.703125     -0.998267 0.058848 -0.058848 -0.998267     17.150143 17.150143 1.776215
418.180328 308.270477     22050.789062 -681.765625 189.718750     -0.998267 0.058848 -0.058848 -0.998267     17.150143 17.150143 3.664812
172.793625 261.018768     45.642090 -20.345703 34.421875     -0.999248 -0.038773 0.038773 -0.999248     45.789583 45.789583 4.623606
521.910095 203.129303     186.523438 7.429688 51.093750     0.096489 -0.995334 0.995334 0.096489     19.315231 19.315231 3.865355
390.277161 183.741577     418.894531 11.507812 79.804688     0.057668 -0.998336 0.998336 0.057668     34.944607 34.944607 1.671287
390.277161 183.741577     2507.140625 -982.468750 1439.798828     0.057668 -0.998336 0.998336 0.057668     34.944607 34.944607 2.135727
183.966690 337.207428     1269.744141 62.155762 36.569336     -0.996992 0.077499 -0.077499 -0.996992     36.233972 36.233972 4.741803
172.670029 260.409088     430.296875 23.667969 88.449219     -0.998817 -0.048624 0.048624 -0.998817     45.848246 45.848246 4.623956
520.914062 205.466171     182.757812 392.982422 2652.841797     0.139949 -0.990159 0.990159 0.139949     20.554516 20.554516 3.790110
132.008270 378.834717     111.476562 104.390625 112.014160     -0.930850 -0.365402 0.365402 -0.930850     19.513235 19.513235 2.615714
132.008270 378.834717     128.851562 -1.175781 20.585938     -0.930850 -0.365402 0.365402 -0.930850     19.513235 19.513235 4.383866
172.368652 259.744781     611.138672 52.226562 91.234375     -0.997254 -0.074052 0.074052 -0.997254     46.515730 46.515730 4.590570
519.533875 208.569168     440.156250 -275.695312 2950.953125     0.200133 -0.979769 0.979769 0.200133     22.133494 22.133494 3.616862
200.076080 387.970123     57.518066 -21.496094 43.156250     -0.998030 0.062742 -0.062742 -0.998030     7.495171 7.495171 1.562688
200.076080 387.970123     480.089844 -1.019531 9.875000     -0.998030 0.062742 -0.062742 -0.998030     7.495171 7.495171 4.717170
111.341583 313.569305     734.074219 44.792969 208.000000     -0.954986 -0.296652 0.296652 -0.954986     16.359642 16.359642 2.808379
111.341583 313.569305     2510.562500 -853.113281 1431.935547     -0.954986 -0.296652 0.296652 -0.954986     16.359642 16.359642 5.886753
335.574402 369.373383     1361.784912 46.962891 69.618164     -0.264538 -0.964375 0.964375 -0.264538     22.649390 22.649390 1.659672
272.423798 362.095245     114.843750 123.718750 138.109375     -0.829298 0.558807 -0.558807 -0.829298     19.674399 19.674399 0.745982
272.423798 362.095245     510.187500 13.671875 502.796875     -0.829298 0.558807 -0.558807 -0.829298     19.674399 19.674399 3.742752
240.398773 310.453979     433.636719 24.109375 93.312500     0.690706 -0.723136 0.723136 0.690706     22.361127 22.361127 0.957631
240.398773 310.453979     921.789062 34.816406 185.781250     0.690706 -0.723136 0.723136 0.690706     22.361127 22.361127 1.553817
220.164108 304.171783     19922.093750 -610.859375 197.250000     0.300560 -0.953763 0.953763 0.300560     26.872606 26.872606 1.388326
335.239807 369.300903     173.689453 -5.578125 5.617188     -0.253927 -0.967223 0.967223 -0.253927     23.356729 23.356729 1.661254
200.837158 388.380737     642.445312 62.937500 29.460938     -0.998462 0.055441 -0.055441 -0.998462     9.073501 9.073501 1.529530
200.837158 388.380737     171.559082 -51.318359 58.062500     -0.998462 0.055441 -0.055441 -0.998462     9.073501 9.073501 3.065840
518.333313 210.527634     191.312500 205.093750 225.679688     0.247912 -0.968783 0.968783 0.247912     23.873182 23.873182 3.409328
461.947601 452.991272     1559.253906 -105.117188 205.093750     -0.409607 -0.912262 0.912262 -0.409607     13.433986 13.433986 4.775952
242.225800 367.336395     479.320312 14.507812 96.789062     0.696898 -0.717170 0.717170 0.696898     19.452238 19.452238 2.006137
242.225800 367.336395     1734.640625 1565.132812 3302.391602     0.696898 -0.717170 0.717170 0.696898     19.452238 19.452238 4.976537
131.750000 378.884338     1201.546875 187.640625 78.398438     -0.950234 -0.311537 0.311537 -0.950234     20.088671 20.088671 2.568310
131.750000 378.884338     175.930176 -48.974609 69.070312     -0.950234 -0.311537 0.311537 -0.950234     20.088671 20.088671 4.427005
212.623260 280.818604     1331.979248 48.142578 173.651367     -0.992920 -0.118784 0.118784 -0.992920     14.201243 14.201243 2.974535
212.623260 280.818604     311.714844 18.148438 15.500000     -0.992920 -0.118784 0.118784 -0.992920     14.201243 14.201243 6.270036
255.872681 370.800446     59.281250 0.507812 25.929688     -0.999973 -0.007376 0.007376 -0.999973     41.841470 41.841470 2.950486
200.769531 388.933594     113.031250 9.281250 6.945312     -0.998396 0.056625 -0.056625 -0.998396     10.728922 10.728922 3.108646
174.267212 371.198395     2527.683594 -696.925781 1474.927734     0.035837 -0.999358 0.999358 0.035837     20.811696 20.811696 1.526532
130.171494 374.710144     207.343750 228.046875 260.851562     -0.477960 -0.878382 0.878382 -0.477960     24.005177 24.005177 3.791047
461.750000 452.846161     1363.113281 289.445312 166.609375     -0.404911 -0.914356 0.914356 -0.404911     13.909143 13.909143 4.777019
331.664459 454.538635     288.380859 -255.992188 737.843750     -0.998984 0.045062 -0.045062 -0.998984     23.896041 23.896041 3.127363
461.698303 453.654236     2101.507812 -98.476562 196.421875     -0.390671 -0.920530 0.920530 -0.390671     14.767745 14.767745 4.782003
77.862190 456.374573     1729.187500 1561.925781 3594.681641     -0.999243 0.038902 -0.038902 -0.999243     6.196834 6.196834 4.721232
205.811523 451.062073     67.554688 0.101562 26.351562     -0.997001 0.077391 -0.077391 -0.997001     7.053192 7.053192 1.565740
205.811523 451.062073     8.242188 3.304199 105.375061     -0.997001 0.077391 -0.077391 -0.997001     7.053192 7.053192 4.704057
421.612915 430.332245     338.777344 26.816406 79.960938     -0.993826 0.110954 -0.110954 -0.993826     6.717508 6.717508 1.579949
378.641815 434.841339     15.437500 17.039062 49.843750     -0.994529 0.104457 -0.104457 -0.994529     7.335389 7.335389 1.602862
190.376144 209.018341     55.609375 -29.017578 208.633423     -0.999648 0.026549 -0.026549 -0.999648     11.459056 11.459056 3.346975
596.186340 434.945740     106.312500 11.726562 185.351562     0.413310 -0.910590 0.910590 0.413310     10.786537 10.786537 0.186589
596.186340 434.945740     215.437500 230.468750 263.835938     0.413310 -0.910590 0.910590 0.413310     10.786537 10.786537 4.623270
499.539154 258.186737     38.593750 29.078125 49.914062     0.412344 -0.911028 0.911028 0.412344     17.295831 17.295831 2.908363
535.502563 198.783905     2183.925781 -93.273438 197.656250     0.188545 -0.982064 0.982064 0.188545     29.252516 29.252516 4.821732
249.762939 188.809265     220.547363 -22.587891 76.671875     -0.959074 0.283156 -0.283156 -0.959074     85.434601 85.434601 1.670761
13.682609 93.852173     2437.234375 2329.496094 4336.637695     -0.999948 0.010153 -0.010153 -0.999948     10.946448 10.946448 4.714995
296.321899 33.635193     154.703125 -4.242188 5.257812     0.156486 -0.987680 0.987680 0.156486     5.382650 5.382650 4.697809
475.923309 452.560699     90.101562 7.593750 26.437500     -0.513414 -0.858141 0.858141 -0.513414     19.035869 19.035869 4.809842
303.734131 32.734127     378.203125 44.742188 17.240234     0.154019 -0.988068 0.988068 0.154019     7.478241 7.478241 4.711059
592.047791 442.636627     26.031250 22.914062 55.976562     0.436032 -0.899931 0.899931 0.436032     11.794280 11.794280 1.538355
592.047791 442.636627     20.052734 6.703125 18.929688     0.436032 -0.899931 0.899931 0.436032     11.794280 11.794280 4.635942
83.883392 309.756195     75.578125 3.515625 29.671875     -0.764160 0.645027 -0.645027 -0.764160     15.016365 15.016365 4.756946
197.511810 237.948822     24767.195312 -1289.187500 318.265625     -0.996800 0.079930 -0.079930 -0.996800     10.565754 10.565754 4.741127
62.223797 96.691887     219.468750 231.312500 268.734375     -0.998156 -0.060700 0.060700 -0.998156     16.822198 16.822198 4.719368
368.583344 165.719696     47.406250 37.406250 71.804688     0.245567 -0.969380 0.969380 0.245567     17.467481 17.467481 2.824594
301.137451 34.113605     154.382812 60.523438 186.703125     0.128811 -0.991669 0.991669 0.128811     22.083638 22.083638 4.687443
83.323715 310.041656     266.010254 116.074219 248.257812     -0.769037 0.639204 -0.639204 -0.769037     16.136909 16.136909 4.768914
64.454376 97.949097     371.843750 35.156250 20.111328     -0.997744 -0.067139 0.067139 -0.997744     20.566699 20.566699 4.706354
250.728226 166.169189     5328.164062 4323.628906 6234.961914     -0.838215 0.545339 -0.545339 -0.838215     127.615727 127.615727 1.912164
205.070831 243.170547     247.859375 6.843750 8.671875     -0.999817 -0.019130 0.019130 -0.999817     36.994314 36.994314 1.431304
205.070831 243.170547     698.906250 303.406250 327.726562     -0.999817 -0.019130 0.019130 -0.999817     36.994314 36.994314 4.653399
360.382568 69.579544     255.387207 126.875000 295.617188     -0.677091 -0.735899 0.735899 -0.677091     7.942535 7.942535 4.603550
533.438660 210.542252     4.251953 -18.668457 233.193542     0.255190 -0.966891 0.966891 0.255190     70.389835 70.389835 4.843383
62.504520 99.471680     170.697266 -6.679688 7.742188     -0.998392 -0.056688 0.056688 -0.998392     23.557665 23.557665 4.711845
307.230988 42.353504     216.578125 10.656250 14.359375     -0.287997 -0.957631 0.957631 -0.287997     42.266156 42.266156 0.774779
307.230988 42.353504     182.639526 42.520508 54.281250     -0.287997 -0.957631 0.957631 -0.287997     42.266156 42.266156 4.875042
323.709534 184.149384     406.515625 29.390625 20.570312     -0.050431 -0.998728 0.998728 -0.050431     15.394720 15.394720 1.584468
83.476067 309.704773     253.390625 48.349121 53.914062     -0.795556 0.605880 -0.605880 -0.795556     19.577319 19.577319 4.750116
140.690903 389.793945     8658.041016 -148.304688 1438.121094     -0.998508 -0.054614 0.054614 -0.998508     32.037780 32.037780 4.658851
207.052551 244.706268     881.625000 392.500000 4460.910156     -0.999426 -0.033879 0.033879 -0.999426     40.101689 40.101689 1.419328
245.144058 163.644028     9061.820312 -2868.218750 15031.703125     -0.859453 0.511214 -0.511214 -0.859453     131.613547 131.613547 1.913869
245.144058 163.644028     16.109375 22.992188 80.929688     -0.859453 0.511214 -0.511214 -0.859453     131.613547 131.613547 4.012568
61.343102 100.281952     21080.507812 -2464.593750 12641.632812     -0.998739 -0.050212 0.050212 -0.998739     26.024016 26.024016 4.714923
359.371094 69.203964     183.514130 -36.078125 18.343750     -0.697906 -0.716190 0.716190 -0.697906     9.963953 9.963953 3.148721
359.371094 69.203964     242.812500 16.671875 18.789062     -0.697906 -0.716190 0.716190 -0.697906     9.963953 9.963953 4.573778
196.597153 270.104279     22102.242188 1590.210938 10399.667969     -0.999985 -0.005430 0.005430 -0.999985     12.966163 12.966163 3.136709
208.699936 245.749527     41.515625 83.796875 180.703125     -0.997634 -0.068744 0.068744 -0.997634     41.929361 41.929361 1.392194
314.194611 70.637802     25672.968750 -1680.578125 404.578125     -0.153423 -0.988161 0.988161 -0.153423     49.651692 49.651692 1.599401
314.194611 70.637802     236.687500 20.656250 23.625000     -0.153423 -0.988161 0.988161 -0.153423     49.651692 49.651692 4.737773
358.936737 69.447685     17.062500 17.187500 120.718750     -0.706196 -0.708017 0.708017 -0.706196     12.203541 12.203541 3.215220
358.936737 69.447685     103.156250 21.734375 106.359375     -0.706196 -0.708017 0.708017 -0.706196     12.203541 12.203541 4.544628
146.022812 360.768066     98.953125 20.234375 103.656250     -0.999941 0.010858 -0.010858 -0.999941     20.410945 20.410945 4.703780
154.252884 387.450867     21948.265625 1138.226562 10848.511719     -0.995090 -0.098972 0.098972 -0.995090     41.740962 41.740962 2.665783
154.252884 387.450867     427.468750 29.726562 22.675781     -0.995090 -0.098972 0.098972 -0.995090     41.740962 41.740962 4.642734
530.766357 205.843399     94.796875 24.203125 109.031250     0.107878 -0.994164 0.994164 0.107878     91.144750 91.144750 4.907555
61.280842 102.416168     237.062500 16.867188 31.082031     -0.998666 -0.051644 0.051644 -0.998666     33.142068 33.142068 4.712788
395.390411 151.523117     171.234375 21.882812 5.605469     -0.003291 -0.999995 0.999995 -0.003291     97.046785 97.046785 3.418326
82.987206 309.125793     53.500000 -7.718750 27.578125     -0.811432 0.584446 -0.584446 -0.811432     23.672466 23.672466 1.141514
82.987206 309.125793     91.609375 25.687500 107.500000     -0.811432 0.584446 -0.584446 -0.811432     23.672466 23.672466 4.760717
214.399673 270.411285     90.968750 26.484375 106.218750     -0.999998 0.002168 -0.002168 -0.999998     14.139448 14.139448 1.555847
158.916550 377.889709     26356.648438 1238.656250 10256.250000     -0.996446 -0.084237 0.084237 -0.996446     64.306453 64.306453 2.828941
158.916550 377.889709     93.328125 28.578125 104.046875     -0.996446 -0.084237 0.084237 -0.996446     64.306453 64.306453 4.626816
239.506989 160.073242     24.760593 -16.591305 73.077812     -0.875885 0.482519 -0.482519 -0.875885     139.569769 139.569769 1.931208
239.506989 160.073242     69.303558 -46.952797 133.928711     -0.875885 0.482519 -0.482519 -0.875885     139.569769 139.569769 3.959144
59.942089 103.853828     27331.523438 -1604.546875 419.968750     -0.999342 -0.036273 0.036273 -0.999342     37.084363 37.084363 4.708475
609.825562 326.612762     28846.937500 -1489.812500 408.968750     -0.673196 -0.739464 0.739464 -0.673196     6.692940 6.692940 2.952527
609.825562 326.612762     89.203125 31.093750 122.343750     -0.673196 -0.739464 0.739464 -0.673196     6.692940 6.692940 4.726125
209.724243 246.544739     31568.437500 -1608.953125 420.828125     -0.997525 -0.070316 0.070316 -0.997525     43.071611 43.071611 1.374336
166.292648 377.306488     97.468750 22.096191 16.970858     -0.998888 -0.047147 0.047147 -0.998888     61.063848 61.063848 2.857422
154.205429 345.627899     75.953125 15.171875 11.671875     -0.999451 0.033134 -0.033134 -0.999451     10.488244 10.488244 4.700906
223.183456 273.059814     198.203125 -5.539062 7830.914062     -0.994877 -0.101093 0.101093 -0.994877     21.612007 21.612007 1.509720
78.639244 310.066467     158.421875 36.328125 18.187500     -0.933194 0.359374 -0.359374 -0.933194     27.849049 27.849049 4.652910
78.639244 310.066467     7.684082 23.879883 122.125000     -0.933194 0.359374 -0.359374 -0.933194     27.849049 27.849049 4.997158
614.127197 331.309235     66.078125 26.859375 47.312500     -0.676945 -0.736034 0.736034 -0.676945     7.371965 7.371965 1.491907
614.127197 331.309235     2661.835938 -222.484375 1320.625000     -0.676945 -0.736034 0.736034 -0.676945     7.371965 7.371965 4.724747
183.282028 374.325836     165.421875 35.546875 18.937500     -0.997036 0.076934 -0.076934 -0.997036     63.157716 63.157716 3.153532
183.282028 374.325836     11.598633 43.922852 221.716797     -0.997036 0.076934 -0.076934 -0.997036     63.157716 63.157716 4.706330
211.794022 246.621155     187.015625 37.671875 19.281250     -0.999284 -0.037844 0.037844 -0.999284     44.145810 44.145810 1.435098
371.720428 127.799072     62.156250 31.937500 77.703125     -0.525447 -0.850827 0.850827 -0.525447     124.712416 124.712416 1.068178
236.123642 277.798523     13.064453 50.075195 259.380859     -0.987030 -0.160537 0.160537 -0.987030     31.137674 31.137674 1.478258
78.057953 309.714294     120.453125 -8.265625 67.578125     -0.931980 0.362510 -0.362510 -0.931980     31.826423 31.826423 0.654625
78.057953 309.714294     16.343750 -13.734375 41.242188     -0.931980 0.362510 -0.362510 -0.931980     31.826423 31.826423 4.998025
59.697620 111.814468     1.750000 6.937500 198.467285     -0.999140 -0.041455 0.041455 -0.999140     58.957540 58.957540 4.695729
129.727539 326.868256     13.156250 -0.656250 34.765625     -0.998142 -0.060926 0.060926 -0.998142     17.071690 17.071690 4.620261
295.225342 353.802826     13.804199 51.531250 267.056641     -0.999884 -0.015221 0.015221 -0.999884     22.911125 22.911125 0.985762
295.225342 353.802826     207.539062 -28.628906 7631.718750     -0.999884 -0.015221 0.015221 -0.999884     22.911125 22.911125 1.363017
613.818604 184.320923     190.328125 37.812500 20.531250     -0.996252 -0.086503 0.086503 -0.996252     11.150048 11.150048 1.569747
234.174805 155.612061     1.906250 6.705078 229.871338     -0.895180 0.445704 -0.445704 -0.895180     151.131233 151.131233 1.909885
234.174805 155.612061     14.399902 52.309570 274.539062     -0.895180 0.445704 -0.445704 -0.895180     151.131233 151.131233 3.867750
611.859802 328.338776     150.609375 -31.109375 83.203125     -0.664636 -0.747167 0.747167 -0.664636     9.531923 9.531923 1.497016
611.859802 328.338776     1609.750000 982.796875 4304.962891     -0.664636 -0.747167 0.747167 -0.664636     9.531923 9.531923 2.881730
240.982941 282.526215     169.062500 -55.140625 58.046875     -0.974725 -0.223408 0.223408 -0.974725     45.060311 45.060311 1.409628
134.961105 298.934387     2.140625 5.039062 248.749268     0.412473 -0.910970 0.910970 0.412473     59.097766 59.097766 4.350104
172.027100 302.864502     215.859375 42.296875 22.546875     -0.991930 0.126786 -0.126786 -0.991930     29.098732 29.098732 1.419444
172.027100 302.864502     15.166016 53.207031 281.259766     -0.991930 0.126786 -0.126786 -0.991930     29.098732 29.098732 3.215332
195.043381 374.246185     379.031250 59.718750 27.828125     -0.998674 0.051486 -0.051486 -0.998674     62.247382 62.247382 3.054306
195.043381 374.246185     24.421875 20.687500 100.734375     -0.998674 0.051486 -0.051486 -0.998674     62.247382 62.247382 4.702980
530.389099 209.580673     259.750000 -12.906250 58.687500     0.115525 -0.993305 0.993305 0.115525     94.770466 94.770466 1.576790
530.389099 209.580673     22.031250 22.781250 89.718750     0.115525 -0.993305 0.993305 0.115525     94.770466 94.770466 4.894156
199.482346 343.635284     2.718750 6.640625 250.622559     -0.999725 0.023462 -0.023462 -0.999725     10.476036 10.476036 4.733261
154.049301 345.623230     269.843750 -11.781250 61.984375     -0.999375 0.035349 -0.035349 -0.999375     10.650777 10.650777 4.697883
488.009613 160.589737     18.890625 -15.507812 43.226562     -0.998683 -0.051313 0.051313 -0.998683     7.479565 7.479565 4.741759
288.370697 21.663794     96.062500 -3.625000 76.296875     0.074607 -0.997213 0.997213 0.074607     15.271546 15.271546 4.685133
212.783066 246.628708     19.650879 59.866211 311.433594     -0.999803 -0.019864 0.019864 -0.999803     44.324392 44.324392 1.419984
76.620445 309.875427     35.953125 10.125000 106.359375     -0.957162 0.289554 -0.289554 -0.957162     34.042846 34.042846 4.994397
295.839081 354.042145     5.281250 10.126953 230.979980     -0.999997 -0.002465 0.002465 -0.999997     23.100088 23.100088 1.347545
295.839081 354.042145     1633.515625 961.380859 5063.154297     -0.999997 -0.002465 0.002465 -0.999997     23.100088 23.100088 4.750445
273.258209 19.023474     24.972656 72.291016 521.404297     -0.033958 -0.999423 0.999423 -0.033958     12.830854 12.830854 4.716578
188.258652 307.101837     295.390625 -35.750000 78.312500     -0.994786 -0.101988 0.101988 -0.994786     39.541572 39.541572 3.002705
188.258652 307.101837     6.828125 12.568359 241.967041     -0.994786 -0.101988 0.101988 -0.994786     39.541572 39.541572 6.222527
421.273621 282.631836     15.718750 -28.984375 197.265625     -0.380469 -0.924794 0.924794 -0.380469     13.063543 13.063543 5.447228
486.818390 161.273544     61.437500 -121.015625 309.609375     -0.993683 -0.112223 0.112223 -0.993683     12.434109 12.434109 1.580769
486.818390 161.273544     218.203125 7.843750 7559.005859     -0.993683 -0.112223 0.112223 -0.993683     12.434109 12.434109 4.700525
245.771652 33.371655     300.062500 -35.062500 78.093750     0.180257 -0.983620 0.983620 0.180257     31.912469 31.912469 4.613637
334.822479 361.372772     368.390625 60.046875 34.000000     -0.143727 -0.989617 0.989617 -0.143727     46.025431 46.025431 1.594432
610.394287 326.715454     35.692383 77.899414 507.144531     -0.669169 -0.743110 0.743110 -0.669169     12.648917 12.648917 1.487934
610.394287 326.715454     39.578125 5.968750 109.859375     -0.669169 -0.743110 0.743110 -0.669169     12.648917 12.648917 2.953517
552.977356 298.588684     159.796875 -67.062500 188.265625     -0.635977 -0.771708 0.771708 -0.635977     17.212143 17.212143 0.691986
552.977356 298.588684     2845.808594 -160.046875 1389.812500     -0.635977 -0.771708 0.771708 -0.635977     17.212143 17.212143 1.265073
197.485718 374.374237     348.156250 -41.671875 82.093750     -0.998904 0.046805 -0.046805 -0.998904     62.562273 62.562273 3.032962
197.485718 374.374237     47.890625 1.937500 39.742188     -0.998904 0.046805 -0.046805 -0.998904     62.562273 62.562273 4.698957
75.004868 309.928986     12.515625 16.347656 235.002930     -0.988452 0.151536 -0.151536 -0.988452     38.503019 38.503019 5.005603
244.203842 341.334625     4.031250 -6.109375 249.578125     -0.999598 0.028352 -0.028352 -0.999598     10.199714 10.199714 4.776863
298.088318 354.697174     20.187500 -32.687500 187.734375     -0.993153 -0.116823 0.116823 -0.993153     22.743599 22.743599 4.755946
337.980591 364.055237     45.406250 -1.984375 110.921875     -0.609811 -0.792547 0.792547 -0.609811     48.493766 48.493766 1.971441
487.023712 162.650375     21.265625 -17.164062 46.750000     -0.992628 -0.121204 0.121204 -0.992628     15.442950 15.442950 1.584320
487.023712 162.650375     19.859375 14.699219 244.050781     -0.992628 -0.121204 0.121204 -0.992628     15.442950 15.442950 4.714405
611.319092 182.304413     68.679688 -133.445312 330.328125     -0.998216 -0.059700 0.059700 -0.998216     17.380773 17.380773 1.576971
217.018066 285.311676     263.343750 -184.259766 144.848145     -0.998719 -0.050593 0.050593 -0.998719     124.517857 124.517857 1.387671
217.018066 285.311676     361.750000 52.203125 36.687500     -0.998719 -0.050593 0.050593 -0.998719     124.517857 124.517857 4.498528
422.123016 283.952393     42.156250 -6.421875 162.375000     -0.475918 -0.879489 0.879489 -0.475918     16.614543 16.614543 5.493460
97.485146 343.960388     454.781250 90.656250 173.390625     -0.736029 -0.676950 0.676950 -0.736029     16.077416 16.077416 0.896432
305.957611 382.487640     101.953613 101.083008 454.708984     -0.997114 -0.075919 0.075919 -0.997114     24.401538 24.401538 2.846416
609.591919 325.711395     131.062500 -247.500000 573.328125     -0.668621 -0.743604 0.743604 -0.668621     15.247742 15.247742 1.497117
609.591919 325.711395     44.765625 0.531250 47.679688     -0.668621 -0.743604 0.743604 -0.668621     15.247742 15.247742 3.001447
554.322327 300.650146     6.343750 -1.500000 262.421875     -0.587343 -0.809338 0.809338 -0.587343     20.255110 20.255110 0.744248
554.322327 300.650146     445.437500 44.531250 276.843750     -0.587343 -0.809338 0.809338 -0.587343     20.255110 20.255110 1.205786
337.786163 363.846893     5.031250 10.718750 104.515625     -0.609110 -0.793086 0.793086 -0.609110     46.743551 46.743551 1.955990
199.881119 343.552460     43.000000 6.185547 231.728271     -0.999704 0.024311 -0.024311 -0.999704     11.109951 11.109951 4.701982
79.089439 317.403748     82.562500 -101.328125 328.312500     -0.733569 -0.679615 0.679615 -0.733569     53.381633 53.381633 2.074034
79.089439 317.403748     1555.640625 57.218750 285.453125     -0.733569 -0.679615 0.679615 -0.733569     53.381633 53.381633 5.282255
484.782349 163.647186     45.421875 23.359375 98.968750     -0.995138 -0.098491 0.098491 -0.995138     18.351959 18.351959 1.585086
484.782349 163.647186     66.203125 -105.031250 171.187500     -0.995138 -0.098491 0.098491 -0.995138     18.351959 18.351959 4.719853
454.228271 317.213776     160.132812 -294.734375 653.343750     -0.999592 -0.028577 0.028577 -0.999592     13.101276 13.101276 1.609146
577.789551 316.002777     1172.390625 -21.218750 648.000000     -0.872298 -0.488974 0.488974 -0.872298     56.501350 56.501350 1.494125
577.789551 316.002777     222.250000 -424.953125 1227.390625     -0.872298 -0.488974 0.488974 -0.872298     56.501350 56.501350 2.133374
79.492058 319.992615     87.895874 20.775391 18.796875     -0.649390 -0.760456 0.760456 -0.649390     54.567498 54.567498 1.944941
79.492058 319.992615     85.656250 -0.078125 94.148438     -0.649390 -0.760456 0.760456 -0.649390     54.567498 54.567498 4.060551
173.232559 29.572094     72.757812 -114.976562 187.343750     0.080743 -0.996735 0.996735 0.080743     7.448378 7.448378 1.574845
173.232559 29.572094     133.736206 16.967773 16.578125     0.080743 -0.996735 0.996735 0.080743     7.448378 7.448378 4.708718
153.936172 345.243164     128.875000 -7.343750 102.046875     -0.999164 0.040888 -0.040888 -0.999164     12.298130 12.298130 4.697976
454.132843 317.571442     389.812500 -250.812500 948.171875     -0.998622 -0.052479 0.052479 -0.998622     16.716381 16.716381 1.636498
482.462097 163.928284     2103.000000 -412.917969 267.992676     -0.997146 -0.075500 0.075500 -0.997146     19.273968 19.273968 1.598248
482.462097 163.928284     80.484375 -79.609375 270.296875     -0.997146 -0.075500 0.075500 -0.997146     19.273968 19.273968 4.721496
172.490387 29.676283     152.637695 23.810547 19.109375     0.062884 -0.998021 0.998021 0.062884     11.795228 11.795228 1.574438
172.490387 29.676283     106.156250 -25.890625 114.812500     0.062884 -0.998021 0.998021 0.062884     11.795228 11.795228 4.702383
384.125000 179.081894     24.453125 -38.132812 160.843750     -0.303637 -0.952788 0.952788 -0.303637     13.335617 13.335617 1.064520
16.882006 307.486725     205.593750 -61.468750 128.812500     -0.978870 0.204484 -0.204484 -0.978870     14.793374 14.793374 0.602415
16.882006 307.486725     188.375122 29.049805 20.609375     -0.978870 0.204484 -0.204484 -0.978870     14.793374 14.793374 4.796776
611.750000 182.627609     28.375000 -21.093750 64.062500     -0.997272 -0.073811 0.073811 -0.997272     18.854481 18.854481 1.579074
465.148529 460.930695     62.992188 -115.906250 306.750000     -0.424912 -0.905235 0.905235 -0.424912     6.646985 6.646985 1.614472
612.505798 183.413757     155.500000 -4.187500 7.281250     -0.995418 -0.095615 0.095615 -0.995418     20.933886 20.933886 1.572761
412.651154 365.936890     34.437500 -44.093750 126.046875     -0.159423 -0.987210 0.987210 -0.159423     17.009118 17.009118 1.624846
404.778564 366.133942     28.359375 -1.054688 30.804688     -0.680629 -0.732628 0.732628 -0.680629     40.988185 40.988185 0.755179
404.778564 366.133942     78.187500 8.593750 23.640625     -0.680629 -0.732628 0.732628 -0.680629     40.988185 40.988185 3.604470
404.810822 366.491241     204.285034 29.988281 21.140625     -0.665042 -0.746806 0.746806 -0.665042     40.483528 40.483528 0.753170
404.810822 366.491241     588.750000 17.390625 3.078125     -0.665042 -0.746806 0.746806 -0.665042     40.483528 40.483528 3.578885
481.621887 164.201477     85.536728 -15.791992 116.328125     -0.997343 -0.072851 0.072851 -0.997343     20.376811 20.376811 1.594054
481.621887 164.201477     447.218750 -158.500000 876.875000     -0.997343 -0.072851 0.072851 -0.997343     20.376811 20.376811 4.732625
404.571625 366.720398     59.531250 14.984375 17.031250     -0.599118 -0.800661 0.800661 -0.599118     39.406793 39.406793 3.490933
612.721802 184.090103     211.984375 -62.656250 132.132812     -0.996708 -0.081078 0.081078 -0.996708     24.528081 24.528081 1.577820
462.468903 201.645935     46.731583 -44.581062 170.932129     -0.991669 -0.128808 0.128808 -0.991669     7.480159 7.480159 1.558316
587.026794 265.062500     9.218750 0.640625 44.203125     -0.964152 0.265350 -0.265350 -0.964152     22.703294 22.703294 2.155881
404.357666 366.643555     4590.628906 1012.531250 15004.097656     -0.593509 -0.804827 0.804827 -0.593509     38.360087 38.360087 3.484703
404.228119 366.347015     78.320312 -166.046875 467.531250     -0.601387 -0.798958 0.798958 -0.601387     37.926641 37.926641 3.503434
404.162903 366.411194     197.112183 -34.535156 116.375000     -0.638623 -0.769520 0.769520 -0.638623     37.544993 37.544993 3.556926
403.929443 365.331024     3216.625000 -489.103516 311.386597     -0.514636 -0.857409 0.857409 -0.514636     37.794637 37.794637 3.342509
396.882385 354.365387     75.874329 -66.734283 416.870056     -0.542881 -0.839810 0.839810 -0.542881     35.298996 35.298996 4.833355
527.831116 381.426270     62.562500 17.359375 21.671875     -0.935274 -0.353924 0.353924 -0.935274     14.152478 14.152478 5.013356
