1.0
457
519.679321 253.690323     18.062500 -189.640625 2454.781250     0.077130 -0.997021 0.997021 0.077130     8.287594 8.287594 1.619683
518.060608 265.079712     70.125000 -781.687500 10458.195312     0.074619 -0.997212 0.997212 0.074619     15.348545 15.348545 1.589318
517.484253 269.744873     77.406250 -835.250000 11475.046875     0.072700 -0.997354 0.997354 0.072700     18.291323 18.291323 1.604164
517.181885 270.184326     79.312500 -825.375000 11804.773438     0.069875 -0.997556 0.997556 0.069875     20.864683 20.864683 1.606729
516.830139 270.404083     82.843750 -803.328125 12036.546875     0.066753 -0.997770 0.997770 0.066753     24.274612 24.274612 0.286032
516.830139 270.404083     144.531250 -528.843750 12618.906250     0.066753 -0.997770 0.997770 0.066753     24.274612 24.274612 1.595097
515.394470 264.741211     572.578125 458.023438 13820.859375     0.042281 -0.999106 0.999106 0.042281     49.734953 49.734953 0.380882
509.762695 251.210663     1604.515625 1672.539062 14429.582031     -0.034510 -0.999404 0.999404 -0.034510     106.181129 106.181129 0.553795
509.762695 251.210663     2864.390625 2770.890625 14804.921875     -0.034510 -0.999404 0.999404 -0.034510     106.181129 106.181129 3.755555
54.826366 270.028931     35.906250 8.250000 65.460938     -0.084818 -0.996396 0.996396 -0.084818     3.680439 3.680439 4.812535
54.452587 263.918091     379.496094 4.796875 666.011719     -0.084621 -0.996413 0.996413 -0.084621     4.149582 4.149582 4.811123
219.908676 234.200912     37.211670 415.724609 4876.988281     -0.886255 -0.463198 0.463198 -0.886255     18.496969 18.496969 0.830278
219.908676 234.200912     29189.890625 7438.992188 14411.980469     -0.886255 -0.463198 0.463198 -0.886255     18.496969 18.496969 4.251727
52.274281 235.321243     2243.210938 554.304688 897.609375     -0.084695 -0.996407 0.996407 -0.084695     5.215403 5.215403 1.558520
52.274281 235.321243     46.650391 38.750000 73.777344     -0.084695 -0.996407 0.996407 -0.084695     5.215403 5.215403 4.752987
218.361923 209.812332     328.718750 -65.187500 870.601562     -0.251850 -0.967766 0.967766 -0.251850     26.146232 26.146232 1.725079
218.361923 209.812332     102.121094 -35.109375 397.859375     -0.251850 -0.967766 0.967766 -0.251850     26.146232 26.146232 3.526632
233.215515 231.233215     878.726562 110.945312 43.031250     -0.016735 -0.999860 0.999860 -0.016735     87.653694 87.653694 1.756806
233.215515 231.233215     17.312500 -23.644531 142.927734     -0.016735 -0.999860 0.999860 -0.016735     87.653694 87.653694 4.889234
52.207806 232.941010     18.410156 -3.558594 78.250000     -0.084965 -0.996384 0.996384 -0.084965     5.972698 5.972698 1.560375
52.207806 232.941010     637.617188 50.781250 121.953125     -0.084965 -0.996384 0.996384 -0.084965     5.972698 5.972698 4.730688
281.394226 241.325378     36.437500 -14.156250 141.054688     -0.979236 -0.202725 0.202725 -0.979236     110.810368 110.810368 0.595756
281.394226 241.325378     20731.960938 1332.539062 10740.941406     -0.979236 -0.202725 0.202725 -0.979236     110.810368 110.810368 3.070902
106.143906 143.490250     48.281250 12.984375 109.484375     -0.084337 -0.996437 0.996437 -0.084337     18.758716 18.758716 1.602853
275.191986 235.782028     191.376953 60.692383 61.633301     -0.941222 -0.337788 0.337788 -0.941222     118.946446 118.946446 2.638669
275.191986 235.782028     100.906250 -34.460938 156.410156     -0.941222 -0.337788 0.337788 -0.941222     118.946446 118.946446 5.712912
150.100418 221.456070     70.333984 -11.866211 46.636841     -0.578631 -0.815589 0.815589 -0.578631     19.696771 19.696771 4.202160
443.362457 226.033081     50.976318 -19.065430 42.889404     0.117780 -0.993040 0.993040 0.117780     80.622512 80.622512 6.221953
170.052673 268.773163     41.187500 5.000000 14.718750     0.116296 -0.993215 0.993215 0.116296     44.550030 44.550030 1.605259
170.052673 268.773163     30.289062 -19.654297 59.650146     0.116296 -0.993215 0.993215 0.116296     44.550030 44.550030 3.118762
239.010803 305.143616     33.734375 -13.709961 61.467102     -0.991592 -0.129400 0.129400 -0.991592     24.045833 24.045833 1.566171
346.020599 170.791183     113.734375 12.750000 58.680664     0.179054 -0.983839 0.983839 0.179054     16.230789 16.230789 5.293170
128.859711 367.291382     17.875000 -1.708984 43.364014     0.059156 -0.998249 0.998249 0.059156     19.197274 19.197274 4.744439
259.069092 394.042725     63.218750 -19.384766 36.207031     -0.995277 -0.097080 0.097080 -0.995277     48.674921 48.674921 3.223184
281.679535 179.575287     191.062500 -513.906250 3860.937500     0.124147 -0.992264 0.992264 0.124147     13.672448 13.672448 1.578323
175.057968 55.830917     44.593750 3.996094 34.843262     -0.967755 -0.251893 0.251893 -0.967755     18.076839 18.076839 0.736663
175.057968 55.830917     42.390625 -13.210938 53.320801     -0.967755 -0.251893 0.251893 -0.967755     18.076839 18.076839 1.544157
556.250916 223.124527     11.132812 -3.761719 48.746094     0.131765 -0.991281 0.991281 0.131765     26.452880 26.452880 3.042251
553.464905 279.934631     73.625000 10.398438 24.058594     -0.199297 -0.979939 0.979939 -0.199297     30.400997 30.400997 3.578923
171.462341 57.981819     79.804688 6.332031 26.343750     -0.930118 -0.367261 0.367261 -0.930118     27.618657 27.618657 2.383516
561.164062 221.015762     167.410156 85.937500 133.359375     0.431731 -0.902002 0.902002 0.431731     41.344200 41.344200 2.614603
148.000000 30.077381     61.000000 7.777344 29.574219     -0.923737 0.383027 -0.383027 -0.923737     29.064749 29.064749 1.544168
148.000000 30.077381     44.691406 4.156250 70.500000     -0.923737 0.383027 -0.383027 -0.923737     29.064749 29.064749 3.888628
41.650909 52.770908     42.835449 8.390625 37.750000     -0.777003 0.629496 -0.629496 -0.777003     23.573890 23.573890 2.016051
41.650909 52.770908     12.062500 -2.218750 53.724609     -0.777003 0.629496 -0.629496 -0.777003     23.573890 23.573890 4.730650
538.138123 357.623810     9.074219 -2.695312 40.302734     -0.983734 -0.179633 0.179633 -0.983734     16.720230 16.720230 4.655762
322.195404 47.735634     14.281250 -1.746094 54.511719     0.448091 -0.893988 0.893988 0.448091     20.343681 20.343681 1.188443
322.195404 47.735634     9.996094 -3.125000 44.410156     0.448091 -0.893988 0.893988 0.448091     20.343681 20.343681 4.458603
214.484131 31.761906     103.562500 2.203125 81.363281     0.380062 -0.924961 0.924961 0.380062     23.854677 23.854677 0.786072
214.484131 31.761906     191.046875 210.746094 509.968750     0.380062 -0.924961 0.924961 0.380062     23.854677 23.854677 1.571822
255.731659 49.973167     247.449219 -80.328125 918.398438     -0.976573 -0.215185 0.215185 -0.976573     33.636178 33.636178 2.731882
388.591736 53.889908     14.554688 -4.257812 62.687500     0.066601 -0.997780 0.997780 0.066601     18.964672 18.964672 0.433673
388.591736 53.889908     251.906250 -79.898438 912.976562     0.066601 -0.997780 0.997780 0.066601     18.964672 18.964672 0.801801
373.655884 71.607285     15.335938 -2.609375 65.843750     -0.886470 0.462786 -0.462786 -0.886470     22.983995 22.983995 3.872029
555.008606 278.001801     14.421875 -7.136719 67.007812     0.136112 -0.990693 0.990693 0.136112     49.388746 49.388746 2.838214
347.183868 64.800003     14.734375 -6.468750 66.703125     -0.941646 -0.336606 0.336606 -0.941646     26.012489 26.012489 2.709097
452.654968 58.669590     256.603516 -75.035156 907.625000     0.555760 -0.831343 0.831343 0.555760     26.068558 26.068558 1.110982
281.955170 179.910339     81.554688 14.035156 117.300781     0.098548 -0.995132 0.995132 0.098548     14.761297 14.761297 1.570902
592.259094 108.651825     15.843750 -3.414062 64.593750     -0.986683 -0.162654 0.162654 -0.986683     17.374130 17.374130 4.630456
592.259094 108.651825     78.390625 25.585938 153.496094     -0.986683 -0.162654 0.162654 -0.986683     17.374130 17.374130 6.302913
561.740479 84.948746     23.820312 -14.050781 230.537109     -0.640349 -0.768084 0.768084 -0.640349     39.422509 39.422509 0.520140
561.740479 84.948746     8.500000 -21.101562 236.765625     -0.640349 -0.768084 0.768084 -0.640349     39.422509 39.422509 4.024472
568.715881 147.335800     93.906250 -26.707031 221.044922     -0.980337 -0.197330 0.197330 -0.980337     21.090321 21.090321 4.631109
152.060699 424.170532     26.402344 -27.283203 156.960938     -0.993245 -0.116037 0.116037 -0.993245     22.770181 22.770181 0.800551
152.060699 424.170532     41.089844 21.656250 208.257812     -0.993245 -0.116037 0.116037 -0.993245     22.770181 22.770181 1.574382
593.497498 107.190598     67.796875 -54.414062 240.535156     -0.973711 -0.227789 0.227789 -0.973711     23.707269 23.707269 6.268401
282.084381 180.056244     8.937500 -19.085938 237.843750     0.053031 -0.998593 0.998593 0.053031     15.552479 15.552479 1.596576
242.519608 166.240189     17.773438 -0.949219 35.562500     0.085363 -0.996350 0.996350 0.085363     13.381956 13.381956 0.509398
242.519608 166.240189     94.101562 -16.843750 269.048828     0.085363 -0.996350 0.996350 0.085363     13.381956 13.381956 4.702067
281.875000 179.869324     61.242188 -8.035156 217.951172     0.043280 -0.999063 0.999063 0.043280     16.960647 16.960647 1.598098
281.875000 179.869324     41.742188 2.085938 71.359375     0.043280 -0.999063 0.999063 0.043280     16.960647 16.960647 6.404920
242.413330 165.768890     15.003906 -5.003906 67.562500     0.089706 -0.995968 0.995968 0.089706     14.025734 14.025734 0.506033
242.413330 165.768890     25.191406 -7.478516 134.759766     0.089706 -0.995968 0.995968 0.089706     14.025734 14.025734 4.707196
180.956680 235.184113     68.070312 -53.195312 239.521484     -0.995205 -0.097813 0.097813 -0.995205     40.536670 40.536670 1.589625
180.956680 235.184113     4.089844 -6.097656 196.675781     -0.995205 -0.097813 0.097813 -0.995205     40.536670 40.536670 4.723585
161.476837 285.494202     258.302734 -70.582031 904.500000     -0.445315 -0.895374 0.895374 -0.445315     41.787533 41.787533 0.877290
161.476837 285.494202     16.171875 -3.742188 65.570312     -0.445315 -0.895374 0.895374 -0.445315     41.787533 41.787533 4.074392
167.835266 267.751740     27.652344 -35.738281 204.638672     0.117240 -0.993104 0.993104 0.117240     69.417677 69.417677 1.597777
167.835266 267.751740     81.460938 5.609375 44.320312     0.117240 -0.993104 0.993104 0.117240     69.417677 69.417677 4.730912
200.449280 274.318848     4.429688 -17.726562 128.753906     0.087442 -0.996170 0.996170 0.087442     16.945918 16.945918 3.197059
200.449280 274.318848     42.414062 1.554688 70.898438     0.087442 -0.996170 0.996170 0.087442     16.945918 16.945918 6.373183
168.065292 267.666321     65.703125 -10.312500 221.146484     0.118310 -0.992977 0.992977 0.118310     70.059470 70.059470 1.589007
168.065292 267.666321     9.250000 -18.359375 239.136719     0.118310 -0.992977 0.992977 0.118310     70.059470 70.059470 4.734208
200.712448 274.493561     94.710938 -17.003906 272.730469     0.051457 -0.998675 0.998675 0.051457     17.545088 17.545088 0.170156
200.712448 274.493561     15.878906 -6.160156 67.226562     0.051457 -0.998675 0.998675 0.051457     17.545088 17.545088 3.267885
184.836639 272.500000     4.554688 -6.914062 195.607422     0.132135 -0.991232 0.991232 0.132135     16.515996 16.515996 3.101302
184.941971 272.629456     28.851562 -37.300781 210.376953     0.121692 -0.992568 0.992568 0.121692     16.802115 16.802115 3.132399
168.165604 267.795074     18.191406 -0.687500 35.648438     0.113037 -0.993591 0.993591 0.113037     70.875654 70.875654 1.606070
168.165604 267.795074     81.449219 6.953125 46.078125     0.113037 -0.993591 0.993591 0.113037     70.875654 70.875654 4.740362
328.669434 182.277771     71.718750 -15.843750 52.062500     -0.326735 -0.945116 0.945116 -0.326735     39.411011 39.411011 3.744400
200.766541 274.638123     69.671875 -54.332031 245.898438     0.069523 -0.997580 0.997580 0.069523     17.776890 17.776890 3.229654
328.226471 179.795959     26.796875 -5.669922 136.273438     -0.294607 -0.955619 0.955619 -0.294607     37.784665 37.784665 3.776633
289.731171 169.982086     17.070312 -3.839844 67.273438     0.067506 -0.997719 0.997719 0.067506     21.519994 21.519994 0.167088
367.711395 181.399323     43.976562 0.492188 70.921875     0.091284 -0.995825 0.995825 0.091284     11.530629 11.530629 1.611590
367.711395 181.399323     177.625000 -38.875000 61.187500     0.091284 -0.995825 0.995825 0.091284     11.530629 11.530629 4.726457
330.146912 175.945129     91.312500 -9.343750 16.265625     0.197559 -0.980291 0.980291 0.197559     42.339229 42.339229 3.017833
142.183029 150.357147     4.890625 -18.480469 134.792969     0.196650 -0.980474 0.980474 0.196650     20.587314 20.587314 1.495714
142.183029 150.357147     5.210938 -6.878906 196.742188     0.196650 -0.980474 0.980474 0.196650     20.587314 20.587314 4.668641
244.812332 167.002563     260.035156 -66.300781 906.093750     -0.126421 -0.991977 0.991977 -0.126421     27.860012 27.860012 3.966924
244.812332 167.002563     12.638672 -24.775391 110.490234     -0.126421 -0.991977 0.991977 -0.126421     27.860012 27.860012 6.174943
188.500000 171.809525     744.000000 -295.812500 415.218750     0.072677 -0.997356 0.997356 0.072677     22.005622 22.005622 1.767235
188.500000 171.809525     70.093750 -9.578125 97.046875     0.072677 -0.997356 0.997356 0.072677     22.005622 22.005622 4.901518
284.795074 175.420074     97.468750 -20.089844 283.033203     0.277412 -0.960751 0.960751 0.277412     32.476495 32.476495 5.876730
244.251678 167.357300     66.910156 -11.210938 225.816406     -0.088506 -0.996076 0.996076 -0.088506     29.928685 29.928685 3.904965
141.935608 151.708328     28.279297 -38.556641 215.083984     0.184057 -0.982916 0.982916 0.184057     20.287523 20.287523 1.506469
141.935608 151.708328     18.796875 -0.500000 37.875000     0.184057 -0.982916 0.982916 0.184057     20.287523 20.287523 4.677535
367.815155 182.006058     11.486280 13.151001 106.734375     0.082525 -0.996589 0.996589 0.082525     12.205746 12.205746 1.610589
367.815155 182.006058     82.238281 6.546875 46.601562     0.082525 -0.996589 0.996589 0.082525     12.205746 12.205746 4.715885
216.542282 281.815918     44.476562 -0.304688 71.398438     0.053133 -0.998587 0.998587 0.053133     18.944375 18.944375 3.217841
216.542282 281.815918     10.328125 -19.109375 242.656250     0.053133 -0.998587 0.998587 0.053133     18.944375 18.944375 6.406274
330.199402 173.835770     681.984375 151.015625 44.406250     0.094971 -0.995480 0.995480 0.094971     43.278356 43.278356 3.200301
242.925491 168.801956     87.687500 70.065430 236.449341     0.051074 -0.998695 0.998695 0.051074     35.097481 35.097481 3.699738
242.925491 168.801956     16.597656 -5.082031 66.539062     0.051074 -0.998695 0.998695 0.051074     35.097481 35.097481 5.810501
296.341583 296.980194     71.554688 -56.089844 247.246094     -0.069913 -0.997553 0.997553 -0.069913     29.022731 29.022731 0.646740
296.341583 296.980194     38.381241 32.780273 128.703125     -0.069913 -0.997553 0.997553 -0.069913     29.022731 29.022731 3.151987
184.896408 272.900391     1565.281250 -521.250000 746.265625     0.093941 -0.995578 0.995578 0.093941     17.154237 17.154237 3.164560
188.593842 171.535385     28.140625 -5.025391 135.923828     0.067783 -0.997700 0.997700 0.067783     22.357040 22.357040 1.745817
188.593842 171.535385     5.937500 -5.292969 199.044922     0.067783 -0.997700 0.997700 0.067783     22.357040 22.357040 4.895853
284.790344 175.191101     1348.867188 339.921875 111.015625     0.274134 -0.961691 0.961691 0.274134     32.731666 32.731666 5.883490
205.563110 168.543686     48.375000 59.113281 147.212891     0.031615 -0.999500 0.999500 0.031615     8.883338 8.883338 1.604690
205.563110 168.543686     5.289062 -18.640625 138.679688     0.031615 -0.999500 0.999500 0.031615     8.883338 8.883338 4.728567
168.298416 268.246887     13.568359 -25.320312 111.656250     0.107330 -0.994223 0.994223 0.107330     71.248393 71.248393 1.592773
168.298416 268.246887     17.960938 -3.746094 69.492188     0.107330 -0.994223 0.994223 0.107330     71.248393 71.248393 4.747326
200.762238 274.835663     175.593750 97.687500 229.818085     0.075113 -0.997175 0.997175 0.075113     17.938015 17.938015 3.213511
141.900330 152.289032     263.095703 -64.437500 902.117188     0.190736 -0.981641 0.981641 0.190736     20.477857 20.477857 1.503028
141.900330 152.289032     1458.812500 -678.562500 1249.718750     0.190736 -0.981641 0.981641 0.190736     20.477857 20.477857 4.673998
245.782104 288.073944     104.052551 72.910645 196.593750     -0.989263 -0.146148 0.146148 -0.989263     29.676678 29.676678 0.787712
245.782104 288.073944     74.750000 86.250000 564.595703     -0.989263 -0.146148 0.146148 -0.989263     29.676678 29.676678 1.576515
353.024994 185.735001     3.625000 -12.566406 123.937500     0.138450 -0.990369 0.990369 0.138450     6.286438 6.286438 1.561417
296.748932 296.897858     177.281250 59.119141 316.764648     -0.054338 -0.998523 0.998523 -0.054338     29.277492 29.277492 0.608522
296.748932 296.897858     45.398438 0.218750 73.000000     -0.054338 -0.998523 0.998523 -0.054338     29.277492 29.277492 3.133212
242.711334 169.398621     21.562500 -9.152344 36.539551     0.065909 -0.997826 0.997826 0.065909     36.286286 36.286286 1.587828
242.711334 169.398621     30.572266 -38.259766 216.695312     0.065909 -0.997826 0.997826 0.065909     36.286286 36.286286 3.678742
367.962372 182.583328     20.320312 -4.070312 42.664062     0.079111 -0.996866 0.996866 0.079111     12.562179 12.562179 1.601356
367.962372 182.583328     80.332031 6.039062 45.796875     0.079111 -0.996866 0.996866 0.079111     12.562179 12.562179 4.716786
330.176636 173.366531     132.369919 84.990234 273.218750     0.094240 -0.995550 0.995550 0.094240     43.420063 43.420063 3.203424
184.924194 273.111908     54.843750 85.390625 241.032715     0.117472 -0.993076 0.993076 0.117472     17.515475 17.515475 3.138847
205.596497 168.912277     99.906250 -27.992188 288.712891     0.036118 -0.999348 0.999348 0.036118     9.336605 9.336605 1.612334
205.596497 168.912277     23.500000 -30.554688 94.717773     0.036118 -0.999348 0.999348 0.036118     9.336605 9.336605 4.732414
141.958939 152.853378     26.937500 3.351562 44.781250     0.193731 -0.981055 0.981055 0.193731     20.858698 20.858698 1.501417
141.958939 152.853378     16.695312 -3.558594 66.125000     0.193731 -0.981055 0.981055 0.193731     20.858698 20.858698 4.671964
216.623322 281.968597     511.062500 233.410156 602.419922     0.039291 -0.999228 0.999228 0.039291     19.178857 19.178857 3.238821
216.623322 281.968597     33.171875 -3.382812 34.289551     0.039291 -0.999228 0.999228 0.039291     19.178857 19.178857 6.426703
245.935379 288.336731     1171.562500 -1893.500000 11845.351562     -0.982512 -0.186202 0.186202 -0.982512     30.106445 30.106445 0.851870
245.935379 288.336731     1463.898438 353.562500 122.078125     -0.982512 -0.186202 0.186202 -0.982512     30.106445 30.106445 1.532530
285.083618 174.975403     228.562500 4.166016 2.021973     0.272773 -0.962079 0.962079 0.272773     33.149893 33.149893 5.884847
188.828735 171.621552     4.718750 -5.304688 86.093750     0.051584 -0.998669 0.998669 0.051584     23.166919 23.166919 1.853363
188.828735 171.621552     20.300781 -0.726562 38.984375     0.051584 -0.998669 0.998669 0.051584     23.166919 23.166919 4.972340
200.802505 275.131653     297.280090 159.187500 354.562500     0.075825 -0.997121 0.997121 0.075825     18.432604 18.432604 3.194216
296.795380 296.864868     9.593750 -25.328125 348.269531     -0.018257 -0.999833 0.999833 -0.018257     29.838623 29.838623 0.586544
296.795380 296.864868     67.839844 -13.855469 226.835938     -0.018257 -0.999833 0.999833 -0.018257     29.838623 29.838623 3.059444
353.112610 185.590088     125.425781 18.097656 217.113281     0.138158 -0.990410 0.990410 0.138158     6.843365 6.843365 1.562766
205.763779 168.917328     101.789062 11.984375 138.027344     0.035846 -0.999357 0.999357 0.035846     10.026215 10.026215 1.612324
168.582779 268.553558     6.000000 -18.695312 136.312500     0.101045 -0.994882 0.994882 0.101045     71.619493 71.619493 1.595642
168.582779 268.553558     46.085938 3.476562 47.304688     0.101045 -0.994882 0.994882 0.101045     71.619493 71.619493 4.751623
170.368164 166.263687     72.773438 -52.671875 247.417969     0.232232 -0.972660 0.972660 0.232232     11.668197 11.668197 2.524554
330.361023 173.251511     43.968750 -86.671875 220.943146     0.106416 -0.994322 0.994322 0.106416     43.934076 43.934076 3.189022
242.759262 169.544754     51.718750 12.054688 35.187500     0.070031 -0.997545 0.997545 0.070031     36.592255 36.592255 1.593338
242.759262 169.544754     46.210396 -24.617817 57.548561     0.070031 -0.997545 0.997545 0.070031     36.592255 36.592255 3.672233
141.986801 153.229553     100.906250 23.747070 50.158974     0.194499 -0.980903 0.980903 0.194499     20.441131 20.441131 1.505573
141.986801 153.229553     181.296875 143.058594 279.250000     0.194499 -0.980903 0.980903 0.194499     20.441131 20.441131 4.675147
216.639679 281.963562     130.894531 25.640625 26.359375     0.026181 -0.999657 0.999657 0.026181     19.503116 19.503116 0.161304
246.318039 288.290527     36.687500 -2.058594 31.881836     -0.984542 -0.175148 0.175148 -0.984542     30.333101 30.333101 0.802072
246.318039 288.290527     1428.156250 470.000000 26226.179688     -0.984542 -0.175148 0.175148 -0.984542     30.333101 30.333101 1.531315
297.013885 296.968750     47.046875 -0.664062 72.500000     0.011315 -0.999936 0.999936 0.011315     30.009675 30.009675 0.556797
297.013885 296.968750     23.812500 -218.562500 2543.125000     0.011315 -0.999936 0.999936 0.011315     30.009675 30.009675 3.020555
368.124115 182.653931     23.093750 4.976562 41.718750     0.081431 -0.996679 0.996679 0.081431     13.323982 13.323982 1.599715
368.124115 182.653931     161.894531 31.351562 27.257812     0.081431 -0.996679 0.996679 0.081431     13.323982 13.323982 4.726989
185.103561 273.061493     262.039062 7.769531 3.963379     0.100220 -0.994965 0.994965 0.100220     18.048173 18.048173 3.168907
285.104309 174.792847     16.507812 6.922363 37.483536     0.280318 -0.959907 0.959907 0.280318     33.425935 33.425935 5.867065
188.895004 171.747498     40.804688 9.796875 41.031250     0.046474 -0.998920 0.998920 0.046474     23.772109 23.772109 1.861242
188.895004 171.747498     44.604004 -7.117188 19.750000     0.046474 -0.998920 0.998920 0.046474     23.772109 23.772109 4.982422
205.854614 168.900711     271.894531 -42.316406 920.054688     0.027379 -0.999625 0.999625 0.027379     10.830455 10.830455 1.595471
529.706055 88.266670     51.820312 12.187500 35.984375     -0.423443 -0.905923 0.905923 -0.423443     20.495774 20.495774 2.184066
529.706055 88.266670     5350.375000 4807.125000 25976.597656     -0.423443 -0.905923 0.905923 -0.423443     20.495774 20.495774 4.049420
353.219513 185.857727     13.794922 11.360352 39.847656     0.135846 -0.990730 0.990730 0.135846     7.439455 7.439455 1.561913
170.470856 166.403595     390.750000 7.531250 5.258301     0.236044 -0.971742 0.971742 0.236044     12.256086 12.256086 2.535183
170.470856 166.403595     95.195312 64.535156 114.422852     0.236044 -0.971742 0.971742 0.236044     12.256086 12.256086 5.701637
200.881683 275.219727     80.025391 33.013184 100.242142     0.072127 -0.997395 0.997395 0.072127     18.926787 18.926787 3.211423
200.881683 275.219727     161.527344 31.304688 27.429688     0.072127 -0.997395 0.997395 0.072127     18.926787 18.926787 6.411875
168.738953 268.494904     21.855469 -0.429688 41.148438     0.099339 -0.995054 0.995054 0.099339     72.093136 72.093136 1.589347
168.738953 268.494904     20.867188 5.054688 42.093750     0.099339 -0.995054 0.995054 0.099339     72.093136 72.093136 4.751633
262.617645 178.029419     80.304688 5.800781 70.679688     0.102785 -0.994704 0.994704 0.102785     6.863759 6.863759 1.560699
297.039642 296.646332     10976.189453 1930.367188 1154.859375     -0.007925 -0.999969 0.999969 -0.007925     30.319684 30.319684 0.584186
297.039642 296.646332     29.101219 25.821289 62.460938     -0.007925 -0.999969 0.999969 -0.007925     30.319684 30.319684 3.046996
495.382782 67.311005     476.992188 2.656250 5.928711     0.428223 -0.903673 0.903673 0.428223     18.676618 18.676618 1.451858
142.106384 153.101654     58.156250 -1.015625 78.343750     0.193795 -0.981042 0.981042 0.193795     21.588007 21.588007 1.504046
142.106384 153.101654     219.046875 -7.520020 25.101318     0.193795 -0.981042 0.981042 0.193795     21.588007 21.588007 4.676267
276.706482 292.114441     159.984375 23.000977 37.447754     0.173807 -0.984780 0.984780 0.173807     19.923330 19.923330 1.539870
276.706482 292.114441     130.550781 14.261719 218.064453     0.173807 -0.984780 0.984780 0.173807     19.923330 19.923330 3.130050
246.613266 288.278992     117.804688 21.007812 39.523438     -0.985885 -0.167427 0.167427 -0.985885     30.110111 30.110111 0.782215
246.613266 288.278992     60.338615 60.694092 89.587891     -0.985885 -0.167427 0.167427 -0.985885     30.110111 30.110111 1.530888
531.905090 87.594917     34.175781 7.828125 26.703125     -0.362670 -0.931918 0.931918 -0.362670     20.920255 20.920255 2.071243
531.905090 87.594917     23.851562 4.414062 42.734375     -0.362670 -0.931918 0.931918 -0.362670     20.920255 20.920255 4.081867
330.267609 172.719391     186.849609 40.750000 46.093750     0.143631 -0.989631 0.989631 0.143631     44.054883 44.054883 3.117521
320.305420 381.581268     161.312500 32.296875 28.078125     -0.178708 -0.983902 0.983902 -0.178708     23.090197 23.090197 2.329589
320.305420 381.581268     175.187500 41.585938 74.859375     -0.178708 -0.983902 0.983902 -0.178708     23.090197 23.090197 5.121684
185.014572 272.988342     38.140625 -2.054688 34.090332     0.071441 -0.997445 0.997445 0.071441     18.246062 18.246062 3.220662
497.031250 67.675781     29.117188 4.195312 44.265625     0.646920 -0.762558 0.762558 0.646920     24.771285 24.771285 0.964356
532.667419 87.804169     14.567383 -1.097656 23.887939     -0.364711 -0.931121 0.931121 -0.364711     22.525281 22.525281 2.085073
532.667419 87.804169     7.585938 -4.820312 202.210938     -0.364711 -0.931121 0.931121 -0.364711     22.525281 22.525281 4.076819
291.447693 78.535568     362.085938 78.898438 40.000000     -0.999831 -0.018380 0.018380 -0.999831     6.276470 6.276470 1.870516
291.447693 78.535568     232.992188 50.781250 49.734375     -0.999831 -0.018380 0.018380 -0.999831     6.276470 6.276470 4.751198
539.661743 167.171570     42.593750 -8.386719 37.768066     0.064777 -0.997900 0.997900 0.064777     9.411784 9.411784 3.120744
216.517731 281.808502     22797.785156 6411.839844 6886.437500     0.038800 -0.999247 0.999247 0.038800     20.261282 20.261282 3.227405
216.517731 281.808502     33.703125 -39.792969 224.513672     0.038800 -0.999247 0.999247 0.038800     20.261282 20.261282 6.418190
541.080383 154.330963     36783.750000 15992.179688 22879.087891     0.074167 -0.997246 0.997246 0.074167     12.495135 12.495135 3.067006
242.469696 169.549591     45.843750 3.835938 26.144531     0.086170 -0.996280 0.996280 0.086170     36.735400 36.735400 3.640367
242.469696 169.549591     498.335938 75.492188 67.546875     0.086170 -0.996280 0.996280 0.086170     36.735400 36.735400 5.736036
290.850739 78.436569     514.843750 0.128906 7.274414     -0.999833 -0.018286 0.018286 -0.999833     6.667888 6.667888 1.880901
290.850739 78.436569     13.531250 -16.375000 245.234375     -0.999833 -0.018286 0.018286 -0.999833     6.667888 6.667888 4.750582
247.136749 171.593948     21.789062 -15.421875 53.250000     -0.186889 -0.982381 0.982381 -0.186889     49.700636 49.700636 3.802511
182.242737 169.965118     345.421875 59.714844 297.990234     -0.288041 -0.957618 0.957618 -0.288041     44.589593 44.589593 0.609197
182.242737 169.965118     131.238281 15.832031 227.183594     -0.288041 -0.957618 0.957618 -0.288041     44.589593 44.589593 3.714914
353.114380 186.217712     457.761719 44.339844 605.984375     0.139258 -0.990256 0.990256 0.139258     8.262023 8.262023 1.566288
272.662689 290.910461     61.839844 -54.365234 218.625000     -0.643176 -0.765718 0.765718 -0.643176     29.565290 29.565290 0.839372
272.662689 290.910461     97.203125 18.507812 32.742188     -0.643176 -0.765718 0.765718 -0.643176     29.565290 29.565290 3.944404
285.112000 174.824554     93.609375 15.757812 41.640625     0.268062 -0.963402 0.963402 0.268062     34.305747 34.305747 5.897627
388.702820 18.929245     338.890625 46.582031 19.597656     0.377891 -0.925850 0.925850 0.377891     13.191317 13.191317 1.496929
388.702820 18.929245     66.281250 2.968750 14.484375     0.377891 -0.925850 0.925850 0.377891     13.191317 13.191317 4.662643
351.635651 341.333344     298.574219 1.800781 152.042969     -0.884734 -0.466097 0.466097 -0.884734     24.164971 24.164971 4.439372
135.023926 428.011963     243.507812 29.007812 15.519531     -0.581422 -0.813602 0.813602 -0.581422     40.012930 40.012930 5.281600
243.935013 323.021667     528.609375 1.117188 8.488281     -0.974112 -0.226064 0.226064 -0.974112     20.329296 20.329296 1.450733
243.935013 323.021667     353.625000 131.523438 619.269531     -0.974112 -0.226064 0.226064 -0.974112     20.329296 20.329296 3.136862
205.950470 168.969040     75.957031 20.621094 37.898438     0.021592 -0.999767 0.999767 0.021592     11.688178 11.688178 1.591170
497.713379 67.633759     100.273438 16.531250 34.679688     -0.937926 0.346836 -0.346836 -0.937926     25.103623 25.103623 3.703859
296.969849 296.528778     95.687500 17.546875 32.375000     0.026063 -0.999660 0.999660 0.026063     30.860146 30.860146 0.517668
296.969849 296.528778     95.164062 12.781250 15.535156     0.026063 -0.999660 0.999660 0.026063     30.860146 30.860146 3.029436
530.642761 286.791016     341.812500 48.312500 20.804688     0.085794 -0.996313 0.996313 0.085794     10.054003 10.054003 3.234489
262.741302 368.920410     102.250000 15.351562 35.031250     -0.242937 -0.970042 0.970042 -0.242937     21.033552 21.033552 2.277784
262.741302 368.920410     71.804688 4.664062 15.933594     -0.242937 -0.970042 0.970042 -0.242937     21.033552 21.033552 5.513163
241.327377 322.470245     530.632812 -0.046875 10.951172     -0.976348 -0.216204 0.216204 -0.976348     20.282607 20.282607 1.518323
241.327377 322.470245     46.726562 6.097656 28.601562     -0.976348 -0.216204 0.216204 -0.976348     20.282607 20.282607 3.145938
368.062775 182.376572     965.742188 109.695312 25.652344     0.078446 -0.996918 0.996918 0.078446     14.685910 14.685910 1.593838
368.062775 182.376572     78.316406 20.933594 38.953125     0.078446 -0.996918 0.996918 0.078446     14.685910 14.685910 4.724724
288.750763 78.024025     24.843750 -51.906250 565.437500     -0.999548 -0.030065 0.030065 -0.999548     8.690575 8.690575 1.956690
288.750763 78.024025     379.156250 15.447754 51.960449     -0.999548 -0.030065 0.030065 -0.999548     8.690575 8.690575 3.036465
320.123352 381.339203     30.781250 -67.968750 726.453125     -0.203265 -0.979124 0.979124 -0.203265     23.109473 23.109473 2.353614
320.123352 381.339203     1318.281250 971.324219 2327.172119     -0.203265 -0.979124 0.979124 -0.203265     23.109473 23.109473 5.059733
141.944901 153.389801     73.187500 -99.125000 819.625000     0.193445 -0.981111 0.981111 0.193445     22.401884 22.401884 1.500588
141.944901 153.389801     11934.656250 -5895.453125 19847.609375     0.193445 -0.981111 0.981111 0.193445     22.401884 22.401884 4.663685
244.552246 364.970154     42.250000 -39.750000 494.289062     -0.218872 -0.975754 0.975754 -0.218872     20.798885 20.798885 2.308412
244.552246 364.970154     118.062500 -46.656250 996.234375     -0.218872 -0.975754 0.975754 -0.218872     20.798885 20.798885 5.447788
290.536957 330.615753     38.875000 31.718750 51.578125     -0.703007 -0.711183 0.711183 -0.703007     25.103563 25.103563 0.267616
290.536957 330.615753     6.863281 -3.833008 96.510269     -0.703007 -0.711183 0.711183 -0.703007     25.103563 25.103563 2.247166
49.736584 354.165863     8.093750 -18.216797 481.624512     -0.966375 0.257138 -0.257138 -0.966375     19.015480 19.015480 1.662311
168.821320 269.374023     63.218750 -19.812500 16.906250     0.064874 -0.997893 0.997893 0.064874     73.825171 73.825171 1.596926
168.821320 269.374023     11.496094 -57.346680 1075.051025     0.064874 -0.997893 0.997893 0.064874     73.825171 73.825171 4.789111
246.242126 288.191284     42.989304 -15.522129 47.889442     -0.989889 -0.141843 0.141843 -0.989889     29.836315 29.836315 0.758309
246.242126 288.191284     149.436981 9.060989 64.711105     -0.989889 -0.141843 0.141843 -0.989889     29.836315 29.836315 1.554142
351.647461 341.301697     166.757568 -51.996704 167.756714     -0.878863 -0.477075 0.477075 -0.878863     24.386766 24.386766 4.446945
145.364075 63.956310     333.107666 -92.712769 219.451141     -0.350958 -0.936391 0.936391 -0.350958     13.896975 13.896975 1.743540
282.731812 77.704544     130.866333 50.562500 103.921875     -0.999809 -0.019526 0.019526 -0.999809     10.173604 10.173604 3.132878
340.683929 70.670982     967.790527 -186.894958 364.891418     -0.652938 -0.757411 0.757411 -0.652938     28.304169 28.304169 2.045993
241.002625 322.450256     265.089142 135.465820 316.109375     -0.976244 -0.216675 0.216675 -0.976244     20.365520 20.365520 1.555147
241.002625 322.450256     37.298828 -20.522949 37.403320     -0.976244 -0.216675 0.216675 -0.976244     20.365520 20.365520 3.138994
216.424927 282.086273     49.974609 -87.270996 234.791016     0.022255 -0.999752 0.999752 0.022255     21.032821 21.032821 0.156588
216.424927 282.086273     522.464233 264.169922 680.796875     0.022255 -0.999752 0.999752 0.022255     21.032821 21.032821 3.246829
227.024994 360.730011     103.476562 0.468750 99.835938     -0.220413 -0.975407 0.975407 -0.220413     19.985764 19.985764 2.341656
227.024994 360.730011     26.693848 4.285156 58.515625     -0.220413 -0.975407 0.975407 -0.220413     19.985764 19.985764 5.404519
335.075287 175.375641     21.433594 17.406250 70.927734     -0.220047 -0.975489 0.975489 -0.220047     58.280559 58.280559 0.819754
335.075287 175.375641     30.650391 4.822266 83.414062     -0.220047 -0.975489 0.975489 -0.220047     58.280559 58.280559 3.735328
183.654358 350.960419     26.402344 3.126953 17.789062     -0.940591 -0.339541 0.339541 -0.940591     26.646520 26.646520 0.910753
183.654358 350.960419     920.593750 -297.734375 307.328125     -0.940591 -0.339541 0.339541 -0.940591     26.646520 26.646520 1.522876
258.475525 289.409027     82.000000 -299.515625 17827.765625     -0.993674 -0.112300 0.112300 -0.993674     30.264910 30.264910 1.583948
258.475525 289.409027     1460.730469 241.382812 7972.132812     -0.993674 -0.112300 0.112300 -0.993674     30.264910 30.264910 6.300888
192.905121 274.212250     75.460938 -18.825195 67.057129     -0.905124 -0.425147 0.425147 -0.905124     37.095670 37.095670 1.142109
192.905121 274.212250     21.679688 -4.813477 54.479004     -0.905124 -0.425147 0.425147 -0.905124     37.095670 37.095670 4.258297
146.205017 64.087868     51.476562 -11.515625 60.515625     -0.441655 -0.897185 0.897185 -0.441655     15.577889 15.577889 1.829481
279.720795 77.592079     30.453125 2.132812 10.144531     -0.999984 -0.005639 0.005639 -0.999984     10.943176 10.943176 3.277388
141.337173 39.815563     14.468750 -11.160156 745.134399     -0.999251 0.038687 -0.038687 -0.999251     22.414416 22.414416 1.054418
141.337173 39.815563     135.000000 -23.294922 85.387695     -0.999251 0.038687 -0.038687 -0.999251     22.414416 22.414416 1.482133
253.870270 62.121620     1.257812 59.746094 4358.953125     -0.983921 -0.178603 0.178603 -0.983921     25.957072 25.957072 2.714655
246.813980 171.668549     384.109375 72.500000 8347.015625     -0.156886 -0.987617 0.987617 -0.156886     50.968388 50.968388 3.775133
299.195587 332.171143     15.156250 -21.449219 1743.720947     -0.969822 -0.243815 0.243815 -0.969822     26.332512 26.332512 0.779628
299.195587 332.171143     6.718750 -7.234375 246.265625     -0.969822 -0.243815 0.243815 -0.969822     26.332512 26.332512 2.615991
37.852535 74.211983     8.765625 -16.875000 291.046875     -0.229215 -0.973376 0.973376 -0.229215     19.204722 19.204722 1.489692
207.976303 314.971558     5721.375000 -2921.703125 16898.507812     -0.845797 -0.533504 0.533504 -0.845797     20.994018 20.994018 1.169956
262.590088 368.846832     61.156250 -7.656250 66.781250     -0.216926 -0.976188 0.976188 -0.216926     21.520485 21.520485 2.275675
262.590088 368.846832     636.968750 -1549.140625 22593.335938     -0.216926 -0.976188 0.976188 -0.216926     21.520485 21.520485 5.536653
175.567795 349.181366     1.367188 61.675781 4825.593750     -0.965764 -0.259422 0.259422 -0.965764     26.678413 26.678413 1.516893
175.567795 349.181366     10440.070312 -669.132812 18327.757812     -0.965764 -0.259422 0.259422 -0.965764     26.678413 26.678413 4.663364
235.859772 362.889648     49.703125 0.738281 11.854492     -0.933836 -0.357702 0.357702 -0.933836     27.465771 27.465771 0.157833
235.859772 362.889648     1.449219 -3.933594 19400.171875     -0.933836 -0.357702 0.357702 -0.933836     27.465771 27.465771 0.795034
240.760101 322.505951     7.062500 -1.367188 87.968750     -0.974635 -0.223801 0.223801 -0.974635     20.454941 20.454941 1.558368
240.760101 322.505951     128.210938 3.306641 16.240234     -0.974635 -0.223801 0.223801 -0.974635     20.454941 20.454941 3.169465
199.490356 276.399109     11183.234375 -188.781250 18143.867188     -0.940707 -0.339220 0.339220 -0.940707     34.817165 34.817165 1.368665
199.490356 276.399109     1.550781 0.906250 18742.609375     -0.940707 -0.339220 0.339220 -0.940707     34.817165 34.817165 4.505452
497.912689 67.326759     11714.093750 217.453125 18032.140625     -0.922488 0.386026 -0.386026 -0.922488     25.940665 25.940665 3.714805
158.419052 169.038101     27.656250 10.901855 33.790234     0.057718 -0.998333 0.998333 0.057718     7.473744 7.473744 1.570218
158.419052 169.038101     82.656250 11.724121 69.477478     0.057718 -0.998333 0.998333 0.057718     7.473744 7.473744 3.050073
319.996094 381.354095     2.031250 9.273438 19403.570312     -0.250226 -0.968187 0.968187 -0.250226     23.825754 23.825754 2.394003
319.996094 381.354095     63.031250 2.089844 14.224609     -0.250226 -0.968187 0.968187 -0.250226     23.825754 23.825754 5.094389
181.748734 169.666245     3.314453 9.628906 19833.000000     -0.316281 -0.948666 0.948666 -0.316281     45.181830 45.181830 0.646467
181.748734 169.666245     20.075195 14.015625 50.187500     -0.316281 -0.948666 0.948666 -0.316281     45.181830 45.181830 3.755723
285.129395 174.140259     64.468750 4.851562 62.132812     0.266760 -0.963763 0.963763 0.266760     34.559806 34.559806 5.895879
126.349518 63.140778     29.468750 14.593750 22.578125     0.115402 -0.993319 0.993319 0.115402     17.099917 17.099917 1.201495
126.349518 63.140778     41.281250 57.531250 161.140625     0.115402 -0.993319 0.993319 0.115402     17.099917 17.099917 1.629276
205.840103 168.409210     45.466652 3.413330 26.698799     0.024744 -0.999694 0.999694 0.024744     12.296307 12.296307 1.585482
229.751862 319.817230     84.670776 -6.837074 33.839478     -0.974171 -0.225812 0.225812 -0.974171     20.967986 20.967986 1.526499
307.231384 334.071320     35.568039 10.276855 24.562500     -0.968158 -0.250342 0.250342 -0.968158     27.225407 27.225407 0.450393
307.231384 334.071320     105.280426 -37.266891 77.848679     -0.968158 -0.250342 0.250342 -0.968158     27.225407 27.225407 1.534192
498.809509 66.531326     40.272713 15.292969 85.687500     -0.798900 0.601464 -0.601464 -0.798900     25.237741 25.237741 3.986647
141.791672 153.320648     180.683197 -67.740448 138.875488     0.196295 -0.980545 0.980545 0.196295     22.829240 22.829240 1.484153
141.791672 153.320648     121.004791 42.590332 213.984375     0.196295 -0.980545 0.980545 0.196295     22.829240 22.829240 4.679831
245.096451 364.995758     208.661072 -124.448822 393.227539     -0.966407 -0.257015 0.257015 -0.966407     27.883808 27.883808 1.559232
245.096451 364.995758     166.800232 52.113281 485.843750     -0.966407 -0.257015 0.257015 -0.966407     27.883808 27.883808 3.265626
226.940598 251.698013     203.451416 134.756836 858.109375     -0.982809 -0.184624 0.184624 -0.982809     22.689969 22.689969 4.019405
271.165771 291.799377     25.682007 27.284668 85.261719     -0.985829 -0.167756 0.167756 -0.985829     33.281928 33.281928 1.577068
271.165771 291.799377     223.156525 244.012695 1899.328125     -0.985829 -0.167756 0.167756 -0.985829     33.281928 33.281928 3.112500
278.711395 77.374161     193.593750 -176.875000 214.805664     -1.000000 -0.000254 0.000254 -1.000000     12.136977 12.136977 3.318648
367.924225 182.195938     154.562500 -342.484375 1152.355469     0.070150 -0.997536 0.997536 0.070150     15.833168 15.833168 0.286852
367.924225 182.195938     1453.207031 858.972656 3726.593750     0.070150 -0.997536 0.997536 0.070150     15.833168 15.833168 1.599564
175.644669 349.537933     2428.488281 -148.195312 1338.406250     -0.962914 -0.269807 0.269807 -0.962914     27.928602 27.928602 4.635337
307.119415 334.011505     75.953125 15.171875 11.671875     -0.967618 -0.252420 0.252420 -0.967618     27.345202 27.345202 0.258906
307.119415 334.011505     198.203125 -5.539062 7830.914062     -0.967618 -0.252420 0.252420 -0.967618     27.345202 27.345202 1.494124
189.177200 169.264969     7.684082 23.879883 122.125000     -0.999913 0.013155 -0.013155 -0.999913     56.866546 56.866546 1.720454
189.177200 169.264969     66.078125 26.859375 47.312500     -0.999913 0.013155 -0.013155 -0.999913     56.866546 56.866546 4.800122
340.179260 384.575470     2661.835938 -222.484375 1320.625000     0.378103 -0.925764 0.925764 0.378103     17.711040 17.711040 0.477208
340.179260 384.575470     165.421875 35.546875 18.937500     0.378103 -0.925764 0.925764 0.378103     17.711040 17.711040 1.490931
344.131104 176.800278     11.598633 43.922852 221.716797     -0.827378 -0.561646 0.561646 -0.827378     72.204205 72.204205 0.912187
344.131104 176.800278     187.015625 37.671875 19.281250     -0.827378 -0.561646 0.561646 -0.827378     72.204205 72.204205 3.972208
246.847534 171.192505     62.156250 31.937500 77.703125     -0.158710 -0.987325 0.987325 -0.158710     51.049387 51.049387 3.778847
180.878479 272.259369     13.064453 50.075195 259.380859     -0.266326 -0.963883 0.963883 -0.266326     94.982025 94.982025 1.951731
143.554871 152.207321     120.453125 -8.265625 67.578125     0.298552 -0.954393 0.954393 0.298552     30.130984 30.130984 2.563676
288.959198 261.142853     16.343750 -13.734375 41.242188     -0.966228 -0.257688 0.257688 -0.966228     23.729232 23.729232 4.446720
354.976929 341.819244     1.750000 6.937500 198.467285     -0.963083 -0.269206 0.269206 -0.963083     27.459558 27.459558 1.160522
354.976929 341.819244     13.156250 -0.656250 34.765625     -0.963083 -0.269206 0.269206 -0.963083     27.459558 27.459558 1.648405
313.052002 219.707993     13.804199 51.531250 267.056641     -0.992204 -0.124628 0.124628 -0.992204     16.273418 16.273418 1.268710
313.052002 219.707993     207.539062 -28.628906 7631.718750     -0.992204 -0.124628 0.124628 -0.992204     16.273418 16.273418 4.628348
499.383423 66.022423     190.328125 37.812500 20.531250     -0.807525 0.589834 -0.589834 -0.807525     24.991494 24.991494 3.999867
280.299225 216.043304     1.906250 6.705078 229.871338     -0.990942 -0.134291 0.134291 -0.990942     15.543917 15.543917 4.505642
269.722107 233.545990     14.399902 52.309570 274.539062     -0.989942 -0.141474 0.141474 -0.989942     16.187837 16.187837 4.601024
319.572083 239.842346     150.609375 -31.109375 83.203125     -0.998372 -0.057035 0.057035 -0.998372     17.025693 17.025693 1.521987
319.572083 239.842346     1609.750000 982.796875 4304.962891     -0.998372 -0.057035 0.057035 -0.998372     17.025693 17.025693 4.668208
183.449554 169.144394     169.062500 -55.140625 58.046875     -0.999925 -0.012287 0.012287 -0.999925     55.483529 55.483529 4.759004
331.037750 267.547180     2.140625 5.039062 248.749268     -0.458447 -0.888722 0.888722 -0.458447     21.387582 21.387582 0.591245
331.037750 267.547180     215.859375 42.296875 22.546875     -0.458447 -0.888722 0.888722 -0.458447     21.387582 21.387582 3.731466
271.115784 291.815796     15.166016 53.207031 281.259766     -0.986754 -0.162226 0.162226 -0.986754     33.647810 33.647810 1.579143
271.115784 291.815796     379.031250 59.718750 27.828125     -0.986754 -0.162226 0.162226 -0.986754     33.647810 33.647810 6.252178
269.477264 214.765915     24.421875 20.687500 100.734375     -0.992249 -0.124267 0.124267 -0.992249     15.514657 15.514657 1.442031
269.477264 214.765915     259.750000 -12.906250 58.687500     -0.992249 -0.124267 0.124267 -0.992249     15.514657 15.514657 3.116652
279.197906 77.221725     22.031250 22.781250 89.718750     -0.999998 -0.002148 0.002148 -0.999998     13.108741 13.108741 3.271915
487.704559 139.877045     2.718750 6.640625 250.622559     -0.380413 -0.924817 0.924817 -0.380413     77.880476 77.880476 0.665690
487.704559 139.877045     269.843750 -11.781250 61.984375     -0.380413 -0.924817 0.924817 -0.380413     77.880476 77.880476 3.802575
253.705429 256.251953     18.890625 -15.507812 43.226562     -0.916017 -0.401140 0.401140 -0.916017     24.178065 24.178065 1.233605
253.705429 256.251953     96.062500 -3.625000 76.296875     -0.916017 -0.401140 0.401140 -0.916017     24.178065 24.178065 4.391113
322.701202 266.274689     19.650879 59.866211 311.433594     -0.972876 -0.231327 0.231327 -0.972876     24.953283 24.953283 1.366859
322.701202 266.274689     35.953125 10.125000 106.359375     -0.972876 -0.231327 0.231327 -0.972876     24.953283 24.953283 4.485829
226.427963 251.533905     141.140625 -38.656250 159.328125     -0.978530 -0.206106 0.206106 -0.978530     22.694163 22.694163 1.339445
226.427963 251.533905     3.828125 8.986328 245.182617     -0.978530 -0.206106 0.206106 -0.978530     22.694163 22.694163 3.995306
70.297913 125.960381     5.281250 10.126953 230.979980     0.009704 -0.999953 0.999953 0.009704     61.039567 61.039567 1.536993
70.297913 125.960381     1633.515625 961.380859 5063.154297     0.009704 -0.999953 0.999953 0.009704     61.039567 61.039567 6.117954
288.833771 261.041565     24.972656 72.291016 521.404297     -0.968149 -0.250374 0.250374 -0.968149     23.742426 23.742426 4.458491
313.358093 219.645264     295.390625 -35.750000 78.312500     -0.987963 -0.154690 0.154690 -0.987963     16.554821 16.554821 1.103636
313.358093 219.645264     6.828125 12.568359 241.967041     -0.987963 -0.154690 0.154690 -0.987963     16.554821 16.554821 1.388492
269.831696 233.549026     15.718750 -28.984375 197.265625     -0.989333 -0.145669 0.145669 -0.989333     16.650710 16.650710 1.411704
269.831696 233.549026     61.437500 -121.015625 309.609375     -0.989333 -0.145669 0.145669 -0.989333     16.650710 16.650710 3.090895
322.501099 266.264771     218.203125 7.843750 7559.005859     -0.977140 -0.212597 0.212597 -0.977140     25.332719 25.332719 4.498004
319.339630 239.996231     300.062500 -35.062500 78.093750     -0.996581 -0.082622 0.082622 -0.996581     17.743311 17.743311 1.489421
319.339630 239.996231     131.937500 -5.218750 81.500000     -0.996581 -0.082622 0.082622 -0.996581     17.743311 17.743311 4.639401
279.043365 76.799744     9.875000 14.826172 235.974121     -1.000000 0.000090 -0.000090 -1.000000     14.891647 14.891647 3.276982
226.318176 251.473480     368.390625 60.046875 34.000000     -0.956472 -0.291824 0.291824 -0.956472     23.270325 23.270325 3.942240
226.318176 251.473480     35.692383 77.899414 507.144531     -0.956472 -0.291824 0.291824 -0.956472     23.270325 23.270325 4.387857
277.161072 215.622528     39.578125 5.968750 109.859375     -0.993437 -0.114383 0.114383 -0.993437     16.238782 16.238782 1.566986
277.161072 215.622528     159.796875 -67.062500 188.265625     -0.993437 -0.114383 0.114383 -0.993437     16.238782 16.238782 4.680362
254.143768 256.399353     2845.808594 -160.046875 1389.812500     -0.917874 -0.396872 0.396872 -0.917874     24.607149 24.607149 1.266503
254.143768 256.399353     348.156250 -41.671875 82.093750     -0.917874 -0.396872 0.396872 -0.917874     24.607149 24.607149 4.378436
288.487244 260.756378     47.890625 1.937500 39.742188     -0.962386 -0.271686 0.271686 -0.962386     24.197996 24.197996 1.286552
288.487244 260.756378     12.515625 16.347656 235.002930     -0.962386 -0.271686 0.271686 -0.962386     24.197996 24.197996 4.421963
277.104401 234.417633     270.132812 -191.760742 150.561523     -0.991069 -0.133351 0.133351 -0.991069     19.920563 19.920563 1.566499
