1.0
357
186.682846 136.443039     20.343750 -67.541016 1647.931641     0.041391 -0.999143 0.999143 0.041391     18.849451 18.849451 1.565649
317.748535 439.863159     22.476562 -61.171875 660.703125     0.094556 -0.995520 0.995520 0.094556     18.370992 18.370992 4.692293
185.721588 125.223366     37.089844 -90.363281 2220.844727     0.041274 -0.999148 0.999148 0.041274     25.989988 25.989988 1.561110
319.451019 419.866699     54.539062 -198.984375 1514.296875     0.132687 -0.991158 0.991158 0.132687     23.769608 23.769608 1.596572
319.451019 419.866699     36.875000 -105.046875 540.578125     0.132687 -0.991158 0.991158 0.132687     23.769608 23.769608 4.697797
427.961945 444.602844     63.398438 -130.562500 5406.125000     0.196296 -0.980545 0.980545 0.196296     17.912902 17.912902 4.678197
178.798065 340.162354     120.906250 -466.390625 1804.015625     0.024416 -0.999702 0.999702 0.024416     34.917718 34.917718 4.726520
580.463928 406.185577     60.679688 -136.908203 2824.607422     0.250340 -0.968158 0.968158 0.250340     2.505325 2.505325 1.573521
580.463928 406.185577     80.328125 -241.921875 1982.046875     0.250340 -0.968158 0.968158 0.250340     2.505325 2.505325 4.718590
185.460297 114.990219     93.089844 -125.675781 5558.843750     0.049353 -0.998781 0.998781 0.049353     33.041966 33.041966 1.558387
319.384094 407.603027     78.675781 -151.570312 3109.596680     0.124247 -0.992251 0.992251 0.124247     31.831019 31.831019 1.604998
177.576553 339.784515     95.976562 -260.273438 2170.453125     0.022975 -0.999736 0.999736 0.022975     42.738551 42.738551 4.719679
185.144135 110.391190     131.687500 -500.359375 2450.296875     0.049822 -0.998758 0.998758 0.049822     37.948346 37.948346 1.553230
319.192322 403.447632     125.500000 -480.109375 1848.937500     0.122617 -0.992454 0.992454 0.122617     35.949315 35.949315 1.609217
435.081177 403.925354     109.388672 -121.667969 5735.953125     0.202319 -0.979320 0.979320 0.202319     23.946470 23.946470 1.563408
435.081177 403.925354     126.843750 -483.203125 1860.343750     0.202319 -0.979320 0.979320 0.202319     23.946470 23.946470 4.698662
580.919250 404.563477     107.390625 -176.927734 3281.830078     0.251432 -0.967875 0.967875 0.251432     3.970664 3.970664 1.574329
176.815140 340.195068     130.710938 -135.128906 5734.617188     0.021609 -0.999767 0.999767 0.021609     46.495905 46.495905 4.730217
580.930786 404.560120     130.250000 -285.898438 2291.796875     0.251556 -0.967843 0.967843 0.251556     5.036520 5.036520 1.577840
184.002869 107.014526     162.421875 -589.890625 2980.968750     0.055477 -0.998460 0.998460 0.055477     44.447605 44.447605 1.549658
175.971863 340.868622     126.593750 -169.097656 3329.973633     0.024092 -0.999710 0.999710 0.024092     50.803071 50.803071 4.729791
317.962830 399.516602     162.765625 -125.503906 5774.937500     0.128944 -0.991652 0.991652 0.128944     43.413879 43.413879 1.616776
435.953247 391.253723     151.070312 -276.898438 2314.453125     0.196914 -0.980421 0.980421 0.196914     29.830789 29.830789 1.559469
435.953247 391.253723     4.811523 44.837891 1183.250000     0.196914 -0.980421 0.980421 0.196914     29.830789 29.830789 4.703092
183.683533 105.838791     127.562500 -481.265625 1850.437500     0.052568 -0.998617 0.998617 0.052568     48.818733 48.818733 1.539369
175.350601 341.005066     211.968750 -584.500000 2497.468750     0.022346 -0.999750 0.999750 0.022346     56.913955 56.913955 4.729066
175.350601 341.005066     19.453125 -12.953125 98.968750     0.022346 -0.999750 0.999750 0.022346     56.913955 56.913955 6.234523
317.108948 398.225800     42.562500 -155.046875 582.312500     0.124975 -0.992160 0.992160 0.124975     48.506473 48.506473 1.625931
114.987434 273.251251     196.484375 -622.406250 3123.453125     -0.037966 -0.999279 0.999279 -0.037966     7.933244 7.933244 3.746175
580.981934 404.577332     20.890625 -25.453125 184.107117     0.251994 -0.967729 0.967729 0.251994     6.738128 6.738128 1.586697
530.610291 394.548706     30.500000 -113.304688 806.570312     0.234201 -0.972188 0.972188 0.234201     37.960920 37.960920 1.595239
565.144226 439.544861     14.607422 -116.664062 1213.660156     0.257790 -0.966201 0.966201 0.257790     4.918709 4.918709 4.705531
435.437531 387.382690     15.015625 -33.578125 336.523438     0.199707 -0.979856 0.979856 0.199707     37.550175 37.550175 1.552099
435.437531 387.382690     4.097656 -26.148438 557.234375     0.199707 -0.979856 0.979856 0.199707     37.550175 37.550175 4.706782
497.240234 26.739292     177.066406 -149.275391 3415.632812     0.150591 -0.988596 0.988596 0.150591     18.561281 18.561281 1.512697
488.396606 97.986839     31.834961 37.441406 4056.421875     0.141572 -0.989928 0.989928 0.141572     17.014568 17.014568 1.563093
631.833313 196.228683     3.531250 1.335938 311.078125     0.201518 -0.979485 0.979485 0.201518     3.364430 3.364430 1.750548
99.929581 193.239441     16.718750 44.042969 897.453125     0.095948 -0.995386 0.995386 0.095948     8.250900 8.250900 5.690043
402.452240 354.317413     86.050781 172.375000 1610.718750     0.102777 -0.994704 0.994704 0.102777     15.290852 15.290852 3.519747
237.732071 364.294342     177.796875 -256.828125 2325.281250     0.047115 -0.998889 0.998889 0.047115     7.615897 7.615897 1.629375
182.767487 103.784325     138.906250 -525.171875 2013.000000     0.045947 -0.998944 0.998944 0.045947     58.707395 58.707395 1.531960
182.767487 103.784325     124.750000 -152.957031 1635.217773     0.045947 -0.998944 0.998944 0.045947     58.707395 58.707395 6.259040
109.414055 303.365173     28.937500 -137.687500 670.125000     -0.009302 -0.999957 0.999957 -0.009302     25.250842 25.250842 3.300067
212.721466 327.118713     66.406250 -21.046875 85.859375     -0.004344 -0.999991 0.999991 -0.004344     8.449278 8.449278 0.178392
212.721466 327.118713     61.173828 139.541016 6426.921875     -0.004344 -0.999991 0.999991 -0.004344     8.449278 8.449278 3.406778
220.805664 272.083679     202.125000 -607.750000 3203.921875     -0.049821 -0.998758 0.998758 -0.049821     17.148348 17.148348 1.651554
220.805664 272.083679     4.183594 2.552734 256.960938     -0.049821 -0.998758 0.998758 -0.049821     17.148348 17.148348 4.652057
246.643753 422.668060     3.550781 -8.253906 279.609375     -0.110959 -0.993825 0.993825 -0.110959     36.780567 36.780567 4.727737
316.502075 396.980011     128.093750 -482.062500 1860.515625     0.117120 -0.993118 0.993118 0.117120     54.653928 54.653928 1.634208
573.337280 406.909363     141.531250 -155.916016 1710.582031     0.252649 -0.967558 0.967558 0.252649     5.992401 5.992401 1.575766
573.337280 406.909363     16.105015 129.915894 6603.984375     0.252649 -0.967558 0.967558 0.252649     5.992401 5.992401 4.716323
350.049683 67.447464     275.359375 -630.968750 2566.515625     0.099747 -0.995013 0.995013 0.099747     47.071057 47.071057 1.530274
350.049683 67.447464     81.552734 72.064453 8579.773438     0.099747 -0.995013 0.995013 0.099747     47.071057 47.071057 4.714303
630.693970 201.651520     237.156250 -564.843750 2529.328125     0.201440 -0.979501 0.979501 0.201440     3.546824 3.546824 1.735753
106.732986 281.479584     337.687500 -167.984375 3447.343750     -0.021905 -0.999760 0.999760 -0.021905     34.305373 34.305373 3.437323
435.593414 385.708740     25.062500 5.656250 26.671875     0.191188 -0.981553 0.981553 0.191188     41.181024 41.181024 1.547232
252.852173 101.452171     49.640625 -26.229492 202.850159     -0.010097 -0.999949 0.999949 -0.010097     9.175827 9.175827 6.410892
239.138092 165.990479     69.968750 -163.195312 1339.912109     0.029859 -0.999554 0.999554 0.029859     8.179877 8.179877 4.712775
239.138092 165.990479     179.812500 -543.515625 1847.218750     0.029859 -0.999554 0.999554 0.029859     8.179877 8.179877 6.205302
581.114380 404.734192     1037.867188 222.468750 3063.297852     0.251197 -0.967936 0.967936 0.251197     7.780681 7.780681 1.591249
349.758301 68.911179     129.958984 -11.333984 10137.632812     0.097934 -0.995193 0.995193 0.097934     50.550038 50.550038 1.528747
349.758301 68.911179     522.546875 -112.468750 3028.000000     0.097934 -0.995193 0.995193 0.097934     50.550038 50.550038 4.720146
384.031464 403.963074     1310.617188 -355.968750 2538.734375     0.249073 -0.968485 0.968485 0.249073     47.854239 47.854239 1.496859
105.764977 277.833252     172.476562 -172.109375 1920.136719     -0.008479 -0.999964 0.999964 -0.008479     40.485416 40.485416 3.305721
530.350525 393.374512     19.906250 -9.062500 67.235596     0.226959 -0.973904 0.973904 0.226959     46.226393 46.226393 1.603420
570.416321 410.573792     80.875000 -176.050781 1460.621094     0.269499 -0.963001 0.963001 0.269499     13.713188 13.713188 1.587414
570.416321 410.573792     32.843750 -4.875000 69.218750     0.269499 -0.963001 0.963001 0.269499     13.713188 13.713188 4.718590
441.022705 398.121674     119.843750 -354.445312 2005.554688     0.053786 -0.998553 0.998553 0.053786     81.577848 81.577848 1.578729
559.247986 271.903992     44.500000 -206.703125 1002.738281     -0.655421 -0.755264 0.755264 -0.655421     20.201935 20.201935 5.706088
483.980194 110.166496     2.456787 -22.014648 843.425781     0.125452 -0.992100 0.992100 0.125452     31.606698 31.606698 4.712918
567.522583 413.599670     223.175781 -69.533203 12739.375000     0.284865 -0.958568 0.958568 0.284865     19.246098 19.246098 1.598773
102.428574 274.465729     675.578125 -289.796875 2748.093750     0.001133 -0.999999 0.999999 0.001133     51.297266 51.297266 3.188314
629.283325 208.361526     30.843750 -83.386719 515.662842     0.200731 -0.979646 0.979646 0.200731     5.587352 5.587352 1.672070
629.283325 208.361526     34.093750 -39.916016 242.791260     0.200731 -0.979646 0.979646 0.200731     5.587352 5.587352 4.703614
348.432251 72.372345     29.640625 -5.000000 37.457031     0.097082 -0.995276 0.995276 0.097082     56.148842 56.148842 4.714964
602.555847 49.515759     194.562500 -660.937500 3517.080078     0.181846 -0.983327 0.983327 0.181846     19.213646 19.213646 1.559334
602.555847 49.515759     1317.296875 -513.531250 2719.734375     0.181846 -0.983327 0.983327 0.181846     19.213646 19.213646 4.583788
482.870209 112.789581     43.843750 -162.597656 1347.820312     0.124605 -0.992206 0.992206 0.124605     34.496489 34.496489 4.717524
560.010925 267.320953     36.887985 253.979492 13529.445312     0.130569 -0.991439 0.991439 0.130569     25.535956 25.535956 4.907050
585.805176 143.025177     758.406250 -467.218750 2903.250000     0.178825 -0.983881 0.983881 0.178825     33.500601 33.500601 1.593097
585.805176 143.025177     77.437500 -354.593750 1678.503906     0.178825 -0.983881 0.983881 0.178825     33.500601 33.500601 4.753597
628.687012 211.314880     107.734375 -22.904297 204.104004     0.202245 -0.979335 0.979335 0.202245     6.059651 6.059651 1.656155
628.687012 211.314880     142.937500 -372.761719 2956.535156     0.202245 -0.979335 0.979335 0.202245     6.059651 6.059651 4.706551
57.582523 247.533981     67.625000 -61.753906 301.938721     0.026151 -0.999658 0.999658 0.026151     6.171547 6.171547 2.620996
57.582523 247.533981     403.246094 -100.484375 14747.472656     0.026151 -0.999658 0.999658 0.026151     6.171547 6.171547 5.567497
98.018532 258.606689     42.504036 265.704834 14178.796875     0.005555 -0.999985 0.999985 0.005555     67.167607 67.167607 3.145856
347.972534 74.545364     193.640625 -620.230469 4618.795898     0.094517 -0.995523 0.995523 0.094517     61.307713 61.307713 4.705145
441.312897 51.487095     495.095215 -30.023438 15098.910156     0.164899 -0.986310 0.986310 0.164899     18.500690 18.500690 2.921373
604.594299 38.880188     84.906250 -57.898438 320.201294     0.181662 -0.983361 0.983361 0.181662     23.261062 23.261062 1.502704
481.298431 117.854225     764.937500 -376.343750 2301.406250     0.120958 -0.992658 0.992658 0.120958     40.080297 40.080297 4.714473
631.533997 163.990295     1431.488281 390.500000 5462.117188     0.214556 -0.976712 0.976712 0.214556     4.471309 4.471309 1.847735
463.609528 244.698410     57.718750 -235.531250 1170.216797     0.438272 -0.898842 0.898842 0.438272     23.470269 23.470269 4.443208
581.419373 161.246124     1786.320312 -288.480469 3434.076172     0.188198 -0.982131 0.982131 0.188198     37.083969 37.083969 1.598167
439.466339 65.515236     1307.937500 -590.718750 2886.343750     0.121897 -0.992543 0.992543 0.121897     21.987764 21.987764 3.307396
439.466339 65.515236     109.687500 -58.554688 328.472046     0.121897 -0.992543 0.992543 0.121897     21.987764 21.987764 4.699113
625.811646 224.878052     1340.628906 -390.036133 16583.230469     0.206979 -0.978345 0.978345 0.206979     6.999446 6.999446 1.617325
625.811646 224.878052     131.906250 -55.056641 327.978271     0.206979 -0.978345 0.978345 0.206979     6.999446 6.999446 4.706338
478.514618 132.118469     611.437500 -416.109375 3538.392578     0.129148 -0.991625 0.991625 0.129148     43.719428 43.719428 1.565113
478.514618 132.118469     113.375000 23.468750 16.000000     0.129148 -0.991625 0.991625 0.129148     43.719428 43.719428 4.719074
580.352600 163.338150     56.625000 3.953125 16.679688     0.186077 -0.982535 0.982535 0.186077     41.848795 41.848795 1.604110
604.594910 34.479137     3001.359375 -160.218750 2820.031250     0.240177 -0.970729 0.970729 0.240177     32.557720 32.557720 1.465758
347.356537 77.884117     2016.468750 -274.453125 3519.183594     0.106955 -0.994264 0.994264 0.106955     68.530449 68.530449 4.715955
427.888000 65.655693     621.250000 -647.343750 6487.970703     0.097201 -0.995265 0.995265 0.097201     58.413097 58.413097 3.316621
427.888000 65.655693     8008.671875 -216.375000 2884.156250     0.097201 -0.995265 0.995265 0.097201     58.413097 58.413097 4.702002
627.444946 176.247498     163.265625 -29.078125 100.753906     0.205477 -0.978662 0.978662 0.205477     9.570330 9.570330 1.948542
627.444946 176.247498     1297.496826 -97.771484 19252.378906     0.205477 -0.978662 0.978662 0.205477     9.570330 9.570330 6.219365
481.359741 110.627342     203.781250 -24.171875 101.250000     0.136228 -0.990678 0.990678 0.136228     46.841695 46.841695 1.554188
481.359741 110.627342     3035.187500 40.960938 6196.402344     0.136228 -0.990678 0.990678 0.136228     46.841695 46.841695 4.716909
625.371399 227.313095     1077.343750 65.265625 91.011719     0.206946 -0.978352 0.978352 0.206946     7.810093 7.810093 1.611085
625.371399 227.313095     9110.984375 1551.875000 5677.856445     0.206946 -0.978352 0.978352 0.206946     7.810093 7.810093 4.706130
625.384949 178.929703     17924.640625 8135.500000 18043.687500     0.198933 -0.980013 0.980013 0.198933     14.164795 14.164795 4.743535
625.384949 178.929703     59.062500 44.937500 41.703125     0.198933 -0.980013 0.980013 0.198933     14.164795 14.164795 6.285709
579.488098 165.581192     12.031250 -0.156250 45.664062     0.191345 -0.981523 0.981523 0.191345     50.753380 50.753380 1.605337
493.821381 113.283882     17.484375 -2.093750 56.906250     0.149143 -0.988816 0.988816 0.149143     109.515378 109.515378 4.731102
511.015808 258.199371     4332.750000 1454.703125 573.101562     -0.974887 -0.222700 0.222700 -0.974887     14.677773 14.677773 6.347000
416.273071 241.134613     49.250000 -2.703125 116.492188     -0.995231 -0.097545 0.097545 -0.995231     18.163636 18.163636 6.362676
415.085083 236.729172     22.062500 2.859375 76.351562     -0.925013 0.379935 -0.379935 -0.925013     31.840231 31.840231 0.748588
411.461060 230.589294     65.265625 22.757812 187.132812     -0.930632 0.365956 -0.365956 -0.930632     42.529027 42.529027 0.705969
343.544403 223.825211     470.304688 -184.046875 313.156250     -0.732566 0.680696 -0.680696 -0.732566     25.744893 25.744893 0.945029
343.840088 223.234543     11971.359375 5363.984375 4534.648438     -0.910817 0.412811 -0.412811 -0.910817     29.795898 29.795898 0.670072
409.082031 229.671921     1.845703 -47.225098 1463.816162     -0.975833 0.218518 -0.218518 -0.975833     44.053414 44.053414 0.593643
341.530975 223.215332     12456.250000 5414.437500 4629.023438     -0.974213 0.225629 -0.225629 -0.974213     32.035613 32.035613 0.656890
406.561005 228.968643     8.869141 -78.148438 4943.566406     -0.995532 0.094421 -0.094421 -0.995532     44.788575 44.788575 0.352439
343.710754 224.284302     0.242188 1.253906 2050.375000     -0.981175 -0.193119 0.193119 -0.981175     33.872020 33.872020 0.197128
343.710754 224.284302     10.521484 -127.515625 6814.597656     -0.981175 -0.193119 0.193119 -0.981175     33.872020 33.872020 5.675824
209.032867 232.070328     186.687500 -74.468750 617.816406     0.053953 -0.998543 0.998543 0.053953     195.949643 195.949643 1.818393
209.032867 232.070328     11.000000 -274.234375 18377.148438     0.053953 -0.998543 0.998543 0.053953     195.949643 195.949643 2.901650
384.160431 227.004898     12653.484375 5668.125000 4854.218750     -0.997837 -0.065740 0.065740 -0.997837     41.903635 41.903635 1.609941
380.915314 226.193985     18608.250000 8065.812500 5618.625000     -0.997315 -0.073234 0.073234 -0.997315     41.653256 41.653256 1.592181
626.328552 324.047607     18983.640625 8590.937500 6475.765625     -0.771247 -0.636536 0.636536 -0.771247     9.666882 9.666882 1.352889
340.579437 277.415894     11.222656 -266.251953 18480.914062     0.018386 -0.999831 0.999831 0.018386     12.262815 12.262815 1.833335
617.243164 318.984100     29.937500 22.093750 63.304688     -0.800363 -0.599516 0.599516 -0.800363     12.468648 12.468648 1.444669
341.717682 277.159851     21.576172 -275.236328 18902.183594     0.004646 -0.999989 0.999989 0.004646     15.608271 15.608271 1.955024
598.649841 309.497437     19531.296875 8450.117188 6719.617188     -0.854087 -0.520130 0.520130 -0.854087     17.050767 17.050767 1.503001
427.213959 262.663757     10.468750 -55.755859 423.887573     -0.985037 -0.172342 0.172342 -0.985037     18.954717 18.954717 6.232666
303.325256 258.373779     27.812500 -300.205078 18952.375000     0.337712 -0.941249 0.941249 0.337712     16.299010 16.299010 1.340058
342.501434 277.083099     19049.390625 7859.953125 7683.093750     0.030120 -0.999546 0.999546 0.030120     17.617712 17.617712 1.770755
303.093689 252.154572     29.419922 -302.228516 18985.445312     0.359174 -0.933271 0.933271 0.359174     25.932601 25.932601 1.058173
303.093689 252.154572     20.937500 -81.179688 430.389160     0.359174 -0.933271 0.933271 0.359174     25.932601 25.932601 4.628966
292.022461 227.011230     18443.296875 7411.609375 8127.757812     0.599168 -0.800623 0.800623 0.599168     23.314779 23.314779 5.327716
343.040405 276.775238     23.250000 -113.921875 579.929688     0.052888 -0.998600 0.998600 0.052888     18.756681 18.756681 1.806405
343.040405 276.775238     48.662109 -314.265625 18799.656250     0.052888 -0.998600 0.998600 0.052888     18.756681 18.756681 5.732990
291.823669 224.931580     19.718750 -80.916016 460.618774     0.314749 -0.949175 0.949175 0.314749     26.089418 26.089418 4.733776
291.823669 224.931580     39.218750 -155.226562 912.811523     0.314749 -0.949175 0.949175 0.314749     26.089418 26.089418 5.588925
303.160767 251.757828     25763.640625 6266.609375 10935.382812     0.389027 -0.921226 0.921226 0.389027     26.335402 26.335402 4.608020
343.486359 276.706818     74.890625 -7.179688 114.039062     0.053305 -0.998578 0.998578 0.053305     20.254531 20.254531 1.973065
343.486359 276.706818     25019.218750 5265.343750 10856.289062     0.053305 -0.998578 0.998578 0.053305     20.254531 20.254531 5.860337
291.582153 224.819473     17.156250 -16.531250 84.015625     0.326106 -0.945333 0.945333 0.326106     27.114190 27.114190 5.517678
528.961243 288.181519     13.156250 -18.943359 164.411804     -0.947896 -0.318580 0.318580 -0.947896     38.013248 38.013248 1.544128
296.524536 237.637375     4.977661 -26.481262 387.180786     -0.186408 -0.982472 0.982472 -0.186408     40.340287 40.340287 1.341508
342.306976 280.807739     31.218750 -52.835938 650.737305     0.101740 -0.994811 0.994811 0.101740     28.602999 28.602999 1.708423
529.716858 289.111420     47.093750 -0.804688 43.489319     -0.946270 -0.323377 0.323377 -0.946270     39.223352 39.223352 1.556526
387.786621 257.372375     106.953125 -16.506042 670.129395     -0.080556 -0.996750 0.996750 -0.080556     18.259831 18.259831 4.820736
295.580292 237.161316     24863.140625 618.265625 12606.363281     -0.174159 -0.984717 0.984717 -0.174159     42.396478 42.396478 1.372431
295.580292 237.161316     7.187256 5.818359 258.875000     -0.174159 -0.984717 0.984717 -0.174159     42.396478 42.396478 3.735089
342.560913 281.337341     53.526489 4.478516 1096.671875     0.040103 -0.999196 0.999196 0.040103     31.545453 31.545453 1.761850
387.770355 257.322235     199.887573 -55.031128 1469.690674     -0.068099 -0.997679 0.997679 -0.068099     18.595313 18.595313 4.818428
295.021698 238.018982     24226.796875 -217.242188 12706.230469     -0.134949 -0.990853 0.990853 -0.134949     44.555138 44.555138 1.331443
295.021698 238.018982     16.689514 -11.694336 390.015625     -0.134949 -0.990853 0.990853 -0.134949     44.555138 44.555138 3.631685
342.291138 281.013031     107.602905 218.333984 4239.984375     -0.061269 -0.998121 0.998121 -0.061269     33.700501 33.700501 1.856430
341.545013 278.967773     3.593750 -6.691406 377.832703     -0.164990 -0.986295 0.986295 -0.164990     34.148417 34.148417 1.852470
387.161377 258.144104     1.517090 -11.699219 595.171875     -0.052452 -0.998623 0.998623 -0.052452     21.064766 21.064766 4.829615
292.782379 237.254700     22.843750 14.145752 91.518692     -0.109843 -0.993949 0.993949 -0.109843     50.314428 50.314428 1.241278
292.782379 237.254700     511.876709 -9.579102 22864.484375     -0.109843 -0.993949 0.993949 -0.109843     50.314428 50.314428 4.451615
533.612366 292.349762     22732.640625 130.406250 14205.812500     -0.934892 -0.354932 0.354932 -0.934892     53.803142 53.803142 1.532119
533.612366 292.349762     59.031250 -25.151367 243.630096     -0.934892 -0.354932 0.354932 -0.934892     53.803142 53.803142 2.300442
386.415619 257.277069     95.597656 -91.080566 697.890015     -0.168433 -0.985713 0.985713 -0.168433     23.485548 23.485548 4.875133
341.726288 279.409332     1.562500 -14.914062 791.296875     -0.177771 -0.984072 0.984072 -0.177771     35.190592 35.190592 1.876921
381.899658 255.086502     16.960938 28.273438 186.421875     -0.646423 -0.762979 0.762979 -0.646423     30.903818 30.903818 5.312890
290.213348 239.052124     150.987335 616.880371 5020.562500     0.104388 -0.994537 0.994537 0.104388     58.443074 58.443074 1.505911
290.213348 239.052124     27187.250000 -1127.843750 12543.847656     0.104388 -0.994537 0.994537 0.104388     58.443074 58.443074 3.315246
354.516815 270.658936     221.969360 -298.802490 2886.433105     -0.793878 0.608077 -0.608077 -0.793878     59.650989 59.650989 0.997468
354.516815 270.658936     264.796936 -105.422363 25966.875000     -0.793878 0.608077 -0.608077 -0.793878     59.650989 59.650989 4.314077
356.922546 269.676697     26903.359375 -749.718750 13040.777344     -0.834458 0.551072 -0.551072 -0.834458     62.290892 62.290892 0.984398
289.361603 238.853897     292.192078 -37.547363 25088.976562     0.118344 -0.992973 0.992973 0.118344     58.573335 58.573335 1.697478
289.361603 238.853897     26.656250 -29.406250 260.961182     0.118344 -0.992973 0.992973 0.118344     58.573335 58.573335 3.247141
130.974686 59.286919     12.234375 12.942871 387.144165     0.032252 -0.999480 0.999480 0.032252     2.552771 2.552771 4.715423
288.298492 238.730042     3.994629 8.621094 214.171875     0.158207 -0.987406 0.987406 0.158207     58.846842 58.846842 1.409339
288.298492 238.730042     33.062500 -7.073730 135.002350     0.158207 -0.987406 0.987406 0.158207     58.846842 58.846842 1.741744
130.274475 115.489441     4.480469 24.626953 966.742188     0.014411 -0.999896 0.999896 0.014411     12.734804 12.734804 3.422750
130.280899 118.044945     1.648438 -6.359375 1027.593750     0.015831 -0.999875 0.999875 0.015831     12.431613 12.431613 0.245024
130.280899 118.044945     18.839844 12.773438 365.218750     0.015831 -0.999875 0.999875 0.015831     12.431613 12.431613 2.850185
126.414062 406.613281     11.578125 25.687500 334.031250     -0.000612 -1.000000 1.000000 -0.000612     2.211056 2.211056 1.571130
130.044113 136.623306     131.953125 35.914062 870.824219     0.018731 -0.999825 0.999825 0.018731     12.832928 12.832928 2.719892
288.179535 238.656647     141.226562 -19.546875 15.515625     0.165546 -0.986202 0.986202 0.165546     59.390963 59.390963 1.649944
288.179535 238.656647     172.500488 17.133789 26.574219     0.165546 -0.986202 0.986202 0.165546     59.390963 59.390963 4.364067
129.255249 202.135132     52.722656 92.414062 196.531250     0.014927 -0.999889 0.999889 0.014927     11.825824 11.825824 2.614130
286.071747 236.414352     86.757812 149.140625 288.464844     0.088979 -0.996033 0.996033 0.088979     69.658657 69.658657 4.383978
129.301056 206.856964     129.472656 215.800781 415.076172     0.014545 -0.999894 0.999894 0.014545     11.549752 11.549752 2.591680
129.301056 206.856964     132.335938 -76.566406 58.472656     0.014545 -0.999894 0.999894 0.014545     11.549752 11.549752 4.809126
129.429871 208.860794     153.093750 240.195312 436.376953     0.014431 -0.999896 0.999896 0.014431     12.245508 12.245508 2.630103
129.429871 208.860794     118.460938 -61.867188 83.970703     0.014431 -0.999896 0.999896 0.014431     12.245508 12.245508 4.810241
129.619202 204.276352     134.707031 -21.140625 14.468750     0.014578 -0.999894 0.999894 0.014578     12.401505 12.401505 2.649292
129.619202 204.276352     99.554688 -15.343750 17.906250     0.014578 -0.999894 0.999894 0.014578     12.401505 12.401505 4.816369
129.805527 208.877350     106.464844 -11.390625 16.914062     0.014411 -0.999896 0.999896 0.014411     12.229132 12.229132 2.644488
129.805527 208.877350     164.609375 238.710938 525.904297     0.014411 -0.999896 0.999896 0.014411     12.229132 12.229132 4.814490
246.608444 271.645081     13.830444 -2.024414 36.767578     -0.445749 -0.895158 0.895158 -0.445749     19.581873 19.581873 2.228111
246.608444 271.645081     140.925781 -20.804688 15.968750     -0.445749 -0.895158 0.895158 -0.445749     19.581873 19.581873 3.894383
130.293777 214.255188     1614.759766 -48.125000 8497.726562     0.014573 -0.999894 0.999894 0.014573     18.859620 18.859620 2.800246
457.565002 33.320000     39.911888 -7.438599 42.816406     0.131350 -0.991336 0.991336 0.131350     7.899043 7.899043 3.172198
130.721573 218.738861     44.951469 -9.237305 48.746094     0.015857 -0.999874 0.999874 0.015857     21.605376 21.605376 2.821643
130.962265 220.996323     53.032547 -13.671753 52.503906     0.015938 -0.999873 0.999873 0.015938     22.320416 22.320416 2.825644
573.655151 31.719212     99.339844 -15.359375 18.375000     0.187636 -0.982239 0.982239 0.187636     10.485870 10.485870 1.566667
573.655151 31.719212     37.648438 -133.773438 486.890625     0.187636 -0.982239 0.982239 0.187636     10.485870 10.485870 2.996065
540.170898 223.449371     36.742188 -129.750000 474.656250     0.193026 -0.981194 0.981194 0.193026     4.121077 4.121077 4.719950
131.685257 221.364273     57.311790 -18.040894 59.408203     0.016753 -0.999860 0.999860 0.016753     29.644214 29.644214 2.880681
573.501709 35.108475     2155.774414 620.626953 8898.234375     0.174985 -0.984571 0.984571 0.174985     10.396596 10.396596 1.568948
573.501709 35.108475     60.062500 -81.570312 374.234375     0.174985 -0.984571 0.984571 0.174985     10.396596 10.396596 3.187206
571.471802 47.190140     108.324219 -11.531250 17.773438     0.169899 -0.985461 0.985461 0.169899     15.882361 15.882361 1.568356
571.471802 47.190140     464.070312 -43.578125 4.781250     0.169899 -0.985461 0.985461 0.169899     15.882361 15.882361 3.177955
494.980377 227.233109     596.726562 2.828125 23.289062     0.174874 -0.984591 0.984591 0.174874     38.609746 38.609746 4.725317
587.432617 259.777435     828.234375 621.765625 849.953125     0.227610 -0.973752 0.973752 0.227610     16.406283 16.406283 4.811011
588.797546 257.150299     132.765625 -20.523438 16.296875     0.158434 -0.987370 0.987370 0.158434     24.316616 24.316616 4.839283
40.132702 25.412323     670.183594 530.941406 1063.992188     0.068793 -0.997631 0.997631 0.068793     7.988747 7.988747 1.554136
40.132702 25.412323     131.816406 -21.742188 18.125000     0.068793 -0.997631 0.997631 0.068793     7.988747 7.988747 2.603804
53.284313 17.892157     70.871094 133.625000 267.093750     0.137824 -0.990457 0.990457 0.137824     8.675283 8.675283 2.362650
43.373699 444.226105     46.390625 -3.750000 14.570312     0.000184 -1.000000 1.000000 0.000184     31.831645 31.831645 4.697418
59.767544 458.048248     536.945312 26.322266 3.470703     -0.023099 -0.999733 0.999733 -0.023099     11.950718 11.950718 4.709346
41.405209 427.847382     77.363281 144.812500 298.984375     -0.004293 -0.999991 0.999991 -0.004293     32.916896 32.916896 4.694015
27.737394 236.617645     318.183594 -19.878906 7.984375     0.031279 -0.999511 0.999511 0.031279     18.181087 18.181087 2.432862
434.379456 21.561264     652.847656 41.291016 6.718750     0.100737 -0.994913 0.994913 0.100737     11.086768 11.086768 1.551746
426.414825 31.762962     152.582031 -29.921875 49.968750     0.017871 -0.999840 0.999840 0.017871     8.387577 8.387577 1.567948
426.414825 31.762962     93.414062 157.312500 320.421875     0.017871 -0.999840 0.999840 0.017871     8.387577 8.387577 4.691246
87.748772 440.275848     103.843750 8.367188 31.382812     0.019696 -0.999806 0.999806 0.019696     5.104320 5.104320 4.718366
85.879379 214.470810     1994.355469 449.296875 432.078125     0.039541 -0.999218 0.999218 0.039541     7.106560 7.106560 2.492249
110.634781 437.030426     507.093750 31.156250 66.367188     0.018875 -0.999822 0.999822 0.018875     5.093057 5.093057 4.701226
208.840988 461.929321     52.273438 -3.125000 116.421875     -0.160339 -0.987062 0.987062 -0.160339     15.825787 15.825787 4.741637
