1.0
841
586.802185 53.062271     68.593750 -24.599609 18.102295     -0.926340 0.376688 -0.376688 -0.926340     12.806502 12.806502 1.659305
589.707764 51.775974     98.937500 -23.900391 37.277832     -0.946130 0.323786 -0.323786 -0.946130     24.274403 24.274403 1.669194
596.204773 48.397091     179.562500 -63.371094 60.274658     -0.917978 0.396631 -0.396631 -0.917978     25.808946 25.808946 1.672379
510.450897 85.133926     26.921875 -19.636719 31.973633     0.660462 -0.750859 0.750859 0.660462     13.978458 13.978458 0.748439
510.450897 85.133926     254.281250 -95.962891 76.296875     0.660462 -0.750859 0.750859 0.660462     13.978458 13.978458 2.171076
600.854370 46.247700     314.531250 -128.542969 93.515991     -0.916508 0.400016 -0.400016 -0.916508     26.398252 26.398252 1.648806
604.211914 44.532745     49.781250 -32.984375 50.398438     -0.908820 0.417189 -0.417189 -0.908820     26.434935 26.434935 1.638496
506.513184 88.709831     74.015625 -41.917969 55.382812     0.703791 -0.710407 0.710407 0.703791     18.610656 18.610656 0.668824
506.513184 88.709831     102.953125 -54.847656 60.087891     0.703791 -0.710407 0.710407 0.703791     18.610656 18.610656 2.217293
503.940491 89.925140     386.625000 -213.724609 188.899048     -0.780051 0.625716 -0.625716 -0.780051     20.990668 20.990668 3.669757
503.940491 89.925140     183.359375 -94.722656 81.131836     -0.780051 0.625716 -0.625716 -0.780051     20.990668 20.990668 5.303457
501.109039 91.364487     17.843750 21.718750 478.921875     -0.825822 0.563931 -0.563931 -0.825822     21.408835 21.408835 3.535408
501.109039 91.364487     249.203125 -121.667969 91.452148     -0.825822 0.563931 -0.563931 -0.825822     21.408835 21.408835 5.202560
495.368256 94.220718     27.765625 11.218750 133.273438     -0.858745 0.512403 -0.512403 -0.858745     22.324705 22.324705 1.487956
495.368256 94.220718     80.859375 -97.265625 250.656250     -0.858745 0.512403 -0.512403 -0.858745     22.324705 22.324705 5.035828
491.319855 96.087486     23.953125 7.140625 36.968750     -0.878629 0.477506 -0.477506 -0.878629     22.647824 22.647824 1.483627
491.319855 96.087486     37.453125 -12.453125 37.531250     -0.878629 0.477506 -0.477506 -0.878629     22.647824 22.647824 5.101123
498.258331 301.066681     273.406250 -119.371094 53.084473     -0.142944 -0.989731 0.989731 -0.142944     15.856849 15.856849 3.139825
498.258331 301.066681     1589.781250 -1402.093750 3050.992188     -0.142944 -0.989731 0.989731 -0.142944     15.856849 15.856849 4.206194
493.045013 329.707489     392.531250 -238.146484 238.079956     -0.104579 -0.994517 0.994517 -0.104579     23.202689 23.202689 4.305644
466.006073 333.063721     33.828125 3.781250 27.718750     0.413771 -0.910381 0.910381 0.413771     27.243352 27.243352 4.333337
476.942200 307.330811     4111.750000 -2546.109375 3799.937500     -0.717823 0.696226 -0.696226 -0.717823     102.142610 102.142610 0.872608
476.942200 307.330811     2222.093750 -1027.171875 1399.710938     -0.717823 0.696226 -0.696226 -0.717823     102.142610 102.142610 4.023903
435.506622 434.224670     44.773438 62.515625 169.609375     -0.403981 -0.914767 0.914767 -0.403981     20.522993 20.522993 1.870353
459.004059 428.388672     26.265625 -2.906250 149.203125     0.705997 -0.708215 0.708215 0.705997     22.517544 22.517544 0.790017
489.076019 96.980782     379.968750 -225.843750 252.700806     -0.890948 0.454106 -0.454106 -0.890948     23.891241 23.891241 1.478323
489.076019 96.980782     100.296875 -34.828125 72.007812     -0.890948 0.454106 -0.454106 -0.890948     23.891241 23.891241 5.077357
609.766174 57.676617     39.320312 40.000000 73.093750     -0.916021 0.401131 -0.401131 -0.916021     4.052825 4.052825 1.566235
452.256317 307.420593     10435.218750 -3505.109375 3938.234375     -0.828143 0.560517 -0.560517 -0.828143     119.439571 119.439571 0.992513
452.256317 307.420593     4582.531250 -1457.140625 1365.140625     -0.828143 0.560517 -0.560517 -0.828143     119.439571 119.439571 4.118652
404.667725 71.194221     121.742188 6.468750 176.566406     0.017354 -0.999849 0.999849 0.017354     16.274709 16.274709 1.444637
332.576935 273.266479     118.687500 -9.343750 242.410156     -0.383044 -0.923730 0.923730 -0.383044     19.537458 19.537458 4.830158
362.314972 272.689606     47.445312 -25.617188 30.171875     -0.829541 0.558446 -0.558446 -0.829541     31.358760 31.358760 4.056796
344.588898 451.281494     28.281250 -4.126953 231.026367     -0.552752 -0.833346 0.833346 -0.552752     16.092510 16.092510 4.968010
346.638519 269.700806     14445.609375 -3874.031250 3899.781250     -0.990215 -0.139550 0.139550 -0.990215     50.231045 50.231045 0.971307
346.638519 269.700806     121.992188 -86.019531 121.257812     -0.990215 -0.139550 0.139550 -0.990215     50.231045 50.231045 5.355836
441.543579 310.711823     7067.937500 -1314.453125 1266.804688     -0.882548 0.470222 -0.470222 -0.882548     122.091848 122.091848 1.003965
441.543579 310.711823     339.015625 -221.281250 158.984375     -0.882548 0.470222 -0.470222 -0.882548     122.091848 122.091848 4.097744
365.533173 212.235626     118.046875 -15.750000 276.066406     -0.002073 -0.999998 0.999998 -0.002073     36.183968 36.183968 0.932687
365.533173 212.235626     128.171875 -84.640625 67.747070     -0.002073 -0.999998 0.999998 -0.002073     36.183968 36.183968 4.745882
403.149475 72.660484     62.277344 -5.988281 16.984375     0.015588 -0.999878 0.999878 0.015588     21.683164 21.683164 1.397237
488.975952 98.282066     55.085938 -28.796875 39.871094     -0.882358 0.470578 -0.470578 -0.882358     28.587077 28.587077 1.463912
488.975952 98.282066     185.578125 -164.582031 218.449219     -0.882358 0.470578 -0.470578 -0.882358     28.587077 28.587077 5.138020
427.582031 313.390503     33.585938 13.835938 23.445312     -0.933048 0.359752 -0.359752 -0.933048     127.542686 127.542686 0.998492
427.582031 313.390503     274.484375 -129.148438 129.510742     -0.933048 0.359752 -0.359752 -0.933048     127.542686 127.542686 4.042900
360.324646 209.315521     68.289062 -5.972656 17.406250     -0.115612 -0.993294 0.993294 -0.115612     49.497806 49.497806 0.898320
360.551758 206.615875     385.265625 -239.828125 167.160156     0.074885 -0.997192 0.997192 0.074885     48.879576 48.879576 0.827380
338.159119 265.261475     55.703125 -31.085938 45.457031     -0.934920 -0.354858 0.354858 -0.934920     55.276079 55.276079 0.858706
338.159119 265.261475     249.757812 -166.238281 124.537109     -0.934920 -0.354858 0.354858 -0.934920     55.276079 55.276079 1.822040
275.291504 278.538452     165.781250 -72.757812 33.889160     -0.803165 -0.595756 0.595756 -0.803165     16.034779 16.034779 1.701670
275.291504 278.538452     28.945312 9.331055 28.523682     -0.803165 -0.595756 0.595756 -0.803165     16.034779 16.034779 3.738374
341.254303 146.058426     273.335938 -262.625000 328.322266     -0.776103 0.630607 -0.630607 -0.776103     26.629154 26.629154 6.197056
279.938690 222.514145     54.468750 -29.851807 67.733170     -0.812243 0.583319 -0.583319 -0.812243     15.441405 15.441405 1.432160
403.005219 72.958290     401.625000 -276.632812 206.375977     0.020343 -0.999793 0.999793 0.020343     23.895500 23.895500 1.378606
337.516846 149.972626     28.250000 -10.996094 26.387207     -0.708614 0.705596 -0.705596 -0.708614     26.851348 26.851348 2.678831
337.516846 149.972626     439.625000 -264.250000 180.253906     -0.708614 0.705596 -0.705596 -0.708614     26.851348 26.851348 6.327610
409.538483 313.587463     365.781250 -91.386719 360.002930     -0.977455 0.211143 -0.211143 -0.977455     141.078124 141.078124 0.955590
409.538483 313.587463     72.492188 -5.871094 18.515625     -0.977455 0.211143 -0.211143 -0.977455     141.078124 141.078124 2.026999
457.098145 203.275696     571.914062 -388.730469 280.411133     -0.829701 0.558208 -0.558208 -0.829701     14.308639 14.308639 1.890462
360.562500 204.827454     19730.468750 -4658.468750 4309.437500     0.098223 -0.995164 0.995164 0.098223     48.569229 48.569229 0.846862
288.362518 124.352798     29.593750 -43.093750 89.578125     -0.817366 0.576119 -0.576119 -0.817366     12.797985 12.797985 3.290525
235.205353 249.875000     62.031250 -81.781250 140.171875     -0.991658 0.128894 -0.128894 -0.991658     18.115520 18.115520 0.537584
235.205353 249.875000     386.148438 -340.789062 383.335938     -0.991658 0.128894 -0.128894 -0.991658     18.115520 18.115520 5.570383
280.082489 220.206192     132.406250 -190.421875 281.828125     -0.792279 0.610159 -0.610159 -0.792279     18.928767 18.928767 1.425626
336.047028 152.633224     278.640625 -147.656250 168.073242     0.671056 -0.741407 0.741407 0.671056     27.228916 27.228916 4.676113
336.047028 152.633224     10669.187500 -1082.976562 1166.601562     0.671056 -0.741407 0.741407 0.671056     27.228916 27.228916 5.793836
274.989105 278.552734     446.468750 46.267578 399.788086     -0.819781 -0.572676 0.572676 -0.819781     16.704587 16.704587 1.733424
274.989105 278.552734     69.250000 -56.937500 60.539062     -0.819781 -0.572676 0.572676 -0.819781     16.704587 16.704587 3.777781
488.747803 99.843163     1982.601562 -1327.769531 931.644531     -0.862973 0.505250 -0.505250 -0.862973     33.036681 33.036681 1.460634
234.596359 249.851562     471.828125 -273.546875 181.566406     -0.993361 0.115038 -0.115038 -0.993361     18.397560 18.397560 5.538230
458.720154 202.625519     70.906250 -61.343750 70.218750     -0.840812 0.541328 -0.541328 -0.840812     16.071402 16.071402 1.917255
280.270508 219.487808     210.687500 -258.343750 433.210938     -0.762433 0.647067 -0.647067 -0.762433     19.653630 19.653630 1.457586
285.415283 126.259369     101.968750 -214.750000 472.968750     -0.822332 0.569008 -0.569008 -0.822332     13.876912 13.876912 3.288665
612.834106 65.502373     2163.453125 -11.263672 458.433044     -0.914213 0.405234 -0.405234 -0.914213     5.760290 5.760290 1.433461
246.227493 39.109005     478.406250 123.195312 478.092773     -0.715048 -0.699075 0.699075 -0.715048     19.820986 19.820986 2.355283
334.115662 155.027542     302.156250 -217.000000 288.193359     0.669284 -0.743006 0.743006 0.669284     27.286832 27.286832 1.456644
334.115662 155.027542     161.628906 104.867188 135.266602     0.669284 -0.743006 0.743006 0.669284     27.286832 27.286832 4.684388
284.325653 127.101974     32.843750 0.158203 242.191406     -0.816330 0.577586 -0.577586 -0.816330     14.683396 14.683396 3.409953
280.154938 219.014084     2699.125000 -1699.488281 1137.931641     -0.740779 0.671749 -0.671749 -0.740779     20.418367 20.418367 1.477836
252.563721 81.186272     37.531250 -25.658203 89.448242     -0.736342 0.676609 -0.676609 -0.736342     18.158565 18.158565 0.243065
459.899628 202.375458     176.000000 -324.156250 627.562500     -0.848696 0.528880 -0.528880 -0.848696     17.763229 17.763229 1.931523
234.129471 249.589279     230.531250 -281.968750 465.953125     -0.994270 0.106898 -0.106898 -0.994270     19.030479 19.030479 5.530519
286.456970 125.535713     84.207031 -49.460938 34.449219     -0.821911 0.569616 -0.569616 -0.821911     14.928991 14.928991 3.368497
536.913208 323.962250     46.015625 -42.000000 60.398438     0.463010 -0.886353 0.886353 0.463010     11.975902 11.975902 0.305394
560.210022 294.666656     5165.523438 -2969.476562 1809.142578     0.204897 -0.978784 0.978784 0.204897     20.766244 20.766244 0.227699
560.210022 294.666656     275.140625 -254.265625 466.786133     0.204897 -0.978784 0.978784 0.204897     20.766244 20.766244 3.278955
535.156433 326.606140     300.689453 97.283203 183.718750     0.533351 -0.845894 0.845894 0.533351     14.558588 14.558588 0.178952
337.799683 152.243835     167.625000 -257.421875 408.335938     -0.708564 0.705646 -0.705646 -0.708564     29.832734 29.832734 1.530021
337.799683 152.243835     55.140625 -49.156250 76.640625     -0.708564 0.705646 -0.705646 -0.708564     29.832734 29.832734 4.593748
543.325256 338.907776     212.593750 -380.718750 718.312500     0.563365 -0.826208 0.826208 0.563365     7.204908 7.204908 4.327986
489.328217 99.950111     112.390625 -52.765625 45.343750     -0.821778 0.569808 -0.569808 -0.821778     36.472398 36.472398 1.486764
489.328217 99.950111     25065.906250 -5316.671875 4223.250000     -0.821778 0.569808 -0.569808 -0.821778     36.472398 36.472398 5.304935
386.204468 313.161987     79.937500 -71.687500 93.875000     -0.993729 0.111818 -0.111818 -0.993729     145.451057 145.451057 0.924191
386.204468 313.161987     482.492188 -405.304688 426.240234     -0.993729 0.111818 -0.111818 -0.993729     145.451057 145.451057 1.852899
274.647186 134.568390     464.093750 -507.062500 670.601562     -0.819061 0.573706 -0.573706 -0.819061     20.599749 20.599749 1.449813
274.647186 134.568390     233.437500 -323.078125 468.898438     -0.819061 0.573706 -0.573706 -0.819061     20.599749 20.599749 3.500191
567.320557 266.607666     511.781250 148.115234 553.075928     -0.733578 0.679605 -0.679605 -0.733578     12.560311 12.560311 1.193063
567.320557 266.607666     59.015625 -46.769531 129.835938     -0.733578 0.679605 -0.679605 -0.733578     12.560311 12.560311 1.835283
267.762512 138.907700     3025.234375 -18.879883 467.116455     -0.827040 0.562143 -0.562143 -0.827040     24.296916 24.296916 1.463906
461.049347 201.838821     88.500000 -82.406250 124.398438     -0.856935 0.515425 -0.515425 -0.856935     18.572942 18.572942 1.946668
567.461853 265.885590     236.234375 -224.335938 558.183105     -0.709085 0.705123 -0.705123 -0.709085     13.662364 13.662364 1.191551
567.461853 265.885590     522.421875 -325.500000 217.990234     -0.709085 0.705123 -0.705123 -0.709085     13.662364 13.662364 1.853657
544.148865 320.597717     580.791016 116.103516 326.774414     0.549750 -0.835329 0.835329 0.549750     28.696195 28.696195 2.330083
544.148865 320.597717     1454.062500 -1222.546875 1160.882812     0.549750 -0.835329 0.835329 0.549750     28.696195 28.696195 3.972332
565.694580 317.349762     539.484375 -557.406250 636.656250     0.416120 -0.909310 0.909310 0.416120     8.649513 8.649513 2.042536
565.694580 317.349762     263.218750 -448.312500 806.718750     0.416120 -0.909310 0.909310 0.416120     8.649513 8.649513 4.241361
491.955139 95.743225     7794.187500 -4125.468750 2328.125000     -0.718386 0.695645 -0.695645 -0.718386     39.758851 39.758851 1.558630
491.955139 95.743225     128.335938 -44.511719 22.187500     -0.718386 0.695645 -0.695645 -0.718386     39.758851 39.758851 3.807204
186.473465 98.445862     35.320312 13.710938 24.882812     -0.749904 -0.661546 0.661546 -0.749904     29.424432 29.424432 4.957153
543.710999 321.251007     831.578125 -730.078125 728.789062     0.554531 -0.832163 0.832163 0.554531     29.023616 29.023616 2.331980
543.710999 321.251007     14010.390625 -1110.726562 1108.671875     0.554531 -0.832163 0.832163 0.554531     29.023616 29.023616 3.959983
403.222748 73.569672     16.844727 -12.640625 106.210938     -0.000756 -1.000000 1.000000 -0.000756     25.789213 25.789213 1.376986
254.474228 146.324402     112.968750 -93.953125 180.640625     -0.841840 0.539727 -0.539727 -0.841840     31.288242 31.288242 1.483379
380.715088 74.460381     701.390625 -318.851562 186.980469     0.379994 -0.924989 0.924989 0.379994     23.378620 23.378620 0.976195
562.000000 323.122528     222.937500 -175.390625 618.573730     0.462848 -0.886438 0.886438 0.462848     11.686125 11.686125 1.368231
562.000000 323.122528     557.593750 -336.562500 220.511719     0.462848 -0.886438 0.886438 0.462848     11.686125 11.686125 2.100191
567.094543 265.454559     865.593750 245.948242 424.101562     -0.709123 0.705085 -0.705085 -0.709123     15.442451 15.442451 1.871859
567.094543 265.454559     20.125000 -13.523438 112.507812     -0.709123 0.705085 -0.705085 -0.709123     15.442451 15.442451 4.208717
181.001312 97.818779     86.429688 -52.105469 37.695312     -0.746964 -0.664865 0.664865 -0.746964     39.093264 39.093264 2.971219
181.001312 97.818779     55.093750 -8.203125 12.875000     -0.746964 -0.664865 0.664865 -0.746964     39.093264 39.093264 5.049188
542.510254 322.621552     1651.171875 -1303.250000 1201.382812     0.554419 -0.832238 0.832238 0.554419     29.401856 29.401856 2.338631
542.510254 322.621552     918.546875 -775.265625 746.218750     0.554419 -0.832238 0.832238 0.554419     29.401856 29.401856 3.972875
236.501953 209.984436     399.406250 -605.187500 976.820312     -0.851281 0.524711 -0.524711 -0.851281     8.957796 8.957796 1.590893
452.193848 393.295166     360.232422 -73.953125 26.187500     -0.762358 0.647155 -0.647155 -0.762358     14.520977 14.520977 0.954766
128.114151 445.968048     231.906250 -130.480469 654.187500     -0.314557 -0.949238 0.949238 -0.314557     17.638710 17.638710 1.734487
160.027679 255.498276     1089.367188 399.875977 536.634277     0.644683 -0.764450 0.764450 0.644683     14.648041 14.648041 2.168747
160.027679 255.498276     479.652344 -79.699219 25.125000     0.644683 -0.764450 0.764450 0.644683     14.648041 14.648041 4.221056
261.573059 141.005096     589.718750 -363.000000 243.525391     -0.863716 0.503979 -0.503979 -0.863716     39.346390 39.346390 1.452763
494.170959 88.697113     28.824219 -12.160156 118.164062     0.568925 -0.822390 0.822390 0.568925     44.828918 44.828918 0.883144
174.148499 98.039925     10.495117 -11.576172 148.414062     -0.870415 -0.492319 0.492319 -0.870415     51.049507 51.049507 3.244942
174.148499 98.039925     1102.171875 -848.437500 759.757812     -0.870415 -0.492319 0.492319 -0.870415     51.049507 51.049507 5.258118
520.581482 322.713654     764.625000 -341.929688 199.179688     0.536872 -0.843664 0.843664 0.536872     8.786478 8.786478 1.333181
520.581482 322.713654     149.343750 -60.218750 149.429688     0.536872 -0.843664 0.843664 0.536872     8.786478 8.786478 1.933663
159.342712 254.736572     70.546875 -46.996094 125.121094     0.627040 -0.778987 0.778987 0.627040     17.757984 17.757984 2.198871
159.342712 254.736572     30.904297 -13.320312 124.382812     0.627040 -0.778987 0.778987 0.627040     17.757984 17.757984 4.165244
560.240784 325.481598     531.929688 -80.781250 24.546875     0.472623 -0.881265 0.881265 0.472623     13.053215 13.053215 1.371761
560.240784 325.481598     307.343750 -59.003906 664.107910     0.472623 -0.881265 0.881265 0.472623     13.053215 13.053215 4.150085
455.588379 391.348480     1547.462891 696.203125 748.678223     -0.876428 0.481533 -0.481533 -0.876428     18.197442 18.197442 0.808261
567.249207 264.432190     17.838867 -20.062500 79.250000     0.672029 -0.740525 0.740525 0.672029     17.359055 17.359055 1.080117
567.249207 264.432190     665.625000 -398.585938 264.292969     0.672029 -0.740525 0.740525 0.672029     17.359055 17.359055 1.999116
341.274170 149.545074     1221.062500 -890.515625 762.875000     -0.731173 0.682192 -0.682192 -0.731173     31.205091 31.205091 1.526153
455.880890 391.084198     77.093750 -49.367188 94.832031     -0.879581 0.475749 -0.475749 -0.879581     19.911503 19.911503 0.774238
455.880890 391.084198     18.385742 -19.681641 96.750000     -0.879581 0.475749 -0.475749 -0.879581     19.911503 19.911503 3.915976
462.098328 201.471909     1320.171875 -315.453125 170.972656     -0.859925 0.510420 -0.510420 -0.859925     20.069490 20.069490 2.006197
462.098328 201.471909     446.578125 1.140625 639.918945     -0.859925 0.510420 -0.510420 -0.859925     20.069490 20.069490 4.281512
535.732971 329.701050     1793.201172 829.888672 828.202148     0.632639 -0.774447 0.774447 0.632639     31.781299 31.781299 1.218260
535.732971 329.701050     75.992188 -6.601562 21.160156     0.632639 -0.774447 0.774447 0.632639     31.781299 31.781299 2.383341
517.860474 325.736420     45.158203 -22.027344 149.468750     0.573420 -0.819261 0.819261 0.573420     12.164676 12.164676 2.085210
280.065704 218.830292     11.639648 -15.808594 167.529297     -0.738642 0.674098 -0.674098 -0.738642     21.396148 21.396148 1.477977
280.065704 218.830292     630.410156 -88.179688 25.265625     -0.738642 0.674098 -0.674098 -0.738642     21.396148 21.396148 3.071018
159.421677 247.860306     589.968750 -806.281250 1186.750000     0.445181 -0.895440 0.895440 0.445181     26.911150 26.911150 0.928044
159.421677 247.860306     152.906250 -63.562500 164.664062     0.445181 -0.895440 0.895440 0.445181     26.911150 26.911150 4.279300
567.161987 263.005585     2158.890625 -1491.812500 1267.390625     0.627366 -0.778725 0.778725 0.627366     21.159968 21.159968 1.080639
567.161987 263.005585     1813.093750 -1652.468750 1728.187500     0.627366 -0.778725 0.778725 0.627366     21.159968 21.159968 5.116718
493.932831 83.506020     75.718750 -46.218750 96.105469     0.456619 -0.889662 0.889662 0.456619     49.519220 49.519220 0.969174
503.931915 133.123398     153.375000 -45.257812 20.248047     -0.843684 0.536839 -0.536839 -0.843684     14.838726 14.838726 2.080271
503.931915 133.123398     12.971680 -18.644531 180.892578     -0.843684 0.536839 -0.536839 -0.843684     14.838726 14.838726 5.194231
156.760941 96.381264     1417.781250 -970.187500 791.648438     -0.932224 -0.361883 0.361883 -0.932224     75.528160 75.528160 3.393182
156.760941 96.381264     97.832031 -63.388672 254.296875     -0.932224 -0.361883 0.361883 -0.932224     75.528160 75.528160 5.390526
517.516541 343.906982     815.265625 -552.992188 419.821289     -0.748015 0.663682 -0.663682 -0.748015     39.273605 39.273605 1.851530
517.516541 343.906982     1416.625000 -338.476562 133.460938     -0.748015 0.663682 -0.663682 -0.748015     39.273605 39.273605 4.376898
510.226074 331.985504     13340.062500 -4962.175781 2399.415039     0.675709 -0.737169 0.737169 0.675709     24.044738 24.044738 2.256315
558.199402 328.213867     26.600586 -11.580078 143.839844     0.490732 -0.871311 0.871311 0.490732     14.736644 14.736644 1.372029
158.671432 247.734070     32757.359375 -6301.031250 4234.843750     0.476911 -0.878952 0.878952 0.476911     28.735272 28.735272 0.866955
158.671432 247.734070     2478.901367 1171.976562 1008.655273     0.476911 -0.878952 0.878952 0.476911     28.735272 28.735272 4.230576
566.896729 262.455933     151.750000 -46.148438 21.195312     0.631406 -0.775452 0.775452 0.631406     22.548236 22.548236 1.040999
566.896729 262.455933     1452.734375 -297.875000 172.496094     0.631406 -0.775452 0.775452 0.631406     22.548236 22.548236 5.108924
125.430283 394.725098     143.375000 -63.500000 241.562500     -0.999516 0.031114 -0.031114 -0.999516     14.109827 14.109827 6.263833
274.362244 134.999451     109.385742 -78.496094 299.234375     -0.880988 0.473138 -0.473138 -0.880988     47.734990 47.734990 1.448458
158.075638 388.365540     62.296875 -32.109375 74.703125     -0.939736 0.341901 -0.341901 -0.939736     11.016203 11.016203 4.188655
158.075638 388.365540     31.876953 -7.513672 149.171875     -0.939736 0.341901 -0.341901 -0.939736     11.016203 11.016203 5.332154
274.828369 278.495056     2471.093750 -1977.171875 1856.734375     -0.823325 -0.567570 0.567570 -0.823325     17.677045 17.677045 1.755336
274.828369 278.495056     1688.843750 -327.687500 69.189453     -0.823325 -0.567570 0.567570 -0.823325     17.677045 17.677045 3.775229
503.631714 336.636353     11.838867 -1.720703 73.304688     -0.731513 0.681828 -0.681828 -0.731513     31.273777 31.273777 1.239490
503.631714 336.636353     833.156250 -579.378906 450.371094     -0.731513 0.681828 -0.681828 -0.731513     31.273777 31.273777 4.411087
366.478241 313.577057     13.944336 -18.388672 181.041016     -0.996368 0.085152 -0.085152 -0.996368     143.277225 143.277225 0.974336
366.478241 313.577057     152.656250 -37.960938 20.265625     -0.996368 0.085152 -0.085152 -0.996368     143.277225 143.277225 1.896185
105.202415 323.564941     139.812500 -119.851562 104.946289     0.137409 -0.990514 0.990514 0.137409     17.481299 17.481299 3.172431
565.919678 260.274841     26.562500 -66.945312 378.152344     0.574964 -0.818179 0.818179 0.574964     30.832220 30.832220 0.996266
565.919678 260.274841     1551.781250 -1014.859375 799.367188     0.574964 -0.818179 0.818179 0.574964     30.832220 30.832220 2.246442
467.556305 199.966217     1396.140625 -557.203125 466.437500     -0.902178 0.431363 -0.431363 -0.902178     26.441554 26.441554 2.044844
467.556305 199.966217     138.312500 -49.906250 319.535156     -0.902178 0.431363 -0.431363 -0.902178     26.441554 26.441554 2.322286
492.193939 79.199165     56.045898 -12.947266 150.945312     0.354789 -0.934946 0.934946 0.354789     56.273595 56.273595 1.009266
502.734863 133.541672     157.475586 -347.671875 1626.554688     -0.850813 0.525469 -0.525469 -0.850813     16.003924 16.003924 2.118061
502.734863 133.541672     39.031250 17.343750 21.660156     -0.850813 0.525469 -0.525469 -0.850813     16.003924 16.003924 5.215858
144.001266 91.893890     743.234375 -299.828125 131.587891     -0.913222 -0.407462 0.407462 -0.913222     79.786422 79.786422 3.309220
144.001266 91.893890     691.980469 -89.937500 25.609375     -0.913222 -0.407462 0.407462 -0.913222     79.786422 79.786422 5.311529
104.614212 323.946686     904.000000 -641.449219 513.718750     0.141924 -0.989878 0.989878 0.141924     19.190307 19.190307 3.164143
236.462891 210.003540     70.750000 -90.074219 118.926758     -0.843688 0.536834 -0.536834 -0.843688     9.589176 9.589176 1.586818
236.462891 210.003540     1409.484375 -342.531250 135.207031     -0.843688 0.536834 -0.536834 -0.843688     9.589176 9.589176 3.524853
550.995239 255.580948     16.562500 8.152344 56.549805     -0.982877 0.184262 -0.184262 -0.982877     15.151806 15.151806 4.836912
510.385254 350.080780     27.343750 -39.320312 279.328125     -0.764870 0.644185 -0.644185 -0.764870     45.839364 45.839364 4.342506
501.239746 338.229523     1697.937500 -328.531250 69.476562     -0.745138 0.666910 -0.666910 -0.745138     32.557022 32.557022 1.210170
501.239746 338.229523     46.266602 -18.542969 30.515625     -0.745138 0.666910 -0.666910 -0.745138     32.557022 32.557022 4.407648
553.872925 333.587524     67.500000 7.273438 7.863281     0.533588 -0.845745 0.845745 0.533588     18.872319 18.872319 1.367697
139.468155 391.851990     1664.109375 -346.250000 88.566406     -0.978360 0.206909 -0.206909 -0.978360     14.614626 14.614626 0.916916
139.468155 391.851990     94.230469 -55.625000 40.011719     -0.978360 0.206909 -0.206909 -0.978360     14.614626 14.614626 5.230452
490.139038 76.549316     60.817383 -12.457031 220.267578     0.273247 -0.961944 0.961944 0.273247     62.813664 62.813664 1.051151
136.367661 87.593285     2611.156250 513.039062 791.468750     -0.885594 -0.464459 0.464459 -0.885594     81.363575 81.363575 3.178737
133.517334 392.500702     2748.083008 1290.364258 1119.674805     -0.985813 0.167847 -0.167847 -0.985813     15.296850 15.296850 0.898623
503.174072 132.945389     1668.734375 -439.710938 134.408203     -0.845701 0.533658 -0.533658 -0.845701     17.113949 17.113949 5.212557
103.114067 324.486694     294.781250 -155.976562 84.505859     0.132500 -0.991183 0.991183 0.132500     23.468552 23.468552 3.165978
127.664612 179.021545     148.125000 -128.113281 113.331055     0.083063 -0.996544 0.996544 0.083063     13.891979 13.891979 2.771116
127.664612 179.021545     42.750000 18.789062 23.042969     0.083063 -0.996544 0.996544 0.083063     13.891979 13.891979 3.518906
496.354279 341.499115     2606.015625 -1635.453125 1296.460938     -0.773888 0.633323 -0.633323 -0.773888     36.398765 36.398765 1.170498
496.354279 341.499115     229.441406 -439.578125 1973.515625     -0.773888 0.633323 -0.633323 -0.773888     36.398765 36.398765 4.348962
468.643860 199.965790     3102.031250 -2259.109375 1972.210938     -0.904773 0.425894 -0.425894 -0.904773     27.822512 27.822512 2.330451
468.643860 199.965790     1670.515625 -412.773438 128.755859     -0.904773 0.425894 -0.425894 -0.904773     27.822512 27.822512 5.510045
560.424072 257.838562     49.750000 -55.859375 72.796875     0.706854 -0.707359 0.707359 0.706854     42.492953 42.492953 2.266279
158.241440 247.526886     919.828125 -671.941406 553.327148     0.498938 -0.866638 0.866638 0.498938     29.676282 29.676282 0.808261
158.241440 247.526886     2561.268555 1349.380371 1884.838379     0.498938 -0.866638 0.866638 0.498938     29.676282 29.676282 4.202199
102.694260 324.707764     215.593750 13.460938 7.654297     0.138370 -0.990381 0.990381 0.138370     24.251308 24.251308 3.156069
130.602676 392.795868     21.687500 10.210938 53.333984     -0.988145 0.153526 -0.153526 -0.988145     15.585874 15.585874 0.886240
504.647888 354.917725     1619.281250 -336.007812 85.953125     -0.776780 0.629772 -0.629772 -0.776780     50.094708 50.094708 4.325355
551.670166 335.739044     61.406250 -39.523438 100.369141     0.551489 -0.834182 0.834182 0.551489     21.594133 21.594133 1.359358
114.480003 244.324997     205.375000 -53.453125 26.884766     0.285353 -0.958422 0.958422 0.285353     15.500926 15.500926 2.750576
502.696442 132.574402     284.656250 -153.281250 85.625977     -0.851373 0.524560 -0.524560 -0.851373     19.465100 19.465100 2.059579
502.696442 132.574402     80.500000 -107.445312 150.490234     -0.851373 0.524560 -0.524560 -0.851373     19.465100 19.465100 5.295949
492.736053 343.734528     806.843750 -307.406250 129.353516     -0.790300 0.612721 -0.612721 -0.790300     38.304731 38.304731 1.150462
492.736053 343.734528     1403.843750 -339.882812 132.765625     -0.790300 0.612721 -0.612721 -0.790300     38.304731 38.304731 4.991817
446.860565 238.975967     1765.328125 -447.640625 141.212891     0.641551 -0.767081 0.767081 0.641551     26.926900 26.926900 1.373616
114.152611 244.767075     52.546875 -85.953125 305.789062     0.230652 -0.973036 0.973036 0.230652     16.668438 16.668438 2.974130
482.752563 199.098099     494.890625 110.210938 208.023438     -0.968656 0.248408 -0.248408 -0.968656     42.708764 42.708764 2.512637
482.752563 199.098099     1256.906250 -395.148438 130.529297     -0.968656 0.248408 -0.248408 -0.968656     42.708764 42.708764 4.675750
233.914978 249.502029     64.625000 -38.386719 96.526123     -0.993029 0.117872 -0.117872 -0.993029     20.313178 20.313178 0.542642
233.914978 249.502029     1155.515625 -393.609375 141.162109     -0.993029 0.117872 -0.117872 -0.993029     20.313178 20.313178 5.562703
101.485641 324.331604     205.875000 -55.218750 29.300781     0.198482 -0.980105 0.980105 0.198482     28.707543 28.707543 3.026910
127.296387 179.616867     135.578125 -27.187500 314.652344     0.099885 -0.994999 0.994999 0.099885     14.267677 14.267677 2.682704
127.296387 179.616867     565.875000 226.189453 703.511230     0.099885 -0.994999 0.994999 0.099885     14.267677 14.267677 3.178674
127.371918 392.976410     148.750000 -129.511719 116.043945     -0.989965 0.141315 -0.141315 -0.989965     16.022904 16.022904 0.884412
505.114594 129.820312     1515.906250 -355.851562 133.687500     -0.828066 0.560631 -0.560631 -0.828066     23.724236 23.724236 2.142054
505.114594 129.820312     220.562500 11.617188 8.332031     -0.828066 0.560631 -0.560631 -0.828066     23.724236 23.724236 5.293290
549.255615 338.328949     697.790039 -88.480469 28.437500     0.571368 -0.820694 0.820694 0.571368     24.080154 24.080154 1.352884
559.939758 256.765320     699.656250 -2.890625 237.703125     0.673759 -0.738951 0.738951 0.673759     43.849346 43.849346 2.287855
458.625000 172.905167     65.312500 -36.697266 93.226074     -0.964839 0.262840 -0.262840 -0.964839     5.994560 5.994560 1.672576
113.990479 244.611908     1633.921875 -416.429688 142.759766     0.139215 -0.990262 0.990262 0.139215     19.479005 19.479005 3.258509
498.737793 357.579346     1090.531250 -939.304688 958.147461     -0.801963 0.597373 -0.597373 -0.801963     56.233281 56.233281 4.277328
532.098938 351.264404     285.250000 -162.640625 99.180664     -0.716129 0.697968 -0.697968 -0.716129     48.805117 48.805117 4.364386
446.346466 238.909454     829.312500 -310.101562 128.697266     0.626350 -0.779542 0.779542 0.626350     27.951721 27.951721 1.362961
532.405029 149.485001     41.148438 15.007812 26.703125     -0.955761 0.294145 -0.294145 -0.955761     11.312376 11.312376 2.609912
532.405029 149.485001     199.437500 -53.734375 29.460938     -0.955761 0.294145 -0.294145 -0.955761     11.312376 11.312376 5.754062
127.002052 180.073929     70.750000 -61.804688 87.664062     0.109041 -0.994037 0.994037 0.109041     14.874836 14.874836 2.651049
127.002052 180.073929     1302.562500 -412.578125 141.765625     0.109041 -0.994037 0.994037 0.109041     14.874836 14.874836 4.641015
489.087585 345.298035     2618.000000 487.390625 784.816406     -0.808423 0.588603 -0.588603 -0.808423     41.553005 41.553005 1.155337
489.087585 345.298035     85.468750 -129.160156 216.063477     -0.808423 0.588603 -0.588603 -0.808423     41.553005 41.553005 4.974949
97.508347 324.848907     1790.581055 444.038086 11057.136719     0.333943 -0.942593 0.942593 0.333943     39.068360 39.068360 2.690414
507.431763 127.516777     63.875000 -0.996094 48.250000     -0.817519 0.575901 -0.575901 -0.817519     24.756683 24.756683 1.448423
507.431763 127.516777     95.703125 -86.304688 87.984375     -0.817519 0.575901 -0.575901 -0.817519     24.756683 24.756683 5.241658
480.138153 187.835526     1679.515625 -497.125000 254.763672     -0.970686 0.240352 -0.240352 -0.970686     31.708476 31.708476 4.747865
480.138153 187.835526     151.437500 -136.312500 127.821289     -0.970686 0.240352 -0.240352 -0.970686     31.708476 31.708476 5.475058
376.777588 101.486717     24.781250 17.585938 25.605469     -0.932918 0.360090 -0.360090 -0.932918     99.010433 99.010433 1.724453
376.777588 101.486717     3320.312500 -2339.921875 1993.781250     -0.932918 0.360090 -0.360090 -0.932918     99.010433 99.010433 4.796883
113.308273 244.501877     66.562500 -34.826172 92.206543     0.097363 -0.995249 0.995249 0.097363     22.709504 22.709504 3.326814
532.331848 149.527267     683.922852 -73.578125 29.375000     -0.953035 0.302859 -0.302859 -0.953035     11.499340 11.499340 2.652073
486.045074 199.344009     289.281250 -171.562500 110.564453     -0.976382 0.216053 -0.216053 -0.976382     46.457490 46.457490 4.698885
559.789978 254.041092     1631.218750 -479.640625 272.642578     0.440655 -0.897677 0.897677 0.440655     47.666854 47.666854 1.021575
559.789978 254.041092     55.718750 24.281250 29.609375     0.440655 -0.897677 0.897677 0.440655     47.666854 47.666854 2.033189
96.526833 324.397217     83.187500 -128.339844 221.828125     0.338643 -0.940915 0.940915 0.338643     40.533566 40.533566 2.638418
445.610077 238.228119     69.328125 -69.984375 122.535156     0.636522 -0.771259 0.771259 0.636522     26.923741 26.923741 1.357330
112.509148 243.920731     1699.736328 541.090820 13419.085938     0.063668 -0.997971 0.997971 0.063668     25.215103 25.215103 3.415375
523.430603 356.612183     225.937500 11.710938 9.582031     -0.759448 0.650568 -0.650568 -0.759448     57.456078 57.456078 4.314708
478.711365 169.446060     1197.726562 -194.351562 367.726562     -0.981577 0.191067 -0.191067 -0.981577     10.460855 10.460855 1.658420
478.711365 169.446060     165.375000 -161.949219 168.820312     -0.981577 0.191067 -0.191067 -0.981577     10.460855 10.460855 4.661767
113.354980 180.255417     1072.250000 -386.156250 153.761719     0.027962 -0.999609 0.999609 0.027962     15.451938 15.451938 5.566743
113.354980 180.255417     67.825500 -18.721680 38.187500     0.027962 -0.999609 0.999609 0.027962     15.451938 15.451938 6.402205
508.722321 126.158951     831.031250 -883.972656 1476.746582     -0.810453 0.585803 -0.585803 -0.810453     25.292529 25.292529 1.448313
508.722321 126.158951     67.031250 -4.234375 48.802734     -0.810453 0.585803 -0.585803 -0.810453     25.292529 25.292529 5.255850
126.769943 180.079773     69.203125 -73.265625 136.029297     0.108109 -0.994139 0.994139 0.108109     15.552451 15.552451 2.676641
126.769943 180.079773     3571.156250 -1872.453125 1304.968750     0.108109 -0.994139 0.994139 0.108109     15.552451 15.552451 3.130390
533.685852 149.927200     363.125000 -96.117188 41.455078     -0.966302 0.257410 -0.257410 -0.966302     14.338925 14.338925 2.507061
533.685852 149.927200     888.171875 -199.921875 1000.062500     -0.966302 0.257410 -0.257410 -0.966302     14.338925 14.338925 5.642783
574.182678 107.860580     546.632812 -444.097656 457.755859     -0.756287 0.654240 -0.654240 -0.756287     5.064440 5.064440 1.606873
411.485840 239.240570     83.875000 -129.382812 225.134766     0.180927 -0.983496 0.983496 0.180927     16.985341 16.985341 1.189803
486.813293 346.182037     1552.656250 -465.539062 319.814453     -0.820849 0.571146 -0.571146 -0.820849     43.449813 43.449813 1.129222
486.813293 346.182037     40.609375 -26.968750 27.796875     -0.820849 0.571146 -0.571146 -0.820849     43.449813 43.449813 4.989261
473.813171 211.280243     68.921875 -74.726562 150.021484     -0.905705 0.423908 -0.423908 -0.905705     64.531151 64.531151 1.783216
473.813171 211.280243     294.968750 -181.601562 121.993164     -0.905705 0.423908 -0.423908 -0.905705     64.531151 64.531151 4.389516
559.439575 251.532288     63.562500 26.843750 32.183594     0.249068 -0.968486 0.968486 0.249068     50.407626 50.407626 2.083316
559.439575 251.532288     82.812500 -128.757812 229.454102     0.249068 -0.968486 0.968486 0.249068     50.407626 50.407626 5.339076
122.050705 180.251175     1806.395508 -271.334961 14207.179688     0.132796 -0.991143 0.991143 0.132796     33.163258 33.163258 2.911897
100.316986 299.464111     83.574219 -8.324219 24.183594     0.219243 -0.975670 0.975670 0.219243     40.085462 40.085462 4.726952
598.586548 189.279160     3898.421875 -2528.187500 2046.218750     -0.850816 -0.525463 0.525463 -0.850816     14.889957 14.889957 1.533512
497.771301 143.941711     2167.078125 318.046875 1568.285156     -0.925762 0.378106 -0.378106 -0.925762     13.597123 13.597123 2.151803
125.072395 393.082031     27.906250 21.601562 32.222656     -0.991324 0.131443 -0.131443 -0.991324     16.646515 16.646515 0.870747
509.957306 124.300713     232.406250 11.640625 10.791016     -0.803445 0.595379 -0.595379 -0.803445     27.879742 27.879742 1.469700
509.957306 124.300713     528.812500 -209.414062 84.471863     -0.803445 0.595379 -0.595379 -0.803445     27.879742 27.879742 5.286614
554.965698 101.642159     370.875000 -99.664062 44.048828     0.608954 -0.793205 0.793205 0.608954     5.690005 5.690005 4.723598
481.158966 187.456650     1046.562500 -1009.113281 1529.319336     -0.969738 0.244147 -0.244147 -0.969738     31.490148 31.490148 4.750994
481.158966 187.456650     337.468750 -180.210938 133.591797     -0.969738 0.244147 -0.244147 -0.969738     31.490148 31.490148 5.466978
409.634552 235.923508     580.968750 -231.854492 94.318298     0.150677 -0.988583 0.988583 0.150677     20.793040 20.793040 1.050472
479.696655 169.316193     102.218750 -121.898438 150.360352     -0.981671 0.190581 -0.190581 -0.981671     10.739474 10.739474 1.666696
479.696655 169.316193     888.250000 -220.343750 1021.695312     -0.981671 0.190581 -0.190581 -0.981671     10.739474 10.739474 4.663948
69.348038 370.691162     101.519531 -60.042969 43.695312     -0.833942 0.551852 -0.551852 -0.833942     19.221386 19.221386 1.695843
69.348038 370.691162     79.171875 -56.843750 233.578125     -0.833942 0.551852 -0.551852 -0.833942     19.221386 19.221386 2.564180
612.730042 161.600754     89.781250 35.901611 23.578777     -0.992853 -0.119341 0.119341 -0.992853     11.896533 11.896533 1.767316
484.401917 178.234726     422.781250 -84.773438 149.378906     -0.978640 0.205581 -0.205581 -0.978640     17.904401 17.904401 4.729387
236.990479 209.673019     408.500000 53.729004 31.946602     -0.847968 0.530047 -0.530047 -0.847968     10.302646 10.302646 1.594036
236.990479 209.673019     599.078125 -224.684570 118.896790     -0.847968 0.530047 -0.530047 -0.847968     10.302646 10.302646 3.472050
121.080956 177.300827     107.156250 -123.660156 232.132812     0.077421 -0.996999 0.996999 0.077421     34.813265 34.813265 2.976064
515.007874 230.132507     1054.250000 -1049.257812 1801.322754     -0.967229 -0.253907 0.253907 -0.967229     115.325721 115.325721 1.654115
515.007874 230.132507     77.328125 -55.343750 280.689453     -0.967229 -0.253907 0.253907 -0.967229     115.325721 115.325721 4.556753
501.014465 161.795013     4503.640625 -2704.062500 2090.968750     -0.966332 0.257300 -0.257300 -0.966332     18.732504 18.732504 1.787437
501.014465 161.795013     228.500000 -14.179688 2.849609     -0.966332 0.257300 -0.257300 -0.966332     18.732504 18.732504 4.755885
592.175171 120.620438     12781.593750 -4587.613281 2286.512695     -0.882875 0.469607 -0.469607 -0.882875     5.585916 5.585916 1.581721
574.799988 107.143478     4738.656250 677.564453 2102.956787     -0.753179 0.657815 -0.657815 -0.753179     5.398017 5.398017 1.609418
598.283447 188.831207     1838.049316 -428.122070 13470.531250     -0.855698 -0.517476 0.517476 -0.855698     15.379495 15.379495 1.546881
492.191010 360.196808     14415.875000 -3356.796875 3678.226562     -0.828155 0.560499 -0.560499 -0.828155     61.959606 61.959606 4.249577
93.891472 306.912537     249.250000 11.796875 11.513672     0.231339 -0.972873 0.972873 0.231339     50.294282 50.294282 1.475090
93.891472 306.912537     681.187500 -139.060547 1166.581055     0.231339 -0.972873 0.972873 0.231339     50.294282 50.294282 4.704235
516.309692 359.967346     31.218750 -25.843750 39.054688     -0.788222 0.615390 -0.615390 -0.788222     64.970438 64.970438 1.826717
516.309692 359.967346     232.843750 82.562500 49.273438     -0.788222 0.615390 -0.615390 -0.788222     64.970438 64.970438 4.272291
502.714935 162.304443     947.656250 -465.531250 1456.304688     -0.969942 0.243337 -0.243337 -0.969942     22.589862 22.589862 4.783736
400.942871 256.595245     43.875000 -28.726562 29.812500     0.631649 -0.775255 0.775255 0.631649     9.263707 9.263707 0.626492
400.942871 256.595245     4936.468750 -2040.796875 1254.500000     0.631649 -0.775255 0.775255 0.631649     9.263707 9.263707 3.709490
511.667175 122.329803     13781.734375 -4386.554688 9462.921875     -0.794704 0.606997 -0.606997 -0.794704     28.494803 28.494803 1.478381
606.341675 161.019440     24.656555 18.583740 130.609375     -0.997929 -0.064332 0.064332 -0.997929     11.722933 11.722933 1.676805
394.260376 242.845276     445.000000 -109.156250 201.314453     0.327692 -0.944785 0.944785 0.327692     19.648471 19.648471 1.276056
394.260376 242.845276     80.750000 -39.781250 63.492188     0.327692 -0.944785 0.944785 0.327692     19.648471 19.648471 4.017863
580.729980 215.904999     81.984375 -121.609375 197.777344     -0.697300 -0.716779 0.716779 -0.697300     11.416806 11.416806 1.354168
93.156403 306.097900     1898.270020 -550.137695 13097.007812     0.229026 -0.973420 0.973420 0.229026     52.106293 52.106293 1.470319
93.156403 306.097900     90.343750 80.312500 88.199219     0.229026 -0.973420 0.973420 0.229026     52.106293 52.106293 4.700581
483.658905 178.288635     300.281250 67.109375 17.960938     -0.978749 0.205064 -0.205064 -0.978749     17.747265 17.747265 4.726966
534.628174 52.118309     941.578125 -578.226562 1788.722656     0.528149 -0.849152 0.849152 0.528149     27.307169 27.307169 2.129250
620.379089 133.823883     660.000000 9.863281 2264.628906     -0.963818 0.266560 -0.266560 -0.963818     15.654173 15.654173 0.724348
592.648376 120.099998     73.570312 44.421875 58.906250     -0.878788 0.477213 -0.477213 -0.878788     6.955100 6.955100 1.595824
556.185791 99.288536     528.476562 -441.167969 539.480469     0.587499 -0.809225 0.809225 0.587499     7.107206 7.107206 4.722217
503.407990 141.898773     13238.828125 -3421.093750 12930.777344     -0.932880 0.360186 -0.360186 -0.932880     14.694790 14.694790 2.180729
503.407990 141.898773     241.531250 86.039062 53.664062     -0.932880 0.360186 -0.360186 -0.932880     14.694790 14.694790 5.278588
482.043823 187.097931     5.214844 -2.632812 87.187500     -0.970004 0.243087 -0.243087 -0.970004     31.043350 31.043350 2.275248
482.043823 187.097931     125.625000 111.617188 116.625000     -0.970004 0.243087 -0.243087 -0.970004     31.043350 31.043350 4.765279
501.024811 162.942093     296.562500 66.898438 18.476562     -0.968441 0.249243 -0.249243 -0.968441     22.948179 22.948179 4.789311
406.523376 243.330215     49.023438 16.945312 28.945312     0.293786 -0.955871 0.955871 0.293786     23.002562 23.002562 1.067308
406.523376 243.330215     46.562500 -28.984375 30.140625     0.293786 -0.955871 0.955871 0.293786     23.002562 23.002562 4.040407
338.282043 265.259186     161.390625 193.843750 288.609375     -0.946824 -0.321752 0.321752 -0.946824     58.771327 58.771327 0.876491
338.282043 265.259186     6299.531250 -2103.437500 1187.328125     -0.946824 -0.321752 0.321752 -0.946824     58.771327 58.771327 1.854144
491.950409 156.202484     115.546875 -66.605469 47.652344     -0.953574 0.301160 -0.301160 -0.953574     10.774317 10.774317 2.117296
491.950409 156.202484     78.769531 -52.695312 138.839844     -0.953574 0.301160 -0.301160 -0.953574     10.774317 10.774317 5.205860
92.016647 300.958282     136.593750 121.789062 127.828125     0.198473 -0.980106 0.980106 0.198473     57.319770 57.319770 1.480481
92.016647 300.958282     260.312500 76.742188 82.171875     0.198473 -0.980106 0.980106 0.198473     57.319770 57.319770 4.708701
597.696350 188.428970     108.546875 -37.449219 66.554688     -0.858999 -0.511977 0.511977 -0.858999     16.291748 16.291748 1.516851
557.546936 96.145630     93.101562 -8.468750 27.226562     0.536481 -0.843912 0.843912 0.536481     10.082501 10.082501 4.725594
535.088989 52.201405     187.562500 111.601562 70.343750     0.555106 -0.831780 0.831780 0.555106     28.104947 28.104947 2.116277
495.600006 150.983994     5.777344 -2.675781 85.722656     -0.946045 0.324035 -0.324035 -0.946045     11.334845 11.334845 2.073190
620.497314 133.312836     45.812500 -12.585938 16.511719     -0.961205 0.275836 -0.275836 -0.961205     16.506284 16.506284 0.769137
360.692535 204.571564     59.796875 18.953125 30.921875     0.146866 -0.989156 0.989156 0.146866     51.611183 51.611183 0.800852
575.099976 106.692307     122.953125 -70.289062 50.917969     -0.750091 0.661335 -0.661335 -0.750091     6.132089 6.132089 1.597940
479.108063 183.901428     6.460938 -3.246094 86.601562     -0.971871 0.235514 -0.235514 -0.971871     30.998972 30.998972 4.751478
605.824097 160.650604     50.554688 -55.214844 75.964844     -0.998514 -0.054494 0.054494 -0.998514     12.485385 12.485385 1.669284
124.071136 392.416992     161.875000 106.812500 150.105469     -0.991661 0.128872 -0.128872 -0.991661     18.520636 18.520636 0.815208
342.972015 263.315491     84.812500 -59.269531 67.162109     -0.999980 0.006257 -0.006257 -0.999980     69.376668 69.376668 1.073088
342.972015 263.315491     127.656250 -71.914062 53.558594     -0.999980 0.006257 -0.006257 -0.999980     69.376668 69.376668 2.118263
535.489380 52.251064     9.960938 -11.546875 103.550781     0.567679 -0.823250 0.823250 0.567679     28.463197 28.463197 2.116601
499.440796 161.666412     105.523438 -6.152344 29.171875     -0.967743 0.251940 -0.251940 -0.967743     26.372988 26.372988 4.781854
517.757568 112.669914     10.925781 -13.226562 106.613281     -0.731538 0.681801 -0.681801 -0.731538     40.924109 40.924109 1.543022
594.273682 118.478951     2133.182129 -501.931641 12572.996094     -0.865023 0.501732 -0.501732 -0.865023     9.905710 9.905710 0.831073
594.273682 118.478951     128.710938 -71.730469 56.054688     -0.865023 0.501732 -0.501732 -0.865023     9.905710 9.905710 1.600006
503.185089 141.914368     96.650391 -63.464844 152.003906     -0.935085 0.354422 -0.354422 -0.935085     15.033272 15.033272 2.179930
274.694611 278.706573     12.847656 -16.304688 110.902344     -0.846656 -0.532140 0.532140 -0.846656     18.700960 18.700960 3.814758
620.281616 133.059662     129.445312 -70.011719 57.121094     -0.960529 0.278181 -0.278181 -0.960529     16.776480 16.776480 0.760367
406.495087 176.235291     109.076172 -59.281250 153.570312     0.657430 -0.753516 0.753516 0.657430     18.459008 18.459008 2.733178
406.495087 176.235291     22.822266 -5.664062 14.890625     0.657430 -0.753516 0.753516 0.657430     18.459008 18.459008 4.115903
492.054413 151.744904     27.857422 -8.070312 17.000000     -0.952642 0.304093 -0.304093 -0.952642     14.277428 14.277428 2.098947
492.054413 151.744904     156.792969 -59.523438 43.453125     -0.952642 0.304093 -0.304093 -0.952642     14.277428 14.277428 5.254177
514.522583 229.231354     14.453125 -17.320312 116.656250     -0.970293 -0.241934 0.241934 -0.970293     115.894846 115.894846 1.659651
514.522583 229.231354     375.289062 -58.667969 28.640625     -0.970293 -0.241934 0.241934 -0.970293     115.894846 115.894846 4.564876
558.021790 94.760216     115.457031 -50.042969 162.820312     0.523844 -0.851814 0.851814 0.523844     11.057982 11.057982 4.724245
441.483398 116.464455     42.886719 -120.335938 812.570312     -0.997990 0.063365 -0.063365 -0.997990     31.237506 31.237506 0.922906
392.958893 283.013702     124.942383 59.831116 37.469666     -0.722729 0.691132 -0.691132 -0.722729     10.508067 10.508067 0.937833
392.958893 283.013702     61.716797 -10.679688 47.015625     -0.722729 0.691132 -0.691132 -0.722729     10.508067 10.508067 1.984406
492.118927 170.085129     23.945312 -24.751953 93.103516     -0.953956 0.299948 -0.299948 -0.953956     44.651051 44.651051 4.800767
492.118927 170.085129     56.031250 -134.085938 858.605469     -0.953956 0.299948 -0.299948 -0.953956     44.651051 44.651051 5.498918
576.218140 105.268456     292.214355 166.117920 108.631226     -0.736988 0.675906 -0.675906 -0.736988     7.538555 7.538555 1.569544
580.562500 215.727676     69.515625 -139.074219 883.417969     -0.698775 -0.715342 0.715342 -0.698775     12.407761 12.407761 1.351680
512.233398 362.408203     79.896484 -68.419922 136.128906     -0.797719 0.603029 -0.603029 -0.797719     67.490635 67.490635 4.267362
535.728516 52.265774     1353.669922 800.909668 493.602478     0.572058 -0.820213 0.820213 0.572058     29.257954 29.257954 2.148830
279.831696 219.018158     1173.335938 -573.958984 350.222656     -0.727810 0.685778 -0.685778 -0.727810     22.236529 22.236529 1.487973
279.831696 219.018158     12.064453 -4.414062 167.812500     -0.727810 0.685778 -0.685778 -0.727810     22.236529 22.236529 4.604052
406.470764 243.307800     1201.839844 -588.914062 359.974609     0.290403 -0.956904 0.956904 0.290403     23.199037 23.199037 1.054440
406.470764 243.307800     158.490234 -8.535156 10.421875     0.290403 -0.956904 0.956904 0.290403     23.199037 23.199037 4.000740
122.370781 391.828918     272.029175 -61.412109 72.718750     -0.993893 0.110347 -0.110347 -0.993893     20.722483 20.722483 0.725057
595.162292 117.534607     1086.953125 -154.964844 161.968750     -0.854970 0.518678 -0.518678 -0.854970     11.458607 11.458607 0.816149
492.089172 167.937683     1737.888672 1069.182129 713.083862     -0.953123 0.302583 -0.302583 -0.953123     49.371672 49.371672 4.810583
597.408386 187.970291     4391.724609 -1560.957031 817.484375     -0.858354 -0.513058 0.513058 -0.858354     17.484045 17.484045 1.510549
558.394226 93.747597     1363.683594 -531.718750 970.097656     0.512231 -0.858848 0.858848 0.512231     11.598674 11.598674 4.725981
407.007690 174.038467     2230.710938 1422.109375 2654.761230     0.567746 -0.823204 0.823204 0.567746     20.651693 20.651693 0.324526
407.007690 174.038467     4029.949219 -1329.902344 895.703125     0.567746 -0.823204 0.823204 0.567746     20.651693 20.651693 2.013773
605.506348 160.392410     3406.617188 -2195.996094 18392.972656     -0.998547 -0.053892 0.053892 -0.998547     13.462437 13.462437 1.665442
356.972107 260.015747     185.695312 -116.628906 82.537109     -0.976117 0.217245 -0.217245 -0.976117     81.058940 81.058940 1.250429
356.972107 260.015747     34.402344 16.054688 25.351562     -0.976117 0.217245 -0.217245 -0.976117     81.058940 81.058940 4.054575
578.138611 102.532608     4437.603516 -3319.992188 18727.218750     0.703336 -0.710857 0.710857 0.703336     10.201487 10.201487 4.667915
495.627899 144.433411     99.625000 -45.914062 41.970703     -0.939517 0.342503 -0.342503 -0.939517     16.217283 16.217283 2.240067
524.628906 90.337418     62.531250 -31.187500 22.734375     0.573119 -0.819472 0.819472 0.573119     65.644794 65.644794 4.884662
441.346771 116.943550     6933.378906 -5085.906250 18068.589844     -0.976449 0.215750 -0.215750 -0.976449     31.133735 31.133735 1.069772
407.135406 173.027771     91.250000 -62.808594 47.443359     0.540860 -0.841112 0.841112 0.540860     21.150549 21.150549 0.678756
407.135406 173.027771     156.812500 202.648438 291.656250     0.540860 -0.841112 0.841112 0.540860     21.150549 21.150549 1.862479
479.835754 364.317383     121.562500 -87.597656 68.583984     -0.871127 0.491058 -0.491058 -0.871127     71.074322 71.074322 4.210057
615.132080 133.518875     45.593750 -42.007812 84.242188     -0.963949 0.266087 -0.266087 -0.963949     17.383648 17.383648 0.861166
358.745453 242.910736     174.000000 -95.625000 62.250000     0.604366 -0.796707 0.796707 0.604366     122.124651 122.124651 1.224850
342.354797 149.179291     577.593750 404.335938 385.136719     -0.741474 0.670982 -0.670982 -0.741474     33.638473 33.638473 1.512039
342.354797 149.179291     55.390625 -45.605469 44.722656     -0.741474 0.670982 -0.670982 -0.741474     33.638473 33.638473 4.605339
558.472351 93.057449     245.421875 -54.812500 26.742188     0.510317 -0.859986 0.859986 0.510317     11.989782 11.989782 4.736176
493.220642 164.478516     226.156250 214.226562 479.394531     -0.948154 0.317811 -0.317811 -0.948154     57.587851 57.587851 4.868322
489.882355 202.357849     7396.476562 -4845.175781 17363.484375     -0.784574 0.620035 -0.620035 -0.784574     11.458607 11.458607 4.160957
407.307922 172.054871     198.218750 -278.156250 547.875000     0.511397 -0.859345 0.859345 0.511397     22.252034 22.252034 0.652642
407.307922 172.054871     256.812500 -140.156250 90.015625     0.511397 -0.859345 0.859345 0.511397     22.252034 22.252034 2.028378
596.476440 116.114876     539.906250 378.515625 362.289062     -0.845570 0.533864 -0.533864 -0.845570     12.188331 12.188331 0.887230
596.836304 187.320801     262.250000 -234.171875 305.125000     -0.867354 -0.497692 0.497692 -0.867354     18.433809 18.433809 1.563784
558.774109 92.283783     222.210938 -163.226562 136.102539     0.502573 -0.864535 0.864535 0.502573     12.698250 12.698250 4.747187
233.584564 249.382355     574.062500 397.867188 369.257812     -0.990677 0.136228 -0.136228 -0.990677     21.599498 21.599498 0.589658
233.584564 249.382355     261.281250 -224.812500 298.312500     -0.990677 0.136228 -0.136228 -0.990677     21.599498 21.599498 2.060555
506.502167 364.490051     401.890625 -373.535156 377.552734     -0.819744 0.572730 -0.572730 -0.819744     75.279236 75.279236 4.237380
580.078430 215.113724     245.093750 -56.187500 31.472656     -0.671039 -0.741422 0.741422 -0.671039     13.007527 13.007527 1.314566
605.003784 160.047440     72.312500 85.222656 111.781296     -0.998631 -0.052310 0.052310 -0.998631     14.358635 14.358635 1.674232
407.535004 23.090000     811.750000 -129.250000 729.214844     -0.929432 0.368993 -0.368993 -0.929432     5.194852 5.194852 1.441147
614.212708 133.339783     24.203125 18.246094 130.716797     -0.962742 0.270421 -0.270421 -0.962742     18.030683 18.030683 0.857634
521.885559 91.715187     393.812500 -222.296875 143.312500     0.619421 -0.785059 0.785059 0.619421     71.202527 71.202527 4.775730
597.572815 118.659729     148.093750 -167.445312 212.929688     -0.863814 0.503810 -0.503810 -0.863814     24.017419 24.017419 0.504143
597.572815 118.659729     249.203125 -59.445312 33.910156     -0.863814 0.503810 -0.503810 -0.863814     24.017419 24.017419 1.623075
372.101440 27.921740     998.968750 -1029.031250 1169.523438     -0.843787 0.536678 -0.536678 -0.843787     12.592606 12.592606 0.454357
405.172424 23.974138     65.375000 -42.867188 112.993164     -0.928430 0.371507 -0.371507 -0.928430     5.589497 5.589497 1.427465
566.084900 100.202827     413.796875 -377.324219 401.160156     0.634931 -0.772569 0.772569 0.634931     6.422963 6.422963 4.666039
360.692688 242.024628     606.312500 422.406250 413.722656     0.595896 -0.803062 0.803062 0.595896     121.145169 121.145169 1.189549
236.762863 209.619995     235.781250 -224.652344 225.609375     -0.846713 0.532050 -0.532050 -0.846713     10.991504 10.991504 1.572723
236.762863 209.619995     798.093750 -120.054688 751.917969     -0.846713 0.532050 -0.532050 -0.846713     10.991504 10.991504 3.465103
408.434448 173.674164     447.625000 -265.812500 181.468750     0.312035 -0.950071 0.950071 0.312035     35.002512 35.002512 0.953189
408.434448 173.674164     27.890625 27.757812 154.654297     0.312035 -0.950071 0.950071 0.312035     35.002512 35.002512 1.901281
378.883362 28.124626     443.726562 -391.421875 433.488281     -0.930093 0.367325 -0.367325 -0.930093     24.713660 24.713660 5.592900
560.402222 94.806931     13.996361 -11.032959 80.882812     0.523923 -0.851766 0.851766 0.523923     25.092359 25.092359 0.589067
560.402222 94.806931     983.062500 306.578125 322.949219     0.523923 -0.851766 0.851766 0.523923     25.092359 25.092359 4.740332
522.248413 85.891281     259.015625 -249.695312 254.457031     0.576463 -0.817124 0.817124 0.576463     79.742980 79.742980 0.863675
522.248413 85.891281     275.687500 -456.671875 1161.359375     0.576463 -0.817124 0.817124 0.576463     79.742980 79.742980 4.724150
408.132507 171.911667     96.265625 -4.824219 36.263672     0.246652 -0.969104 0.969104 0.246652     35.786252 35.786252 0.979286
408.132507 171.911667     21.828125 -16.953125 37.574219     0.246652 -0.969104 0.969104 0.246652     35.786252 35.786252 1.854341
579.729187 214.538193     472.164062 -386.582031 418.099609     -0.679437 -0.733734 0.733734 -0.679437     13.604781 13.604781 1.305311
500.520874 366.408051     74.437500 82.812500 112.242188     -0.838873 0.544327 -0.544327 -0.838873     82.530396 82.530396 4.212573
500.520874 366.408051     175.437500 -171.574219 214.100586     -0.838873 0.544327 -0.544327 -0.838873     82.530396 82.530396 4.887772
606.560669 146.941422     22.453125 -6.359375 825.671875     -0.998047 0.062471 -0.062471 -0.998047     6.303310 6.303310 1.585228
604.483643 159.917389     44.303902 -41.799927 111.185547     -0.998777 -0.049440 0.049440 -0.998777     14.877061 14.877061 0.715511
604.483643 159.917389     327.218750 -316.894531 322.882812     -0.998777 -0.049440 0.049440 -0.998777     14.877061 14.877061 1.649291
470.483185 206.457977     51.628983 -18.152344 74.648438     0.651963 -0.758251 0.758251 0.651963     13.498252 13.498252 2.547007
590.476746 184.967896     27.831436 3.727905 99.978516     -0.933668 -0.358140 0.358140 -0.933668     18.880608 18.880608 1.157058
590.476746 184.967896     122.375000 105.400879 119.769608     -0.933668 -0.358140 0.358140 -0.933668     18.880608 18.880608 1.754036
364.612457 238.978622     99.218750 -159.410156 375.980469     0.510181 -0.860067 0.860067 0.510181     116.610694 116.610694 1.346873
490.230103 202.225662     209.718750 -174.496094 191.643555     -0.786685 0.617355 -0.617355 -0.786685     12.132656 12.132656 1.176711
490.230103 202.225662     21.940735 -10.374023 101.546875     -0.786685 0.617355 -0.617355 -0.786685     12.132656 12.132656 4.164795
465.036316 367.349182     49.218750 0.085938 17.003906     -0.913735 0.406311 -0.406311 -0.913735     83.827712 83.827712 1.035554
465.036316 367.349182     23.528694 -15.128174 78.691406     -0.913735 0.406311 -0.406311 -0.913735     83.827712 83.827712 4.140610
377.833344 102.183334     30.656250 37.394531 136.709229     -0.997225 0.074441 -0.074441 -0.997225     17.133988 17.133988 0.901936
377.833344 102.183334     155.062500 -184.164062 315.848633     -0.997225 0.074441 -0.074441 -0.997225     17.133988 17.133988 2.432417
398.324677 115.350647     253.937500 25.175781 50.634766     -0.909093 -0.416594 0.416594 -0.909093     17.601093 17.601093 0.574159
398.324677 115.350647     55.141327 -18.300293 96.234375     -0.909093 -0.416594 0.416594 -0.909093     17.601093 17.601093 3.648111
280.117920 219.089554     42.669174 -87.550293 424.183594     -0.778453 0.627702 -0.627702 -0.778453     25.221991 25.221991 1.446045
280.117920 219.089554     107.874512 -61.207031 172.882812     -0.778453 0.627702 -0.627702 -0.778453     25.221991 25.221991 2.946683
341.197418 178.545059     71.968750 -89.957031 193.946777     0.533921 -0.845534 0.845534 0.533921     10.254583 10.254583 4.323405
575.517883 210.250595     20647.906250 -4556.082031 15426.242188     -0.711811 -0.702371 0.702371 -0.711811     13.463822 13.463822 1.489931
590.930908 170.527267     1402.546875 237.265625 309.222656     -0.975483 -0.220076 0.220076 -0.975483     7.557531 7.557531 4.402745
366.956268 234.419785     37.875000 -4.351562 84.371094     0.452247 -0.891893 0.891893 0.452247     114.584904 114.584904 1.394976
311.785431 302.234833     474.875000 -30.574219 57.773438     -0.762513 -0.646973 0.646973 -0.762513     20.727070 20.727070 2.178853
341.804321 152.665497     14.422974 -29.654297 101.109375     0.702684 -0.711502 0.711502 0.702684     43.344191 43.344191 4.645471
589.135559 184.034897     37.495361 15.990723 79.984375     -0.932045 -0.362343 0.362343 -0.932045     20.232690 20.232690 1.136636
589.135559 184.034897     7.732544 -6.314453 50.789062     -0.932045 -0.362343 0.362343 -0.932045     20.232690 20.232690 1.657547
194.259995 237.869995     455.468750 -233.398438 162.958984     0.032069 -0.999486 0.999486 0.032069     10.192644 10.192644 1.496419
194.259995 237.869995     161.145416 188.026367 6001.269531     0.032069 -0.999486 0.999486 0.032069     10.192644 10.192644 3.247581
573.487976 208.194778     27.837158 -8.864258 46.523438     -0.721209 -0.692718 0.692718 -0.721209     13.809310 13.809310 1.524358
590.614136 170.334412     164.078125 -106.523438 108.406250     -0.974968 -0.222347 0.222347 -0.974968     8.074950 8.074950 1.862118
590.614136 170.334412     103.125000 -122.414062 225.637695     -0.974968 -0.222347 0.222347 -0.974968     8.074950 8.074950 4.364553
274.330658 278.749329     42.265625 -7.843750 88.070312     -0.868822 -0.495124 0.495124 -0.868822     19.763418 19.763418 3.858355
490.440002 202.231995     22426.195312 -5181.238281 15028.988281     -0.797672 0.603091 -0.603091 -0.797672     12.906921 12.906921 1.167962
490.440002 202.231995     7.121582 -10.683594 64.283203     -0.797672 0.603091 -0.603091 -0.797672     12.906921 12.906921 4.134281
302.380646 287.549988     10.500000 -3.832031 63.000000     -0.586605 -0.809873 0.809873 -0.586605     20.614908 20.614908 1.801605
452.191284 369.060913     252.207703 -53.439453 6559.320312     -0.941320 0.337516 -0.337516 -0.941320     93.652655 93.652655 1.046655
452.191284 369.060913     56.953766 -12.924805 19.453125     -0.941320 0.337516 -0.337516 -0.941320     93.652655 93.652655 4.149939
236.033768 209.745453     7.394531 -11.786133 68.333984     -0.852672 0.522447 -0.522447 -0.852672     11.770718 11.770718 1.599201
236.033768 209.745453     27.189209 -5.814453 53.632812     -0.852672 0.522447 -0.522447 -0.852672     11.770718 11.770718 3.409211
157.917984 247.478836     275.639954 -108.737793 6551.644531     0.502400 -0.864635 0.864635 0.502400     31.225816 31.225816 0.818443
157.917984 247.478836     26.691406 -13.925781 111.648438     0.502400 -0.864635 0.864635 0.502400     31.225816 31.225816 4.179404
572.489258 206.925003     17.423828 -1.076172 57.500000     -0.719710 -0.694275 0.694275 -0.719710     14.472268 14.472268 1.559580
589.092773 179.524719     40.227539 -2.867188 35.953125     -0.937440 -0.348146 0.348146 -0.937440     32.967353 32.967353 0.955951
589.092773 179.524719     6.031250 -4.827148 63.304688     -0.937440 -0.348146 0.348146 -0.937440     32.967353 32.967353 2.348215
280.268829 219.500000     81.931854 -36.050781 40.562500     -0.862855 0.505451 -0.505451 -0.862855     30.058297 30.058297 2.708665
280.268829 219.500000     23739.867188 -6087.246094 15116.226562     -0.862855 0.505451 -0.505451 -0.862855     30.058297 30.058297 5.823244
232.815308 249.103165     27.107910 -29.343750 297.679688     -0.992094 0.125500 -0.125500 -0.992094     23.013996 23.013996 0.493137
232.815308 249.103165     354.398926 -175.100586 6219.027344     -0.992094 0.125500 -0.125500 -0.992094     23.013996 23.013996 2.062330
575.622009 192.542953     28.196533 -27.285156 351.382812     -0.855847 -0.517229 0.517229 -0.855847     7.660198 7.660198 1.708192
194.013519 237.905411     17.208008 -0.500000 56.664062     0.033414 -0.999442 0.999442 0.033414     10.732179 10.732179 1.492811
194.013519 237.905411     31786.562500 -5706.246094 13839.472656     0.033414 -0.999442 0.999442 0.033414     10.732179 10.732179 3.230346
508.778290 204.791855     100.645508 -22.164062 49.886719     -0.937691 0.347471 -0.347471 -0.937691     15.489332 15.489332 2.439193
508.778290 204.791855     27.766602 20.494141 39.617188     -0.937691 0.347471 -0.347471 -0.937691     15.489332 15.489332 4.057282
274.917053 278.931274     29.877930 20.056641 40.218750     -0.896093 -0.443867 0.443867 -0.896093     20.881992 20.881992 3.918944
572.402100 206.236725     8.622070 6.572266 75.710938     -0.724419 -0.689360 0.689360 -0.724419     16.485015 16.485015 1.591860
235.615021 209.657272     8.766602 8.611328 113.046875     -0.853239 0.521519 -0.521519 -0.853239     12.692622 12.692622 1.601393
235.615021 209.657272     10.101562 7.150391 78.273438     -0.853239 0.521519 -0.521519 -0.853239     12.692622 12.692622 3.418987
193.695648 238.146240     14.093750 9.939453 104.632812     0.040406 -0.999183 0.999183 0.040406     11.321476 11.321476 3.229190
275.592102 173.052628     32990.648438 -5733.648438 13373.703125     0.622799 -0.782382 0.782382 0.622799     11.562495 11.562495 0.704052
574.012878 201.616730     61.863052 -19.413071 142.120392     -0.726296 -0.687382 0.687382 -0.726296     31.505062 31.505062 1.638961
574.012878 201.616730     34158.023438 -6158.156250 13562.156250     -0.726296 -0.687382 0.687382 -0.726296     31.505062 31.505062 2.047955
278.653992 171.910034     98.281250 -38.968750 140.328125     -0.757389 0.652964 -0.652964 -0.757389     18.036156 18.036156 3.143765
278.653992 171.910034     0.125000 -4.687500 6104.382812     -0.757389 0.652964 -0.652964 -0.757389     18.036156 18.036156 5.665008
235.300201 209.306412     3521.953125 -638.280273 116.565674     -0.853809 0.520587 -0.520587 -0.853809     14.023039 14.023039 1.589728
235.300201 209.306412     22.906250 49.015625 5724.820312     -0.853809 0.520587 -0.520587 -0.853809     14.023039 14.023039 3.389159
193.101639 239.134430     162.843750 -171.218750 184.812500     0.120666 -0.992693 0.992693 0.120666     13.163837 13.163837 1.502052
193.101639 239.134430     2648.171875 267.500000 204.093750     0.120666 -0.992693 0.992693 0.120666     13.163837 13.163837 3.021326
231.617218 248.851639     456.365234 -128.084473 36.760986     -0.996810 0.079807 -0.079807 -0.996810     24.098877 24.098877 0.436630
231.617218 248.851639     1.656250 19.062500 2142.093750     -0.996810 0.079807 -0.079807 -0.996810     24.098877 24.098877 2.034870
192.820053 239.660767     421.593750 146.687500 51.640625     0.134450 -0.990920 0.990920 0.134450     13.598026 13.598026 1.494718
192.820053 239.660767     -0.156250 -12.812500 5600.375000     0.134450 -0.990920 0.990920 0.134450     13.598026 13.598026 2.920156
235.102890 208.815887     2313.750000 734.109375 239.625000     -0.852002 0.523539 -0.523539 -0.852002     15.573923 15.573923 3.381670
156.636429 247.638779     0.468750 -24.687500 5070.460938     0.547842 -0.836582 0.836582 0.547842     33.400173 33.400173 0.728257
156.636429 247.638779     2638.781250 -480.079102 114.660950     0.547842 -0.836582 0.836582 0.547842     33.400173 33.400173 2.470675
192.416016 239.953491     297.230469 -74.868286 20.530922     0.159840 -0.987143 0.987143 0.159840     14.377180 14.377180 1.485718
192.416016 239.953491     1108.937500 -1232.718750 8351.843750     0.159840 -0.987143 0.987143 0.159840     14.377180 14.377180 2.833389
234.724915 208.470871     163.062500 -169.562500 182.687500     -0.854082 0.520138 -0.520138 -0.854082     17.125941 17.125941 3.349537
155.320755 247.246674     439.078125 152.828125 60.406250     0.569494 -0.821996 0.821996 0.569494     37.109317 37.109317 0.673531
155.320755 247.246674     19.429688 12.054688 72.402344     0.569494 -0.821996 0.821996 0.569494     37.109317 37.109317 2.458269
174.388123 397.954346     596.289062 -134.140869 30.994904     -0.887005 0.461759 -0.461759 -0.887005     15.550750 15.550750 6.230235
174.314743 397.964142     0.625000 -22.375000 6823.703125     -0.882652 0.470028 -0.470028 -0.882652     16.038201 16.038201 6.245587
180.961151 396.147247     608.109375 214.484375 76.609375     -0.919112 0.393997 -0.393997 -0.919112     19.058529 19.058529 2.186215
180.961151 396.147247     317.875000 81.468750 26.218750     -0.919112 0.393997 -0.393997 -0.919112     19.058529 19.058529 4.686139
192.138168 239.665100     1573.015625 -425.760986 116.692505     0.162668 -0.986681 0.986681 0.162668     15.324889 15.324889 1.478054
192.138168 239.665100     2406.562500 -2076.406250 9678.312500     0.162668 -0.986681 0.986681 0.162668     15.324889 15.324889 2.817928
184.513519 137.005402     19.648438 10.765625 70.644531     -0.986714 0.162467 -0.162467 -0.986714     19.605054 19.605054 4.733536
184.513519 137.005402     258.140625 4.880859 9.732910     -0.986714 0.162467 -0.162467 -0.986714     19.605054 19.605054 5.442631
154.571243 246.655258     3529.085938 -640.250000 117.249268     0.534907 -0.844911 0.844911 0.534907     41.187946 41.187946 0.678368
154.571243 246.655258     541.914062 265.367188 404.199219     0.534907 -0.844911 0.844911 0.534907     41.187946 41.187946 2.523108
111.503494 367.842651     7.351562 66.132812 695.015625     0.315851 -0.948809 0.948809 0.315851     20.064776 20.064776 1.291853
113.451836 368.509186     567.625000 202.578125 74.140625     0.565135 -0.824998 0.824998 0.565135     25.208842 25.208842 0.994809
130.361954 255.386093     2694.937500 -431.362793 111.205765     0.150949 -0.988541 0.988541 0.150949     22.279099 22.279099 1.338123
130.361954 255.386093     573.843750 -128.405518 29.652771     0.150949 -0.988541 0.988541 0.150949     22.279099 22.279099 4.772452
115.946487 368.515045     22.218750 7.093750 39.531250     -0.885145 0.465315 -0.465315 -0.885145     28.954757 28.954757 3.702959
141.102127 150.395752     542.015625 153.062500 64.093750     0.305657 -0.952142 0.952142 0.305657     17.999685 17.999685 2.423028
141.102127 150.395752     1.000000 -19.953125 8297.125000     0.305657 -0.952142 0.952142 0.305657     17.999685 17.999685 4.304866
131.388336 254.773575     2246.781250 -1975.078125 9979.492188     0.160540 -0.987029 0.987029 0.160540     26.324874 26.324874 1.290383
131.388336 254.773575     23.242188 29.011719 142.285156     0.160540 -0.987029 0.987029 0.160540     26.324874 26.324874 4.769114
88.114555 16.253368     0.437500 17.125000 4272.914062     -0.861291 -0.508112 0.508112 -0.861291     14.672472 14.672472 5.062905
132.333145 254.729675     227.468750 47.601562 118.046875     0.163909 -0.986476 0.986476 0.163909     30.655413 30.655413 1.270121
132.333145 254.729675     351.656250 -13.427734 23.953613     0.163909 -0.986476 0.986476 0.163909     30.655413 30.655413 4.765785
144.454330 149.440277     134.093750 2.202637 26.102142     0.556734 -0.830691 0.830691 0.556734     26.255112 26.255112 2.152769
144.454330 149.440277     24.656250 12.921875 57.664062     0.556734 -0.830691 0.830691 0.556734     26.255112 26.255112 4.080935
115.555412 31.691366     12.015625 100.666016 878.226562     -0.858212 -0.513296 0.513296 -0.858212     17.182007 17.182007 4.879427
164.132355 140.657349     26.132812 59.738281 509.222656     -0.889585 0.456769 -0.456769 -0.889585     33.529090 33.529090 4.758094
180.933914 248.390808     8.156250 66.476562 666.484375     0.028307 -0.999599 0.999599 0.028307     15.549082 15.549082 1.519220
166.035843 139.739182     1603.554688 -433.416504 118.853577     -0.889240 0.457442 -0.457442 -0.889240     33.982000 33.982000 4.752040
114.678665 408.244202     62.875000 1.316406 8.357422     -0.998354 0.057358 -0.057358 -0.998354     14.181430 14.181430 0.304767
163.651886 360.046600     0.156250 -7.593750 716.585938     -0.986962 0.160951 -0.160951 -0.986962     52.612977 52.612977 0.940577
136.938293 42.475677     386.234375 -9.296875 31.329102     -0.846221 -0.532832 0.532832 -0.846221     28.411100 28.411100 4.922038
124.107124 381.411285     1287.500000 386.296875 135.750000     -0.936257 0.351315 -0.351315 -0.936257     68.506677 68.506677 1.184274
174.586090 245.512390     3509.437500 -354.012695 101.797913     -0.820700 0.571359 -0.571359 -0.820700     110.219964 110.219964 3.967594
174.586090 245.512390     729.843750 -91.965332 22.835083     -0.820700 0.571359 -0.571359 -0.820700     110.219964 110.219964 5.265655
127.496277 388.696503     77.265625 1.484375 54.210938     -0.938737 0.344633 -0.344633 -0.938737     90.835786 90.835786 1.093608
127.496277 388.696503     41.000000 5.230469 174.614258     -0.938737 0.344633 -0.344633 -0.938737     90.835786 90.835786 3.922701
340.077148 63.006172     28.671875 67.578125 540.351562     -0.837992 0.545682 -0.545682 -0.837992     11.552735 11.552735 0.514393
251.328568 262.409515     3570.937500 -657.549805 122.798096     -0.797277 -0.603613 0.603613 -0.797277     16.347244 16.347244 4.962141
275.918915 157.849426     871.937500 -95.195557 21.636036     -0.875138 0.483873 -0.483873 -0.875138     18.325740 18.325740 2.639408
275.918915 157.849426     2760.312500 -2346.656250 10341.531250     -0.875138 0.483873 -0.483873 -0.875138     18.325740 18.325740 5.400282
516.859619 390.254395     42.007812 -4.222656 11.119141     -0.876890 0.480691 -0.480691 -0.876890     10.685118 10.685118 2.473927
340.788025 124.294930     3972.093750 -382.460938 104.142426     -0.815255 0.579101 -0.579101 -0.815255     7.568098 7.568098 1.357677
340.788025 124.294930     76.031250 -36.181641 187.015137     -0.815255 0.579101 -0.579101 -0.815255     7.568098 7.568098 2.256112
558.151306 202.206635     1.531250 35.000000 4937.070312     -0.584940 -0.811076 0.811076 -0.584940     14.695435 14.695435 1.586312
339.914581 125.523132     42.218750 0.003906 13.626953     -0.802948 0.596049 -0.596049 -0.802948     8.488259 8.488259 1.379990
339.914581 125.523132     2569.195312 581.492188 1295.445312     -0.802948 0.596049 -0.596049 -0.802948     8.488259 8.488259 2.216181
302.925781 232.590103     51.601562 24.265625 293.682617     0.539483 -0.841997 0.841997 0.539483     19.448421 19.448421 0.503003
518.217102 388.575623     320.304688 -58.715820 13.528442     -0.867324 0.497744 -0.497744 -0.867324     12.218407 12.218407 2.218387
533.960571 217.649155     1168.234375 361.453125 124.437500     -0.784705 -0.619869 0.619869 -0.784705     36.485044 36.485044 1.260176
363.201691 166.500000     64.531250 17.820312 9.940430     -0.747050 0.664768 -0.664768 -0.747050     9.156479 9.156479 2.833768
481.567657 217.660065     3592.187500 -687.669922 135.236328     -0.973129 0.230260 -0.230260 -0.973129     16.700118 16.700118 1.879824
481.567657 217.660065     57.625000 -16.220703 16.191284     -0.973129 0.230260 -0.230260 -0.973129     16.700118 16.700118 5.002562
566.660156 199.204422     56.343750 329.953125 5121.171875     -0.495570 -0.868568 0.868568 -0.495570     45.875109 45.875109 1.708865
518.856079 387.644806     1948.984375 -154.275391 126.157227     -0.869298 0.494289 -0.494289 -0.869298     14.457428 14.457428 2.182337
532.163513 216.397079     874.804688 -89.525146 22.915882     -0.783716 -0.621120 0.621120 -0.783716     35.519600 35.519600 1.273566
532.163513 216.397079     33.453125 7.695312 287.250000     -0.783716 -0.621120 0.621120 -0.783716     35.519600 35.519600 1.757105
549.042725 294.242004     449.640625 105.531250 434.109375     0.674105 -0.738635 0.738635 0.674105     31.350636 31.350636 2.331523
341.550110 124.959488     77.125000 22.324219 12.638184     -0.792164 0.610309 -0.610309 -0.792164     14.475356 14.475356 1.400217
341.550110 124.959488     10987.015625 -1677.105957 348.082397     -0.792164 0.610309 -0.610309 -0.792164     14.475356 14.475356 2.258251
362.084686 167.732895     70.125000 78.019531 631.557617     -0.755454 0.655202 -0.655202 -0.755454     9.578089 9.578089 2.742502
362.084686 167.732895     1265.265625 394.218750 136.921875     -0.755454 0.655202 -0.655202 -0.755454     9.578089 9.578089 5.525269
530.973267 215.793900     176.968750 -151.000000 169.750000     -0.790334 -0.612677 0.612677 -0.790334     35.096019 35.096019 1.263357
530.973267 215.793900     2623.195312 590.828125 1396.453125     -0.790334 -0.612677 0.612677 -0.790334     35.096019 35.096019 1.941000
549.382629 293.591644     34.078125 42.414062 161.550781     0.677465 -0.735555 0.735555 0.677465     33.136378 33.136378 2.329250
335.498474 131.861282     1618.214844 -438.598389 121.129150     -0.718526 0.695500 -0.695500 -0.718526     17.993450 17.993450 1.445561
335.498474 131.861282     2429.593750 -2442.343750 15075.531250     -0.718526 0.695500 -0.695500 -0.718526     17.993450 17.993450 2.238949
424.403625 398.393585     16.269531 130.324219 1100.097656     -0.990961 0.134149 -0.134149 -0.990961     44.476498 44.476498 1.699003
424.403625 398.393585     1934.765625 -216.246094 180.082275     -0.990961 0.134149 -0.134149 -0.990961     44.476498 44.476498 4.198870
354.567169 175.573563     1.125000 -32.265625 3492.390625     -0.715069 0.699054 -0.699054 -0.715069     10.013234 10.013234 2.345464
482.090424 217.109039     2088.218750 559.562500 1257.328125     -0.970828 0.239775 -0.239775 -0.970828     18.876131 18.876131 1.947583
482.090424 217.109039     37.484375 54.679688 215.222656     -0.970828 0.239775 -0.239775 -0.970828     18.876131 18.876131 5.050910
540.336609 14.029703     108.843750 -106.812500 125.062500     -0.622257 -0.782813 0.782813 -0.622257     9.619059 9.619059 4.908742
424.488678 140.384613     2041.484375 -179.251953 210.413818     -0.164288 -0.986412 0.986412 -0.164288     20.702064 20.702064 5.384192
521.208740 385.601044     89.906250 28.476562 18.445801     -0.863389 0.504539 -0.504539 -0.863389     16.478050 16.478050 2.147400
393.695129 290.256104     1.468750 -36.359375 3581.312500     0.636367 -0.771386 0.771386 0.636367     14.199736 14.199736 1.180647
482.067139 217.177460     50.539062 419.468750 3573.859375     -0.968347 0.249608 -0.249608 -0.968347     19.400736 19.400736 1.935393
482.067139 217.177460     107.796875 34.042969 21.783691     -0.968347 0.249608 -0.249608 -0.968347     19.400736 19.400736 5.076569
530.946655 314.887360     10036.812500 3772.046875 22468.753906     0.677278 -0.735727 0.735727 0.677278     32.352265 32.352265 1.311200
530.946655 314.887360     313.074219 -150.021484 110.684570     0.677278 -0.735727 0.735727 0.677278     32.352265 32.352265 4.951455
539.744629 69.083076     105.843750 -102.562500 118.734375     0.507174 -0.861844 0.861844 0.507174     28.513353 28.513353 0.814963
539.744629 69.083076     426.195312 135.546875 47.750000     0.507174 -0.861844 0.861844 0.507174     28.513353 28.513353 4.193334
333.861725 132.881149     36.281250 -23.843750 45.109375     -0.713002 0.701162 -0.701162 -0.713002     24.689134 24.689134 1.376661
333.861725 132.881149     1620.164062 -439.954834 122.305359     -0.713002 0.701162 -0.701162 -0.713002     24.689134 24.689134 2.345459
530.952515 216.922989     9.265625 0.148438 47.527344     -0.781750 -0.623592 0.623592 -0.781750     39.429421 39.429421 1.183507
530.952515 216.922989     3.156250 -3.257812 126.976562     -0.781750 -0.623592 0.623592 -0.781750     39.429421 39.429421 1.554561
354.298340 176.388580     226.140625 97.246094 58.807617     -0.715064 0.699059 -0.699059 -0.715064     11.009290 11.009290 2.356230
522.799316 383.924438     9.968750 6.050781 62.794922     -0.850787 0.525511 -0.525511 -0.850787     18.707535 18.707535 2.189117
522.799316 383.924438     303.546875 154.347656 206.439453     -0.850787 0.525511 -0.525511 -0.850787     18.707535 18.707535 4.222394
424.138184 138.930908     321.690430 -174.639648 163.322144     -0.204930 -0.978777 0.978777 -0.204930     21.144670 21.144670 5.273165
399.196228 273.018921     119.351562 -10.035156 6.111328     0.371648 -0.928374 0.928374 0.371648     36.960621 36.960621 1.279562
539.769836 69.550682     502.320312 161.546875 60.265625     0.488015 -0.872835 0.872835 0.488015     28.966231 28.966231 0.845693
539.769836 69.550682     181.882324 -45.357422 16.610840     0.488015 -0.872835 0.872835 0.488015     28.966231 28.966231 4.189742
539.444458 13.182540     10.744141 87.925781 766.648438     -0.634583 -0.772855 0.772855 -0.634583     11.808518 11.808518 4.941489
455.048309 253.265701     11.984375 17.300781 136.998047     -0.996488 -0.083733 0.083733 -0.996488     16.452614 16.452614 3.653534
333.771393 132.555450     11171.000000 3757.015625 21570.355469     -0.711715 0.702468 -0.702468 -0.711715     30.900315 30.900315 1.451734
333.771393 132.555450     6.820312 65.906250 990.947266     -0.711715 0.702468 -0.702468 -0.711715     30.900315 30.900315 2.430582
518.451355 219.425186     342.527344 116.351562 176.500000     -0.930776 -0.365591 0.365591 -0.930776     64.041036 64.041036 1.520814
518.451355 219.425186     14.119141 111.921875 938.578125     -0.930776 -0.365591 0.365591 -0.930776     64.041036 64.041036 1.915759
353.846283 177.307434     35.062500 108.046875 1190.867188     -0.710327 0.703872 -0.703872 -0.710327     11.931886 11.931886 2.384249
398.758118 273.347565     78.484375 17.062500 9.062500     0.389777 -0.920909 0.920909 0.389777     40.848532 40.848532 1.357119
449.335358 129.844513     39.515625 -4.968750 9.359375     -0.996824 0.079634 -0.079634 -0.996824     26.954315 26.954315 1.182649
324.738281 191.601562     130.156250 -29.417969 33.763672     0.537960 -0.842970 0.842970 0.537960     14.930988 14.930988 3.327206
333.235016 132.317993     1610.125000 -436.705078 123.275360     -0.731354 0.681999 -0.681999 -0.731354     34.154326 34.154326 1.434727
333.235016 132.317993     12561.375000 4127.070312 20935.632812     -0.731354 0.681999 -0.681999 -0.731354     34.154326 34.154326 2.426067
317.462219 291.635559     321.275391 -188.996338 196.468384     -0.623486 -0.781835 0.781835 -0.623486     13.040266 13.040266 1.773819
594.081238 103.647057     508.289062 172.078125 70.171875     0.666347 -0.745642 0.745642 0.666347     21.159190 21.159190 0.726857
594.081238 103.647057     259.246094 -52.282715 17.650391     0.666347 -0.745642 0.745642 0.666347     21.159190 21.159190 3.894273
423.635834 158.527939     33.273438 -3.656250 18.867188     0.007917 -0.999969 0.999969 0.007917     21.299208 21.299208 1.530952
423.635834 158.527939     66.400391 543.117188 4973.105469     0.007917 -0.999969 0.999969 0.007917     21.299208 21.299208 4.752320
518.193665 219.928040     575.453125 191.390625 65.890625     -0.935498 -0.353331 0.353331 -0.935498     61.169849 61.169849 1.890416
518.193665 219.928040     143.625000 -15.898438 43.400391     -0.935498 -0.353331 0.353331 -0.935498     61.169849 61.169849 3.997344
424.283691 175.711136     218.058594 -48.618164 12.964600     -0.003763 -0.999993 0.999993 -0.003763     21.193486 21.193486 1.475191
558.835876 56.492401     20.511230 -23.655273 42.536133     -0.009878 -0.999951 0.999951 -0.009878     17.162499 17.162499 1.320471
558.835876 56.492401     775.343750 275.500000 110.453125     -0.009878 -0.999951 0.999951 -0.009878     17.162499 17.162499 5.193567
574.346619 88.673294     158.085938 -19.320312 52.439453     0.465039 -0.885290 0.885290 0.465039     21.076913 21.076913 0.730948
574.346619 88.673294     22.642578 170.707031 1353.492188     0.465039 -0.885290 0.885290 0.465039     21.076913 21.076913 3.932133
348.741974 165.083054     895.960938 299.250000 104.281250     -0.707530 0.706683 -0.706683 -0.707530     19.354031 19.354031 1.542771
348.741974 165.083054     14406.750000 4011.257812 20026.570312     -0.707530 0.706683 -0.706683 -0.707530     19.354031 19.354031 4.710770
356.345459 175.160843     25.367188 189.597656 1491.859375     -0.709521 0.704684 -0.704684 -0.709521     12.845773 12.845773 1.560922
356.345459 175.160843     879.648438 307.343750 121.328125     -0.709521 0.704684 -0.704684 -0.709521     12.845773 12.845773 2.363344
532.738342 81.011658     134.156250 -13.601562 15.589844     0.521656 -0.853156 0.853156 0.521656     27.269752 27.269752 0.791040
532.738342 81.011658     236.359375 -47.421875 106.867188     0.521656 -0.853156 0.853156 0.521656     27.269752 27.269752 4.348658
603.002869 127.971268     27.137207 -30.392578 49.356445     -0.911196 0.411972 -0.411972 -0.911196     8.772308 8.772308 1.579267
398.454865 151.439240     26.800781 196.843750 1533.230469     0.415006 -0.909819 0.909819 0.415006     23.167430 23.167430 1.726885
398.454865 151.439240     60.945312 26.328125 28.720703     0.415006 -0.909819 0.909819 0.415006     23.167430 23.167430 4.746174
588.901428 106.554581     10.376465 71.183594 521.042969     -0.725163 0.688577 -0.688577 -0.725163     22.924033 22.924033 1.523602
455.466125 252.745026     16850.000000 4382.554688 19625.687500     -0.999996 -0.002668 0.002668 -0.999996     18.555982 18.555982 3.724408
520.935486 33.981567     31.281250 17.617188 61.457031     -0.302301 -0.953213 0.953213 -0.302301     19.509977 19.509977 1.391323
520.935486 33.981567     89.375000 7.314453 5.485107     -0.302301 -0.953213 0.953213 -0.302301     19.509977 19.509977 4.816277
530.015198 84.876221     21.009766 116.080078 810.484375     0.547690 -0.836682 0.836682 0.547690     26.435035 26.435035 0.759354
530.015198 84.876221     100.167969 -28.996094 27.359375     0.547690 -0.836682 0.836682 0.547690     26.435035 26.435035 4.317011
604.545288 122.721970     37.134277 -40.360352 60.417969     -0.873299 0.487185 -0.487185 -0.873299     25.292807 25.292807 0.579658
604.545288 122.721970     35.003418 229.085938 1687.757812     -0.873299 0.487185 -0.487185 -0.873299     25.292807 25.292807 1.610709
457.926208 132.954468     36.718750 13.648438 231.472656     -0.992641 -0.121093 0.121093 -0.992641     31.034848 31.034848 1.084850
457.926208 132.954468     18224.265625 4239.906250 19192.097656     -0.992641 -0.121093 0.121093 -0.992641     31.034848 31.034848 5.210674
397.132416 206.780823     9.625000 0.734375 34.863281     -0.464769 -0.885432 0.885432 -0.464769     17.702029 17.702029 1.146808
574.085388 88.963417     38.953125 259.316406 1926.648438     0.468420 -0.883506 0.883506 0.468420     22.171383 22.171383 0.700570
574.085388 88.963417     17.699219 9.644531 54.054688     0.468420 -0.883506 0.883506 0.468420     22.171383 22.171383 3.927240
26.540178 172.982147     11.578125 0.335938 36.753906     0.507106 -0.861884 0.861884 0.507106     18.144175 18.144175 2.473137
26.540178 172.982147     25.928223 187.544922 1405.816406     0.507106 -0.861884 0.861884 0.507106     18.144175 18.144175 5.573321
510.339844 221.129776     35.341797 47.560547 152.416016     -0.979113 -0.203318 0.203318 -0.979113     72.553788 72.553788 1.592649
510.339844 221.129776     42.883301 -53.071289 96.468750     -0.979113 -0.203318 0.203318 -0.979113     72.553788 72.553788 4.540706
395.326080 210.518631     166.918945 -22.832031 33.421875     0.092387 -0.995723 0.995723 0.092387     27.546192 27.546192 0.858842
395.326080 210.518631     41.118652 269.611328 1989.667969     0.092387 -0.995723 0.995723 0.092387     27.546192 27.546192 1.969439
38.693432 114.040146     14.171875 1.015625 43.738281     -0.070812 -0.997490 0.997490 -0.070812     16.356031 16.356031 0.777006
38.693432 114.040146     28.257324 205.759766 1552.949219     -0.070812 -0.997490 0.997490 -0.070812     16.356031 16.356031 1.305897
466.517822 131.576523     47.500000 20.039062 263.453125     -0.997352 0.072719 -0.072719 -0.997352     33.537595 33.537595 1.215973
466.517822 131.576523     49.104980 317.132812 4193.742188     -0.997352 0.072719 -0.072719 -0.997352     33.537595 33.537595 5.579172
42.009617 328.581726     16.750000 1.140625 48.761719     0.295532 -0.955333 0.955333 0.295532     10.310217 10.310217 1.770930
42.009617 328.581726     39.330078 231.983398 1580.855469     0.295532 -0.955333 0.955333 0.295532     10.310217 10.310217 5.715988
41.988987 116.381058     227.026367 -25.046875 39.281250     -0.317046 -0.948410 0.948410 -0.317046     25.515353 25.515353 0.789907
41.988987 116.381058     13.556641 -41.415527 158.587891     -0.317046 -0.948410 0.948410 -0.317046     25.515353 25.515353 1.519879
27.367647 347.176483     97.093750 6.093750 7.639648     0.142171 -0.989842 0.989842 0.142171     11.756634 11.756634 0.704387
27.367647 347.176483     21.312500 -1.171875 58.519531     0.142171 -0.989842 0.989842 0.142171     11.756634 11.756634 1.626747
604.444275 122.717506     58.468750 35.257812 295.832031     -0.874927 0.484256 -0.484256 -0.874927     26.153195 26.153195 1.616251
604.444275 122.717506     55.253418 261.154297 1680.960938     -0.874927 0.484256 -0.484256 -0.874927     26.153195 26.153195 3.120722
48.567474 155.193771     16.597534 -53.630371 212.974609     0.370504 -0.928831 0.928831 0.370504     22.183344 22.183344 2.707639
48.567474 155.193771     303.652344 -202.082764 254.062012     0.370504 -0.928831 0.928831 0.370504     22.183344 22.183344 6.028950
372.106140 290.733704     11.719803 26.334839 258.101562     -0.791462 0.611219 -0.611219 -0.791462     23.008100 23.008100 4.197509
572.576233 91.118813     99.218750 7.015625 12.690918     0.525594 -0.850736 0.850736 0.525594     23.596570 23.596570 4.696586
394.888000 211.114670     39.562500 41.218750 78.195312     0.164236 -0.986421 0.986421 0.164236     28.799884 28.799884 1.904327
394.888000 211.114670     12.398239 -7.166626 480.832031     0.164236 -0.986421 0.986421 0.164236     28.799884 28.799884 3.957735
71.419510 168.073166     336.629883 51.250000 75.578125     0.177908 -0.984047 0.984047 0.177908     10.251775 10.251775 6.298342
52.048309 352.115936     32.284973 -126.136230 571.193359     0.072416 -0.997375 0.997375 0.072416     14.387177 14.387177 1.084404
52.048309 352.115936     29.397541 -42.598755 484.640625     0.072416 -0.997375 0.997375 0.072416     14.387177 14.387177 4.175340
18.237930 376.496552     353.328125 68.941406 89.742188     -0.954815 0.297199 -0.297199 -0.954815     17.676527 17.676527 4.888852
71.302635 168.293854     218.222656 34.070801 84.748840     0.183498 -0.983020 0.983020 0.183498     10.256089 10.256089 6.291681
54.372013 351.764496     328.146484 -83.733765 26.706032     0.205676 -0.978620 0.978620 0.205676     22.931106 22.931106 0.657558
60.263683 202.800995     225.108398 52.557861 109.568298     0.157734 -0.987482 0.987482 0.157734     22.258856 22.258856 6.295765
57.246033 320.230164     108.039062 35.992188 32.703125     0.026824 -0.999640 0.999640 0.026824     18.768264 18.768264 0.679858
57.246033 320.230164     227.708984 57.133667 112.455322     0.026824 -0.999640 0.999640 0.026824     18.768264 18.768264 3.753896
43.486988 386.063202     45.476562 3.398438 12.535156     -0.893767 0.448532 -0.448532 -0.893767     26.436970 26.436970 0.529644
50.888889 281.164246     9.921509 -2.981445 135.007812     0.083401 -0.996516 0.996516 0.083401     10.674827 10.674827 1.606618
50.888889 281.164246     112.664062 17.367188 23.839844     0.083401 -0.996516 0.996516 0.083401     10.674827 10.674827 4.654458
55.528770 337.919128     19.365807 5.948975 22.609375     0.106594 -0.994303 0.994303 0.106594     22.028007 22.028007 0.917938
55.528770 337.919128     19.671474 16.377441 102.312500     0.106594 -0.994303 0.994303 0.106594     22.028007 22.028007 4.239577
55.560398 340.931519     84.007812 21.015625 33.218750     0.083539 -0.996504 0.996504 0.083539     22.905469 22.905469 4.681384
68.535606 256.770905     95.695312 -10.046875 28.398438     0.012669 -0.999920 0.999920 0.012669     18.663705 18.663705 0.883972
68.535606 256.770905     65.364258 50.648438 73.835938     0.012669 -0.999920 0.999920 0.012669     18.663705 18.663705 1.484413
85.157646 221.155289     88.718750 1.273438 43.718750     -0.936271 0.351278 -0.351278 -0.936271     29.014016 29.014016 1.203669
94.961349 189.381638     30.636719 7.917969 21.968750     -0.600939 -0.799295 0.799295 -0.600939     15.819519 15.819519 0.770482
94.724281 189.432098     98.304688 3.921875 45.265625     -0.612524 -0.790452 0.790452 -0.612524     17.038296 17.038296 0.750046
95.022728 247.631821     43.746094 -7.261719 29.476562     -0.096587 -0.995325 0.995325 -0.096587     12.715419 12.715419 0.695473
79.833336 303.248047     52.316406 19.382812 43.750000     -0.081749 -0.996653 0.996653 -0.081749     12.775779 12.775779 1.111116
94.781609 247.904221     52.792969 19.171875 44.156250     -0.103204 -0.994660 0.994660 -0.103204     13.767094 13.767094 0.650446
80.003052 302.969513     304.562500 -119.937500 48.343750     -0.107856 -0.994167 0.994167 -0.107856     16.234608 16.234608 0.852661
