1.0
221
247.551926 304.452362     2495.417969 161.523438 473.796875     -0.996863 -0.079145 0.079145 -0.996863     96.616250 96.616250 3.024746
88.595680 243.401230     19380.707031 -1129.789062 4018.771484     0.058456 -0.998290 0.998290 0.058456     12.735969 12.735969 6.156485
507.623230 218.770538     77.062500 -1.617188 21.863281     -0.997864 -0.065320 0.065320 -0.997864     16.616214 16.616214 1.562878
518.122986 174.844543     190.437500 -1.445312 25.335938     -0.842514 0.538675 -0.538675 -0.842514     23.430941 23.430941 2.366165
509.555054 197.700439     165.312500 -112.179688 694.585938     -0.999572 0.029260 -0.029260 -0.999572     21.018393 21.018393 1.674536
514.786621 220.278915     265.656250 -107.109375 932.628906     -0.999962 0.008753 -0.008753 -0.999962     22.645011 22.645011 1.591521
518.289185 190.650940     387.812500 -147.890625 1050.917969     0.199130 -0.979973 0.979973 0.199130     53.721351 53.721351 4.706094
524.664856 186.796844     65.156250 6.546875 12.609375     0.154762 -0.987952 0.987952 0.154762     70.991349 70.991349 4.224553
524.664856 186.796844     160.375000 -43.281250 133.187500     0.154762 -0.987952 0.987952 0.154762     70.991349 70.991349 4.484245
531.114380 184.095413     542.296875 381.734375 676.421875     0.208249 -0.978076 0.978076 0.208249     84.944472 84.944472 4.121122
531.114380 184.095413     168.156250 6.625000 75.296875     0.208249 -0.978076 0.978076 0.208249     84.944472 84.944472 4.492676
472.006744 340.441071     1037.031250 774.781250 1052.570312     -0.992555 -0.121801 0.121801 -0.992555     15.461921 15.461921 0.880860
466.715363 310.444031     1204.937500 823.187500 1134.320312     -0.806116 0.591757 -0.591757 -0.806116     45.317355 45.317355 2.609365
483.321777 328.160370     1387.906250 950.265625 1391.812500     -0.643029 -0.765842 0.765842 -0.643029     67.015115 67.015115 1.412550
501.765198 340.698059     39.312500 -9.406250 67.453125     -0.703553 -0.710643 0.710643 -0.703553     73.939885 73.939885 1.471470
508.020386 341.897461     62.281250 -18.562500 114.945312     -0.722099 -0.691790 0.691790 -0.722099     83.666669 83.666669 1.477510
514.031799 342.989197     212.187500 -43.070312 109.027344     -0.706380 -0.707833 0.707833 -0.706380     94.348995 94.348995 1.432522
408.803101 242.270264     22.421875 0.117188 26.324219     0.290397 -0.956906 0.956906 0.290397     27.171186 27.171186 2.734918
408.803101 242.270264     28.281250 -2.500000 28.484375     0.290397 -0.956906 0.956906 0.290397     27.171186 27.171186 5.707160
382.207458 247.210114     88.156250 16.437500 135.328125     0.302216 -0.953239 0.953239 0.302216     33.793822 33.793822 2.694205
382.207458 247.210114     127.500000 5.578125 63.566406     0.302216 -0.953239 0.953239 0.302216     33.793822 33.793822 3.954008
393.060211 245.697479     80.812500 -6.062500 95.998535     -0.940102 0.340892 -0.340892 -0.940102     43.491873 43.491873 5.804498
393.745544 246.702286     67.234375 1.070312 7.390625     -0.968874 0.247555 -0.247555 -0.968874     48.912421 48.912421 5.777232
474.683838 254.979385     123.734375 7.687500 119.015625     -0.029990 -0.999550 0.999550 -0.029990     21.306613 21.306613 1.563559
474.683838 254.979385     34.267578 0.820312 36.621094     -0.029990 -0.999550 0.999550 -0.029990     21.306613 21.306613 4.734037
474.234283 255.054291     25.892578 -1.457031 56.695312     0.692607 -0.721315 0.721315 0.692607     22.892907 22.892907 0.851142
474.234283 255.054291     85.656250 -32.476562 75.242188     0.692607 -0.721315 0.721315 0.692607     22.892907 22.892907 3.995907
474.732361 252.445099     128.062500 5.945312 134.652344     -0.996272 -0.086272 0.086272 -0.996272     35.741268 35.741268 1.593519
475.368195 272.977264     65.835220 -8.736816 22.132812     -0.999840 -0.017877 0.017877 -0.999840     12.217718 12.217718 1.663792
475.368195 272.977264     34.455078 0.394531 74.402344     -0.999840 -0.017877 0.017877 -0.999840     12.217718 12.217718 1.975577
475.165466 256.212555     19.578125 6.617188 36.957031     -0.804178 -0.594389 0.594389 -0.804178     47.906212 47.906212 2.089114
108.592308 244.335892     819.156250 -286.359375 376.343750     -0.299708 -0.954031 0.954031 -0.299708     26.243095 26.243095 3.538941
154.887329 247.274643     27.541016 -2.171875 70.164062     0.047144 -0.998888 0.998888 0.047144     22.867710 22.867710 1.560396
436.811310 283.015442     10.921875 0.203125 82.617188     -0.761022 0.648726 -0.648726 -0.761022     31.032999 31.032999 4.624992
250.990005 246.463333     41.624023 -3.503906 67.281250     0.039956 -0.999201 0.999201 0.039956     15.291845 15.291845 4.704421
475.504028 255.661301     134.986710 65.916260 203.179688     -0.507573 -0.861609 0.861609 -0.507573     50.222928 50.222928 0.706969
475.504028 255.661301     24.906250 -2.835938 74.578125     -0.507573 -0.861609 0.861609 -0.507573     50.222928 50.222928 1.643137
427.038239 287.394714     98.640625 -141.062500 290.394531     -0.994170 -0.107828 0.107828 -0.994170     53.786858 53.786858 3.896047
132.983154 246.475784     8.296875 -2.687500 94.023438     -0.009875 -0.999951 0.999951 -0.009875     26.412808 26.412808 1.589743
132.983154 246.475784     30.260742 -12.783203 20.312500     -0.009875 -0.999951 0.999951 -0.009875     26.412808 26.412808 4.728994
437.512451 241.233826     36.968750 -2.886719 76.542969     -0.319703 -0.947518 0.947518 -0.319703     18.741519 18.741519 3.708067
442.521362 272.173279     18.347656 -3.750000 93.363281     -0.897683 0.440642 -0.440642 -0.897683     69.098054 69.098054 4.539433
155.278717 246.468933     13.882812 -2.441406 84.730469     0.050758 -0.998711 0.998711 0.050758     23.568418 23.568418 1.563015
155.278717 246.468933     260.483337 -3.094727 255.644531     0.050758 -0.998711 0.998711 0.050758     23.568418 23.568418 4.694400
267.097687 249.442535     24.226562 -3.988281 89.597656     -0.002833 -0.999996 0.999996 -0.002833     14.871325 14.871325 1.577607
267.097687 249.442535     6.289062 -2.117188 94.671875     -0.002833 -0.999996 0.999996 -0.002833     14.871325 14.871325 4.722524
215.728333 247.901642     98.531250 17.250000 149.046875     0.035237 -0.999379 0.999379 0.035237     18.239859 18.239859 1.566687
215.728333 247.901642     8.382812 -3.148438 120.015625     0.035237 -0.999379 0.999379 0.035237     18.239859 18.239859 4.713557
108.993729 244.935730     4.515625 -3.070312 83.093750     0.132920 -0.991127 0.991127 0.132920     28.868163 28.868163 1.486847
108.993729 244.935730     11.640625 -0.343750 90.683594     0.132920 -0.991127 0.991127 0.132920     28.868163 28.868163 4.621826
176.660233 246.608109     4.593750 -3.710938 107.765625     0.056817 -0.998385 0.998385 0.056817     22.384893 22.384893 1.555835
176.660233 246.608109     18.882812 -1.750000 82.929688     0.056817 -0.998385 0.998385 0.056817     22.384893 22.384893 4.699527
486.996765 184.604752     5.976562 -4.273438 113.007812     0.467906 -0.883778 0.883778 0.467906     22.025504 22.025504 5.272708
439.084106 266.113770     4.710938 -1.468750 77.746094     -0.836271 0.548316 -0.548316 -0.836271     94.307684 94.307684 4.599887
297.303558 249.651779     1011.656250 -659.125000 1790.906250     0.031304 -0.999510 0.999510 0.031304     12.896018 12.896018 1.570409
297.303558 249.651779     156.667969 -0.945312 74.945312     0.031304 -0.999510 0.999510 0.031304     12.896018 12.896018 4.712736
68.062500 259.384613     90.906250 -5.507812 104.155273     -0.825418 0.564523 -0.564523 -0.825418     15.306460 15.306460 1.955989
133.230911 246.183212     4.929688 -1.945312 103.562500     0.072370 -0.997378 0.997378 0.072370     27.283248 27.283248 1.548626
133.230911 246.183212     9.914062 -4.210938 97.144531     0.072370 -0.997378 0.997378 0.072370     27.283248 27.283248 4.684607
234.035416 247.959122     9.570312 -3.734375 117.562500     0.049803 -0.998759 0.998759 0.049803     19.176897 19.176897 1.564253
234.035416 247.959122     20.093750 -3.515625 97.000000     0.049803 -0.998759 0.998759 0.049803     19.176897 19.176897 4.698523
251.188400 248.446854     7.382812 -2.742188 103.238281     0.034399 -0.999408 0.999408 0.034399     16.716020 16.716020 1.573694
251.188400 248.446854     48.972656 -1.587891 70.359375     0.034399 -0.999408 0.999408 0.034399     16.716020 16.716020 4.703255
196.893188 246.949997     4.773438 -2.742188 114.765625     0.060672 -0.998158 0.998158 0.060672     22.038121 22.038121 1.563934
196.893188 246.949997     413.070312 10.912109 73.988281     0.060672 -0.998158 0.998158 0.060672     22.038121 22.038121 4.694817
323.969788 250.184570     1130.281250 -655.828125 1780.085938     0.023934 -0.999714 0.999714 0.023934     11.239533 11.239533 1.570682
323.969788 250.184570     27.667969 -2.636719 90.902344     0.023934 -0.999714 0.999714 0.023934     11.239533 11.239533 4.707316
311.125000 249.617645     14.437500 -3.648438 90.070312     0.028170 -0.999603 0.999603 0.028170     12.959755 12.959755 1.569406
311.125000 249.617645     29.044922 -1.781250 79.179688     0.028170 -0.999603 0.999603 0.028170     12.959755 12.959755 4.708043
358.566040 248.235855     6.320312 -3.289062 110.113281     0.038984 -0.999240 0.999240 0.038984     9.434817 9.434817 1.580593
358.566040 248.235855     8.687500 -3.328125 101.863281     0.038984 -0.999240 0.999240 0.038984     9.434817 9.434817 4.695858
267.446442 248.941330     11.375000 -3.390625 115.781250     0.004349 -0.999991 0.999991 0.004349     15.352276 15.352276 1.576297
267.446442 248.941330     0.718750 -3.671875 462.843750     0.004349 -0.999991 0.999991 0.004349     15.352276 15.352276 4.719048
282.844940 249.319626     691.898438 13.953125 77.554688     0.022658 -0.999743 0.999743 0.022658     15.469307 15.469307 1.572992
282.844940 249.319626     7.984375 -3.351562 111.144531     0.022658 -0.999743 0.999743 0.022658     15.469307 15.469307 4.712325
358.531494 250.255905     23.312500 -2.214844 84.195312     0.035899 -0.999355 0.999355 0.035899     9.503895 9.503895 1.579998
358.531494 250.255905     22.300781 -3.015625 99.722656     0.035899 -0.999355 0.999355 0.035899     9.503895 9.503895 4.698579
215.989502 247.731094     11.664062 -0.929688 97.382812     0.027293 -0.999627 0.999627 0.027293     19.529705 19.529705 1.571056
215.989502 247.731094     1383.853516 27.070312 81.445312     0.027293 -0.999627 0.999627 0.027293     19.529705 19.529705 4.714377
336.174255 250.477280     16.218750 -0.726562 96.730469     0.039832 -0.999206 0.999206 0.039832     10.843234 10.843234 1.566979
336.174255 250.477280     199.171875 1.515625 96.761719     0.039832 -0.999206 0.999206 0.039832     10.843234 10.843234 4.709370
347.653839 248.598297     125.843750 -299.296875 2429.781250     0.020098 -0.999798 0.999798 0.020098     9.736458 9.736458 1.574230
347.653839 248.598297     15.781250 -3.039062 114.753906     0.020098 -0.999798 0.999798 0.020098     9.736458 9.736458 4.708200
444.594208 236.206177     104.156250 6.113281 134.660645     0.495547 -0.868581 0.868581 0.495547     113.450826 113.450826 3.866048
144.675812 246.310898     2688.628906 57.394531 87.175781     -0.999933 0.011565 -0.011565 -0.999933     38.954091 38.954091 3.207920
144.675812 246.310898     1333.281250 -683.859375 1726.496094     -0.999933 0.011565 -0.011565 -0.999933     38.954091 38.954091 6.329258
347.583954 250.605835     13232.187500 -974.132812 1177.976562     0.019711 -0.999806 0.999806 0.019711     9.952364 9.952364 1.575727
347.583954 250.605835     115.812500 62.718750 309.501953     0.019711 -0.999806 0.999806 0.019711     9.952364 9.952364 4.709937
297.470276 249.508102     46.625000 -127.578125 745.492188     0.048106 -0.998842 0.998842 0.048106     14.023300 14.023300 1.566315
297.470276 249.508102     138.562500 -308.109375 3667.296875     0.048106 -0.998842 0.998842 0.048106     14.023300 14.023300 4.706691
311.136200 250.322266     156.281250 -114.390625 17658.562500     0.034518 -0.999404 0.999404 0.034518     13.827038 13.827038 1.571189
311.136200 250.322266     275.968750 -229.531250 12989.656250     0.034518 -0.999404 0.999404 0.034518     13.827038 13.827038 4.709484
234.237534 248.182892     3.000000 -10.500000 176.632812     0.045571 -0.998961 0.998961 0.045571     20.091063 20.091063 1.563555
234.237534 248.182892     434.000000 -232.171875 11348.125000     0.045571 -0.998961 0.998961 0.045571     20.091063 20.091063 4.697611
324.057739 250.054718     545.921753 -5.231445 294.531250     0.028572 -0.999592 0.999592 0.028572     12.162019 12.162019 1.568935
324.057739 250.054718     7.750000 7.609375 384.078125     0.028572 -0.999592 0.999592 0.028572     12.162019 12.162019 4.707808
108.817284 245.067993     18.312500 24.640625 413.164062     0.073641 -0.997285 0.997285 0.073641     31.453488 31.453488 1.539543
108.817284 245.067993     979.812500 -650.406250 10864.625000     0.073641 -0.997285 0.997285 0.073641     31.453488 31.453488 4.669429
282.943512 249.610168     10.250000 22.666992 287.212585     0.047287 -0.998881 0.998881 0.047287     16.337753 16.337753 1.568529
282.943512 249.610168     16858.359375 1843.281250 8037.398438     0.047287 -0.998881 0.998881 0.047287     16.337753 16.337753 4.706680
358.519165 250.613235     528.267212 -15.301758 387.113281     0.024908 -0.999690 0.999690 0.024908     9.761075 9.761075 1.584524
358.519165 250.613235     13972.828125 565.140625 10431.585938     0.024908 -0.999690 0.999690 0.024908     9.761075 9.761075 4.699996
131.213577 245.772842     522.970093 -30.966797 506.230469     -0.999484 -0.032131 0.032131 -0.999484     38.615527 38.615527 3.141702
131.213577 245.772842     12944.562500 -303.281250 11399.765625     -0.999484 -0.032131 0.032131 -0.999484     38.615527 38.615527 6.246742
442.098938 235.158325     511.421875 -62.898438 782.539062     0.527296 -0.849682 0.849682 0.527296     121.023012 121.023012 3.799236
197.060608 247.141418     530.275024 -15.620117 947.101562     0.041589 -0.999135 0.999135 0.041589     23.623163 23.623163 1.572617
197.060608 247.141418     12644.093750 -1423.843750 12736.140625     0.041589 -0.999135 0.999135 0.041589     23.623163 23.623163 4.707658
336.105438 250.809525     27304.281250 -1156.914062 12295.281250     0.018864 -0.999822 0.999822 0.018864     11.672179 11.672179 1.568687
336.105438 250.809525     64.471100 34.644531 70.062500     0.018864 -0.999822 0.999822 0.018864     11.672179 11.672179 4.712811
251.555557 248.147430     97.750336 69.479980 186.640625     0.019550 -0.999809 0.999809 0.019550     18.031899 18.031899 1.575272
251.555557 248.147430     48.639282 -30.289478 71.485710     0.019550 -0.999809 0.999809 0.019550     18.031899 18.031899 4.709836
267.549438 248.995407     132.141174 98.861328 312.671875     0.048071 -0.998844 0.998844 0.048071     16.994226 16.994226 1.564579
267.549438 248.995407     65.935379 -46.900841 122.625092     0.048071 -0.998844 0.998844 0.048071     16.994226 16.994226 4.706576
176.848007 246.808289     215.336823 161.873047 608.000000     0.035462 -0.999371 0.999371 0.035462     24.225601 24.225601 1.563379
176.848007 246.808289     37501.234375 -5472.187500 14066.257812     0.035462 -0.999371 0.999371 0.035462     24.225601 24.225601 4.704546
347.906830 249.987579     142.142441 -104.080399 287.635986     0.031641 -0.999499 0.999499 0.031641     11.219531 11.219531 1.573918
347.906830 249.987579     187.153656 -138.001526 433.619446     0.031641 -0.999499 0.999499 0.031641     11.219531 11.219531 4.706434
324.154694 250.267960     151.798340 -102.439545 276.866547     0.035651 -0.999364 0.999364 0.035651     13.172611 13.172611 1.568043
324.154694 250.267960     267.234375 26.750000 31.289062     0.035651 -0.999364 0.999364 0.035651     13.172611 13.172611 4.703753
311.218933 250.097626     28.978271 32.207031 96.992188     0.032424 -0.999474 0.999474 0.032424     15.103521 15.103521 1.570963
311.218933 250.097626     84.789062 -4.046875 16.343750     0.032424 -0.999474 0.999474 0.032424     15.103521 15.103521 4.705463
633.780396 321.509796     57.235840 55.265625 123.328125     0.007945 -0.999968 0.999968 0.007945     3.736833 3.736833 4.678187
141.866180 245.924515     34637.554688 -6438.349609 9759.794922     -0.999742 -0.022695 0.022695 -0.999742     39.548304 39.548304 3.179300
141.866180 245.924515     123.230957 -4.458984 10.343750     -0.999742 -0.022695 0.022695 -0.999742     39.548304 39.548304 6.264644
336.382721 250.478394     291.687500 21.328125 33.164062     0.032438 -0.999474 0.999474 0.032438     12.628576 12.628576 1.566021
336.382721 250.478394     54.843018 81.601562 216.156250     0.032438 -0.999474 0.999474 0.032438     12.628576 12.628576 4.708719
216.059708 247.578354     235.000000 430.625000 869.203125     0.036307 -0.999341 0.999341 0.036307     21.689829 21.689829 1.567421
216.059708 247.578354     153.688477 -42.007812 51.656250     0.036307 -0.999341 0.999341 0.036307     21.689829 21.689829 4.710702
234.281113 247.899139     60.491211 54.744141 126.953125     0.038862 -0.999245 0.999245 0.038862     21.194713 21.194713 1.564946
234.281113 247.899139     113.726562 -12.015625 13.984375     0.038862 -0.999245 0.999245 0.038862     21.194713 21.194713 4.703213
297.542786 249.726166     61.270996 86.771484 224.640625     0.010844 -0.999941 0.999941 0.010844     15.362067 15.362067 1.573963
297.542786 249.726166     46.964844 28.890625 32.132812     0.010844 -0.999941 0.999941 0.010844     15.362067 15.362067 4.714228
160.548431 246.294312     21.453125 43.171875 139.656250     -0.999784 -0.020771 0.020771 -0.999784     40.470715 40.470715 3.200215
160.548431 246.294312     86.710938 -5.906250 25.296875     -0.999784 -0.020771 0.020771 -0.999784     40.470715 40.470715 6.261249
267.551147 248.734863     87.933594 78.673828 153.640625     0.009023 -0.999959 0.999959 0.009023     18.118966 18.118966 1.575549
267.551147 248.734863     338.234375 15.234375 35.546875     0.009023 -0.999959 0.999959 0.009023     18.118966 18.118966 4.718958
251.033997 248.407333     37678.257812 -6266.349609 10297.160156     -0.999891 -0.014795 0.014795 -0.999891     44.260261 44.260261 3.175334
251.033997 248.407333     130.035156 91.156250 90.890625     -0.999891 -0.014795 0.014795 -0.999891     44.260261 44.260261 6.277130
282.915253 249.249390     125.331543 -4.466797 372.437500     0.030663 -0.999530 0.999530 0.030663     17.823647 17.823647 1.571246
282.915253 249.249390     22.640625 42.640625 144.453125     0.030663 -0.999530 0.999530 0.030663     17.823647 17.823647 4.709458
186.490128 246.922913     61.437500 -23.195312 55.675781     -0.999757 -0.022046 0.022046 -0.999757     41.709473 41.709473 3.219398
186.490128 246.922913     136.475586 -14.849609 10.234375     -0.999757 -0.022046 0.022046 -0.999757     41.709473 41.709473 6.221550
438.747559 235.993469     24.750000 44.937500 154.640625     0.601538 -0.798844 0.798844 0.601538     128.728974 128.728974 3.645065
310.500000 250.091370     64.104492 -44.917969 46.515625     -0.993896 -0.110319 0.110319 -0.993896     46.856035 46.856035 3.058838
310.500000 250.091370     210.953125 -28.750000 36.734375     -0.993896 -0.110319 0.110319 -0.993896     46.856035 46.856035 6.172407
633.940002 212.264999     374.875000 19.296875 38.421875     0.003153 -0.999995 0.999995 0.003153     4.766906 4.766906 1.602319
362.582550 240.295303     78.163086 -62.718750 69.703125     -0.996792 0.080034 -0.080034 -0.996792     149.231956 149.231956 0.357826
362.582550 240.295303     38907.210938 -7456.101562 11613.095703     -0.996792 0.080034 -0.080034 -0.996792     149.231956 149.231956 1.618244
543.097229 264.018524     244.812500 449.437500 913.296875     0.060144 -0.998190 0.998190 0.060144     6.923780 6.923780 4.891819
542.157654 272.874725     67.773438 6.300781 22.566406     -0.020208 -0.999796 0.999796 -0.020208     12.402543 12.402543 4.589446
541.721191 274.993774     54.968750 -4.640625 28.837891     -0.062044 -0.998073 0.998073 -0.062044     18.433941 18.433941 4.610705
