1.0
803
223.359680 277.782623     154.414062 13.437500 29.562500     -0.994386 -0.105812 0.105812 -0.994386     23.868090 23.868090 1.398863
223.359680 277.782623     1181.906250 18.070312 90.617188     -0.994386 -0.105812 0.105812 -0.994386     23.868090 23.868090 5.963123
263.170898 271.154785     118.218750 5.820312 2.421875     -0.999863 -0.016552 0.016552 -0.999863     42.766114 42.766114 1.508933
263.170898 271.154785     201.937500 12.046875 3.734375     -0.999863 -0.016552 0.016552 -0.999863     42.766114 42.766114 4.521942
277.234985 431.540009     1235.562500 76.484375 110.265625     -0.998746 -0.050074 0.050074 -0.998746     6.567631 6.567631 2.949056
275.796051 431.753296     861.640625 51.437500 23.562500     -0.998171 -0.060447 0.060447 -0.998171     7.800521 7.800521 2.881710
259.122833 269.195892     273.234375 15.953125 5.375000     -0.997719 -0.067503 0.067503 -0.997719     46.131238 46.131238 1.504045
259.122833 269.195892     1231.343750 63.179688 25.437500     -0.997719 -0.067503 0.067503 -0.997719     46.131238 46.131238 4.516843
282.783997 391.319885     1444.335938 67.718750 26.515625     -0.998136 -0.061032 0.061032 -0.998136     20.333477 20.333477 3.122998
275.451752 432.282349     347.187500 19.515625 8.890625     -0.998244 -0.059244 0.059244 -0.998244     9.469494 9.469494 2.922138
275.451752 432.282349     392.039062 22.070312 11.343750     -0.998244 -0.059244 0.059244 -0.998244     9.469494 9.469494 4.940696
284.630066 391.245453     2042.179688 96.625000 31.031250     -0.998638 -0.052178 0.052178 -0.998638     21.172217 21.172217 1.547452
285.216156 391.145935     425.984375 23.875000 12.671875     -0.998866 -0.047600 0.047600 -0.998866     21.716194 21.716194 1.545253
275.930145 433.358734     2427.546875 124.250000 37.671875     -0.998351 -0.057402 0.057402 -0.998351     12.542439 12.542439 1.260830
275.930145 433.358734     500.015625 30.257812 18.546875     -0.998351 -0.057402 0.057402 -0.998351     12.542439 12.542439 2.985466
276.288361 433.931213     1212.093750 83.382812 122.046875     -0.998335 -0.057684 0.057684 -0.998335     14.278922 14.278922 1.238301
276.288361 433.931213     566.109375 33.382812 23.375000     -0.998335 -0.057684 0.057684 -0.998335     14.278922 14.278922 3.010067
283.882416 390.611053     2748.007812 150.789062 43.671875     -0.998853 -0.047879 0.047879 -0.998853     23.121243 23.121243 1.541058
283.882416 390.611053     13.937500 -65.726562 328.693359     -0.998853 -0.047879 0.047879 -0.998853     23.121243 23.121243 4.738811
276.174072 434.210083     22.171875 12.671875 26.203125     -0.998347 -0.057478 0.057478 -0.998347     15.125160 15.125160 1.210488
276.174072 434.210083     15.625000 -75.490234 384.886230     -0.998347 -0.057478 0.057478 -0.998347     15.125160 15.125160 5.034519
282.293793 390.380707     604.445312 34.421875 27.640625     -0.998658 -0.051781 0.051781 -0.998658     25.147498 25.147498 1.537192
282.293793 390.380707     24.123047 -9.597656 18.859375     -0.998658 -0.051781 0.051781 -0.998658     25.147498 25.147498 4.735498
275.338623 435.087921     50.390625 24.046875 70.921875     -0.998046 -0.062476 0.062476 -0.998046     18.363518 18.363518 1.175646
275.338623 435.087921     19.625000 -94.095703 473.924561     -0.998046 -0.062476 0.062476 -0.998046     18.363518 18.363518 3.091436
258.215973 268.093933     60.500488 144.998047 417.952148     -0.997121 -0.075833 0.075833 -0.997121     48.404905 48.404905 1.503347
258.215973 268.093933     32.250000 -16.949219 35.859375     -0.997121 -0.075833 0.075833 -0.997121     48.404905 48.404905 3.153716
274.768158 435.889496     45.031250 3.421875 14.679688     -0.998128 -0.061163 0.061163 -0.998128     20.782684 20.782684 1.153035
274.768158 435.889496     133.390625 25.507812 7.984375     -0.998128 -0.061163 0.061163 -0.998128     20.782684 20.782684 3.093218
280.845215 390.346527     66.046875 35.000000 101.000000     -0.998459 -0.055500 0.055500 -0.998459     26.732469 26.732469 1.543160
280.845215 390.346527     48.730469 -28.898438 61.921875     -0.998459 -0.055500 0.055500 -0.998459     26.732469 26.732469 4.729937
476.197235 62.706421     50.453125 3.078125 18.062500     0.196521 -0.980500 0.980500 0.196521     3.933292 3.933292 4.720393
406.991180 395.290741     3088.875000 171.882812 49.468750     -0.649196 -0.760621 0.760621 -0.649196     15.164613 15.164613 0.574384
406.991180 395.290741     72.062500 35.843750 115.703125     -0.649196 -0.760621 0.760621 -0.649196     15.164613 15.164613 4.853749
476.277557 62.277550     3655.375000 216.187500 32.390625     0.192850 -0.981228 0.981228 0.192850     3.995193 3.995193 4.714855
274.504395 436.564758     23.171875 -112.222656 570.377686     -0.998237 -0.059361 0.059361 -0.998237     22.765598 22.765598 1.114263
274.504395 436.564758     58.464844 -33.765625 76.578125     -0.998237 -0.059361 0.059361 -0.998237     22.765598 22.765598 5.130331
145.687790 377.076935     75.203125 33.593750 129.296875     -0.795127 0.606443 -0.606443 -0.795127     15.286261 15.286261 0.989867
145.687790 377.076935     20.781250 -0.257812 24.984375     -0.795127 0.606443 -0.606443 -0.795127     15.286261 15.286261 1.454505
406.776947 388.245209     639.406250 36.609375 32.734375     -0.551080 -0.834452 0.834452 -0.551080     26.435281 26.435281 0.665244
476.604248 60.498234     56.631836 136.497070 413.150391     0.195104 -0.980783 0.980783 0.195104     4.285363 4.285363 4.718261
78.733994 115.679802     71.992188 -42.761719 100.203125     -0.334235 -0.942490 0.942490 -0.334235     13.559822 13.559822 2.427543
78.733994 115.679802     6731.125000 410.210938 46.765625     -0.334235 -0.942490 0.942490 -0.334235     13.559822 13.559822 4.728354
146.411591 374.362305     21.234375 -2.289062 33.250000     0.668626 -0.743599 0.743599 0.668626     18.559247 18.559247 4.331349
146.411591 374.362305     80.150391 -43.535156 117.171875     0.668626 -0.743599 0.743599 0.668626     18.559247 18.559247 4.628786
383.804688 324.859375     165.140625 -48.703125 119.375000     -0.993858 -0.110660 0.110660 -0.993858     17.016120 17.016120 6.212875
373.432312 230.733627     86.500000 35.781250 160.703125     -0.981399 -0.191979 0.191979 -0.981399     7.787195 7.787195 1.556472
406.204590 385.449677     89.062500 -43.667969 132.265625     -0.525959 -0.850510 0.850510 -0.525959     29.985916 29.985916 0.687497
146.757950 371.063599     22.031250 -2.500000 39.734375     0.623492 -0.781830 0.781830 0.623492     22.805988 22.805988 4.531883
161.227539 310.377258     365.156250 -101.562500 179.992188     -0.995594 -0.093773 0.093773 -0.995594     18.970890 18.970890 6.276894
279.847687 390.415558     218.750000 24.437500 172.437500     -0.998415 -0.056282 0.056282 -0.998415     28.381917 28.381917 1.538146
279.847687 390.415558     28.343750 -137.755859 698.696777     -0.998415 -0.056282 0.056282 -0.998415     28.381917 28.381917 4.732796
406.388824 384.157837     444.359375 -97.171875 213.148438     -0.489904 -0.871776 0.871776 -0.489904     32.424905 32.424905 0.626917
305.176849 318.927887     161.703125 26.343750 7.832031     -0.998237 -0.059355 0.059355 -0.998237     19.889840 19.889840 6.273536
476.945618 59.003021     665.679688 37.164062 37.703125     0.193393 -0.981121 0.981121 0.193393     4.613619 4.613619 4.715291
146.831207 369.307800     80.079102 184.056641 504.559570     0.608661 -0.793430 0.793430 0.608661     25.678548 25.678548 2.366002
146.831207 369.307800     597.203125 38.099609 5.067139     0.608661 -0.793430 0.793430 0.608661     25.678548 25.678548 4.457935
406.739990 383.060883     7903.984375 494.414062 53.585938     -0.431786 -0.901976 0.901976 -0.431786     34.600708 34.600708 0.535698
274.361725 437.302338     104.781250 -49.257812 156.781250     -0.998197 -0.060018 0.060018 -0.998197     24.865578 24.865578 1.076181
274.361725 437.302338     976.859375 -366.046875 522.531250     -0.998197 -0.060018 0.060018 -0.998197     24.865578 24.865578 3.068638
78.524445 114.137779     48.148438 1.851562 10.082031     -0.320961 -0.947092 0.947092 -0.320961     14.494090 14.494090 2.424420
78.524445 114.137779     718.750000 43.425781 5.384766     -0.320961 -0.947092 0.947092 -0.320961     14.494090 14.494090 4.726939
147.019867 366.980133     158.382812 79.640625 254.242188     0.585978 -0.810327 0.810327 0.585978     28.838494 28.838494 2.295466
147.019867 366.980133     189.857422 64.023438 55.484375     0.585978 -0.810327 0.810327 0.585978     28.838494 28.838494 4.444419
277.603912 316.707520     1229.203125 -359.468750 550.882812     -0.998136 -0.061025 0.061025 -0.998136     20.955502 20.955502 6.274330
146.964645 365.324646     3478.343750 195.671875 54.875000     0.551684 -0.834053 0.834053 0.551684     32.247792 32.247792 2.318091
146.964645 365.324646     756.695312 44.954102 5.686768     0.551684 -0.834053 0.834053 0.551684     32.247792 32.247792 5.419247
440.801178 337.377747     113.886719 -55.320312 183.562500     -0.844170 0.536076 -0.536076 -0.844170     42.320788 42.320788 3.956348
406.822388 380.698181     25.234375 -2.812500 43.859375     -0.374300 -0.927307 0.927307 -0.374300     38.198924 38.198924 0.502841
406.822388 380.698181     328.052246 103.205078 297.164062     -0.374300 -0.927307 0.927307 -0.374300     38.198924 38.198924 2.066097
146.800980 363.892761     53.335938 2.343750 10.531250     0.527545 -0.849527 0.849527 0.527545     35.417398 35.417398 2.363795
146.800980 363.892761     1474.203125 -446.781250 695.046875     0.527545 -0.849527 0.849527 0.527545     35.417398 35.417398 5.478021
448.856415 340.254395     119.315918 260.992188 649.713867     -0.914789 0.403932 -0.403932 -0.914789     52.313640 52.313640 3.890053
409.830505 379.794037     185.515625 26.789062 7.949219     -0.918646 -0.395081 0.395081 -0.918646     57.262866 57.262866 1.104690
477.627289 55.398949     30.687500 -149.189453 758.763916     0.193741 -0.981053 0.981053 0.193741     4.803183 4.803183 4.715635
453.358917 342.586334     582.515625 42.868164 4.010742     -0.939547 0.342419 -0.342419 -0.939547     59.992620 59.992620 3.791810
375.617645 230.808823     888.023438 53.027344 6.354980     -0.986427 -0.164203 0.164203 -0.986427     8.354483 8.354483 1.563432
274.078766 437.902771     1708.765625 -510.437500 825.546875     -0.998266 -0.058873 0.058873 -0.998266     26.816142 26.816142 1.065320
274.078766 437.902771     49.992188 -2.632812 6.421875     -0.998266 -0.058873 0.058873 -0.998266     26.816142 26.816142 3.084202
79.432541 116.190475     90.570312 2.369141 3.876953     -0.349652 -0.936879 0.936879 -0.349652     15.185336 15.185336 2.441860
79.432541 116.190475     204.211914 428.067383 972.938477     -0.349652 -0.936879 0.936879 -0.349652     15.185336 15.185336 4.723835
275.366364 45.756756     122.978516 -62.347656 211.460938     -0.997953 -0.063947 0.063947 -0.997953     7.291908 7.291908 1.556422
275.366364 45.756756     625.519531 47.998047 4.936035     -0.997953 -0.063947 0.063947 -0.997953     7.291908 7.291908 3.572427
266.027863 315.844055     1869.640625 -538.718750 901.875000     -0.998038 -0.062609 0.062609 -0.998038     21.378803 21.378803 3.155586
266.027863 315.844055     77.562500 -4.218750 4.019531     -0.998038 -0.062609 0.062609 -0.998038     21.378803 21.378803 6.261495
185.721390 160.970154     639.363770 327.048828 1179.539062     -0.999340 -0.036316 0.036316 -0.999340     7.969494 7.969494 3.001006
146.734756 362.025360     35.968750 -129.839844 494.038574     0.516334 -0.856387 0.856387 0.516334     38.992615 38.992615 2.377948
146.734756 362.025360     55.828125 4.242188 11.699219     0.516334 -0.856387 0.856387 0.516334     38.992615 38.992615 5.507876
445.795105 358.856384     834.062500 21.046875 55.156250     -0.873871 0.486158 -0.486158 -0.873871     80.358622 80.358622 4.015788
350.384613 207.449387     42.437500 -12.351562 46.078125     -0.998825 -0.048469 0.048469 -0.998825     14.224686 14.224686 4.504382
350.384613 207.449387     776.283203 361.066406 1320.015625     -0.998825 -0.048469 0.048469 -0.998825     14.224686 14.224686 6.205084
273.621063 45.668423     63.437500 -222.527344 835.508057     -0.998166 -0.060539 0.060539 -0.998166     7.463715 7.463715 1.550831
273.621063 45.668423     35.218750 -71.031250 165.968750     -0.998166 -0.060539 0.060539 -0.998166     7.463715 7.463715 3.674986
91.989380 320.220673     172.726562 -1.966797 4.056641     -0.492115 -0.870530 0.870530 -0.492115     47.912116 47.912116 1.979369
91.989380 320.220673     969.312500 59.720703 7.124756     -0.492115 -0.870530 0.870530 -0.492115     47.912116 47.912116 3.870966
94.661972 365.255280     205.828125 25.414062 7.562500     -0.928424 -0.371522 0.371522 -0.928424     24.591786 24.591786 4.544266
452.170258 360.713898     12.824219 31.117188 149.625000     -0.918222 0.396067 -0.396067 -0.918222     89.529539 89.529539 3.916614
90.605400 373.227509     1320.742188 56.828125 65.718750     -0.817048 -0.576570 0.576570 -0.817048     41.425675 41.425675 4.308059
279.360046 390.464203     882.158203 369.816406 1455.765625     -0.998381 -0.056878 0.056878 -0.998381     29.757038 29.757038 1.548927
279.360046 390.464203     18.812500 -11.609375 60.468750     -0.998381 -0.056878 0.056878 -0.998381     29.757038 29.757038 4.732628
272.059814 45.679424     55.179688 -3.636719 6.578125     -0.998226 -0.059540 0.059540 -0.998226     7.801323 7.801323 1.514749
272.059814 45.679424     90.304688 6.046875 4.091797     -0.998226 -0.059540 0.059540 -0.998226     7.801323 7.801323 3.615854
146.637253 361.020691     212.460938 45.199219 145.886719     0.483278 -0.875467 0.875467 0.483278     41.082968 41.082968 2.397385
82.092026 321.749939     133.437500 -70.652344 245.656250     -0.757627 -0.652688 0.652688 -0.757627     64.939523 64.939523 2.319613
349.923920 207.083328     1517.765625 32.632812 85.062500     -0.998513 -0.054510 0.054510 -0.998513     14.514367 14.514367 4.491599
349.923920 207.083328     69.349609 -26.974609 51.890625     -0.998513 -0.054510 0.054510 -0.998513     14.514367 14.514367 6.200574
456.070221 364.412872     2246.343750 -552.578125 1333.062500     -0.910277 0.414000 -0.414000 -0.910277     99.799406 99.799406 3.934842
274.278900 437.705841     83.046875 -4.523438 4.671875     -0.998514 -0.054491 0.054491 -0.998514     29.715991 29.715991 0.994371
274.278900 437.705841     1514.289062 53.085938 184.968750     -0.998514 -0.054491 0.054491 -0.998514     29.715991 29.715991 3.109251
81.086334 119.636688     10907.505859 -1373.867188 1622.007812     -0.378987 -0.925402 0.925402 -0.378987     15.865077 15.865077 1.525479
81.086334 119.636688     102.093750 -26.156250 373.968750     -0.378987 -0.925402 0.925402 -0.378987     15.865077 15.865077 2.473077
377.203217 230.719360     3883.429688 223.984375 60.593750     -0.989285 -0.146000 0.146000 -0.989285     8.995092 8.995092 1.563525
477.948486 53.641685     35.062500 -69.984375 165.515625     0.193247 -0.981150 0.981150 0.193247     5.137000 5.137000 4.715204
209.361237 46.400883     215.515625 -4.193359 4.566406     -0.997295 -0.073500 0.073500 -0.997295     4.152197 4.152197 1.535813
269.933899 45.620468     1640.375000 54.921875 192.218750     -0.998209 -0.059821 0.059821 -0.998209     8.021042 8.021042 1.557332
269.933899 45.620468     31.921875 -152.408203 768.784180     -0.998209 -0.059821 0.059821 -0.998209     8.021042 8.021042 4.037445
460.061523 367.729401     117.562500 -418.363281 1671.177246     -0.909472 0.415765 -0.415765 -0.909472     109.508264 109.508264 3.929043
200.004883 192.975616     226.406250 24.382812 7.445312     -0.998192 0.060099 -0.060099 -0.998192     11.262017 11.262017 4.725964
185.509003 161.279282     316.458984 -164.419922 247.191406     -0.999627 -0.027297 0.027297 -0.999627     8.786252 8.786252 3.067568
84.168831 125.753250     1858.703125 64.648438 8.521484     -0.407368 -0.913264 0.913264 -0.407368     16.392203 16.392203 1.516100
84.168831 125.753250     20.968750 -12.953125 114.914062     -0.407368 -0.913264 0.913264 -0.407368     16.392203 16.392203 4.688092
146.747131 360.000000     52.328125 4.140625 9.207031     0.458967 -0.888453 0.888453 0.458967     42.873052 42.873052 2.421013
210.384308 46.435295     2225.671875 -512.656250 1543.656250     -0.997057 -0.076660 0.076660 -0.997057     5.022386 5.022386 1.523686
401.640381 212.177338     311.917969 -5.550781 5.154297     -0.998369 0.057084 -0.057084 -0.998369     8.747051 8.747051 1.697606
401.640381 212.177338     2714.804688 48.000000 695.843750     -0.998369 0.057084 -0.057084 -0.998369     8.747051 8.747051 4.001481
592.222229 59.520325     133.312500 -72.843750 789.500000     0.255015 -0.966937 0.966937 0.255015     5.911171 5.911171 3.292900
349.322357 206.661179     834.182617 907.300781 1844.875000     -0.995493 -0.094830 0.094830 -0.995493     15.123690 15.123690 2.829307
349.322357 206.661179     136.416016 -81.125000 292.937500     -0.995493 -0.094830 0.094830 -0.995493     15.123690 15.123690 4.486209
276.780151 436.623413     426.062500 76.349609 15.024414     -0.999636 -0.026992 0.026992 -0.999636     33.247648 33.247648 1.051351
276.780151 436.623413     10341.346680 -1657.984375 2065.875000     -0.999636 -0.026992 0.026992 -0.999636     33.247648 33.247648 3.207634
591.399719 60.265942     59.734375 4.367188 13.335938     0.258490 -0.966014 0.966014 0.258490     8.878405 8.878405 3.224687
388.362732 428.156860     2793.226562 98.679688 706.890625     0.401744 -0.915752 0.915752 0.401744     9.063985 9.063985 4.539653
189.174240 161.246216     88.796875 5.976562 4.962891     -0.999932 0.011658 -0.011658 -0.999932     9.037844 9.037844 3.332904
189.174240 161.246216     1962.898438 74.166016 9.607910     -0.999932 0.011658 -0.011658 -0.999932     9.037844 9.037844 4.885583
268.815247 45.678097     160.781250 -553.441406 2165.497070     -0.998094 -0.061712 0.061712 -0.998094     8.336795 8.336795 1.554208
268.815247 45.678097     170.812500 -134.203125 1016.218750     -0.998094 -0.061712 0.061712 -0.998094     8.336795 8.336795 3.630995
378.690063 230.695908     24.187500 -14.468750 115.308594     -0.992138 -0.125151 0.125151 -0.992138     9.392733 9.392733 1.565289
150.649353 410.519470     195.906250 -161.171875 1157.031250     -0.211854 -0.977301 0.977301 -0.211854     11.094849 11.094849 4.865694
276.019562 435.104523     9405.257812 -1640.660156 2012.164062     -0.998981 -0.045142 0.045142 -0.998981     35.760364 35.760364 1.202042
276.019562 435.104523     308.406250 -8.039062 6.113281     -0.998981 -0.045142 0.045142 -0.998981     35.760364 35.760364 3.118523
613.759094 376.963501     33.625000 -155.187500 766.630615     0.251519 -0.967852 0.967852 0.251519     17.884618 17.884618 6.409604
200.986847 192.820175     766.601562 73.645508 7.516785     -0.997243 0.074208 -0.074208 -0.997243     11.301637 11.301637 4.730568
279.067963 165.436890     579.171875 104.947266 21.418945     -0.997573 -0.069628 0.069628 -0.997573     8.620457 8.620457 1.435805
279.067963 165.436890     13.619141 29.062500 137.671875     -0.997573 -0.069628 0.069628 -0.997573     8.620457 8.620457 2.836778
127.032112 213.123856     29962.398438 1477.484375 2198.296875     -0.892467 -0.451112 0.451112 -0.892467     49.915539 49.915539 2.259357
248.136780 46.144829     214.531250 -197.703125 1308.078125     -0.999556 -0.029804 0.029804 -0.999556     10.968115 10.968115 0.614518
248.136780 46.144829     263.390625 19.343750 6.953125     -0.999556 -0.029804 0.029804 -0.999556     10.968115 10.968115 1.530586
147.049438 357.911774     287.621094 -11.085938 9.507812     0.434797 -0.900529 0.900529 0.434797     44.847832 44.847832 2.425395
271.884247 435.751801     876.281250 84.984375 8.949646     -0.999741 -0.022759 0.022759 -0.999741     41.321568 41.321568 1.232572
147.172791 189.180145     24.078125 1.720825 13.314281     -0.808671 0.588261 -0.588261 -0.808671     25.562281 25.562281 0.907465
402.342102 211.916672     2335.152344 110.451172 13.041016     -0.998350 0.057429 -0.057429 -0.998350     9.451786 9.451786 1.723282
402.342102 211.916672     633.546875 111.998047 22.937500     -0.998350 0.057429 -0.057429 -0.998350     9.451786 9.451786 3.979831
280.000427 390.746033     651.796875 110.519531 22.347168     -0.998300 -0.058292 0.058292 -0.998300     31.019004 31.019004 1.538763
280.000427 390.746033     86.593750 7.566406 9.376953     -0.998300 -0.058292 0.058292 -0.998300     31.019004 31.019004 4.735922
388.530975 428.092926     58.343750 6.628906 11.789062     0.398871 -0.917007 0.917007 0.398871     9.673764 9.673764 4.526585
190.013611 161.472794     26.796875 -20.390625 130.289062     -0.999803 0.019867 -0.019867 -0.999803     9.527980 9.527980 0.370975
190.013611 161.472794     64.054688 -5.777344 7.675781     -0.999803 0.019867 -0.019867 -0.999803     9.527980 9.527980 1.460074
477.845673 53.828754     18.913086 -16.212891 57.617188     0.194862 -0.980831 0.980831 0.194862     5.767885 5.767885 4.715154
586.510132 69.445808     21.583862 -0.224609 29.533203     0.244508 -0.969647 0.969647 0.244508     15.632219 15.632219 3.425894
380.164459 230.618042     287.347656 -13.623047 11.005859     -0.994003 -0.109350 0.109350 -0.994003     9.820911 9.820911 1.561970
134.076538 202.299316     753.148438 76.603516 24.065186     -0.776569 0.630032 -0.630032 -0.776569     48.004095 48.004095 1.033398
249.079193 46.306599     14.013672 27.812500 140.453125     -0.999392 -0.034878 0.034878 -0.999392     11.263772 11.263772 0.566065
249.079193 46.306599     35.453125 -50.687500 310.523438     -0.999392 -0.034878 0.034878 -0.999392     11.263772 11.263772 1.478768
503.040131 207.555191     7335.656250 823.529297 108.119873     0.134130 -0.990964 0.990964 0.134130     19.725970 19.725970 1.727091
503.040131 207.555191     95.062500 6.453125 11.476562     0.134130 -0.990964 0.990964 0.134130     19.725970 19.725970 4.521134
260.517242 191.167480     132.379150 2.271484 105.585938     -0.995503 -0.094726 0.094726 -0.995503     13.359040 13.359040 1.602895
260.517242 191.167480     501.046875 -5.998047 109.237427     -0.995503 -0.094726 0.094726 -0.995503     13.359040 13.359040 4.632894
192.455658 161.672775     5098.335938 828.165039 364.381104     -0.999836 0.018086 -0.018086 -0.999836     10.116387 10.116387 0.383733
192.455658 161.672775     306.953125 9.218750 7.531250     -0.999836 0.018086 -0.018086 -0.999836     10.116387 10.116387 1.467123
584.280884 74.173637     45.531250 -65.640625 323.761719     0.244977 -0.969529 0.969529 0.244977     18.327269 18.327269 3.416291
150.411316 410.656616     40.703125 -175.267578 830.735352     -0.210639 -0.977564 0.977564 -0.210639     11.814823 11.814823 4.865399
116.206009 175.418457     62.937500 11.570312 16.753906     -0.506660 -0.862146 0.862146 -0.506660     78.070372 78.070372 1.567710
147.596207 355.538086     28755.617188 1283.281250 2164.656250     0.390968 -0.920404 0.920404 0.390968     45.437929 45.437929 2.461137
147.596207 355.538086     1999.214844 87.437500 16.583984     0.390968 -0.920404 0.920404 0.390968     45.437929 45.437929 4.578188
428.062042 70.065697     81.031250 5.679688 12.085938     -0.984227 -0.176912 0.176912 -0.984227     5.132380 5.132380 4.736248
403.397217 212.745651     107.548584 -3.904297 169.812500     -0.999678 -0.025363 0.025363 -0.999678     13.601973 13.601973 3.620191
349.005920 206.192307     128.902344 27.902344 29.031250     -0.995675 -0.092901 0.092901 -0.995675     16.180276 16.180276 2.838788
349.005920 206.192307     241.000000 -837.085938 3201.530273     -0.995675 -0.092901 0.092901 -0.995675     16.180276 16.180276 4.484247
278.930725 165.753250     106.383301 -7.329590 184.648438     -0.997494 -0.070754 0.070754 -0.997494     9.587178 9.587178 2.858538
251.017212 46.597828     56.820312 -2.183594 20.257812     -0.999282 -0.037888 0.037888 -0.999282     11.731018 11.731018 0.460014
251.017212 46.597828     154.765625 36.378906 35.398438     -0.999282 -0.037888 0.037888 -0.999282     11.731018 11.731018 1.504244
582.682007 78.472725     46.546875 -66.156250 326.386719     0.249576 -0.968355 0.968355 0.249576     19.166979 19.166979 3.341475
502.822296 208.246994     104.286621 -13.952637 216.117188     0.153144 -0.988204 0.988204 0.153144     21.080587 21.080587 1.569224
502.822296 208.246994     69.562500 15.058594 20.945312     0.153144 -0.988204 0.988204 0.153144     21.080587 21.080587 4.429796
192.550964 161.966949     169.757812 42.058594 57.789062     -0.999647 0.026565 -0.026565 -0.999647     10.930133 10.930133 0.408993
192.550964 161.966949     362.562500 -5.906250 10.351562     -0.999647 0.026565 -0.026565 -0.999647     10.930133 10.930133 1.452415
388.837311 427.773804     60.730469 4.351562 23.691406     0.401749 -0.915750 0.915750 0.401749     10.066135 10.066135 4.496670
477.519989 54.653332     5834.406250 969.235352 362.085205     0.198933 -0.980013 0.980013 0.198933     6.557429 6.557429 4.720642
280.955231 30.975124     72.890625 22.449219 28.968750     -0.995412 -0.095681 0.095681 -0.995412     2.977494 2.977494 4.676264
421.865479 69.012688     45.734375 -56.054688 327.113281     -0.983850 -0.178995 0.178995 -0.983850     6.862455 6.862455 4.727162
421.865479 69.012688     43.828125 -182.488281 847.231201     -0.983850 -0.178995 0.178995 -0.983850     6.862455 6.862455 6.210815
150.318497 410.335602     653.148438 52.695312 5.039062     -0.217338 -0.976096 0.976096 -0.217338     12.031143 12.031143 4.868315
382.720367 230.473938     7.187500 -3.125000 39.539062     -0.997199 -0.074798 0.074798 -0.997199     10.555532 10.555532 1.567419
191.985443 162.662628     320.703125 33.097656 6.402588     -0.999209 0.039767 -0.039767 -0.999209     13.549868 13.549868 0.404837
191.985443 162.662628     19.875000 -62.789062 352.384766     -0.999209 0.039767 -0.039767 -0.999209     13.549868 13.549868 3.614855
284.500000 31.252213     1109.398438 54.781250 3.511719     -0.995323 -0.096607 0.096607 -0.995323     3.767681 3.767681 4.683943
284.500000 31.252213     263.687500 -288.750000 1640.640625     -0.995323 -0.096607 0.096607 -0.995323     3.767681 3.767681 6.294311
278.859924 166.147858     109.117188 -3.664062 15.546875     -0.997655 -0.068444 0.068444 -0.997655     10.555175 10.555175 2.889462
278.859924 166.147858     5951.367188 985.506836 364.846802     -0.997655 -0.068444 0.068444 -0.997655     10.555175 10.555175 6.171521
255.465805 47.079803     24.531250 -82.335938 460.765625     -0.998876 -0.047404 0.047404 -0.998876     12.567204 12.567204 0.350891
255.465805 47.079803     84.843750 34.304688 37.332031     -0.998876 -0.047404 0.047404 -0.998876     12.567204 12.567204 1.485423
420.668793 68.717949     982.250000 80.070312 7.351562     -0.984587 -0.174895 0.174895 -0.984587     7.849882 7.849882 6.273879
580.400269 85.930634     84.343750 -2.585938 25.332031     0.249895 -0.968273 0.968273 0.249895     19.890203 19.890203 3.369379
580.400269 85.930634     54.971191 31.680176 55.377563     0.249895 -0.968273 0.968273 0.249895     19.890203 19.890203 4.802132
403.386078 212.481018     32.125000 -107.074219 385.617676     -0.998704 -0.050905 0.050905 -0.998704     14.532379 14.532379 3.523718
284.135773 29.370861     41.375000 -95.765625 240.609375     -0.995008 -0.099791 0.099791 -0.995008     17.403313 17.403313 6.262665
419.876678 68.585739     1204.031250 235.246094 47.205078     -0.985778 -0.168054 0.168054 -0.985778     8.425925 8.425925 6.373619
279.342194 166.940201     81.187500 -264.710938 913.638184     -0.995322 -0.096612 0.096612 -0.995322     13.229168 13.229168 2.879381
279.342194 166.940201     2282.375000 54.140625 18.093750     -0.995322 -0.096612 0.096612 -0.995322     13.229168 13.229168 6.159307
260.828949 191.473679     52.566895 29.928711 56.060547     -0.990394 -0.138273 0.138273 -0.990394     14.831971 14.831971 1.623063
260.828949 191.473679     46.187500 -51.242188 317.085938     -0.990394 -0.138273 0.138273 -0.990394     14.831971 14.831971 4.620356
502.381958 209.405838     1835.000000 -45.835938 158.804688     0.186584 -0.982439 0.982439 0.186584     21.545700 21.545700 1.581944
502.381958 209.405838     38.750000 -137.765625 783.816406     0.186584 -0.982439 0.982439 0.186584     21.545700 21.545700 4.410706
200.118103 193.149612     115.333740 -27.353516 296.925781     -0.994896 0.100902 -0.100902 -0.994896     11.982044 11.982044 4.746242
477.011871 55.664406     48.343750 -113.984375 293.906250     0.205188 -0.978722 0.978722 0.205188     7.596529 7.596529 4.723233
61.167969 159.406250     102.750000 -331.035156 1135.990723     0.341658 -0.939824 0.939824 0.341658     16.236929 16.236929 2.699879
38.613544 151.366531     65.250000 -191.341797 824.010010     0.028221 -0.999602 0.999602 0.028221     20.903225 20.903225 5.028039
191.715836 163.106293     4994.949219 163.666016 948.988281     -0.998793 0.049119 -0.049119 -0.998793     14.467271 14.467271 0.424083
191.715836 163.106293     1382.445312 114.804688 10.417969     -0.998793 0.049119 -0.049119 -0.998793     14.467271 14.467271 3.743911
285.641846 29.234957     62.656250 -229.453125 1182.011719     -0.994642 -0.103376 0.103376 -0.994642     18.058141 18.058141 4.773463
285.641846 29.234957     68.218750 -224.335938 789.537109     -0.994642 -0.103376 0.103376 -0.994642     18.058141 18.058141 6.212873
150.510834 410.080505     60.062500 -133.625000 338.476562     -0.205746 -0.978605 0.978605 -0.205746     12.859505 12.859505 3.806903
150.510834 410.080505     56.786133 28.462891 62.214111     -0.205746 -0.978605 0.978605 -0.205746     12.859505 12.859505 4.864574
499.664459 216.832230     340.359375 -74.710938 85.933594     0.175633 -0.984456 0.984456 0.175633     23.125873 23.125873 1.537178
499.664459 216.832230     1119.269531 54.125000 3.537109     0.175633 -0.984456 0.984456 0.175633     23.125873 23.125873 4.489548
307.206573 53.817215     212.312500 -707.882812 2942.380371     -0.993731 -0.111796 0.111796 -0.993731     17.700431 17.700431 1.578897
278.217865 167.488831     166.125000 -537.925781 1843.117676     -0.997068 -0.076524 0.076524 -0.997068     14.912116 14.912116 6.190463
52.630810 154.572372     1224.484375 237.546875 47.435547     -0.996476 -0.083881 0.083881 -0.996476     46.197871 46.197871 4.810246
347.286804 206.545685     1520.429688 125.265625 11.238281     -0.999699 0.024533 -0.024533 -0.999699     17.862421 17.862421 3.151517
347.286804 206.545685     26.062500 -87.822266 318.184448     -0.999699 0.024533 -0.024533 -0.999699     17.862421 17.862421 6.415140
199.717850 193.778564     43.000000 -140.960938 475.481201     -0.989603 0.143825 -0.143825 -0.989603     14.773101 14.773101 4.765037
385.511261 230.094070     47.828125 -52.328125 337.035156     -0.999527 -0.030745 0.030745 -0.999527     12.114688 12.114688 1.560795
385.511261 230.094070     93.597656 -0.695312 27.000000     -0.999527 -0.030745 0.030745 -0.999527     12.114688 12.114688 3.970110
115.791100 175.392654     5429.898438 834.982422 1514.910156     -0.503876 -0.863776 0.863776 -0.503876     77.719810 77.719810 1.590448
498.639404 218.607300     90.132812 10.230469 37.003906     0.218654 -0.975802 0.975802 0.218654     24.983210 24.983210 1.593748
498.639404 218.607300     100.531250 -333.050781 1167.885742     0.218654 -0.975802 0.975802 0.218654     24.983210 24.983210 4.333840
476.198792 58.811661     179.031250 -573.984375 1970.860352     0.207286 -0.978280 0.978280 0.207286     8.497690 8.497690 4.721848
52.530670 155.480042     20.625000 -58.457031 276.927246     0.024272 -0.999705 0.999705 0.024272     48.131327 48.131327 3.365339
261.782623 192.083008     6162.296875 1074.016602 400.667847     -0.973152 -0.230164 0.230164 -0.973152     16.847895 16.847895 4.575590
230.094452 165.148895     82.310959 -18.970261 17.106075     -0.999033 -0.043974 0.043974 -0.999033     16.058954 16.058954 1.357529
230.094452 165.148895     46.562500 -188.617188 867.745361     -0.999033 -0.043974 0.043974 -0.999033     16.058954 16.058954 4.873277
403.574646 212.256332     136.709717 -29.500488 346.716797     -0.996669 -0.081555 0.081555 -0.996669     15.340433 15.340433 3.425340
199.677017 194.335403     25357.328125 1436.710938 3158.000000     -0.993997 0.109411 -0.109411 -0.993997     18.390969 18.390969 4.772818
52.430172 156.726730     295.250000 -742.218750 2714.126953     0.062339 -0.998055 0.998055 0.062339     46.614596 46.614596 3.258619
183.106247 285.215637     1598.234375 131.437500 11.824219     -0.967720 -0.252027 0.252027 -0.967720     20.993610 20.993610 1.344513
183.106247 285.215637     7.750000 -2.273438 44.019531     -0.967720 -0.252027 0.252027 -0.967720     20.993610 20.993610 5.773390
578.723145 91.682098     222.312500 -700.613281 2384.143555     0.254501 -0.967073 0.967073 0.254501     20.477259 20.477259 3.341625
578.723145 91.682098     118.750000 4.945312 21.468750     0.254501 -0.967073 0.967073 0.254501     20.477259 20.477259 4.789003
345.841736 206.646790     6385.763672 2739.238281 3464.617188     -0.999170 0.040732 -0.040732 -0.999170     17.758790 17.758790 0.226191
345.841736 206.646790     43.808594 8.076172 12.140625     -0.999170 0.040732 -0.040732 -0.999170     17.758790 17.758790 3.189123
51.975857 157.595016     121.593750 -184.718750 494.710938     0.092446 -0.995718 0.995718 0.092446     46.265339 46.265339 3.207404
199.518112 194.206131     126.843750 -376.187500 1700.639648     -0.998234 0.059406 -0.059406 -0.998234     20.188840 20.188840 0.195005
199.518112 194.206131     52.140625 -68.031250 386.101562     -0.998234 0.059406 -0.059406 -0.998234     20.188840 20.188840 3.230200
184.729996 284.134003     253.750000 -887.398438 3549.476562     -0.962778 -0.270294 0.270294 -0.962778     22.583221 22.583221 1.293215
184.729996 284.134003     128.406250 -426.621094 1497.380859     -0.962778 -0.270294 0.270294 -0.962778     22.583221 22.583221 5.620010
498.289246 219.212708     32.968750 -128.300781 590.775391     0.219042 -0.975716 0.975716 0.219042     25.334338 25.334338 1.498494
498.289246 219.212708     213.312500 -385.453125 925.632812     0.219042 -0.975716 0.975716 0.219042     25.334338 25.334338 4.406526
120.562653 173.895172     142.437500 -415.074219 1873.924805     -0.522754 -0.852484 0.852484 -0.522754     95.266951 95.266951 1.423613
51.253174 159.083496     5662.339844 2724.125000 3339.923828     0.121965 -0.992534 0.992534 0.121965     45.575047 45.575047 1.484747
51.253174 159.083496     1216.144531 57.914062 3.701172     0.121965 -0.992534 0.992534 0.121965     45.575047 45.575047 3.235370
262.964905 192.645615     483.187500 -831.835938 3431.518066     -0.961796 -0.273768 0.273768 -0.961796     18.366944 18.366944 1.647123
262.964905 192.645615     24.218750 -111.500000 530.060547     -0.961796 -0.273768 0.273768 -0.961796     18.366944 18.366944 4.529257
391.502197 173.401749     59.953125 -114.835938 574.972656     -0.981784 -0.190002 0.190002 -0.981784     4.583631 4.583631 1.580011
186.214905 281.525452     1313.234375 253.410156 50.478516     -0.948556 -0.316609 0.316609 -0.948556     29.764960 29.764960 1.237726
186.214905 281.525452     162.671265 -50.926270 449.837891     -0.948556 -0.316609 0.316609 -0.948556     29.764960 29.764960 5.681411
388.409515 229.561249     12.375000 -35.312500 139.804688     -0.999860 0.016762 -0.016762 -0.999860     14.408820 14.408820 4.026918
269.838989 37.343220     57.765625 -239.404297 1126.962891     -0.993781 -0.111351 0.111351 -0.993781     7.062551 7.062551 3.000665
269.838989 37.343220     57.222656 8.644531 15.259766     -0.993781 -0.111351 0.111351 -0.993781     7.062551 7.062551 4.737516
199.488205 194.304245     321.843750 -647.328125 1549.765625     -0.993350 -0.115137 0.115137 -0.993350     21.668810 21.668810 2.643935
199.488205 194.304245     7378.117188 1148.867188 443.910767     -0.993350 -0.115137 0.115137 -0.993350     21.668810 21.668810 4.649721
263.753906 193.224304     92.000000 -299.175781 1342.137207     -0.921762 -0.387756 0.387756 -0.921762     19.884230 19.884230 4.482292
263.753906 193.224304     148.187500 -20.984375 9.437500     -0.921762 -0.387756 0.387756 -0.921762     19.884230 19.884230 5.529226
498.512604 220.356659     66.671875 -144.601562 725.390625     0.188442 -0.982084 0.982084 0.188442     26.614228 26.614228 1.465685
498.512604 220.356659     5307.087891 2627.750000 3353.226562     0.188442 -0.982084 0.982084 0.188442     26.614228 26.614228 4.489781
475.795105 59.831749     90.781250 7.199219 39.449219     0.211596 -0.977357 0.977357 0.211596     9.352913 9.352913 4.720409
266.049744 245.945267     20.750000 -60.023438 225.148438     -0.996754 -0.080513 0.080513 -0.996754     3.980813 3.980813 3.176691
387.527466 172.608063     85.484375 -12.828125 17.359375     -0.981478 -0.191577 0.191577 -0.981478     4.658861 4.658861 1.578689
244.300873 270.099976     357.796875 -91.960938 95.214844     -0.999228 0.039275 -0.039275 -0.999228     52.666440 52.666440 1.560845
244.300873 270.099976     66.484375 9.417969 18.289062     -0.999228 0.039275 -0.039275 -0.999228     52.666440 52.666440 3.577738
50.599644 159.988068     306.312500 -356.109375 4060.640625     0.145916 -0.989297 0.989297 0.145916     45.367450 45.367450 1.485973
50.599644 159.988068     156.906250 -291.560547 1534.536621     0.145916 -0.989297 0.989297 0.145916     45.367450 45.367450 3.178076
540.831665 233.623764     901.281250 -473.468750 3694.045898     0.095275 -0.995451 0.995451 0.095275     11.810598 11.810598 2.030860
271.167267 37.505455     185.812500 -18.921875 31.265625     -0.994619 -0.103603 0.103603 -0.994619     7.735591 7.735591 3.051639
271.167267 37.505455     78.031250 -151.390625 801.039062     -0.994619 -0.103603 0.103603 -0.994619     7.735591 7.735591 4.744014
222.557938 154.991409     48.734375 -194.226562 896.479980     -0.998781 -0.049355 0.049355 -0.998781     4.036725 4.036725 1.480566
394.622314 222.594681     4767.839844 2451.996094 3390.218750     -0.966228 0.257689 -0.257689 -0.966228     37.267883 37.267883 3.876221
383.574524 171.819870     1355.078125 260.761719 51.998047     -0.981322 -0.192372 0.192372 -0.981322     4.755294 4.755294 1.586421
344.132660 206.648987     1739.906250 423.101562 4890.869141     -0.999237 0.039069 -0.039069 -0.999237     17.661348 17.661348 0.239701
344.132660 206.648987     10.203125 -16.007812 100.642578     -0.999237 0.039069 -0.039069 -0.999237     17.661348 17.661348 3.190745
265.834198 194.613983     30.812500 -21.086426 76.318558     -0.885809 -0.464050 0.464050 -0.885809     19.800395 19.800395 4.441566
265.834198 194.613983     1035.187500 20.515625 136.253906     -0.885809 -0.464050 0.464050 -0.885809     19.800395 19.800395 5.453560
268.160461 246.041046     233.726562 3.187500 36.347656     -0.996688 -0.081315 0.081315 -0.996688     4.072449 4.072449 3.143445
196.929932 194.727280     26.636719 6.859375 24.738281     -0.999045 0.043695 -0.043695 -0.999045     22.598304 22.598304 4.738285
196.929932 194.727280     1117.031250 168.474609 55.117188     -0.999045 0.043695 -0.043695 -0.999045     22.598304 22.598304 6.191335
68.839462 42.652172     169.781250 3.460938 4.546875     -0.704836 -0.709371 0.709371 -0.704836     21.811565 21.811565 2.105238
629.412109 76.198845     417.343750 -649.843750 5570.796875     0.268985 -0.963144 0.963144 0.268985     6.707111 6.707111 5.027054
629.500000 274.843994     76.284180 6.729614 11.413034     0.373560 -0.927606 0.927606 0.373560     7.541810 7.541810 5.016575
381.513977 171.399445     194.484375 4.820312 8.421875     -0.981407 -0.191940 0.191940 -0.981407     4.922296 4.922296 1.577269
614.971741 70.782181     29.687500 -13.992676 18.573158     0.279456 -0.960158 0.960158 0.279456     9.159150 9.159150 4.713988
238.615875 164.796539     84.441406 -5.390381 233.484604     -0.999715 -0.023890 0.023890 -0.999715     18.444482 18.444482 1.357640
238.615875 164.796539     40.890625 -9.781250 22.292969     -0.999715 -0.023890 0.023890 -0.999715     18.444482 18.444482 4.889761
68.787880 42.536366     1136.292969 174.064453 60.013672     -0.686197 -0.727416 0.727416 -0.686197     22.198311 22.198311 2.102843
498.632660 220.455109     32.560547 4.179688 197.239258     0.179852 -0.983694 0.983694 0.179852     27.305294 27.305294 1.432831
498.632660 220.455109     33.453125 -14.949219 19.656250     0.179852 -0.983694 0.983694 0.179852     27.305294 27.305294 4.499497
241.894272 271.416473     15.312500 -0.296875 22.156250     -0.999627 0.027315 -0.027315 -0.999627     56.483915 56.483915 1.529524
241.894272 271.416473     86.535156 -28.401855 636.211182     -0.999627 0.027315 -0.027315 -0.999627     56.483915 56.483915 3.514739
48.773556 160.480515     39.183594 -4.800781 27.027344     0.145786 -0.989316 0.989316 0.145786     47.475087 47.475087 1.505190
48.773556 160.480515     42.078125 -21.616211 36.489700     0.145786 -0.989316 0.989316 0.145786     47.475087 47.475087 3.173006
263.505249 195.933334     92.451172 -16.871338 656.972046     -0.967288 -0.253682 0.253682 -0.967288     24.771910 24.771910 5.822683
628.872253 78.162994     48.125000 -24.915039 42.429184     0.269126 -0.963105 0.963105 0.269126     8.282049 8.282049 5.088889
628.736206 275.797089     99.515625 -14.160156 66.015091     0.365463 -0.930826 0.930826 0.365463     8.527357 8.527357 5.021992
615.110535 70.519997     38.798828 1.064453 195.179688     0.281090 -0.959681 0.959681 0.281090     10.828079 10.828079 4.714803
555.106689 48.655525     31.191406 10.585938 19.718750     0.231445 -0.972848 0.972848 0.231445     19.987798 19.987798 4.689106
174.125000 170.011292     49.061035 -3.986328 9.875000     -0.999185 -0.040353 0.040353 -0.999185     138.141829 138.141829 4.694919
263.733337 245.594208     32.777344 3.175781 13.921875     -0.996565 -0.082812 0.082812 -0.996565     4.216562 4.216562 1.485765
263.733337 245.594208     43.679489 49.473633 120.792969     -0.996565 -0.082812 0.082812 -0.996565     4.216562 4.216562 3.072861
625.749268 88.582130     35.457031 5.660156 33.859375     0.274650 -0.961544 0.961544 0.274650     9.156994 9.156994 5.049208
627.144653 277.934052     59.918945 9.519531 24.156250     0.373214 -0.927745 0.927745 0.373214     11.301881 11.301881 5.104570
68.031860 42.323528     72.933594 21.734375 45.687500     -0.672710 -0.739906 0.739906 -0.672710     25.017787 25.017787 2.183483
394.509552 222.999084     31.474609 -34.796875 144.765625     -0.964959 0.262402 -0.262402 -0.964959     36.452043 36.452043 3.920976
224.060379 155.113205     598.953125 157.584961 96.894531     -0.998831 -0.048341 0.048341 -0.998831     4.310652 4.310652 1.475972
577.871826 86.576599     93.494385 -21.276913 18.698734     0.236927 -0.971527 0.971527 0.236927     28.346701 28.346701 3.482996
612.795166 78.086601     18.218750 -13.464355 38.351418     0.281350 -0.959605 0.959605 0.281350     13.048744 13.048744 4.722502
380.942596 171.227280     5.468750 -11.359375 104.867188     -0.981660 -0.190642 0.190642 -0.981660     5.136635 5.136635 1.586196
241.768707 273.001038     58.000000 -20.655273 67.734497     -0.999999 -0.001236 0.001236 -0.999999     61.651716 61.651716 1.519948
241.768707 273.001038     494.589844 15.304688 486.906250     -0.999999 -0.001236 0.001236 -0.999999     61.651716 61.651716 3.388879
267.043488 245.867004     18.203125 -14.054199 72.772202     -0.996619 -0.082159 0.082159 -0.996619     4.296656 4.296656 1.468206
267.043488 245.867004     22.054688 -11.469238 98.617432     -0.996619 -0.082159 0.082159 -0.996619     4.296656 4.296656 3.075552
604.975952 41.656357     85.312500 1.315918 93.977478     0.267384 -0.963590 0.963590 0.267384     5.855129 5.855129 4.694951
609.409424 49.525364     6.279297 -12.520996 138.278809     0.284845 -0.958574 0.958574 0.284845     4.746930 4.746930 4.706139
498.658020 220.973129     65.510681 1.358398 11.656250     0.172736 -0.984968 0.984968 0.172736     27.976557 27.976557 1.413100
498.658020 220.973129     355.195312 27.986694 3.636017     0.172736 -0.984968 0.984968 0.172736     27.976557 27.976557 4.464847
196.063690 194.445786     6.607422 -18.468750 207.218506     -0.999946 0.010439 -0.010439 -0.999946     23.379543 23.379543 4.717777
196.063690 194.445786     527.707031 43.244385 5.090828     -0.999946 0.010439 -0.010439 -0.999946     23.379543 23.379543 6.235129
263.171692 196.268677     779.093750 68.854126 8.004742     -0.983155 -0.182773 0.182773 -0.983155     26.661130 26.661130 5.932988
623.253296 96.491264     252.132812 52.875000 15.351562     0.275360 -0.961341 0.961341 0.275360     10.196641 10.196641 5.008026
612.871277 77.730438     7.605469 -14.961914 224.602539     0.281055 -0.959692 0.959692 0.281055     14.880023 14.880023 4.728718
522.129700 34.017582     1132.523438 48.726562 18.507812     0.212352 -0.977193 0.977193 0.212352     12.665577 12.665577 4.680224
380.335510 171.103897     1114.015625 67.085938 6.343750     -0.981633 -0.190779 0.190779 -0.981633     5.273552 5.273552 1.584966
475.539581 59.963459     681.257812 39.734375 7.406250     0.213653 -0.976910 0.976910 0.213653     10.370812 10.370812 4.724017
622.608215 97.842308     33.683594 10.059570 57.143066     0.274000 -0.961730 0.961730 0.274000     10.782628 10.782628 5.018122
581.641907 79.879303     568.640625 53.085938 78.937500     0.271751 -0.962368 0.962368 0.271751     41.649713 41.649713 3.147803
267.080719 245.836319     1359.015625 154.238281 799.597656     -0.996631 -0.082014 0.082014 -0.996631     4.518150 4.518150 3.134788
267.080719 245.836319     72.523438 14.815430 50.968750     -0.996631 -0.082014 0.082014 -0.996631     4.518150 4.518150 4.778590
540.851990 233.497757     855.527344 91.109375 53.773438     0.062316 -0.998056 0.998056 0.062316     12.412214 12.412214 2.057191
611.532837 82.709435     535.265625 57.312500 95.500000     0.283597 -0.958944 0.958944 0.283597     17.494618 17.494618 4.734135
344.469269 207.767914     159.685547 32.092773 366.397461     -0.998717 -0.050639 0.050639 -0.998717     20.728350 20.728350 2.921929
344.469269 207.767914     3537.937500 292.007812 92.820312     -0.998717 -0.050639 0.050639 -0.998717     20.728350 20.728350 4.436252
181.004242 144.805084     1381.156250 141.328125 41.640625     -0.972321 -0.233649 0.233649 -0.972321     14.371791 14.371791 2.635900
181.004242 144.805084     26.656250 -45.531250 106.406250     -0.972321 -0.233649 0.233649 -0.972321     14.371791 14.371791 5.881681
549.861938 65.588348     229.628906 -253.535156 1261.118652     0.221130 -0.975244 0.975244 0.221130     29.005268 29.005268 4.681659
497.878998 223.425476     164.714844 -22.156250 15.275391     0.192239 -0.981348 0.981348 0.192239     28.035317 28.035317 1.448928
497.878998 223.425476     29.531250 -53.218750 127.937500     0.192239 -0.981348 0.981348 0.192239     28.035317 28.035317 4.547997
621.245911 101.720650     3304.664062 236.367188 83.093750     0.275084 -0.961420 0.961420 0.275084     11.330826 11.330826 4.998238
503.229614 47.900166     186.343750 -102.102539 173.199097     0.213911 -0.976853 0.976853 0.213911     9.934152 9.934152 4.693831
548.826538 68.305786     169.980469 -28.515625 34.804688     0.221676 -0.975120 0.975120 0.221676     31.202131 31.202131 4.683287
223.677734 155.073090     128.460938 31.449219 48.960938     -0.998866 -0.047604 0.047604 -0.998866     4.365483 4.365483 1.488466
496.500000 40.405739     36.937500 -75.421875 194.031250     0.206121 -0.978527 0.978527 0.206121     3.849862 3.849862 4.708477
534.419678 46.173771     1459.253906 79.831482 12.731594     0.222271 -0.974985 0.974985 0.222271     3.844205 3.844205 4.708899
547.593689 71.342857     443.654297 611.144531 899.312500     0.221034 -0.975266 0.975266 0.221034     33.554826 33.554826 4.682636
498.264557 221.995316     175.160156 -35.886719 52.933594     0.208205 -0.978085 0.978085 0.208205     26.814858 26.814858 1.503105
498.264557 221.995316     163.890625 -0.085938 22.199219     0.208205 -0.978085 0.978085 0.208205     26.814858 26.814858 4.591479
380.703339 171.194504     849.512207 8.683594 9.578125     -0.981845 -0.189683 0.189683 -0.981845     5.551836 5.551836 1.587821
500.817474 59.224731     24.894531 -78.390625 312.632812     0.208968 -0.977922 0.977922 0.208968     11.567921 11.567921 4.695849
182.661682 144.065872     252.812500 -134.224609 230.336914     -0.980969 -0.194166 0.194166 -0.980969     16.563866 16.563866 2.689612
182.661682 144.065872     16.710938 -80.058594 479.213867     -0.980969 -0.194166 0.194166 -0.980969     16.563866 16.563866 5.971966
516.488525 61.678112     1381.113281 70.651428 11.236382     0.221354 -0.975194 0.975194 0.221354     22.087510 22.087510 4.685040
470.240204 309.308838     113.984375 35.234375 72.078125     -0.989235 0.146337 -0.146337 -0.989235     11.324721 11.324721 3.948790
497.580353 226.132950     343.986328 -38.543945 13.882446     0.205379 -0.978683 0.978683 0.205379     27.122315 27.122315 1.531772
263.204620 196.302597     426.655273 -129.405273 1638.808105     -0.990666 -0.136309 0.136309 -0.990666     27.906770 27.906770 6.035706
485.882721 285.439728     177.917969 -17.226562 59.812500     -0.983828 0.179117 -0.179117 -0.983828     17.442287 17.442287 0.791964
485.882721 285.439728     74.406250 -175.703125 472.031250     -0.983828 0.179117 -0.179117 -0.983828     17.442287 17.442287 3.985745
394.002289 223.982437     1548.703125 241.029297 707.778320     -0.953694 0.300779 -0.300779 -0.953694     36.616820 36.616820 3.946755
183.562820 143.427139     437.312500 426.664062 662.984375     -0.982699 -0.185210 0.185210 -0.982699     18.286865 18.286865 2.872064
183.562820 143.427139     306.218750 -43.733398 314.348083     -0.982699 -0.185210 0.185210 -0.982699     18.286865 18.286865 6.000811
508.255676 64.851616     42.855469 -110.983398 364.207031     0.198871 -0.980026 0.980026 0.198871     44.488946 44.488946 4.653637
488.079437 288.046722     429.087891 418.054688 761.625000     -0.992800 0.119784 -0.119784 -0.992800     24.225995 24.225995 3.946340
497.318756 229.073593     34.964844 -1.835938 23.609375     0.196998 -0.980404 0.980404 0.196998     31.050471 31.050471 1.543256
378.424591 219.153275     204.710938 15.203125 129.531250     -0.988385 -0.151969 0.151969 -0.988385     47.788336 47.788336 1.644010
378.424591 219.153275     1322.816406 70.608643 10.976999     -0.988385 -0.151969 0.151969 -0.988385     47.788336 47.788336 3.208937
475.838226 58.431053     516.625000 25.012695 301.405212     0.213185 -0.977012 0.977012 0.213185     11.343133 11.343133 4.714543
202.031967 148.517899     4.602051 -2.151367 107.074219     -0.988091 -0.153869 0.153869 -0.988091     22.301151 22.301151 2.441542
380.266785 171.181976     3743.859375 204.359375 93.171875     -0.981938 -0.189202 0.189202 -0.981938     5.959506 5.959506 1.596106
458.353516 143.229294     1758.765625 166.250000 52.671875     0.169298 -0.985565 0.985565 0.169298     12.285365 12.285365 1.777633
266.179901 196.539703     925.242798 808.000488 5045.695312     -0.996248 -0.086546 0.086546 -0.996248     27.016339 27.016339 4.604385
386.109955 217.994843     24.031250 -59.600586 182.585693     -0.999740 -0.022804 0.022804 -0.999740     52.437251 52.437251 1.651787
386.109955 217.994843     52.365234 -126.306641 382.957031     -0.999740 -0.022804 0.022804 -0.999740     52.437251 52.437251 3.453649
269.228699 196.349274     14.000000 7.921875 37.781250     -0.999870 -0.016143 0.016143 -0.999870     27.110845 27.110845 4.620413
154.911392 134.911392     450.943359 486.371094 984.984375     -0.754015 -0.656858 0.656858 -0.754015     19.492200 19.492200 4.110552
204.461304 148.288193     4695.839844 442.322266 1459.647461     -0.988222 -0.153024 0.153024 -0.988222     24.245472 24.245472 2.543074
424.589630 287.122650     25.984375 2.304688 28.875000     -0.999781 -0.020932 0.020932 -0.999781     9.518766 9.518766 1.593133
424.589630 287.122650     181.257812 12.062500 2.679688     -0.999781 -0.020932 0.020932 -0.999781     9.518766 9.518766 4.856723
153.901352 111.042603     947.211426 686.408203 5887.321289     0.044701 -0.999000 0.999000 0.044701     24.051068 24.051068 1.569903
153.901352 111.042603     135.125000 -355.046875 1026.625000     0.044701 -0.999000 0.999000 0.044701     24.051068 24.051068 3.126625
427.519989 285.935394     27.750000 -60.203125 378.961487     -0.999665 -0.025881 0.025881 -0.999665     12.962093 12.962093 1.572952
427.519989 285.935394     24.394531 14.777344 120.921875     -0.999665 -0.025881 0.025881 -0.999665     12.962093 12.962093 4.937704
193.117081 224.882919     25.664062 17.449219 73.093750     -0.918969 0.394330 -0.394330 -0.918969     19.142638 19.142638 0.771959
193.117081 224.882919     303.425781 16.648438 244.589844     -0.918969 0.394330 -0.394330 -0.918969     19.142638 19.142638 3.936952
205.272888 148.097839     14.125000 8.171875 47.757812     -0.987792 -0.155780 0.155780 -0.987792     25.678693 25.678693 2.554621
154.004517 117.721222     27.656250 -59.776367 397.494629     -0.025356 -0.999678 0.999678 -0.025356     25.635995 25.635995 1.566926
394.830200 280.561310     32.316406 -0.710938 167.949219     0.043257 -0.999064 0.999064 0.043257     17.601643 17.601643 1.571209
394.830200 280.561310     1898.968750 187.750000 63.468750     0.043257 -0.999064 0.999064 0.043257     17.601643 17.601643 3.381248
193.565048 226.144989     604.843750 92.640625 183.292969     -0.944654 0.328070 -0.328070 -0.944654     22.661455 22.661455 1.965079
153.564606 118.413025     1320.359375 161.655273 294.530334     -0.006806 -0.999977 0.999977 -0.006806     28.027300 28.027300 1.574548
61.119469 225.110626     181.929688 35.968750 187.500000     -0.994968 0.100190 -0.100190 -0.994968     13.850639 13.850639 0.295445
133.875626 419.275635     908.207031 -9.425781 484.917969     0.271962 -0.962308 0.962308 0.271962     20.933720 20.933720 4.657987
133.875626 419.275635     11.031250 3.523438 46.953125     0.271962 -0.962308 0.962308 0.271962     20.933720 20.933720 5.530843
37.985046 219.523361     438.031250 -93.296875 43.378906     -0.960976 -0.276633 0.276633 -0.960976     32.303283 32.303283 4.630680
377.323883 194.076920     17.906250 -41.296875 140.742188     0.112115 -0.993695 0.993695 0.112115     9.208095 9.208095 1.586987
134.684433 59.221310     41.656250 0.289062 12.535156     0.093605 -0.995609 0.995609 0.093605     10.164522 10.164522 1.577706
134.684433 59.221310     113.656250 -4.343750 45.101562     0.093605 -0.995609 0.995609 0.093605     10.164522 10.164522 2.666439
134.435211 62.046513     5846.039062 624.203125 775.109375     0.099482 -0.995039 0.995039 0.099482     9.759539 9.759539 4.604666
236.992126 6.807086     262.843750 25.265625 625.511719     -0.996885 -0.078863 0.078863 -0.996885     5.366170 5.366170 1.586950
134.461975 63.526760     93.921875 -0.640625 16.476562     0.090917 -0.995858 0.995858 0.090917     9.982816 9.982816 4.615417
230.839630 6.210692     6273.656250 -3608.140625 4702.062500     -0.996640 -0.081911 0.081911 -0.996640     5.578366 5.578366 1.578326
318.089539 339.455231     55.531250 -40.125000 275.796875     -0.978027 -0.208477 0.208477 -0.978027     9.090315 9.090315 6.084778
134.706009 65.625259     1564.656250 152.679688 301.221558     0.068464 -0.997654 0.997654 0.068464     11.542044 11.542044 4.601447
291.279999 338.411926     549.250000 -105.062500 602.062500     -0.999048 -0.043615 0.043615 -0.999048     18.212827 18.212827 1.629984
291.279999 338.411926     279.343750 11.187500 14.703125     -0.999048 -0.043615 0.043615 -0.999048     18.212827 18.212827 6.398617
436.609680 145.579926     211.297852 4.765625 4.164062     -0.025829 -0.999666 0.999666 -0.025829     20.840373 20.840373 0.357896
332.527191 331.953979     6062.968750 -3554.062500 5041.906250     -0.998563 -0.053586 0.053586 -0.998563     5.284462 5.284462 6.094736
226.918472 325.650360     150.015625 62.875000 800.238281     -0.998184 -0.060235 0.060235 -0.998184     6.817906 6.817906 4.690416
333.039154 331.720612     6627.781250 1236.101562 1128.425781     -0.998790 -0.049183 0.049183 -0.998790     6.255837 6.255837 6.285306
156.713501 59.840221     120.234375 8.710938 13.796875     -0.732872 -0.680366 0.680366 -0.732872     23.914824 23.914824 0.888684
335.187347 332.092560     508.763672 35.611328 7.070312     -0.998278 -0.058661 0.058661 -0.998278     10.133857 10.133857 6.251433
227.646683 328.411987     603.062500 39.546875 1429.039062     -0.996090 -0.088349 0.088349 -0.996090     25.262310 25.262310 6.142402
157.212326 60.426941     13.843750 3.375000 75.093750     -0.450679 -0.892686 0.892686 -0.450679     24.433619 24.433619 0.627028
337.232056 335.963287     26.437500 -50.026367 416.346191     -0.994926 -0.100614 0.100614 -0.994926     34.852414 34.852414 6.144089
227.195358 329.128021     170.046875 4.976562 922.066406     -0.996544 -0.083064 0.083064 -0.996544     27.073385 27.073385 6.185921
157.106857 59.705647     21.968750 -62.742188 273.000000     -0.347073 -0.937838 0.937838 -0.347073     24.631394 24.631394 0.548247
157.106857 59.705647     88.906250 -277.531250 874.695312     -0.347073 -0.937838 0.937838 -0.347073     24.631394 24.631394 4.884295
337.990112 337.166901     3300.062500 -2539.203125 10090.820312     -0.994307 -0.106549 0.106549 -0.994307     38.513491 38.513491 6.144823
146.766388 83.663933     79.533203 -25.300781 37.191406     -0.891140 -0.453729 0.453729 -0.891140     29.654076 29.654076 1.161178
146.766388 83.663933     45.765625 -88.639648 457.034912     -0.891140 -0.453729 0.453729 -0.891140     29.654076 29.654076 4.358637
228.447754 330.291473     4292.398438 245.828125 116.617188     -0.993764 -0.111507 0.111507 -0.993764     29.696707 29.696707 6.057622
338.886444 338.526245     32225.148438 8066.750000 10171.517578     -0.991884 -0.127143 0.127143 -0.991884     42.250536 42.250536 6.102020
144.270111 61.925602     101.085938 -23.037109 36.781250     -0.149966 -0.988691 0.988691 -0.149966     55.991586 55.991586 4.813235
276.836456 336.253418     13.843750 1.406250 94.195312     -0.996477 -0.083863 0.083863 -0.996477     37.174756 37.174756 6.102336
136.798523 73.702782     105.847656 -14.162109 44.796875     0.216772 -0.976222 0.976222 0.216772     58.749032 58.749032 4.593490
532.347534 463.602844     4303.851562 213.210938 126.773438     0.413017 -0.910723 0.910723 0.413017     11.029697 11.029697 1.455073
275.806061 337.073425     110.533203 -5.416016 53.078125     -0.996387 -0.084931 0.084931 -0.996387     35.174933 35.174933 6.085840
133.861084 79.447609     2369.747070 -413.230469 1837.890625     0.226467 -0.974019 0.974019 0.226467     58.790064 58.790064 4.599217
225.802887 173.432693     4340.281250 134.367188 147.023438     -0.989631 0.143634 -0.143634 -0.989631     15.627153 15.627153 0.577382
532.934387 461.928131     2974.988281 -149.878906 1774.406250     0.400711 -0.916205 0.916205 0.400711     11.254977 11.254977 1.465406
272.768829 337.696808     193.396118 17.340332 4.484375     -0.997348 -0.072786 0.072786 -0.997348     36.514890 36.514890 6.185985
224.527206 174.561218     9462.503906 -3259.140625 2870.109375     -0.980141 0.198300 -0.198300 -0.980141     24.248061 24.248061 0.525188
67.609756 166.682922     9802.789062 -3085.375000 2678.218750     0.184769 -0.982782 0.982782 0.184769     7.436430 7.436430 4.742013
358.646759 181.582092     225.153015 16.475586 5.289062     -0.944519 -0.328456 0.328456 -0.944519     27.748801 27.748801 2.812824
125.106331 86.338135     212.206848 12.766602 4.609375     0.292768 -0.956183 0.956183 0.292768     76.106195 76.106195 4.533192
534.326660 458.134674     173.156250 8.812500 3.968750     0.373290 -0.927715 0.927715 0.373290     11.551602 11.551602 1.484844
148.879089 418.690186     145.882812 -56.062500 24.132812     -0.570391 -0.821373 0.821373 -0.570391     19.745505 19.745505 4.512914
224.719208 176.475372     153.882812 -55.882812 24.687500     -0.964966 0.262376 -0.262376 -0.964966     29.568780 29.568780 0.573334
397.686493 185.043655     170.085938 -61.054688 28.406250     -1.000000 0.000607 -0.000607 -1.000000     21.202196 21.202196 0.501619
397.686493 185.043655     179.164062 -67.757812 33.656250     -1.000000 0.000607 -0.000607 -1.000000     21.202196 21.202196 3.610296
39.633335 458.773346     185.046875 -84.500000 49.296875     -0.999947 -0.010337 0.010337 -0.999947     13.861432 13.861432 4.715058
65.530464 173.096771     38.562500 5.500000 46.149841     0.246871 -0.969048 0.969048 0.246871     9.985596 9.985596 2.370323
65.530464 173.096771     3843.718750 -7.333984 482.583130     0.246871 -0.969048 0.969048 0.246871     9.985596 9.985596 4.697617
309.366211 117.623238     161.937500 -83.500000 55.441406     0.165871 -0.986147 0.986147 0.165871     8.106218 8.106218 1.613889
270.432312 338.699432     287.593750 -93.507812 43.792969     -0.998029 -0.062759 0.062759 -0.998029     38.967049 38.967049 6.267614
224.390244 178.527100     88.681152 -32.164062 32.472656     -0.975947 0.218007 -0.218007 -0.975947     32.580736 32.580736 0.473018
536.538452 452.772980     490.199402 -172.845703 186.519531     0.370523 -0.928823 0.928823 0.370523     11.793300 11.793300 1.499502
362.881348 184.629944     5153.953125 1499.968750 2703.421875     -0.869232 -0.494404 0.494404 -0.869232     32.461633 32.461633 2.498352
177.925095 37.887642     140.281250 -73.406250 68.859375     -0.993428 0.114456 -0.114456 -0.993428     13.827290 13.827290 0.669071
177.925095 37.887642     437.031250 -218.757812 117.062500     -0.993428 0.114456 -0.114456 -0.993428     13.827290 13.827290 1.572422
137.205063 414.648102     605.125000 -341.625000 196.195312     -0.623988 -0.781434 0.781434 -0.623988     46.999336 46.999336 4.244581
226.610596 179.266876     217.718750 -98.562500 46.070312     -0.989946 0.141443 -0.141443 -0.989946     34.078750 34.078750 0.326423
538.925232 446.683105     572.250000 -201.437500 88.400391     0.354039 -0.935231 0.935231 0.354039     12.642148 12.642148 1.513725
136.397385 413.228180     323.781250 -124.140625 51.623047     -0.610053 -0.792361 0.792361 -0.610053     46.941745 46.941745 4.238850
129.492706 322.843079     243.312500 -103.968750 49.433594     -0.997352 0.072728 -0.072728 -0.997352     19.938706 19.938706 0.213437
63.447887 178.087326     840.531250 -237.953125 71.394531     0.297658 -0.954673 0.954673 0.297658     12.926761 12.926761 2.300333
63.447887 178.087326     514.406250 -259.250000 205.257812     0.297658 -0.954673 0.954673 0.297658     12.926761 12.926761 4.681623
380.470520 187.886627     877.937500 -513.859375 430.519531     -0.996606 -0.082321 0.082321 -0.996606     43.410441 43.410441 3.344583
135.297455 412.138824     1227.953125 -422.242188 147.976562     -0.561443 -0.827515 0.827515 -0.561443     54.271371 54.271371 4.145750
128.729553 323.569183     84.593750 -29.140625 22.046875     -0.987799 0.155736 -0.155736 -0.987799     21.730817 21.730817 0.392390
128.729553 323.569183     1803.562500 -583.195312 212.312500     -0.987799 0.155736 -0.155736 -0.987799     21.730817 21.730817 2.282410
229.250198 182.762939     216.093750 -96.859375 45.445312     -0.981593 -0.190987 0.190987 -0.981593     50.627141 50.627141 6.042170
74.945000 210.869995     5928.843750 -1862.015625 6826.851562     0.020981 -0.999780 0.999780 0.020981     9.606107 9.606107 1.602023
381.263794 187.984665     354.687500 -167.789062 81.222656     -0.997032 -0.076983 0.076983 -0.997032     44.844324 44.844324 3.368691
271.856262 339.479401     59.460938 -28.285156 29.143555     -0.998447 -0.055717 0.055717 -0.998447     40.691498 40.691498 6.308082
134.658585 411.123016     232.750000 9.203125 5.443359     -0.530910 -0.847428 0.847428 -0.530910     57.146204 57.146204 4.114351
229.403351 184.090714     177.828125 -53.664062 21.992188     -0.985798 -0.167933 0.167933 -0.985798     55.447243 55.447243 6.078737
543.890442 433.162872     214.140625 -36.820312 15.605469     0.332920 -0.942955 0.942955 0.332920     13.404752 13.404752 1.523477
431.976624 33.088783     17.718750 -0.781250 27.921875     0.316774 -0.948501 0.948501 0.316774     9.140958 9.140958 4.681082
62.331684 180.705444     21.031250 -0.625000 26.921875     0.320483 -0.947254 0.947254 0.320483     13.965991 13.965991 2.277106
62.331684 180.705444     713.781250 -267.359375 100.687500     0.320483 -0.947254 0.947254 0.320483     13.965991 13.965991 4.678042
135.065460 411.625336     31469.058594 -2585.835938 19667.675781     -0.509289 -0.860596 0.860596 -0.509289     57.472492 57.472492 4.116643
336.034149 255.039032     1421.031250 -515.421875 198.843750     -0.997747 -0.067091 0.067091 -0.997747     6.151321 6.151321 4.594358
545.944275 429.159119     339.139648 -51.468750 10.375000     0.330003 -0.943980 0.943980 0.330003     14.928483 14.928483 1.516971
377.540985 188.323212     1684.187500 203.335938 1043.046875     -0.980464 -0.196697 0.196697 -0.980464     54.768114 54.768114 3.114432
432.117065 27.930555     166.296875 -131.687500 326.484375     0.164388 -0.986396 0.986396 0.164388     18.941133 18.941133 4.692975
184.334900 231.707550     706.812500 -268.171875 103.046875     -0.148012 -0.988986 0.988986 -0.148012     21.194447 21.194447 1.639867
126.443916 324.508362     44.800781 -29.859375 32.843750     -0.968546 0.248835 -0.248835 -0.968546     23.480906 23.480906 0.465694
126.443916 324.508362     88.312500 5.359375 30.589844     -0.968546 0.248835 -0.248835 -0.968546     23.480906 23.480906 4.892176
289.655823 220.497681     718.683594 -191.269531 140.734375     -0.311882 -0.950121 0.950121 -0.311882     20.092521 20.092521 1.882944
231.097900 188.149734     184.500000 18.882812 12.332031     -0.967031 -0.254659 0.254659 -0.967031     69.743559 69.743559 2.926661
231.097900 188.149734     297.906250 13.484375 142.671875     -0.967031 -0.254659 0.254659 -0.967031     69.743559 69.743559 5.986127
432.147827 31.007542     936.781250 -429.875000 264.468750     0.155691 -0.987806 0.987806 0.155691     19.215952 19.215952 4.697481
124.909691 329.472900     574.406250 -258.164062 122.011719     0.346904 -0.937901 0.937901 0.346904     27.472418 27.472418 2.558969
124.909691 329.472900     791.000000 -208.851562 55.947266     0.346904 -0.937901 0.937901 0.346904     27.472418 27.472418 4.495894
185.961807 228.795135     1182.718750 -246.960938 62.750000     0.005241 -0.999986 0.999986 0.005241     25.579909 25.579909 1.562078
185.961807 228.795135     181.968750 14.921875 21.283203     0.005241 -0.999986 0.999986 0.005241     25.579909 25.579909 4.701727
546.195435 215.586365     623.406250 -104.539062 34.789062     -0.138010 -0.990431 0.990431 -0.138010     13.827424 13.827424 2.265568
377.531982 188.883499     1159.343750 -239.906250 223.000000     -0.978641 -0.205577 0.205577 -0.978641     57.598682 57.598682 3.043561
290.866882 220.017059     1566.000000 -389.078125 124.371094     -0.429199 -0.903210 0.903210 -0.429199     24.011097 24.011097 1.985070
290.866882 220.017059     771.687500 -326.070312 144.984375     -0.429199 -0.903210 0.903210 -0.429199     24.011097 24.011097 5.191899
340.015198 229.462845     1258.156250 -586.945312 391.378906     -0.800327 -0.599564 0.599564 -0.800327     34.893222 34.893222 5.478804
231.936859 190.926102     80.796875 -115.898438 184.132812     -0.938607 -0.344988 0.344988 -0.938607     77.381388 77.381388 2.822473
278.075012 340.877563     627.164062 2.726562 120.109375     -0.997880 -0.065081 0.065081 -0.997880     43.689292 43.689292 6.248662
549.786438 420.040894     95.648438 -6.234375 51.101562     0.324590 -0.945855 0.945855 0.324590     16.556902 16.556902 1.522758
336.177429 236.116470     23.207031 -0.062500 15.343750     -0.679264 -0.733894 0.733894 -0.679264     54.862811 54.862811 2.350364
336.177429 236.116470     75.593750 -73.812500 91.785156     -0.679264 -0.733894 0.733894 -0.679264     54.862811 54.862811 5.476709
377.193573 189.228714     209.093750 -70.531250 34.573242     -0.975517 -0.219925 0.219925 -0.975517     60.304393 60.304393 3.045294
600.238098 283.945587     76.976562 -149.218750 765.343750     0.288863 -0.957371 0.957371 0.288863     5.192825 5.192825 3.829705
334.177094 235.167297     392.625000 -266.093750 183.847656     -0.788342 -0.615238 0.615238 -0.788342     52.934294 52.934294 2.425754
334.177094 235.167297     83.929688 -85.445312 132.406250     -0.788342 -0.615238 0.615238 -0.788342     52.934294 52.934294 5.514535
395.024658 275.358917     20429.695312 -7846.546875 20260.933594     -0.995964 0.089752 -0.089752 -0.995964     27.717424 27.717424 1.756954
233.506531 202.418869     283.179688 -142.039062 72.312500     -0.999752 0.022251 -0.022251 -0.999752     99.072401 99.072401 3.313072
546.363647 214.774704     150.437500 -4.343750 48.786133     -0.096705 -0.995313 0.995313 -0.096705     14.712256 14.712256 2.233477
546.363647 214.774704     35.953125 -2.156250 29.783203     -0.096705 -0.995313 0.995313 -0.096705     14.712256 14.712256 5.374909
425.254578 253.536697     205.312500 22.285156 16.102539     -0.975716 0.219038 -0.219038 -0.975716     21.314413 21.314413 1.594859
369.766144 188.746170     1070.843750 -332.562500 2746.750000     -0.983252 -0.182254 0.182254 -0.983252     60.200556 60.200556 3.114280
468.181458 152.729843     1091.562500 -56.812500 691.078125     -0.067063 -0.997749 0.997749 -0.067063     13.288730 13.288730 3.862301
525.919495 210.690674     531.656250 -445.695312 604.195312     0.291675 -0.956517 0.956517 0.291675     10.372883 10.372883 1.547460
525.919495 210.690674     144.421875 -36.109375 20.488281     0.291675 -0.956517 0.956517 0.291675     10.372883 10.372883 3.129110
530.843994 224.836884     404.062500 -271.640625 187.371094     0.293471 -0.955968 0.955968 0.293471     14.290662 14.290662 1.720489
530.843994 224.836884     93.960938 -147.210938 722.578125     0.293471 -0.955968 0.955968 0.293471     14.290662 14.290662 5.994201
22.863157 270.364899     1484.953125 -799.437500 432.093750     -0.997939 -0.064167 0.064167 -0.997939     10.517978 10.517978 4.703871
515.095215 250.599213     180.500000 -107.281250 75.304688     -0.999951 -0.009925 0.009925 -0.999951     15.930437 15.930437 4.783347
394.840088 276.200409     409.203125 -185.976562 111.845703     -0.998015 0.062984 -0.062984 -0.998015     30.128981 30.128981 1.719835
310.112122 211.871246     1121.000000 -399.875000 156.416016     -0.992725 -0.120401 0.120401 -0.992725     119.008087 119.008087 1.624777
310.112122 211.871246     152.937500 -79.859375 43.710938     -0.992725 -0.120401 0.120401 -0.992725     119.008087 119.008087 3.008486
469.934296 150.491043     87.347656 -84.742188 136.734375     -0.218568 -0.975822 0.975822 -0.218568     26.029921 26.029921 0.913002
553.225037 255.264389     1131.281250 -126.531250 2018.894531     -0.069165 -0.997605 0.997605 -0.069165     72.712545 72.712545 0.497880
553.225037 255.264389     38.625000 -37.750000 52.468750     -0.069165 -0.997605 0.997605 -0.069165     72.712545 72.712545 1.683390
475.354401 198.054947     852.968750 -338.171875 136.001953     -0.999966 0.008271 -0.008271 -0.999966     18.263162 18.263162 1.686640
319.067291 217.059753     682.625000 -307.507812 139.562500     -0.984172 -0.177215 0.177215 -0.984172     126.680446 126.680446 2.812321
473.780945 30.079107     1182.046875 -517.000000 228.300781     0.189487 -0.981883 0.981883 0.189487     9.349735 9.349735 4.700805
526.660400 216.454041     1085.062500 -55.234375 684.234375     0.173806 -0.984780 0.984780 0.173806     31.322556 31.322556 3.417699
526.660400 216.454041     301.984375 -157.601562 84.125000     0.173806 -0.984780 0.984780 0.173806     31.322556 31.322556 6.381703
553.102661 304.231873     180.406250 -58.613281 23.626953     -0.999111 -0.042162 0.042162 -0.999111     16.975813 16.975813 1.608926
101.394615 276.919281     149.437500 -27.929688 13.197266     -0.999736 -0.022989 0.022989 -0.999736     9.061078 9.061078 3.404698
101.394615 276.919281     229.390625 -77.605469 31.068359     -0.999736 -0.022989 0.022989 -0.999736     9.061078 9.061078 6.305163
475.965393 172.239609     36.492188 7.343750 65.359375     -0.095373 -0.995442 0.995442 -0.095373     53.998420 53.998420 0.619737
330.905365 221.972687     36.453125 0.593750 88.937500     -0.977772 -0.209670 0.209670 -0.977772     132.223495 132.223495 2.726072
464.588745 229.766266     39.039062 -2.468750 94.671875     -0.996711 -0.081033 0.081033 -0.996711     16.280224 16.280224 1.587738
111.704880 277.724396     239.188293 -68.472656 26.960938     -0.997515 -0.070453 0.070453 -0.997515     9.604258 9.604258 1.551099
471.916901 26.647453     378.281250 -150.109375 101.500000     0.125263 -0.992124 0.992124 0.125263     20.185545 20.185545 0.461449
471.916901 26.647453     335.855469 1.640625 244.796875     0.125263 -0.992124 0.992124 0.125263     20.185545 20.185545 4.690123
475.017578 172.255371     234.437500 -62.953125 19.156250     -0.006617 -0.999978 0.999978 -0.006617     58.675228 58.675228 0.400850
566.870178 175.929825     130.343750 -9.609375 6.029785     0.229704 -0.973260 0.973260 0.229704     12.041707 12.041707 3.572268
584.395020 203.202850     224.984375 1.720703 8.922119     0.302673 -0.953094 0.953094 0.302673     3.951146 3.951146 1.562731
514.580505 157.402542     368.379883 -80.296875 18.734375     0.124604 -0.992207 0.992207 0.124604     9.249997 9.249997 1.647561
128.131256 221.158340     67.531250 -22.609375 29.875000     -0.906018 0.423239 -0.423239 -0.906018     22.666943 22.666943 0.897070
468.333069 33.808800     2543.221436 -391.373047 565.593750     0.202092 -0.979367 0.979367 0.202092     23.587405 23.587405 4.676328
468.333069 33.808800     1105.664062 -221.691406 46.093750     0.202092 -0.979367 0.979367 0.202092     23.587405 23.587405 6.393340
279.376343 341.821625     488.978516 -170.589844 60.796875     -0.998284 -0.058567 0.058567 -0.998284     45.491217 45.491217 1.637095
279.376343 341.821625     436.781250 -101.941406 36.146484     -0.998284 -0.058567 0.058567 -0.998284     45.491217 45.491217 4.677432
128.585602 221.468796     167.593750 -58.656250 26.125000     -0.952072 0.305874 -0.305874 -0.952072     24.391522 24.391522 0.911239
128.747452 220.473221     461.935547 -177.312500 68.859375     -0.976506 0.215491 -0.215491 -0.976506     29.049108 29.049108 0.800079
128.747452 220.473221     551.187500 -239.398438 105.003906     -0.976506 0.215491 -0.215491 -0.976506     29.049108 29.049108 5.442707
302.857147 304.714294     29.863281 -19.546875 32.203125     -0.993122 -0.117080 0.117080 -0.993122     6.866980 6.866980 2.494192
304.856873 305.018829     561.027344 -197.414062 70.875000     -0.996116 -0.088051 0.088051 -0.996116     8.280811 8.280811 2.655787
280.728607 342.986145     964.421875 50.453125 569.984375     -0.998707 -0.050845 0.050845 -0.998707     48.449497 48.449497 1.651152
280.728607 342.986145     1152.172852 -226.789062 46.765625     -0.998707 -0.050845 0.050845 -0.998707     48.449497 48.449497 4.677348
128.559265 219.632904     434.515625 43.609375 17.984375     -0.995663 0.093037 -0.093037 -0.995663     32.627961 32.627961 2.378658
128.559265 219.632904     20815.863281 -5116.007812 10625.781250     -0.995663 0.093037 -0.093037 -0.995663     32.627961 32.627961 5.486117
277.812805 344.607147     807.750000 -131.289062 402.859375     -0.999488 -0.031994 0.031994 -0.999488     53.759886 53.759886 0.181755
277.812805 344.607147     391.156250 -109.296875 32.960938     -0.999488 -0.031994 0.031994 -0.999488     53.759886 53.759886 1.633839
276.714966 346.721283     887.375000 -349.882812 139.843750     -0.999552 -0.029932 0.029932 -0.999552     60.362623 60.362623 0.168897
276.714966 346.721283     28.750000 -10.312500 100.203125     -0.999552 -0.029932 0.029932 -0.999552     60.362623 60.362623 1.618295
23.995169 310.434784     465.406250 -110.640625 414.750000     -0.995882 -0.090655 0.090655 -0.995882     7.670994 7.670994 1.560763
23.995169 310.434784     1125.000000 -449.578125 181.109375     -0.995882 -0.090655 0.090655 -0.995882     7.670994 7.670994 2.882561
28.805969 370.164185     364.843750 -151.140625 64.734375     -0.996761 -0.080420 0.080420 -0.996761     7.538581 7.538581 1.557295
25.000000 310.318787     392.687500 -151.203125 101.097656     -0.997330 -0.073027 0.073027 -0.997330     8.291568 8.291568 1.594691
29.283783 370.067566     704.497070 -153.500000 34.937500     -0.997196 -0.074836 0.074836 -0.997196     8.394554 8.394554 1.559877
24.877863 310.175568     491.656250 -207.453125 90.609375     -0.997235 -0.074313 0.074313 -0.997235     9.068716 9.068716 1.594979
28.148594 370.108429     671.687500 -145.839844 39.634277     -0.998129 -0.061151 0.061151 -0.998129     8.803472 8.803472 1.551874
28.148594 370.108429     52.278320 -18.219727 23.557617     -0.998129 -0.061151 0.061151 -0.998129     8.803472 8.803472 2.977696
500.519623 339.083344     1159.281250 -457.578125 181.421875     -0.998081 -0.061916 0.061916 -0.998081     8.134420 8.134420 4.666440
484.253662 394.629272     1052.796875 93.796875 35.164062     -0.998653 -0.051877 0.051877 -0.998653     8.431913 8.431913 4.710192
484.253662 394.629272     482.343750 -210.000000 92.757812     -0.998653 -0.051877 0.051877 -0.998653     8.431913 8.431913 5.975497
500.918793 339.123932     21454.324219 -8451.037109 17424.408203     -0.998183 -0.060254 0.060254 -0.998183     8.584694 8.584694 4.667727
264.398010 267.373138     662.250000 -277.593750 118.632812     -0.929945 0.367699 -0.367699 -0.929945     6.225983 6.225983 4.543203
264.049561 267.590088     171.000000 -39.464844 20.617188     -0.931554 0.363604 -0.363604 -0.931554     6.750779 6.750779 4.486798
263.310211 267.767334     545.718750 -222.562500 168.875000     -0.937091 0.349085 -0.349085 -0.937091     8.852562 8.852562 4.373323
263.758850 267.631195     2850.312500 -566.453125 117.116211     -0.937413 0.348221 -0.348221 -0.937413     10.768327 10.768327 4.322953
264.296082 267.305145     717.406250 -113.179688 58.677734     -0.930534 0.366206 -0.366206 -0.930534     11.897868 11.897868 4.312448
