1.0
817
242.429947 150.065216     174.957031 -44.113281 38.839844     -0.958944 0.283596 -0.283596 -0.958944     22.854442 22.854442 0.495542
242.429947 150.065216     241.859375 -8.453125 42.658203     -0.958944 0.283596 -0.283596 -0.958944     22.854442 22.854442 1.582028
236.125183 148.027145     77.757812 -30.800781 22.265625     -0.999104 0.042321 -0.042321 -0.999104     29.267350 29.267350 1.478864
236.125183 148.027145     36.140625 -6.156250 17.652344     -0.999104 0.042321 -0.042321 -0.999104     29.267350 29.267350 2.954623
220.010956 229.930664     142.039062 -63.531250 42.296875     -0.913593 0.406631 -0.406631 -0.913593     13.163185 13.163185 3.058096
237.919235 235.323074     277.429688 -20.046875 89.847656     -0.957163 0.289551 -0.289551 -0.957163     17.881496 17.881496 4.331110
213.680679 233.882355     227.964844 -7.007812 75.001953     -0.899296 0.437340 -0.437340 -0.899296     15.194240 15.194240 3.174555
296.219360 136.699539     193.656250 -75.296875 55.878906     -0.994463 0.105091 -0.105091 -0.994463     42.148734 42.148734 3.068625
235.148621 144.237793     319.664062 -56.855469 40.675781     -0.998957 0.045670 -0.045670 -0.998957     38.888325 38.888325 2.963785
419.575195 216.808273     306.703125 -82.015625 62.410156     -0.915154 0.403104 -0.403104 -0.915154     21.445867 21.445867 3.848539
219.425613 235.818176     339.406250 -68.960938 60.144531     -0.981335 0.192308 -0.192308 -0.981335     24.455366 24.455366 2.427389
219.425613 235.818176     89.750000 -49.457031 81.097656     -0.981335 0.192308 -0.192308 -0.981335     24.455366 24.455366 4.504563
428.059082 217.393127     89.906250 -7.781250 6.371094     -0.956612 0.291366 -0.291366 -0.956612     27.530930 27.530930 1.682599
428.059082 217.393127     360.492188 -65.230469 45.769531     -0.956612 0.291366 -0.291366 -0.956612     27.530930 27.530930 3.574592
430.352478 217.781616     208.609375 -24.609375 8.570312     -0.973810 0.227364 -0.227364 -0.973810     29.864412 29.864412 1.678798
430.352478 217.781616     41.388672 -8.152344 14.140625     -0.973810 0.227364 -0.227364 -0.973810     29.864412 29.864412 3.372488
192.664749 199.945557     393.171875 -31.171875 65.371094     -0.737272 0.675596 -0.675596 -0.737272     26.916601 26.916601 4.729457
414.228699 242.269058     80.839844 -25.945312 123.542969     -0.995762 0.091964 -0.091964 -0.995762     10.698704 10.698704 1.564384
218.820312 236.559753     93.921875 -60.539062 68.468750     -0.980759 0.195221 -0.195221 -0.980759     25.766311 25.766311 2.427096
218.820312 236.559753     277.589844 21.902344 9.203125     -0.980759 0.195221 -0.195221 -0.980759     25.766311 25.766311 4.504687
421.938965 241.427322     88.386719 -20.531250 128.093750     -0.992733 0.120334 -0.120334 -0.992733     10.636843 10.636843 1.561630
137.547821 269.830444     2481.875000 -346.773438 81.378906     -0.963874 0.266359 -0.266359 -0.963874     15.515402 15.515402 2.780565
434.240997 218.979507     261.628906 8.414062 21.117188     -0.995588 0.093833 -0.093833 -0.995588     35.556598 35.556598 1.640383
434.240997 218.979507     140.320312 -13.789062 39.851562     -0.995588 0.093833 -0.093833 -0.995588     35.556598 35.556598 2.984597
190.980072 196.556152     394.367188 -74.242188 51.718750     0.426944 -0.904278 0.904278 0.426944     37.268610 37.268610 1.802786
190.980072 196.556152     109.132812 -40.453125 30.882812     0.426944 -0.904278 0.904278 0.426944     37.268610 37.268610 3.817497
493.545441 207.301010     702.351562 -168.507812 52.335938     -0.776442 0.630189 -0.630189 -0.776442     19.786198 19.786198 4.060318
189.961945 272.987305     333.093750 -169.484375 140.800781     -0.996730 -0.080806 0.080806 -0.996730     12.264031 12.264031 1.484057
189.674896 195.812775     379.250000 -60.093750 143.710938     0.390421 -0.920636 0.920636 0.390421     40.168612 40.168612 1.872106
262.784363 253.244186     108.460938 -24.023438 128.609375     -0.990128 0.140167 -0.140167 -0.990128     25.570238 25.570238 4.710632
189.398010 275.610687     901.734375 -221.468750 70.507812     -0.999390 -0.034920 0.034920 -0.999390     20.534595 20.534595 1.417865
189.398010 275.610687     117.035156 -20.113281 131.199219     -0.999390 -0.034920 0.034920 -0.999390     20.534595 20.534595 5.450912
133.590515 276.682892     111.921875 -33.710938 54.929688     -0.991042 0.133548 -0.133548 -0.991042     27.737460 27.737460 2.525493
217.824081 237.630737     247.332031 -50.421875 58.390625     -0.979171 0.203037 -0.203037 -0.979171     27.121311 27.121311 2.448863
217.824081 237.630737     131.433594 -16.835938 133.957031     -0.979171 0.203037 -0.203037 -0.979171     27.121311 27.121311 4.503150
351.023499 251.728638     463.957031 -93.972656 59.441406     -0.920654 0.390379 -0.390379 -0.920654     16.674151 16.674151 4.830630
267.753845 274.164459     1135.546875 -287.679688 97.953125     -0.971538 0.236885 -0.236885 -0.971538     15.093159 15.093159 3.003601
267.753845 274.164459     2975.406250 -578.281250 170.343750     -0.971538 0.236885 -0.236885 -0.971538     15.093159 15.093159 4.750842
501.670990 207.416397     466.156250 -160.062500 160.742188     -0.864124 0.503278 -0.503278 -0.864124     29.194789 29.194789 4.017491
432.735291 224.863556     82.656250 -33.140625 25.132812     -0.972301 0.233731 -0.233731 -0.972301     51.162652 51.162652 3.344647
432.735291 224.863556     153.984375 -61.242188 45.726562     -0.972301 0.233731 -0.233731 -0.972301     51.162652 51.162652 6.385146
187.512650 195.783905     1387.890625 -350.031250 122.429688     0.553750 -0.832683 0.832683 0.553750     43.276083 43.276083 1.687500
259.833221 277.121826     465.734375 -133.265625 160.054688     -0.970186 0.242361 -0.242361 -0.970186     17.534343 17.534343 3.041399
259.833221 277.121826     142.394531 -10.917969 153.781250     -0.970186 0.242361 -0.242361 -0.970186     17.534343 17.534343 4.731318
186.021713 195.794662     4076.394531 -763.484375 300.179688     0.577875 -0.816125 0.816125 0.577875     45.624210 45.624210 1.663519
351.405060 255.985580     127.539062 -13.359375 76.398438     -0.907074 0.420972 -0.420972 -0.907074     28.204799 28.204799 4.942649
128.587906 279.889618     164.837891 -20.476562 180.750000     -0.970105 0.242686 -0.242686 -0.970105     30.446376 30.446376 2.606468
184.212128 196.047134     43.478516 22.093750 39.601562     0.680172 -0.733053 0.733053 0.680172     48.427227 48.427227 1.542294
216.048691 238.708542     2433.714844 -425.125000 148.328125     -0.976446 0.215762 -0.215762 -0.976446     27.985736 27.985736 2.448759
216.048691 238.708542     61.992188 1.406250 8.296875     -0.976446 0.215762 -0.215762 -0.976446     27.985736 27.985736 4.520322
249.822891 281.115479     56.126953 26.769531 57.962891     -0.968128 0.250456 -0.250456 -0.968128     21.828545 21.828545 3.100356
249.822891 281.115479     234.595703 -61.164062 290.984375     -0.968128 0.250456 -0.250456 -0.968128     21.828545 21.828545 4.759977
245.951691 258.794495     5028.667969 -524.921875 440.421875     -0.980943 0.194294 -0.194294 -0.980943     33.616064 33.616064 1.558746
245.951691 258.794495     124.869141 -26.714844 9.515625     -0.980943 0.194294 -0.194294 -0.980943     33.616064 33.616064 4.711479
509.436462 209.634079     4846.675781 61.480469 986.453125     -0.919317 0.393518 -0.393518 -0.919317     43.215610 43.215610 0.580431
509.436462 209.634079     466.718750 -110.437500 158.511719     -0.919317 0.393518 -0.393518 -0.919317     43.215610 43.215610 3.734086
308.229462 275.058228     150.466797 -37.238281 17.164062     -0.909794 0.415061 -0.415061 -0.909794     14.239912 14.239912 4.767369
304.100891 279.295563     226.664062 -7.898438 76.751953     -0.911661 0.410943 -0.410943 -0.911661     19.155879 19.155879 4.778639
241.367630 284.335266     82.699219 25.978516 86.226562     -0.968253 0.249972 -0.249972 -0.968253     25.480828 25.480828 1.469495
241.367630 284.335266     477.500000 -61.125000 24.343750     -0.968253 0.249972 -0.249972 -0.968253     25.480828 25.480828 4.758402
511.397247 210.689850     84.412109 25.421875 95.845703     -0.936409 0.350911 -0.350911 -0.936409     47.220953 47.220953 0.386519
511.397247 210.689850     159.415039 -43.818359 39.125000     -0.936409 0.350911 -0.350911 -0.936409     47.220953 47.220953 3.586055
182.171051 197.088638     96.796875 14.449219 117.335938     0.518471 -0.855095 0.855095 0.518471     52.435067 52.435067 0.619863
182.171051 197.088638     4685.164062 308.800781 1201.835938     0.518471 -0.855095 0.855095 0.518471     52.435067 52.435067 1.723359
215.214996 259.314087     346.365234 -1.160156 19.031250     -0.981599 0.190952 -0.190952 -0.981599     55.417281 55.417281 1.531694
352.277740 258.733093     160.934570 -38.365234 77.179688     -0.971165 0.238407 -0.238407 -0.971165     38.479316 38.479316 4.880042
180.140732 198.489304     169.193359 13.898438 127.275391     0.564727 -0.825278 0.825278 0.564727     55.265066 55.265066 0.598911
180.140732 198.489304     344.656250 -15.507812 33.593750     0.564727 -0.825278 0.825278 0.564727     55.265066 55.265066 1.663611
174.794769 165.473877     191.820312 -50.367188 99.570312     -0.737361 -0.675499 0.675499 -0.737361     19.800722 19.800722 3.054591
246.826477 288.404968     4763.402344 375.718750 1380.070312     -0.984185 0.177146 -0.177146 -0.984185     38.133054 38.133054 4.768686
347.008301 279.000000     259.457031 -11.960938 146.798828     -0.999658 -0.026163 0.026163 -0.999658     12.933153 12.933153 5.792667
171.468750 163.716339     220.480469 -59.673828 111.742188     -0.694884 -0.719121 0.719121 -0.694884     24.753950 24.753950 2.938946
177.116516 203.278702     293.527344 -19.923828 150.181641     0.539154 -0.842207 0.842207 0.539154     62.910013 62.910013 0.687190
177.116516 203.278702     5225.792969 -47.113281 1607.984375     0.539154 -0.842207 0.842207 0.539154     62.910013 62.910013 1.673276
237.460251 270.832581     382.343750 -63.320312 148.449219     -0.993682 0.112233 -0.112233 -0.993682     87.851927 87.851927 1.465871
237.460251 270.832581     276.414062 -18.328125 92.718750     -0.993682 0.112233 -0.112233 -0.993682     87.851927 87.851927 4.785893
102.875000 302.129639     321.066406 -44.416016 169.142578     -0.976573 0.215185 -0.215185 -0.976573     8.572585 8.572585 1.538989
228.465454 261.195862     5322.761719 568.664062 2498.351562     -0.999873 -0.015921 0.015921 -0.999873     141.265185 141.265185 5.549185
512.906067 211.501984     47.319824 -12.779297 15.753906     -0.952057 0.305920 -0.305920 -0.952057     49.912551 49.912551 0.259809
512.906067 211.501984     96.329590 -16.312500 15.457031     -0.952057 0.305920 -0.305920 -0.952057     49.912551 49.912551 3.456240
99.512741 303.627380     6167.429688 153.679688 2778.472656     -0.967726 0.252003 -0.252003 -0.967726     12.296553 12.296553 1.508003
234.836044 144.122726     225.593750 -9.101562 78.126953     -0.998623 0.052469 -0.052469 -0.998623     39.316960 39.316960 2.967288
234.836044 144.122726     90.881836 -17.859375 10.722656     -0.998623 0.052469 -0.052469 -0.998623     39.316960 39.316960 6.186674
167.388718 161.733231     485.976562 -81.695312 16.132812     -0.682739 -0.730662 0.730662 -0.682739     34.396187 34.396187 2.970615
271.957458 308.923004     6994.531250 -348.218750 3012.929688     -0.991333 0.131370 -0.131370 -0.991333     18.136484 18.136484 5.656787
166.189407 161.124496     468.500000 -109.617188 163.308594     -0.624741 -0.780832 0.780832 -0.624741     36.020292 36.020292 2.929758
98.182793 306.045166     8062.054688 -522.585938 3286.761719     -0.950854 0.309640 -0.309640 -0.950854     22.435029 22.435029 1.459494
164.861526 160.225876     10543.839844 -1033.890625 3538.464844     -0.458629 -0.888628 0.888628 -0.458629     42.533809 42.533809 1.875001
164.861526 160.225876     384.515625 -65.875000 155.183594     -0.458629 -0.888628 0.888628 -0.458629     42.533809 42.533809 2.639388
228.763351 264.238098     12312.925781 -1507.386719 3581.812500     -0.996153 -0.087627 0.087627 -0.996153     154.230713 154.230713 5.600512
158.002258 321.853119     392.484375 -63.390625 170.558594     -0.999994 0.003544 -0.003544 -0.999994     19.629049 19.629049 1.347524
98.273529 309.267639     14375.945312 -2000.476562 3530.550781     -0.932028 0.362387 -0.362387 -0.932028     35.508012 35.508012 1.391093
160.521927 158.475555     16991.070312 -2354.207031 3402.195312     -0.957447 -0.288609 0.288609 -0.957447     49.924839 49.924839 2.543748
155.438599 323.436920     223.933594 -17.425781 84.755859     -0.998766 0.049670 -0.049670 -0.998766     25.780928 25.780928 1.294400
99.389084 310.416382     20680.617188 -2627.683594 3300.503906     -0.915251 0.402885 -0.402885 -0.915251     39.589548 39.589548 1.391486
224.734329 264.401733     276.421875 -21.562500 99.015625     -0.994035 -0.109059 0.109059 -0.994035     164.656285 164.656285 5.592518
156.009781 157.838730     228.863281 -39.078125 113.960938     -0.994533 0.104426 -0.104426 -0.994533     54.288529 54.288529 2.968977
101.059486 310.477936     105.609375 -2.656250 13.987305     -0.914737 0.404050 -0.404050 -0.914737     41.581456 41.581456 1.393289
154.042053 157.738937     110.187500 -25.265625 14.572266     -0.990825 0.135154 -0.135154 -0.990825     54.645626 54.645626 3.037223
212.187347 269.521210     121.757812 -6.167969 14.686523     -0.999915 0.013019 -0.013019 -0.999915     180.414139 180.414139 5.827562
432.688141 225.040878     1136.656250 -139.894531 145.437500     -0.969375 0.245587 -0.245587 -0.969375     51.780766 51.780766 3.366230
432.688141 225.040878     113.093750 -25.050781 14.634766     -0.969375 0.245587 -0.245587 -0.969375     51.780766 51.780766 6.416480
296.119659 136.588287     1755.593750 -288.777344 171.859375     -0.995155 0.098322 -0.098322 -0.995155     42.905540 42.905540 3.066754
151.143570 157.636810     2355.648438 -298.425781 169.482422     -0.965210 0.261477 -0.261477 -0.965210     56.404624 56.404624 3.255532
79.147057 239.508408     78.562500 -14.101562 9.379883     -0.942651 0.333780 -0.333780 -0.942651     15.079318 15.079318 1.756250
75.296181 239.926758     45.203125 -9.242188 31.390625     -0.981677 0.190550 -0.190550 -0.981677     15.776123 15.776123 1.614855
234.942612 143.893906     39.937500 -20.359375 47.046875     -0.998115 0.061370 -0.061370 -0.998115     39.632544 39.632544 2.991347
234.942612 143.893906     34.359375 -12.914062 30.531250     -0.998115 0.061370 -0.061370 -0.998115     39.632544 39.632544 6.203355
65.703537 164.548676     65.796875 -41.703125 69.421875     -0.978116 0.208062 -0.208062 -0.978116     11.840777 11.840777 1.755907
264.983398 339.069763     64.453125 -46.031250 53.968750     -0.986032 0.166557 -0.166557 -0.986032     6.873569 6.873569 6.167115
513.182312 211.524918     68.890625 -50.593750 89.000000     -0.951885 0.306456 -0.306456 -0.951885     50.915207 50.915207 0.261992
513.182312 211.524918     75.582031 21.414062 31.453125     -0.951885 0.306456 -0.306456 -0.951885     50.915207 50.915207 3.457688
432.448425 225.140457     174.156250 -8.203125 10.562500     -0.966203 0.257783 -0.257783 -0.966203     52.787920 52.787920 0.164214
432.448425 225.140457     68.265625 5.500000 34.515625     -0.966203 0.257783 -0.257783 -0.966203     52.787920 52.787920 3.355686
430.567139 225.534576     103.871094 -2.687500 21.843750     -0.966514 0.256613 -0.256613 -0.966514     55.794222 55.794222 6.416216
235.394073 143.287384     21.734375 6.031250 51.093750     -0.992484 0.122375 -0.122375 -0.992484     40.899834 40.899834 3.106133
296.314575 136.102859     74.781250 19.265625 20.468750     -0.992900 0.118948 -0.118948 -0.992900     44.190015 44.190015 3.100099
236.476028 141.160217     132.695312 0.117188 19.968750     -0.955733 0.294236 -0.294236 -0.955733     45.432217 45.432217 3.412843
348.792999 117.658890     25.875000 11.031250 47.296875     -0.999581 0.028955 -0.028955 -0.999581     16.783468 16.783468 4.608123
369.023590 131.198120     26.468750 0.531250 60.640625     -0.970599 0.240701 -0.240701 -0.970599     12.969527 12.969527 1.460885
369.023590 131.198120     71.125000 20.765625 26.968750     -0.970599 0.240701 -0.240701 -0.970599     12.969527 12.969527 4.681906
349.156342 117.501244     380.609375 28.250000 66.031250     -0.998356 0.057322 -0.057322 -0.998356     17.036159 17.036159 4.608095
266.497070 135.994141     205.738281 -15.234375 42.906250     -0.990554 0.137122 -0.137122 -0.990554     50.526803 50.526803 1.560394
266.497070 135.994141     65.851562 -43.585938 51.953125     -0.990554 0.137122 -0.137122 -0.990554     50.526803 50.526803 3.067243
368.804993 131.128632     73.486328 10.031250 34.562500     -0.972432 0.233187 -0.233187 -0.972432     13.217776 13.217776 1.455220
368.804993 131.128632     95.218750 23.406250 24.875000     -0.972432 0.233187 -0.233187 -0.972432     13.217776 13.217776 4.668558
277.011719 132.889206     104.500000 6.695312 27.218750     -0.984753 0.173956 -0.173956 -0.984753     49.468690 49.468690 3.254342
277.011719 132.889206     79.078125 -57.843750 59.953125     -0.984753 0.173956 -0.173956 -0.984753     49.468690 49.468690 4.667557
281.818085 132.161758     173.218750 -22.875000 21.546875     -0.991134 0.132865 -0.132865 -0.991134     51.204668 51.204668 3.018095
281.818085 132.161758     55.367188 2.203125 23.562500     -0.991134 0.132865 -0.132865 -0.991134     51.204668 51.204668 4.721420
445.146240 116.325470     20.542969 15.617188 66.187500     -0.981328 0.192341 -0.192341 -0.981328     11.574686 11.574686 1.475095
445.146240 116.325470     49.890625 -23.718750 32.937500     -0.981328 0.192341 -0.192341 -0.981328     11.574686 11.574686 4.664925
298.341217 384.170624     43.625000 36.390625 47.234375     -0.894033 0.448001 -0.448001 -0.894033     23.278251 23.278251 0.815980
298.341217 384.170624     66.343750 -19.890625 16.718750     -0.894033 0.448001 -0.448001 -0.894033     23.278251 23.278251 4.003195
515.747620 104.014282     120.453125 -16.031250 9.234375     -0.990931 0.134369 -0.134369 -0.990931     13.139194 13.139194 1.331661
515.747620 104.014282     71.187500 26.781250 36.406250     -0.990931 0.134369 -0.134369 -0.990931     13.139194 13.139194 2.871059
547.264343 98.334801     220.064453 -17.804688 90.453125     -0.989027 0.147738 -0.147738 -0.989027     10.800269 10.800269 3.032756
547.264343 98.334801     98.265625 43.265625 43.226562     -0.989027 0.147738 -0.147738 -0.989027     10.800269 10.800269 3.581308
354.765564 433.277527     408.921875 99.937500 66.296875     0.643430 -0.765505 0.765505 0.643430     21.498899 21.498899 4.527866
206.504944 425.702972     149.574219 -52.453125 62.734375     -0.757170 0.653218 -0.653218 -0.757170     19.815424 19.815424 0.717616
206.504944 425.702972     192.636719 -36.843750 46.187500     -0.757170 0.653218 -0.653218 -0.757170     19.815424 19.815424 3.830720
454.163391 369.882355     69.937500 -58.515625 77.031250     0.691585 -0.722295 0.722295 0.691585     22.886772 22.886772 1.204617
454.163391 369.882355     63.656250 -27.171875 42.593750     0.691585 -0.722295 0.722295 0.691585     22.886772 22.886772 4.468688
302.461548 355.534424     217.328125 12.671875 33.609375     -0.746040 0.665901 -0.665901 -0.746040     16.151271 16.151271 0.983348
302.461548 355.534424     38.429688 -3.570312 26.859375     -0.746040 0.665901 -0.665901 -0.746040     16.151271 16.151271 4.114245
160.911331 425.118225     153.882812 -13.406250 62.453125     -0.911366 0.411597 -0.411597 -0.911366     18.674230 18.674230 0.804423
160.911331 425.118225     60.378906 19.203125 38.109375     -0.911366 0.411597 -0.411597 -0.911366     18.674230 18.674230 1.512619
406.561462 422.076416     183.531250 -60.546875 129.343750     -0.996220 0.086868 -0.086868 -0.996220     18.391929 18.391929 4.336360
453.891174 371.035309     38.687500 -16.687500 71.484375     0.634460 -0.772956 0.772956 0.634460     23.538972 23.538972 1.380286
453.891174 371.035309     54.480469 -24.324219 36.000000     0.634460 -0.772956 0.772956 0.634460     23.538972 23.538972 3.842635
190.128632 385.460571     29.694336 -24.246094 35.218750     -0.926716 -0.375763 0.375763 -0.926716     21.473152 21.473152 1.879576
190.128632 385.460571     179.515625 6.312500 13.062500     -0.926716 -0.375763 0.375763 -0.926716     21.473152 21.473152 2.578711
290.064697 383.611847     42.531250 -12.265625 30.281250     -0.999501 -0.031574 0.031574 -0.999501     21.890056 21.890056 0.249433
290.064697 383.611847     274.767578 -100.015625 162.468750     -0.999501 -0.031574 0.031574 -0.999501     21.890056 21.890056 2.188237
437.145905 404.964417     210.750000 95.546875 70.648438     -0.995228 -0.097573 0.097573 -0.995228     20.636020 20.636020 0.193557
437.145905 404.964417     253.949219 -17.523438 39.500000     -0.995228 -0.097573 0.097573 -0.995228     20.636020 20.636020 2.069275
302.055145 355.448517     331.007812 -115.992188 86.375000     -0.759185 0.650875 -0.650875 -0.759185     17.101458 17.101458 1.062724
302.055145 355.448517     68.523438 14.656250 27.140625     -0.759185 0.650875 -0.650875 -0.759185     17.101458 17.101458 4.147676
351.396759 392.502014     237.636719 -74.414062 72.734375     -0.998751 0.049955 -0.049955 -0.998751     14.338131 14.338131 1.466072
351.396759 392.502014     77.429688 -34.656250 30.031250     -0.998751 0.049955 -0.049955 -0.998751     14.338131 14.338131 2.228377
354.571991 432.899994     65.183594 20.085938 41.625000     0.579247 -0.815152 0.815152 0.579247     22.117965 22.117965 0.976816
354.571991 432.899994     161.906250 5.093750 19.125000     0.579247 -0.815152 0.815152 0.579247     22.117965 22.117965 4.252078
303.260010 433.105011     72.796875 -2.750000 55.625000     -0.854704 -0.519116 0.519116 -0.854704     22.782365 22.782365 2.405347
303.260010 433.105011     63.015625 -33.687500 60.468750     -0.854704 -0.519116 0.519116 -0.854704     22.782365 22.782365 5.358963
164.322220 425.837036     38.642578 -0.984375 26.250000     -0.999465 0.032711 -0.032711 -0.999465     20.989397 20.989397 1.913650
164.322220 425.837036     118.265625 -18.656250 9.593750     -0.999465 0.032711 -0.032711 -0.999465     20.989397 20.989397 4.045874
259.931824 372.948059     35.968750 7.875000 25.484375     -0.848596 0.529042 -0.529042 -0.848596     23.255192 23.255192 0.931405
259.931824 372.948059     29.039062 -7.375000 24.890625     -0.848596 0.529042 -0.529042 -0.848596     23.255192 23.255192 3.963036
286.114838 384.935272     121.750000 22.890625 52.078125     -0.994947 0.100402 -0.100402 -0.994947     22.623786 22.623786 0.203930
286.114838 384.935272     94.000000 8.187500 50.187500     -0.994947 0.100402 -0.100402 -0.994947     22.623786 22.623786 0.684503
228.529419 367.407227     300.843750 -72.242188 183.109375     -0.999855 0.017053 -0.017053 -0.999855     18.893000 18.893000 1.986765
228.529419 367.407227     29.925781 -2.398438 21.734375     -0.999855 0.017053 -0.017053 -0.999855     18.893000 18.893000 3.111195
179.250000 382.071106     139.030273 -2.921875 101.437500     -0.967094 -0.254421 0.254421 -0.967094     21.883002 21.883002 0.463792
179.250000 382.071106     205.531250 4.046875 47.828125     -0.967094 -0.254421 0.254421 -0.967094     21.883002 21.883002 1.837694
428.223999 373.044006     93.468750 23.281250 25.750000     -0.193683 -0.981064 0.981064 -0.193683     20.396309 20.396309 1.780433
428.223999 373.044006     218.625000 -43.671875 18.359375     -0.193683 -0.981064 0.981064 -0.193683     20.396309 20.396309 4.686860
243.556564 404.176483     44.484375 -11.281250 30.031250     -0.207156 -0.978308 0.978308 -0.207156     20.741982 20.741982 1.303890
243.556564 404.176483     71.281250 -1.890625 23.343750     -0.207156 -0.978308 0.978308 -0.207156     20.741982 20.741982 1.777674
409.788391 390.580902     237.515625 42.859375 63.000000     -0.952785 -0.303645 0.303645 -0.952785     17.034126 17.034126 1.980761
162.037735 425.685547     35.500000 -6.109375 23.218750     -0.999999 -0.001040 0.001040 -0.999999     20.108822 20.108822 1.825578
384.079681 346.577698     122.140625 19.828125 52.765625     -0.389478 -0.921036 0.921036 -0.389478     20.724550 20.724550 2.440449
384.079681 346.577698     77.734375 -49.203125 67.203125     -0.389478 -0.921036 0.921036 -0.389478     20.724550 20.724550 2.991355
328.181061 422.267487     56.312500 -1.468750 17.390625     -0.929631 -0.368492 0.368492 -0.929631     19.479105 19.479105 2.238375
328.181061 422.267487     38.718750 -18.609375 37.406250     -0.929631 -0.368492 0.368492 -0.929631     19.479105 19.479105 5.467899
272.739807 380.694611     34.140625 -12.078125 28.015625     -0.996055 -0.088739 0.088739 -0.996055     35.863181 35.863181 2.258699
272.739807 380.694611     79.609375 -35.359375 30.578125     -0.996055 -0.088739 0.088739 -0.996055     35.863181 35.863181 3.296393
212.039215 420.596405     34.134277 -9.066406 18.515625     -0.995726 0.092357 -0.092357 -0.995726     28.986848 28.986848 2.110588
212.039215 420.596405     62.468750 -26.921875 47.671875     -0.995726 0.092357 -0.092357 -0.995726     28.986848 28.986848 3.084341
301.970001 355.309998     721.525391 124.238281 139.750000     -0.760739 0.649058 -0.649058 -0.760739     17.291891 17.291891 1.054020
301.970001 355.309998     99.258545 48.085938 34.531250     -0.760739 0.649058 -0.649058 -0.760739     17.291891 17.291891 4.162258
507.106110 409.371429     123.906250 -22.593750 11.382812     -0.957211 -0.289391 0.289391 -0.957211     18.984796 18.984796 0.842059
507.106110 409.371429     107.265625 12.593750 102.796875     -0.957211 -0.289391 0.289391 -0.957211     18.984796 18.984796 3.635551
229.641373 368.844818     20823.500000 -3182.671875 8795.214844     -0.996323 -0.085679 0.085679 -0.996323     23.227580 23.227580 0.988583
229.641373 368.844818     484.859375 -11.875000 112.187500     -0.996323 -0.085679 0.085679 -0.996323     23.227580 23.227580 1.614771
455.262909 462.553986     73.375000 -43.203125 84.531250     -0.762595 0.646876 -0.646876 -0.762595     14.847808 14.847808 4.310329
407.960571 421.560577     63.875000 -6.156250 18.820312     -0.989291 0.145956 -0.145956 -0.989291     19.182876 19.182876 1.005119
407.960571 421.560577     47.656250 4.875000 23.109375     -0.989291 0.145956 -0.145956 -0.989291     19.182876 19.182876 4.385267
305.603851 432.869232     38.283691 11.941406 46.421875     -0.997632 -0.068778 0.068778 -0.997632     21.773032 21.773032 3.220099
305.603851 432.869232     595.234375 -100.656250 78.890625     -0.997632 -0.068778 0.068778 -0.997632     21.773032 21.773032 5.876884
348.192108 391.052643     885.386719 324.007812 317.734375     -0.999713 0.023968 -0.023968 -0.999713     18.649561 18.649561 2.216260
348.192108 391.052643     132.907471 51.464844 33.234375     -0.999713 0.023968 -0.023968 -0.999713     18.649561 18.649561 5.469560
213.754105 380.913940     158.593750 103.734375 149.625000     -0.295572 -0.955320 0.955320 -0.295572     17.836741 17.836741 1.337757
213.754105 380.913940     219.687500 38.500000 20.156250     -0.295572 -0.955320 0.955320 -0.295572     17.836741 17.836741 2.389640
255.057755 453.902527     42.281250 -16.812500 39.218750     -0.817476 0.575963 -0.575963 -0.817476     18.126760 18.126760 1.664824
255.057755 453.902527     568.218750 2.640625 89.140625     -0.817476 0.575963 -0.575963 -0.817476     18.126760 18.126760 4.788403
477.844757 391.415527     35.796875 13.062500 24.437500     -0.689372 -0.724407 0.724407 -0.689372     13.495755 13.495755 1.617158
477.844757 391.415527     87.618408 47.369141 34.437500     -0.689372 -0.724407 0.724407 -0.689372     13.495755 13.495755 4.498180
379.962952 368.819458     143.468750 -29.421875 70.875000     -0.990169 0.139876 -0.139876 -0.990169     11.880101 11.880101 1.649322
379.962952 368.819458     192.125000 37.843750 28.859375     -0.990169 0.139876 -0.139876 -0.990169     11.880101 11.880101 4.672224
493.120453 428.890503     191.770020 -72.503906 90.015625     -0.878809 -0.477174 0.477174 -0.878809     21.041827 21.041827 1.652140
493.120453 428.890503     39.125000 7.281250 21.765625     -0.878809 -0.477174 0.477174 -0.878809     21.041827 21.041827 5.010009
174.312744 387.155060     58.343750 5.328125 35.859375     -0.991027 0.133661 -0.133661 -0.991027     42.226161 42.226161 0.757950
174.312744 387.155060     40.015137 11.769531 48.062500     -0.991027 0.133661 -0.133661 -0.991027     42.226161 42.226161 1.291672
486.030884 346.617767     43.125000 -13.703125 39.500000     -0.876554 -0.481304 0.481304 -0.876554     19.856165 19.856165 2.226649
486.030884 346.617767     63.187500 -17.718750 29.585938     -0.876554 -0.481304 0.481304 -0.876554     19.856165 19.856165 4.950105
419.076263 396.791260     107.841309 -37.500000 31.250000     -0.965341 -0.260991 0.260991 -0.965341     28.202345 28.202345 2.150694
232.810654 440.250488     66.656250 -7.640625 19.765625     -0.972958 0.230982 -0.230982 -0.972958     27.534978 27.534978 1.136942
232.810654 440.250488     132.000000 61.984375 70.453125     -0.972958 0.230982 -0.230982 -0.972958     27.534978 27.534978 2.927925
540.290894 420.959991     77.843750 10.671875 24.312500     -0.825041 0.565073 -0.565073 -0.825041     22.037899 22.037899 0.395911
540.290894 420.959991     36.891602 -13.703125 71.218750     -0.825041 0.565073 -0.565073 -0.825041     22.037899 22.037899 0.834758
411.768219 423.194275     216.447144 10.138184 23.039062     -0.997652 -0.068488 0.068488 -0.997652     25.748283 25.748283 4.738326
267.781525 411.218475     180.468750 -26.406250 113.765625     -0.962026 0.272959 -0.272959 -0.962026     22.877691 22.877691 0.421897
267.781525 411.218475     30.468750 5.578125 32.402344     -0.962026 0.272959 -0.272959 -0.962026     22.877691 22.877691 3.606264
347.366730 395.277283     122.156250 69.781250 111.023438     -0.989846 0.142147 -0.142147 -0.989846     35.009860 35.009860 2.777908
109.640572 438.548035     35.151489 -8.953125 27.140625     -0.866492 -0.499192 0.499192 -0.866492     23.402737 23.402737 1.423570
109.640572 438.548035     139.812500 -63.140625 71.015625     -0.866492 -0.499192 0.499192 -0.866492     23.402737 23.402737 2.010836
507.450500 322.254120     54.906250 -42.765625 74.597656     -0.839182 0.543850 -0.543850 -0.839182     42.715653 42.715653 0.673324
430.089386 370.097778     44.920769 13.366211 27.078125     0.386716 -0.922199 0.922199 0.386716     25.332144 25.332144 0.784112
430.089386 370.097778     51.144653 -1.235352 76.984375     0.386716 -0.922199 0.922199 0.386716     25.332144 25.332144 4.320794
137.800003 399.380493     44.281250 13.906250 30.328125     -0.823140 0.567839 -0.567839 -0.823140     19.728309 19.728309 1.497165
137.800003 399.380493     160.968750 -0.687500 138.218750     -0.823140 0.567839 -0.567839 -0.823140     19.728309 19.728309 1.895266
94.283585 416.980103     122.875000 33.921875 42.746094     0.665886 -0.746053 0.746053 0.665886     12.770502 12.770502 0.888684
94.283585 416.980103     31.437500 -8.843750 36.781250     0.665886 -0.746053 0.746053 0.665886     12.770502 12.770502 1.254108
375.247345 367.660767     41.909531 -9.367676 65.328125     -0.999284 -0.037842 0.037842 -0.999284     16.114431 16.114431 1.671700
489.349426 429.951691     72.505295 -21.003418 43.359375     -0.998145 -0.060887 0.060887 -0.998145     26.174449 26.174449 1.120004
489.349426 429.951691     58.156250 -41.242188 71.566406     -0.998145 -0.060887 0.060887 -0.998145     26.174449 26.174449 2.171281
553.018677 389.214966     65.906250 -10.187500 28.562500     -0.835749 -0.549112 0.549112 -0.835749     18.028409 18.028409 1.682944
553.018677 389.214966     68.781250 -17.078125 101.699219     -0.835749 -0.549112 0.549112 -0.835749     18.028409 18.028409 5.267489
368.234039 407.063843     55.032227 1.020508 32.085938     -0.850517 0.525948 -0.525948 -0.850517     21.438312 21.438312 1.020374
368.234039 407.063843     23.531250 -14.531250 32.375000     -0.850517 0.525948 -0.525948 -0.850517     21.438312 21.438312 3.938059
170.260101 391.533691     64.843750 -24.234375 120.585938     -0.863000 0.505205 -0.505205 -0.863000     45.873317 45.873317 0.702330
495.043152 351.107910     77.625000 -9.218750 27.710938     -0.891984 -0.452067 0.452067 -0.891984     21.214173 21.214173 2.051493
495.043152 351.107910     27.250000 4.593750 19.687500     -0.891984 -0.452067 0.452067 -0.891984     21.214173 21.214173 5.096187
156.041855 429.398438     81.613281 -4.933594 25.750977     -0.996721 0.080909 -0.080909 -0.996721     27.768147 27.768147 1.581123
156.041855 429.398438     30.875000 12.693359 52.356934     -0.996721 0.080909 -0.080909 -0.996721     27.768147 27.768147 1.942981
325.860626 370.097565     193.453125 -14.716797 32.252441     -0.952898 -0.303292 0.303292 -0.952898     21.333878 21.333878 1.863030
325.860626 370.097565     34.417969 -25.776367 119.802734     -0.952898 -0.303292 0.303292 -0.952898     21.333878 21.333878 5.113580
229.310516 442.359863     72.501953 -22.433594 51.747070     -0.933371 0.358914 -0.358914 -0.933371     29.890158 29.890158 1.009953
229.310516 442.359863     85.937500 29.203125 18.746094     -0.933371 0.358914 -0.358914 -0.933371     29.890158 29.890158 1.514320
317.526764 421.620392     190.740234 -22.676758 14.851074     -0.617316 -0.786715 0.786715 -0.617316     54.628660 54.628660 1.774163
317.526764 421.620392     94.031250 23.921875 16.953125     -0.617316 -0.786715 0.786715 -0.617316     54.628660 54.628660 2.444404
108.776024 438.488953     73.085938 -52.210938 142.468872     -0.867719 -0.497055 0.497055 -0.867719     24.696424 24.696424 5.268632
491.821320 372.685883     102.482422 -4.902344 11.352051     -0.999366 -0.035607 0.035607 -0.999366     19.585864 19.585864 1.994463
491.821320 372.685883     94.562500 24.267578 37.006348     -0.999366 -0.035607 0.035607 -0.999366     19.585864 19.585864 2.334408
280.250000 438.284943     123.273438 43.697266 37.396729     -0.988014 0.154364 -0.154364 -0.988014     33.432108 33.432108 0.564994
280.250000 438.284943     254.625000 -137.539062 92.919434     -0.988014 0.154364 -0.154364 -0.988014     33.432108 33.432108 3.159041
357.792603 430.548157     74.580566 -29.941162 31.921875     -0.720338 0.693623 -0.693623 -0.720338     23.824781 23.824781 1.142744
132.244812 451.219910     144.542969 14.356445 40.046875     -0.996899 0.078693 -0.078693 -0.996899     23.021490 23.021490 0.271237
132.244812 451.219910     47.125000 23.507812 34.441406     -0.996899 0.078693 -0.078693 -0.996899     23.021490 23.021490 3.574185
414.194092 290.468353     58.804688 -8.675781 31.966309     -0.986358 0.164617 -0.164617 -0.986358     11.455259 11.455259 1.613808
414.194092 290.468353     42.546875 7.222656 30.885986     -0.986358 0.164617 -0.164617 -0.986358     11.455259 11.455259 3.009507
392.129181 408.733337     133.312500 11.904297 46.888672     -0.881512 -0.472161 0.472161 -0.881512     20.751940 20.751940 2.334453
392.129181 408.733337     43.074219 -22.283691 62.543823     -0.881512 -0.472161 0.472161 -0.881512     20.751940 20.751940 2.839980
304.869568 455.400970     225.734375 -69.727539 47.354126     -0.797103 0.603844 -0.603844 -0.797103     19.771193 19.771193 1.037042
304.869568 455.400970     14.777344 4.116211 43.943848     -0.797103 0.603844 -0.603844 -0.797103     19.771193 19.771193 1.547943
490.946716 431.641632     70.812500 11.476562 46.222656     -0.958051 -0.286598 0.286598 -0.958051     30.264115 30.264115 2.657726
490.946716 431.641632     68.234375 -60.305664 68.647247     -0.958051 -0.286598 0.286598 -0.958051     30.264115 30.264115 3.140003
472.215424 393.721100     53.218750 30.313477 47.784912     -0.984051 -0.177886 0.177886 -0.984051     31.405826 31.405826 0.979850
472.215424 393.721100     41.500000 10.554688 63.689453     -0.984051 -0.177886 0.177886 -0.984051     31.405826 31.405826 1.879599
192.221191 444.921661     38.242188 -18.850586 30.751221     -0.965124 0.261795 -0.261795 -0.965124     20.662688 20.662688 0.315244
192.221191 444.921661     47.695312 -0.167969 59.627136     -0.965124 0.261795 -0.261795 -0.965124     20.662688 20.662688 0.784917
514.221252 389.277863     68.554688 -11.663086 11.240845     -0.999671 -0.025636 0.025636 -0.999671     31.087264 31.087264 0.804485
514.221252 389.277863     64.156250 -57.399414 71.262207     -0.999671 -0.025636 0.025636 -0.999671     31.087264 31.087264 1.164559
507.219849 409.595734     38.161255 1.939697 16.932617     -0.954989 -0.296641 0.296641 -0.954989     19.364819 19.364819 4.539918
454.331451 265.753540     156.250000 28.288086 63.855957     -0.978932 0.204188 -0.204188 -0.978932     13.686360 13.686360 1.570017
367.946777 407.011414     120.671875 -48.756836 72.608276     -0.877326 0.479895 -0.479895 -0.877326     21.981213 21.981213 0.910653
367.946777 407.011414     172.833984 19.953857 73.748871     -0.877326 0.479895 -0.479895 -0.877326     21.981213 21.981213 3.895449
395.673920 408.099365     20.250000 4.625000 58.839355     -0.999226 0.039348 -0.039348 -0.999226     21.707219 21.707219 0.618856
395.673920 408.099365     60.062500 -18.238281 21.374023     -0.999226 0.039348 -0.039348 -0.999226     21.707219 21.707219 3.214674
411.233826 425.255890     204.968750 -58.562988 56.083191     -0.974056 -0.226306 0.226306 -0.974056     32.773572 32.773572 2.054068
411.233826 425.255890     52.031250 -31.968750 32.998718     -0.974056 -0.226306 0.226306 -0.974056     32.773572 32.773572 4.754073
283.845795 457.383179     14.093750 6.379883 40.287109     -0.924367 0.381505 -0.381505 -0.924367     20.472423 20.472423 0.583631
283.845795 457.383179     43.004272 -22.899323 53.783203     -0.924367 0.381505 -0.381505 -0.924367     20.472423 20.472423 3.732327
557.264709 381.088226     40.281250 -107.312500 310.087891     -0.942970 -0.332877 0.332877 -0.942970     43.118726 43.118726 1.967337
557.264709 381.088226     40.093750 -108.234375 319.490234     -0.942970 -0.332877 0.332877 -0.942970     43.118726 43.118726 3.032879
599.282410 347.462952     58.312500 -162.492188 481.406250     -0.999291 0.037656 -0.037656 -0.999291     18.736046 18.736046 3.298657
599.282410 347.462952     109.718750 28.676758 27.811295     -0.999291 0.037656 -0.037656 -0.999291     18.736046 18.736046 3.727108
454.137787 434.884430     325.725525 -38.927734 121.485428     -0.789234 0.614093 -0.614093 -0.789234     19.416750 19.416750 1.022734
454.137787 434.884430     75.125000 20.429688 40.257446     -0.789234 0.614093 -0.614093 -0.789234     19.416750 19.416750 4.406561
540.335449 420.573669     141.375000 45.142578 36.060265     -0.795295 0.606223 -0.606223 -0.795295     23.447700 23.447700 1.097826
540.335449 420.573669     73.671875 0.301758 47.156708     -0.795295 0.606223 -0.606223 -0.795295     23.447700 23.447700 4.356825
51.826923 414.158661     154.062500 -3.525391 90.925537     -0.882710 -0.469918 0.469918 -0.882710     13.449127 13.449127 1.832016
93.473869 418.972137     52.683594 -25.124023 97.547211     0.663944 -0.747782 0.747782 0.663944     16.698219 16.698219 1.172972
93.473869 418.972137     1156.406250 -33.879883 161.890106     0.663944 -0.747782 0.747782 0.663944     16.698219 16.698219 3.759225
502.441650 274.927460     46.304688 -9.757324 35.848389     -0.981827 0.189777 -0.189777 -0.981827     11.919201 11.919201 1.696589
502.441650 274.927460     68.117188 -19.479248 118.178619     -0.981827 0.189777 -0.189777 -0.981827     11.919201 11.919201 3.315978
495.354767 386.269745     1952.750000 161.283203 573.630737     -0.999494 0.031816 -0.031816 -0.999494     47.583004 47.583004 5.252970
600.192749 347.128510     111.312500 -27.103516 17.611084     -0.991118 0.132988 -0.132988 -0.991118     19.088844 19.088844 3.511508
600.192749 347.128510     82.550003 34.124268 82.522461     -0.991118 0.132988 -0.132988 -0.991118     19.088844 19.088844 3.890395
529.428589 344.520752     2769.907227 -538.229492 779.884888     -0.982184 -0.187921 0.187921 -0.982184     21.191438 21.191438 0.923370
529.428589 344.520752     120.921875 -22.739258 70.569702     -0.982184 -0.187921 0.187921 -0.982184     21.191438 21.191438 2.784043
477.208923 434.790192     326.500000 -66.820068 31.727684     -0.982775 0.184808 -0.184808 -0.982775     34.845962 34.845962 0.234104
477.208923 434.790192     74.030273 2.254883 43.867188     -0.982775 0.184808 -0.184808 -0.982775     34.845962 34.845962 1.466180
53.800812 414.418701     2579.968750 385.001953 738.440063     -0.920774 -0.390095 0.390095 -0.920774     15.214239 15.214239 1.392111
53.800812 414.418701     79.029297 10.164062 28.547852     -0.920774 -0.390095 0.390095 -0.920774     15.214239 15.214239 2.255051
617.688599 444.633209     2850.851074 -683.207031 1130.109375     -0.983093 -0.183109 0.183109 -0.983093     16.215808 16.215808 1.533541
59.461185 432.127869     3834.062500 531.140625 758.640991     -0.862988 -0.505225 0.505225 -0.862988     11.653071 11.653071 1.921139
62.403847 401.721161     261.531250 -124.480469 143.579590     -0.788671 -0.614815 0.614815 -0.788671     14.730909 14.730909 1.692837
62.403847 401.721161     117.617188 42.582031 44.472168     -0.788671 -0.614815 0.614815 -0.788671     14.730909 14.730909 4.635904
577.966003 416.720917     84.656250 25.156250 31.253906     -0.942560 0.334036 -0.334036 -0.942560     34.986773 34.986773 2.206889
577.966003 416.720917     24.769531 -11.441406 65.242188     -0.942560 0.334036 -0.334036 -0.942560     34.986773 34.986773 3.012895
619.095093 446.211945     127.437500 37.289062 46.802734     -0.976538 -0.215347 0.215347 -0.976538     20.381597 20.381597 1.513468
48.042423 439.678802     266.718750 -376.585938 827.460938     -0.887244 0.461300 -0.461300 -0.887244     32.549372 32.549372 0.346224
48.042423 439.678802     43.396484 -3.137695 19.284180     -0.887244 0.461300 -0.461300 -0.887244     32.549372 32.549372 3.384140
600.255188 347.131042     59.906250 -16.156250 42.906250     -0.987620 0.156868 -0.156868 -0.987620     19.382429 19.382429 0.322954
600.255188 347.131042     177.841339 -25.287598 21.320312     -0.987620 0.156868 -0.156868 -0.987620     19.382429 19.382429 1.130935
607.884521 325.849304     19.718750 10.281250 77.640625     -0.849907 -0.526933 0.526933 -0.849907     25.465180 25.465180 1.295519
68.550941 364.483032     62.937500 -5.703125 16.781250     -0.997434 -0.071592 0.071592 -0.997434     14.544722 14.544722 1.810227
610.393738 402.348419     33.937500 -22.375000 45.792969     -0.982061 -0.188564 0.188564 -0.982061     21.232855 21.232855 1.570618
610.393738 402.348419     68.421478 -37.035156 154.890625     -0.982061 -0.188564 0.188564 -0.982061     21.232855 21.232855 2.017794
37.488438 291.433533     150.583130 7.892578 21.246094     0.330542 -0.943791 0.943791 0.330542     25.492566 25.492566 0.937846
37.488438 291.433533     68.592224 -3.807373 29.027344     0.330542 -0.943791 0.943791 0.330542     25.492566 25.492566 4.722916
23.237530 318.180511     145.667969 6.671875 16.883789     -0.998636 -0.052204 0.052204 -0.998636     21.349683 21.349683 4.712350
592.523132 240.620377     83.662109 -19.379395 74.703125     -0.643905 -0.765106 0.765106 -0.643905     22.845760 22.845760 2.280904
606.600281 322.422333     212.687500 -3.031250 54.203125     -0.734683 -0.678411 0.678411 -0.734683     30.714579 30.714579 1.067858
606.600281 322.422333     77.565918 17.464844 21.750000     -0.734683 -0.678411 0.678411 -0.734683     30.714579 30.714579 1.936245
30.116505 432.349518     141.312500 56.687500 34.125000     -0.839158 0.543887 -0.543887 -0.839158     20.786785 20.786785 1.237969
30.116505 432.349518     238.562500 -82.015625 49.437500     -0.839158 0.543887 -0.543887 -0.839158     20.786785 20.786785 4.210256
606.653992 186.372620     215.625000 -61.218750 141.273438     0.622754 -0.782418 0.782418 0.622754     20.556480 20.556480 0.861576
606.653992 186.372620     207.788208 9.340820 50.570312     0.622754 -0.782418 0.782418 0.622754     20.556480 20.556480 2.376031
36.301888 290.344330     135.530701 20.338867 28.195312     0.047645 -0.998864 0.998864 0.047645     32.163426 32.163426 1.301491
36.301888 290.344330     77.814575 -45.656250 64.000000     0.047645 -0.998864 0.998864 0.047645     32.163426 32.163426 2.326806
600.095825 243.272018     26.968750 20.312500 96.960938     -0.938932 -0.344102 0.344102 -0.938932     24.776298 24.776298 4.675639
606.178711 186.326462     325.593750 -51.906250 225.281250     0.647892 -0.761732 0.761732 0.647892     21.617639 21.617639 2.367129
600.354553 347.811646     382.502197 123.064453 125.125000     -0.968979 0.247144 -0.247144 -0.968979     22.929747 22.929747 0.690897
600.354553 347.811646     215.875000 -115.140625 119.843750     -0.968979 0.247144 -0.247144 -0.968979     22.929747 22.929747 3.731330
601.296021 347.935333     343.843750 87.906250 106.156250     -0.984391 0.175998 -0.175998 -0.984391     22.973251 22.973251 1.292446
601.296021 347.935333     218.651978 13.263184 40.234375     -0.984391 0.175998 -0.175998 -0.984391     22.973251 22.973251 4.029750
203.080978 102.496475     186.000000 -102.125000 172.078125     -0.996182 0.087304 -0.087304 -0.996182     22.642917 22.642917 1.587081
203.080978 102.496475     146.937500 -24.062500 29.578125     -0.996182 0.087304 -0.087304 -0.996182     22.642917 22.642917 3.078456
326.736328 51.611938     578.656250 37.015625 497.484375     -0.420739 -0.907182 0.907182 -0.420739     22.494593 22.494593 1.273651
326.736328 51.611938     324.812500 83.937500 102.734375     -0.420739 -0.907182 0.907182 -0.420739     22.494593 22.494593 2.064139
125.595650 110.617393     45466.546875 2500.333984 4595.175781     -0.104611 -0.994513 0.994513 -0.104611     20.522769 20.522769 1.540965
346.691711 74.273605     35.837891 10.257812 44.562500     -0.995926 0.090177 -0.090177 -0.995926     25.022545 25.022545 2.008301
346.691711 74.273605     80.535156 1.796875 36.609375     -0.995926 0.090177 -0.090177 -0.995926     25.022545 25.022545 2.854640
127.207863 105.058990     491.203125 -14.136719 3195.218750     0.268267 -0.963345 0.963345 0.268267     23.486341 23.486341 1.304660
160.008179 108.912804     62.781250 -42.343750 60.757812     -0.842568 0.538590 -0.538590 -0.842568     27.522553 27.522553 3.816793
595.045898 224.266052     169.187500 -47.640625 25.898438     -0.936676 -0.350198 0.350198 -0.936676     12.590212 12.590212 4.704812
167.956863 88.556862     222.228577 13.001953 43.820312     -0.992050 0.125843 -0.125843 -0.992050     15.571877 15.571877 0.789788
167.956863 88.556862     83.656250 -40.609375 32.625000     -0.992050 0.125843 -0.125843 -0.992050     15.571877 15.571877 1.589854
596.600708 223.974365     139.093750 -24.968750 31.875000     -0.961673 -0.274199 0.274199 -0.961673     14.324104 14.324104 4.721453
328.057831 44.006424     47556.585938 9281.113281 12329.971680     0.472536 -0.881312 0.881312 0.472536     30.217706 30.217706 4.405480
161.275558 74.711113     78.064453 -23.359375 36.218750     -0.998564 0.053563 -0.053563 -0.998564     14.985128 14.985128 1.847464
161.275558 74.711113     635.935181 -14.411133 3122.671875     -0.998564 0.053563 -0.053563 -0.998564     14.985128 14.985128 4.720782
451.940796 60.373833     100.634766 -13.460938 57.656250     -0.939275 -0.343166 0.343166 -0.939275     23.871271 23.871271 2.047645
451.940796 60.373833     66.895508 50.394531 60.390625     -0.939275 -0.343166 0.343166 -0.939275     23.871271 23.871271 5.234965
268.179626 51.961079     61.343750 -39.890625 53.187500     -0.922195 -0.386726 0.386726 -0.922195     19.652226 19.652226 2.217958
406.539642 49.511013     70.865234 30.703125 56.109375     -0.867979 0.496601 -0.496601 -0.867979     16.974366 16.974366 4.349446
230.052139 58.018959     467.921875 -73.484375 127.890625     -0.991025 -0.133677 0.133677 -0.991025     27.780118 27.780118 1.015837
230.052139 58.018959     54.148438 -26.015625 88.359375     -0.991025 -0.133677 0.133677 -0.991025     27.780118 27.780118 1.887975
621.520935 106.032555     81.140625 23.859375 24.625000     -0.793871 -0.608086 0.608086 -0.793871     18.243039 18.243039 1.124160
268.850189 77.344131     451.906250 -201.562500 171.429688     -0.959108 0.283040 -0.283040 -0.959108     24.402292 24.402292 0.151223
268.850189 77.344131     37.937500 22.875000 50.500000     -0.959108 0.283040 -0.283040 -0.959108     24.402292 24.402292 0.804014
355.635590 49.682205     10.609375 23.937500 152.359375     -0.902254 -0.431204 0.431204 -0.902254     23.569926 23.569926 1.398765
355.635590 49.682205     126.859375 17.921875 92.843750     -0.902254 -0.431204 0.431204 -0.902254     23.569926 23.569926 3.082064
456.581085 59.617760     98.687500 -52.703125 120.406250     -0.990981 -0.134005 0.134005 -0.990981     30.280326 30.280326 1.551565
456.581085 59.617760     28.343750 -18.343750 67.000000     -0.990981 -0.134005 0.134005 -0.990981     30.280326 30.280326 2.015655
390.233582 39.622871     69.937500 0.046875 55.109375     -0.945468 0.325715 -0.325715 -0.945468     21.736867 21.736867 1.740656
390.233582 39.622871     131.974609 120.429688 174.015625     -0.945468 0.325715 -0.325715 -0.945468     21.736867 21.736867 4.070330
186.470291 70.594063     32.750000 -24.343750 52.375000     -0.137116 -0.990555 0.990555 -0.137116     16.961814 16.961814 1.313429
186.470291 70.594063     1338.562500 -42.359375 147.109375     -0.137116 -0.990555 0.990555 -0.137116     16.961814 16.961814 1.832652
500.225494 18.098040     93.453125 29.000000 26.390625     0.705895 -0.708316 0.708316 0.705895     12.834702 12.834702 4.410135
377.255463 22.990654     47801.835938 10655.230469 14795.487305     -0.737994 -0.674808 0.674808 -0.737994     20.158213 20.158213 5.229072
177.166672 47.850426     226.882812 177.117188 225.093750     -0.772944 0.634475 -0.634475 -0.772944     17.588968 17.588968 0.294549
177.166672 47.850426     74.187500 -38.656250 61.000000     -0.772944 0.634475 -0.634475 -0.772944     17.588968 17.588968 1.338524
85.383644 78.160141     174.660156 -36.867188 44.968750     -0.985180 0.171524 -0.171524 -0.985180     44.982729 44.982729 3.382207
297.117645 33.637257     24.937500 -6.265625 30.687500     -0.981384 0.192058 -0.192058 -0.981384     13.468735 13.468735 1.473712
297.117645 33.637257     64.906250 -44.578125 91.640625     -0.981384 0.192058 -0.192058 -0.981384     13.468735 13.468735 2.114143
499.884155 18.621622     176.458008 28.593750 60.718750     0.684916 -0.728622 0.728622 0.684916     14.371817 14.371817 4.387905
39.475491 92.137253     133.015625 -80.187500 58.609375     -0.995919 -0.090252 0.090252 -0.995919     18.420803 18.420803 0.493303
39.475491 92.137253     41.062500 -10.343750 36.859375     -0.995919 -0.090252 0.090252 -0.995919     18.420803 18.420803 3.747986
104.462807 50.357025     133.031250 63.625000 301.671875     -0.962501 -0.271278 0.271278 -0.962501     33.639736 33.639736 0.982690
104.462807 50.357025     42.875000 -25.546875 51.335938     -0.962501 -0.271278 0.271278 -0.962501     33.639736 33.639736 1.848040
618.857727 51.175732     50407.390625 3111.070312 24294.925781     -0.117361 -0.993089 0.993089 -0.117361     19.974844 19.974844 1.578618
574.495239 29.142857     50.796875 -7.226562 32.046875     -0.801655 0.597787 -0.597787 -0.801655     13.619412 13.619412 1.232634
574.495239 29.142857     61.578125 34.843750 51.804688     -0.801655 0.597787 -0.597787 -0.801655     13.619412 13.619412 3.888291
604.739746 24.689497     137.765625 71.281250 309.296875     -0.224717 -0.974424 0.974424 -0.224717     15.987642 15.987642 4.817661
591.608887 180.362900     406.285156 102.250000 177.156250     0.325635 -0.945496 0.945496 0.325635     6.897642 6.897642 2.701325
591.749084 180.455200     71.281250 11.093750 24.687500     0.329703 -0.944085 0.944085 0.329703     7.536028 7.536028 2.693280
591.771362 180.771347     138.195312 -12.453125 13.226562     0.323649 -0.946177 0.946177 0.323649     7.886031 7.886031 2.767309
590.053955 186.182526     36.091797 16.539062 33.406250     0.321674 -0.946850 0.946850 0.321674     7.934492 7.934492 2.691278
588.761414 190.674622     40.546875 -9.875000 46.734375     0.319083 -0.947727 0.947727 0.319083     8.832327 8.832327 2.683863
589.092529 190.773621     444.726562 45.695312 633.625000     0.324422 -0.945912 0.945912 0.324422     10.509316 10.509316 2.688835
150.484848 26.099567     98.375000 12.937500 96.148438     -0.858442 -0.512911 0.512911 -0.858442     20.698531 20.698531 1.626120
150.484848 26.099567     270.000000 23.507812 33.723633     -0.858442 -0.512911 0.512911 -0.858442     20.698531 20.698531 2.047895
415.850006 60.549999     1127.968750 -65.820312 39.971680     -0.965813 0.259238 -0.259238 -0.965813     14.467420 14.467420 0.560491
415.850006 60.549999     43601.601562 1943.406250 28135.343750     -0.965813 0.259238 -0.259238 -0.965813     14.467420 14.467420 1.528254
92.610718 106.996429     4973.140625 -1197.687500 434.875000     -0.997248 -0.074139 0.074139 -0.997248     29.747537 29.747537 0.196386
92.610718 106.996429     52.890625 -5.175781 10.267578     -0.997248 -0.074139 0.074139 -0.997248     29.747537 29.747537 2.023077
591.059631 187.456039     54.125000 -4.136719 13.982422     0.338199 -0.941075 0.941075 0.338199     13.999742 13.999742 2.630032
123.827454 80.627449     34.757812 -19.097656 26.464844     -0.981737 -0.190243 0.190243 -0.981737     23.199340 23.199340 1.561502
123.827454 80.627449     85.640625 -14.875000 7.925781     -0.981737 -0.190243 0.190243 -0.981737     23.199340 23.199340 2.385866
368.274597 36.556995     55.382812 -4.050781 16.259766     -0.997398 0.072095 -0.072095 -0.997398     22.746565 22.746565 1.751186
368.274597 36.556995     121.433594 -13.156250 7.582031     -0.997398 0.072095 -0.072095 -0.997398     22.746565 22.746565 2.133983
425.614075 61.194176     285.601562 -92.250000 34.007812     -0.988688 0.149988 -0.149988 -0.988688     49.898465 49.898465 2.744843
425.614075 61.194176     260.339844 -84.683594 34.671875     -0.988688 0.149988 -0.149988 -0.988688     49.898465 49.898465 3.406353
594.406006 185.455917     304.675781 -69.917969 30.398438     0.372967 -0.927845 0.927845 0.372967     26.551985 26.551985 2.643919
324.099670 58.998310     2003.015625 -346.320312 90.601562     -0.845031 0.534718 -0.534718 -0.845031     36.227365 36.227365 2.933688
324.099670 58.998310     338.683594 -15.191406 38.804688     -0.845031 0.534718 -0.534718 -0.845031     36.227365 36.227365 3.924933
273.847351 66.535828     59.453125 -3.929688 18.232422     -0.908721 -0.417404 0.417404 -0.908721     22.460765 22.460765 1.990632
273.847351 66.535828     425.675781 -53.818359 22.740234     -0.908721 -0.417404 0.417404 -0.908721     22.460765 22.460765 2.318731
613.711426 128.482590     420.875000 -65.771484 42.174805     -0.929476 -0.368884 0.368884 -0.929476     20.753771 20.753771 4.371386
253.124466 81.751076     512.750000 -52.328125 44.761719     0.254462 -0.967083 0.967083 0.254462     20.990962 20.990962 1.439834
253.124466 81.751076     85.187500 -23.867188 50.572266     0.254462 -0.967083 0.967083 0.254462     20.990962 20.990962 2.280993
600.232910 181.437744     62.632812 -6.837891 9.304443     0.448789 -0.893638 0.893638 0.448789     39.639744 39.639744 2.501315
141.345459 100.081818     91.968750 -26.195312 56.107422     -0.991908 0.126961 -0.126961 -0.991908     19.554333 19.554333 1.473174
141.345459 100.081818     67.304688 -6.578125 10.406982     -0.991908 0.126961 -0.126961 -0.991908     19.554333 19.554333 2.874522
169.176117 105.134766     348.869141 -159.816406 83.417969     -0.851071 0.525051 -0.525051 -0.851071     38.740833 38.740833 3.853147
23.606153 195.479996     2506.750000 -810.437500 347.195312     0.185986 -0.982552 0.982552 0.185986     23.249996 23.249996 5.898001
169.470383 107.701591     2821.914062 -914.125000 393.179688     -0.895197 0.445670 -0.445670 -0.895197     45.680738 45.680738 3.679399
19.945526 340.727631     826.398438 113.859375 247.687500     -0.987815 0.155630 -0.155630 -0.987815     18.736569 18.736569 4.728127
101.008522 127.244316     90.628906 8.128906 67.798828     -0.998668 -0.051600 0.051600 -0.998668     18.300712 18.300712 2.513001
75.189056 398.273621     464.718750 -167.355469 434.381592     -0.961169 -0.275959 0.275959 -0.961169     18.409182 18.409182 2.049225
75.189056 398.273621     111.929688 -45.957031 22.790771     -0.961169 -0.275959 0.275959 -0.961169     18.409182 18.409182 4.872610
619.895447 455.677277     383.335938 -75.814453 94.498047     -0.918423 -0.395601 0.395601 -0.918423     14.020553 14.020553 1.425060
616.475830 384.780182     9587.796875 -625.929688 3272.117188     -0.936869 0.349681 -0.349681 -0.936869     19.524818 19.524818 1.690275
24.280424 254.264557     131.164062 -55.970703 28.109863     -0.980811 -0.194961 0.194961 -0.980811     22.339992 22.339992 1.431507
24.280424 254.264557     88.667969 7.162109 70.947266     -0.980811 -0.194961 0.194961 -0.980811     22.339992 22.339992 4.659166
44.663677 310.096405     71.628906 10.910156 60.162109     -0.998252 -0.059101 0.059101 -0.998252     31.825306 31.825306 1.205239
603.262756 425.233582     565.656250 -193.851562 461.560669     0.534423 -0.845217 0.845217 0.534423     25.226289 25.226289 0.940080
603.262756 425.233582     42.648438 8.417969 37.706055     0.534423 -0.845217 0.845217 0.534423     25.226289 25.226289 3.905714
32.026318 273.328949     376.429688 -72.662109 96.666016     -0.992692 0.120675 -0.120675 -0.992692     20.325234 20.325234 1.382040
68.245766 347.485870     158.351562 -68.906250 34.876953     -0.709070 0.705139 -0.705139 -0.709070     29.849002 29.849002 1.558168
580.943542 319.338715     59.273438 -6.281250 37.168945     -0.785867 0.618396 -0.618396 -0.785867     17.598975 17.598975 1.096437
580.943542 319.338715     2439.143555 -216.304688 520.414062     -0.785867 0.618396 -0.618396 -0.785867     17.598975 17.598975 4.322093
78.825607 392.068420     66.109375 2.281250 91.749023     -0.993747 0.111651 -0.111651 -0.993747     33.944984 33.944984 0.703657
78.825607 392.068420     179.890625 -5.625000 5.054199     -0.993747 0.111651 -0.111651 -0.993747     33.944984 33.944984 1.424196
553.329529 436.318176     229.171875 44.675781 77.264648     -0.929335 -0.369239 0.369239 -0.929335     30.236575 30.236575 2.266498
553.329529 436.318176     726.375000 -202.488281 380.487305     -0.929335 -0.369239 0.369239 -0.929335     30.236575 30.236575 3.135037
534.040649 404.233887     35.000000 -0.812500 46.700195     -0.981130 0.193351 -0.193351 -0.981130     22.426138 22.426138 0.986102
534.040649 404.233887     419.898438 15.039062 85.284180     -0.981130 0.193351 -0.193351 -0.981130     22.426138 22.426138 1.380825
581.226807 318.463257     178.062500 251.765625 426.804688     -0.715502 0.698611 -0.698611 -0.715502     19.827439 19.827439 1.141716
581.226807 318.463257     88.656250 20.593750 54.640625     -0.715502 0.698611 -0.698611 -0.715502     19.827439 19.827439 4.397632
544.500000 319.519623     34.203125 8.933594 29.636719     -0.957263 0.289218 -0.289218 -0.957263     15.263421 15.263421 0.683062
544.500000 319.519623     358.843750 263.406250 659.804688     -0.957263 0.289218 -0.289218 -0.957263     15.263421 15.263421 3.637304
69.641335 444.613983     19.625000 -8.921875 116.546875     -0.930134 0.367221 -0.367221 -0.930134     27.694766 27.694766 0.417072
69.641335 444.613983     37.706055 11.255859 20.304688     -0.930134 0.367221 -0.367221 -0.930134     27.694766 27.694766 1.103353
534.307373 367.229431     66.468750 -42.132812 79.272461     -0.875219 0.483726 -0.483726 -0.875219     14.358141 14.358141 0.883875
534.307373 367.229431     69.625000 52.316406 52.280273     -0.875219 0.483726 -0.483726 -0.875219     14.358141 14.358141 3.844589
533.387268 404.797699     86.369629 50.999512 45.493164     -0.976345 0.216217 -0.216217 -0.976345     23.097551 23.097551 1.296552
115.313583 409.646912     610.156250 53.687500 257.984375     -0.961110 0.276167 -0.276167 -0.961110     33.003246 33.003246 0.410058
115.313583 409.646912     24385.382812 -375.281250 9143.359375     -0.961110 0.276167 -0.276167 -0.961110     33.003246 33.003246 0.964479
499.075989 453.920013     30.298828 26.828125 54.953613     -0.742194 0.670186 -0.670186 -0.742194     18.644930 18.644930 1.162371
499.075989 453.920013     494.296875 338.277344 289.241211     -0.742194 0.670186 -0.670186 -0.742194     18.644930 18.644930 4.674510
487.568726 359.672974     36.140625 30.378906 56.351074     -0.939166 -0.343463 0.343463 -0.939166     17.943316 17.943316 2.211869
487.568726 359.672974     50.578125 19.978516 32.963867     -0.939166 -0.343463 0.343463 -0.939166     17.943316 17.943316 5.094038
510.659882 269.201538     27.203125 19.103516 30.520996     -0.886319 0.463076 -0.463076 -0.886319     36.591160 36.591160 0.759743
510.659882 269.201538     211.843750 -78.095703 92.391632     -0.886319 0.463076 -0.463076 -0.886319     36.591160 36.591160 3.910887
524.253357 455.262207     64.921875 20.013672 33.005737     -0.606305 -0.795232 0.795232 -0.606305     20.373143 20.373143 1.833474
524.253357 455.262207     35.505981 10.071411 23.454765     -0.606305 -0.795232 0.795232 -0.606305     20.373143 20.373143 2.871743
386.229279 449.443909     97.687500 95.339844 186.058105     -0.162138 -0.986768 0.986768 -0.162138     11.627217 11.627217 1.600902
467.671661 412.023590     11.304688 7.357422 182.199219     -0.918795 -0.394736 0.394736 -0.918795     41.523099 41.523099 1.547814
467.671661 412.023590     472.506836 139.378906 695.060547     -0.918795 -0.394736 0.394736 -0.918795     41.523099 41.523099 2.851818
530.733765 374.635223     15.853210 2.173340 27.644531     0.631740 -0.775180 0.775180 0.631740     33.595628 33.595628 1.038910
530.733765 374.635223     82.549072 7.072876 96.546082     0.631740 -0.775180 0.775180 0.631740     33.595628 33.595628 3.759062
462.622009 380.526306     36.562500 16.406250 29.921875     0.370583 -0.928799 0.928799 0.370583     20.633736 20.633736 4.582656
127.017548 430.571930     35.133011 27.085938 47.328125     -0.656860 -0.754013 0.754013 -0.656860     22.976289 22.976289 1.842717
127.017548 430.571930     89.502930 105.541992 204.006348     -0.656860 -0.754013 0.754013 -0.656860     22.976289 22.976289 2.290892
516.809326 423.252930     213.755493 31.706055 53.676270     -0.999995 -0.003161 0.003161 -0.999995     33.406015 33.406015 0.731211
516.809326 423.252930     61.031250 26.890625 59.507812     -0.999995 -0.003161 0.003161 -0.999995     33.406015 33.406015 1.245621
174.622894 453.697937     40.406250 63.640625 182.185791     -0.643449 -0.765489 0.765489 -0.643449     24.951545 24.951545 1.963589
444.272339 426.259583     93.647461 38.225586 48.294922     0.559530 -0.828810 0.828810 0.559530     18.176620 18.176620 1.600636
444.272339 426.259583     29.265625 29.116211 166.551270     0.559530 -0.828810 0.828810 0.559530     18.176620 18.176620 4.451171
488.261597 360.181427     61.309570 38.637451 46.114624     -0.937113 -0.349025 0.349025 -0.937113     17.767688 17.767688 1.808686
488.261597 360.181427     23.640869 21.914062 43.511475     -0.937113 -0.349025 0.349025 -0.937113     17.767688 17.767688 2.226391
487.364746 272.404175     87.265137 52.121094 50.939453     -0.939903 0.341442 -0.341442 -0.939903     44.196944 44.196944 0.688752
487.364746 272.404175     53.515625 -30.685547 45.043945     -0.939903 0.341442 -0.341442 -0.939903     44.196944 44.196944 3.837102
525.844421 455.655548     20.781250 28.796875 112.652832     -0.787098 -0.616828 0.616828 -0.787098     23.115136 23.115136 1.630537
387.200012 375.137512     29.713646 11.997559 28.263672     -0.764246 0.644924 -0.644924 -0.764246     23.972447 23.972447 0.864263
387.200012 375.137512     123.281250 87.335938 79.171875     -0.764246 0.644924 -0.644924 -0.764246     23.972447 23.972447 1.300573
199.936111 405.294434     61.531250 52.589844 82.395264     -0.966779 0.255613 -0.255613 -0.966779     26.706350 26.706350 0.599869
199.936111 405.294434     80.187500 60.812500 92.222656     -0.966779 0.255613 -0.255613 -0.966779     26.706350 26.706350 1.456247
415.837433 380.208588     102.109375 139.853516 308.962891     -0.906471 -0.422268 0.422268 -0.906471     31.113541 31.113541 1.765000
415.837433 380.208588     46.031250 20.040039 35.646973     -0.906471 -0.422268 0.422268 -0.906471     31.113541 31.113541 2.366184
556.038635 380.845398     50.140625 35.058594 45.479492     0.539887 -0.841738 0.841738 0.539887     20.581663 20.581663 1.710459
556.038635 380.845398     79.859375 13.792969 50.204102     0.539887 -0.841738 0.841738 0.539887     20.581663 20.581663 3.996136
442.007416 431.466675     50.562500 -13.075439 50.187729     0.596982 -0.802255 0.802255 0.596982     25.349944 25.349944 4.475130
308.937500 388.735565     25.546875 30.644531 73.215820     -0.842871 0.538116 -0.538116 -0.842871     12.253772 12.253772 1.283973
308.937500 388.735565     29034.210938 395.273438 10191.273438     -0.842871 0.538116 -0.538116 -0.842871     12.253772 12.253772 4.875617
490.436218 380.695465     89.781250 60.147461 48.318359     -0.774308 0.632809 -0.632809 -0.774308     23.983715 23.983715 0.983503
490.436218 380.695465     17.250000 -22.285156 81.687988     -0.774308 0.632809 -0.632809 -0.774308     23.983715 23.983715 1.397404
466.391541 403.138611     38.273438 -9.515625 38.165878     -0.317610 -0.948222 0.948222 -0.317610     47.563928 47.563928 1.548248
466.391541 403.138611     457.515625 307.792969 271.245117     -0.317610 -0.948222 0.948222 -0.317610     47.563928 47.563928 4.241939
489.339630 313.099060     80.785156 58.607422 64.922363     0.646772 -0.762683 0.762683 0.646772     20.724778 20.724778 4.095442
153.577087 416.925110     63.328125 35.602539 178.635986     -0.936178 0.351527 -0.351527 -0.936178     16.730615 16.730615 1.316021
153.577087 416.925110     292.626953 49.369141 49.978027     -0.936178 0.351527 -0.351527 -0.936178     16.730615 16.730615 4.433771
404.842224 406.030548     168.675964 -34.218018 201.308594     -0.625805 -0.779979 0.779979 -0.625805     37.006822 37.006822 1.750742
404.842224 406.030548     68.718750 -42.781250 80.949219     -0.625805 -0.779979 0.779979 -0.625805     37.006822 37.006822 2.033445
196.351746 407.593048     45.578125 18.406250 55.258789     -0.927943 0.372722 -0.372722 -0.927943     26.938913 26.938913 0.696566
196.351746 407.593048     36.533203 -2.102539 73.735352     -0.927943 0.372722 -0.372722 -0.927943     26.938913 26.938913 1.285951
284.283112 432.269409     50.301758 16.805298 29.831451     -0.946575 0.322482 -0.322482 -0.946575     24.476404 24.476404 0.281392
284.283112 432.269409     267.890625 115.886719 258.404663     -0.946575 0.322482 -0.322482 -0.946575     24.476404 24.476404 0.730960
441.359253 331.514801     19.629395 -11.091797 35.768555     -0.754615 -0.656168 0.656168 -0.754615     20.868869 20.868869 5.082606
465.561615 402.439362     33.843750 19.085938 52.296875     -0.339810 -0.940494 0.940494 -0.339810     47.625869 47.625869 1.303345
465.561615 402.439362     213.667969 -78.944336 91.222748     -0.339810 -0.940494 0.940494 -0.339810     47.625869 47.625869 4.241352
471.939117 339.269562     73.656250 -10.463867 12.439880     -0.730584 0.682823 -0.682823 -0.730584     21.550122 21.550122 1.183092
471.939117 339.269562     143.608398 62.794922 57.388672     -0.730584 0.682823 -0.682823 -0.730584     21.550122 21.550122 4.674152
249.688889 356.715546     490.097900 89.771484 103.616699     -0.975413 -0.220385 0.220385 -0.975413     21.193505 21.193505 5.533356
340.793091 334.438416     59.968750 28.025391 289.007568     -0.995166 0.098203 -0.098203 -0.995166     15.586959 15.586959 5.895508
151.657150 385.814301     62.625000 15.156250 15.757812     -0.735160 -0.677893 0.677893 -0.735160     19.174194 19.174194 5.041171
303.111115 403.409363     19.125000 26.941406 125.312012     0.512590 -0.858633 0.858633 0.512590     35.560478 35.560478 1.057065
303.111115 403.409363     43.804688 17.643555 41.983154     0.512590 -0.858633 0.858633 0.512590     35.560478 35.560478 1.381031
175.371429 394.790466     41.156250 18.150879 125.046600     -0.831194 -0.555983 0.555983 -0.831194     22.040151 22.040151 5.850885
347.252808 411.447998     195.407776 -86.254395 459.728516     -0.990164 -0.139913 0.139913 -0.990164     37.452256 37.452256 1.075412
347.252808 411.447998     30.633186 10.991577 28.966797     -0.990164 -0.139913 0.139913 -0.990164     37.452256 37.452256 2.316240
258.080963 401.942871     170.062500 18.273438 28.076172     -0.928240 0.371982 -0.371982 -0.928240     20.414457 20.414457 1.101080
258.080963 401.942871     38.734375 31.199219 57.929199     -0.928240 0.371982 -0.371982 -0.928240     20.414457 20.414457 1.482275
438.353302 331.107788     51.828125 48.691406 62.147461     -0.919626 -0.392796 0.392796 -0.919626     25.150395 25.150395 5.000721
438.353302 331.107788     56.375000 14.824219 188.202393     -0.919626 -0.392796 0.392796 -0.919626     25.150395 25.150395 5.410808
436.113525 278.797668     85.718750 58.007812 88.314453     -0.969458 0.245259 -0.245259 -0.969458     50.250660 50.250660 3.618505
436.113525 278.797668     68.234375 35.726562 171.294922     -0.969458 0.245259 -0.245259 -0.969458     50.250660 50.250660 4.829462
154.295197 416.439117     59.250000 -20.466797 101.830566     -0.935596 0.353073 -0.353073 -0.935596     16.852586 16.852586 0.950371
154.295197 416.439117     44.531006 25.464355 74.486328     -0.935596 0.353073 -0.353073 -0.935596     16.852586 16.852586 1.431441
471.300720 338.195648     34.031250 -8.703125 193.560547     0.592046 -0.805904 0.805904 0.592046     25.964783 25.964783 1.766507
471.300720 338.195648     237.642578 -105.618408 107.563263     0.592046 -0.805904 0.805904 0.592046     25.964783 25.964783 3.839116
381.125488 376.210236     107.468750 104.222656 251.121094     -0.993746 0.111665 -0.111665 -0.993746     66.313247 66.313247 1.630434
381.125488 376.210236     55.218750 44.328125 46.487305     -0.993746 0.111665 -0.111665 -0.993746     66.313247 66.313247 2.913106
184.850433 365.034180     67.734375 19.322266 35.581177     -0.896393 0.443260 -0.443260 -0.896393     17.879500 17.879500 0.666650
248.670074 357.465973     34.453125 -8.054688 31.609375     -0.997932 -0.064285 0.064285 -0.997932     21.430334 21.430334 5.728185
488.805237 313.056183     89.375000 62.332031 54.231812     0.689738 -0.724059 0.724059 0.689738     21.351586 21.351586 4.057159
325.786469 352.412811     61.796875 28.414062 61.950195     -0.815901 -0.578191 0.578191 -0.815901     25.009994 25.009994 5.291307
201.121948 376.768280     1116.704346 144.352051 95.426270     -0.173042 -0.984914 0.984914 -0.173042     23.274016 23.274016 4.699096
285.862335 358.438965     199.027344 -23.001953 62.030273     0.602792 -0.797898 0.797898 0.602792     24.191315 24.191315 4.244023
447.688416 362.243958     51.468750 19.275391 33.111084     -0.737152 0.675727 -0.675727 -0.737152     25.289943 25.289943 0.608567
447.688416 362.243958     256.812500 100.100586 254.195923     -0.737152 0.675727 -0.675727 -0.737152     25.289943 25.289943 1.056542
196.925476 363.100952     24.312500 5.861328 71.376099     -0.986292 0.165008 -0.165008 -0.986292     22.664724 22.664724 6.232956
476.456268 325.637848     207.113281 -130.687500 506.398682     -0.693604 -0.720356 0.720356 -0.693604     61.827694 61.827694 2.169743
476.456268 325.637848     158.500000 17.464844 61.656250     -0.693604 -0.720356 0.720356 -0.693604     61.827694 61.827694 5.245463
423.913452 280.536957     80.290100 5.924744 90.565002     -0.970482 0.241172 -0.241172 -0.970482     51.995129 51.995129 4.812911
341.220886 334.797028     55.781250 -11.726562 69.376465     -0.996847 0.079352 -0.079352 -0.996847     15.587053 15.587053 5.775825
438.989105 335.740479     62.625000 30.914062 65.155273     -0.736795 -0.676116 0.676116 -0.736795     41.310982 41.310982 5.477067
550.124023 94.801529     107.468750 99.324219 125.746094     -0.995181 -0.098052 0.098052 -0.995181     25.219069 25.219069 2.412744
198.585434 368.302521     92.132812 -20.424805 19.557007     -0.990444 0.137915 -0.137915 -0.990444     40.716492 40.716492 6.255269
322.038300 432.882874     154.760742 50.329834 53.552612     -0.973565 -0.228408 0.228408 -0.973565     33.728582 33.728582 2.725921
322.038300 432.882874     48.537842 37.760254 134.805664     -0.973565 -0.228408 0.228408 -0.973565     33.728582 33.728582 3.173937
526.661133 98.193153     77.468750 48.922852 57.161011     -0.998188 0.060168 -0.060168 -0.998188     27.001586 27.001586 2.560991
222.946075 422.602936     485.218750 17.003906 206.416870     0.333951 -0.942591 0.942591 0.333951     20.168109 20.168109 0.769925
222.946075 422.602936     72.500000 13.593750 16.849609     0.333951 -0.942591 0.942591 0.333951     20.168109 20.168109 1.276889
183.601562 152.277344     300.328125 54.997559 53.788574     -0.995663 0.093037 -0.093037 -0.995663     16.515641 16.515641 4.230208
186.913361 153.022278     67.781250 -63.148438 242.470703     -0.999825 0.018727 -0.018727 -0.999825     19.470048 19.470048 4.152426
191.150299 154.073944     37.409058 10.395355 25.024086     -0.934473 -0.356035 0.356035 -0.934473     28.953833 28.953833 2.349965
269.567566 152.672668     77.769531 -18.259766 76.326050     -0.927444 -0.373962 0.373962 -0.927444     28.319794 28.319794 2.436129
269.567566 152.672668     71.067383 -35.501160 83.205276     -0.927444 -0.373962 0.373962 -0.927444     28.319794 28.319794 5.594335
330.848846 137.651169     109.937500 -9.328125 11.150391     0.325737 -0.945460 0.945460 0.325737     18.876283 18.876283 2.308537
423.451630 280.765076     119.031250 99.953125 261.956055     -0.970662 0.240447 -0.240447 -0.970662     52.899483 52.899483 4.822846
296.166077 137.122742     32.453125 6.877441 59.041321     -0.992913 0.118844 -0.118844 -0.992913     13.977611 13.977611 1.540017
296.166077 137.122742     105.500000 58.316406 119.513184     -0.992913 0.118844 -0.118844 -0.992913     13.977611 13.977611 4.670117
295.933929 136.807800     72.062500 -1.874268 19.315582     -0.994840 0.101453 -0.101453 -0.994840     16.571102 16.571102 1.527875
295.933929 136.807800     37.484375 -7.914429 24.727859     -0.994840 0.101453 -0.101453 -0.994840     16.571102 16.571102 4.659027
538.515503 169.241043     404.714844 187.058594 298.532715     -0.737688 0.675141 -0.675141 -0.737688     21.094504 21.094504 4.108227
513.577454 212.304581     125.093750 13.578125 758.356445     -0.956961 0.290215 -0.290215 -0.956961     20.795630 20.795630 0.220630
513.577454 212.304581     9.678711 1.857422 55.250000     -0.956961 0.290215 -0.290215 -0.956961     20.795630 20.795630 1.847357
183.267944 233.459335     303.875000 123.613281 201.584167     -0.778517 0.627624 -0.627624 -0.778517     14.971354 14.971354 3.642664
432.645905 232.221786     108.732269 -16.769836 101.831116     -0.983339 0.181784 -0.181784 -0.983339     10.237805 10.237805 1.626769
432.645905 232.221786     43.968750 31.246094 45.833496     -0.983339 0.181784 -0.181784 -0.983339     10.237805 10.237805 3.192861
287.966644 223.822083     100.656250 97.281250 196.487305     -0.965960 0.258690 -0.258690 -0.965960     35.474563 35.474563 3.535670
287.966644 223.822083     72.656250 -16.721680 24.922485     -0.965960 0.258690 -0.258690 -0.965960     35.474563 35.474563 4.491722
189.736359 229.025452     127.875000 28.681641 176.676025     -0.785158 0.619296 -0.619296 -0.785158     19.317540 19.317540 3.732446
199.114777 223.841660     54.884766 -11.988770 20.245361     -0.860339 0.509722 -0.509722 -0.860339     22.333443 22.333443 0.876299
199.114777 223.841660     226.250000 27.265625 50.197266     -0.860339 0.509722 -0.509722 -0.860339     22.333443 22.333443 3.554054
296.144409 136.523163     70.046875 29.576172 167.350586     -0.994793 0.101919 -0.101919 -0.994793     17.912460 17.912460 1.517027
296.144409 136.523163     81.328125 1.730469 32.333740     -0.994793 0.101919 -0.101919 -0.994793     17.912460 17.912460 3.057280
208.958527 174.396317     17.406250 21.914062 140.457031     -0.993559 0.113318 -0.113318 -0.993559     11.097333 11.097333 4.448271
146.775787 296.829590     151.093750 110.965820 105.469238     -0.950371 0.311120 -0.311120 -0.950371     8.781530 8.781530 1.552357
146.680771 296.226929     157.714844 40.453857 64.263962     -0.948631 0.316384 -0.316384 -0.948631     11.409526 11.409526 1.549850
145.348541 296.019531     20.750000 -7.141602 33.074036     -0.956822 0.290675 -0.290675 -0.956822     14.151598 14.151598 1.533494
142.747131 296.183899     66.828125 0.470215 50.883972     -0.972341 0.233564 -0.233564 -0.972341     16.597352 16.597352 1.512473
214.674896 307.152252     54.984375 17.169800 30.262260     -0.985187 0.171481 -0.171481 -0.985187     20.286313 20.286313 1.464962
212.454849 306.321075     46.062500 32.357422 56.016541     -0.985174 0.171559 -0.171559 -0.985174     23.527369 23.527369 1.467826
513.618835 212.293457     11.718750 13.906250 99.796875     -0.955913 0.293650 -0.293650 -0.955913     22.290848 22.290848 0.166174
513.618835 212.293457     78.093750 32.945312 43.142578     -0.955913 0.293650 -0.293650 -0.955913     22.290848 22.290848 1.848872
209.057220 306.967316     105.031250 -9.210938 13.052734     -0.984767 0.173881 -0.173881 -0.984767     23.087885 23.087885 1.473859
210.177185 306.912628     15.796875 16.492676 49.342529     -0.984945 0.172870 -0.172870 -0.984945     24.572682 24.572682 1.466045
218.479172 275.145844     55.406250 15.812500 40.426514     -0.998726 0.050465 -0.050465 -0.998726     27.753393 27.753393 0.451488
218.479172 275.145844     117.250000 115.632812 222.443359     -0.998726 0.050465 -0.050465 -0.998726     27.753393 27.753393 2.553664
296.079193 136.472778     299.437500 48.218750 98.259674     -0.995566 0.094063 -0.094063 -0.995566     19.018098 19.018098 1.497419
296.079193 136.472778     46.656250 41.732422 96.774414     -0.995566 0.094063 -0.094063 -0.995566     19.018098 19.018098 3.063901
