1.0
181
181.642853 137.813660     31.656250 -19.236328 45.289062     0.577061 -0.816701 0.816701 0.577061     19.125970 19.125970 3.633787
258.977264 134.965897     1435.156250 188.613281 748.312500     -0.968634 -0.248490 0.248490 -0.968634     119.052543 119.052543 5.866673
453.929474 160.821579     84.046875 34.382812 21.001953     -0.915364 -0.402628 0.402628 -0.915364     10.910508 10.910508 2.058413
477.747864 174.323502     268.937500 119.843750 118.099609     -0.875391 -0.483415 0.483415 -0.875391     32.424559 32.424559 1.106155
477.747864 174.323502     10070.007812 640.414062 1709.904297     -0.875391 -0.483415 0.483415 -0.875391     32.424559 32.424559 2.415675
487.918945 176.586639     13405.015625 529.285156 1827.609375     -0.948713 -0.316139 0.316139 -0.948713     39.728988 39.728988 1.151403
483.132538 235.803207     69.656250 -6.554688 10.199219     -0.995836 0.091166 -0.091166 -0.995836     12.647058 12.647058 1.621966
482.680695 235.610519     420.281250 -1.851562 19.421875     -0.994119 0.108294 -0.108294 -0.994119     13.859115 13.859115 1.633276
515.892883 233.656250     722.359375 68.945312 203.949219     -0.994662 -0.103188 0.103188 -0.994662     13.521925 13.521925 6.259160
495.213440 179.078537     582.984375 24.460938 23.628906     -0.963541 -0.267560 0.267560 -0.963541     48.669060 48.669060 1.133412
503.939941 234.295044     747.156250 66.546875 246.300781     -0.999989 0.004619 -0.004619 -0.999989     19.827249 19.827249 1.577448
502.008453 179.799393     808.937500 58.976562 32.089844     -0.991564 -0.129618 0.129618 -0.991564     62.828865 62.828865 1.089283
502.008453 179.799393     988.656250 314.179688 770.296875     -0.991564 -0.129618 0.129618 -0.991564     62.828865 62.828865 4.584497
510.378998 234.908340     1050.531250 285.382812 762.054688     -0.999049 -0.043606 0.043606 -0.999049     21.374409 21.374409 1.567670
503.921936 181.379669     108.674805 -3.427734 9.726562     -0.991579 -0.129500 0.129500 -0.991579     69.365679 69.365679 1.042393
503.921936 181.379669     1107.562500 276.640625 769.636719     -0.991579 -0.129500 0.129500 -0.991579     69.365679 69.365679 4.490054
520.712524 235.619110     155.169922 40.220703 22.394531     -0.997163 -0.075271 0.075271 -0.997163     23.657329 23.657329 1.542870
520.712524 235.619110     469.231445 90.435547 30.289062     -0.997163 -0.075271 0.075271 -0.997163     23.657329 23.657329 4.669671
515.082275 199.928833     5.718750 -13.242188 258.533203     -0.814939 -0.579546 0.579546 -0.814939     105.233350 105.233350 5.574753
519.069275 200.221313     2347.968750 -568.890625 1051.250000     -0.851786 -0.523890 0.523890 -0.851786     108.982764 108.982764 5.711942
118.433449 206.313995     96.468750 -56.332031 217.780518     -0.999402 0.034580 -0.034580 -0.999402     13.948521 13.948521 1.042348
118.433449 206.313995     2740.937500 -628.875000 1167.750000     -0.999402 0.034580 -0.034580 -0.999402     13.948521 13.948521 1.474435
521.446838 200.572388     3309.093750 -694.125000 1225.042969     -0.872134 -0.489267 0.489267 -0.872134     111.545685 111.545685 4.065862
521.446838 200.572388     117.781250 -110.851562 498.149902     -0.872134 -0.489267 0.489267 -0.872134     111.545685 111.545685 5.768789
119.207169 230.386459     11.343750 -9.292969 239.838867     -0.963141 -0.268999 0.268999 -0.963141     15.033740 15.033740 4.773576
111.988075 229.165009     14.125000 13.140625 47.560547     -0.980964 -0.194189 0.194189 -0.980964     15.837651 15.837651 1.603590
111.988075 229.165009     90.109375 34.835938 29.740234     -0.980964 -0.194189 0.194189 -0.980964     15.837651 15.837651 4.811986
571.505737 180.651337     16.593750 15.546875 61.525391     -0.326957 -0.945039 0.945039 -0.326957     13.927278 13.927278 4.186138
440.283783 177.094589     228.468750 106.453125 99.160156     -0.909629 -0.415422 0.415422 -0.909629     16.735445 16.735445 4.719121
571.441406 180.513794     238.234375 133.046875 150.027344     -0.303406 -0.952862 0.952862 -0.303406     14.879325 14.879325 4.147122
443.527100 179.667480     411.843750 4.304688 1.617188     -0.902473 -0.430747 0.430747 -0.902473     20.905844 20.905844 1.290089
443.527100 179.667480     4874.843750 -912.687500 1370.289062     -0.902473 -0.430747 0.430747 -0.902473     20.905844 20.905844 4.713116
442.205566 178.575974     249.046875 152.359375 185.101562     -0.878004 -0.478653 0.478653 -0.878004     24.864310 24.864310 4.707084
571.594055 180.922394     20.507812 4.480469 21.945312     -0.298076 -0.954542 0.954542 -0.298076     15.417943 15.417943 4.179604
442.000000 178.185684     29.316406 4.691406 18.699219     -0.871524 -0.490353 0.490353 -0.871524     28.197979 28.197979 4.708958
440.641510 227.051880     21.625000 6.175781 22.414062     -0.999908 -0.013586 0.013586 -0.999908     5.500342 5.500342 1.637660
443.041229 180.025864     28.074219 2.535156 22.164062     -0.810756 -0.585384 0.585384 -0.810756     33.057259 33.057259 4.672022
435.390503 226.974457     21.234375 4.445312 23.261719     -0.999945 -0.010492 0.010492 -0.999945     5.642113 5.642113 1.621742
443.506927 180.812347     16.695312 5.835938 22.832031     -0.776330 -0.630327 0.630327 -0.776330     35.260092 35.260092 4.669326
328.864075 208.325241     39.871094 2.375000 21.167969     -0.551638 -0.834083 0.834083 -0.551638     15.730556 15.730556 5.155637
571.770264 181.174942     13.367188 6.515625 24.562500     -0.279933 -0.960020 0.960020 -0.279933     16.394662 16.394662 4.145092
293.354431 208.354431     37.675781 3.179688 22.445312     -0.648694 -0.761050 0.761050 -0.648694     18.383373 18.383373 5.318414
180.542603 208.757843     29.007812 7.351562 39.496094     -0.935233 -0.354032 0.354032 -0.935233     18.512067 18.512067 5.797377
311.657135 207.995239     13.156250 12.125000 42.585938     -0.684195 -0.729299 0.729299 -0.684195     17.904776 17.904776 5.329843
252.173340 209.023331     5629.656250 -55.296875 1736.511719     -0.937809 -0.347150 0.347150 -0.937809     20.732072 20.732072 5.832289
293.216736 208.828903     14.179688 10.890625 42.281250     -0.623569 -0.781769 0.781769 -0.623569     18.926031 18.926031 5.298858
179.126663 209.089996     39.062500 5.031250 35.527344     -0.998139 -0.060978 0.060978 -0.998139     20.179043 20.179043 6.194391
328.947144 208.832596     23.453125 7.027344 36.730469     -0.517026 -0.855970 0.855970 -0.517026     16.330888 16.330888 5.131507
204.280350 209.465317     11.343750 13.531250 44.453125     -0.992278 -0.124035 0.124035 -0.992278     20.558201 20.558201 6.089038
359.556091 208.692688     50.292969 2.078125 20.675781     -0.417341 -0.908750 0.908750 -0.417341     14.494542 14.494542 5.000375
229.006897 209.175858     18.539062 9.640625 39.652344     -0.980507 -0.196482 0.196482 -0.980507     21.014634 21.014634 5.994067
273.912659 210.737946     42.781250 3.281250 32.632812     -0.457861 -0.889024 0.889024 -0.457861     22.599520 22.599520 5.113807
345.191071 210.943085     31.078125 5.292969 36.949219     -0.338600 -0.940930 0.940930 -0.338600     16.560239 16.560239 4.913598
373.850616 210.709549     18.039062 9.968750 44.570312     -0.337822 -0.941210 0.941210 -0.337822     13.352426 13.352426 4.874843
360.168579 210.862076     53.689453 2.820312 32.703125     -0.323743 -0.946145 0.946145 -0.323743     14.549156 14.549156 4.887728
229.273712 211.268295     23.476562 9.632812 42.621094     -0.815923 -0.578161 0.578161 -0.815923     25.440809 25.440809 5.582602
293.671600 210.813614     25.640625 7.488281 40.105469     -0.395779 -0.918346 0.918346 -0.395779     20.337091 20.337091 5.031356
398.713623 210.657272     30.312500 6.332031 42.371094     -0.335956 -0.941878 0.941878 -0.335956     11.488065 11.488065 4.835815
178.084015 209.346878     41.808594 3.839844 39.410156     -0.997571 -0.069655 0.069655 -0.997571     20.389856 20.389856 6.176018
329.519989 211.130005     7300.687500 427.156250 1684.003906     -0.361651 -0.932314 0.932314 -0.361651     17.311494 17.311494 4.948172
204.418915 211.358109     47.515625 5.027344 55.890625     -0.959095 -0.283085 0.283085 -0.959095     25.321978 25.321978 5.912699
252.481384 211.116623     223.125000 -46.914062 1258.856934     -0.507438 -0.861688 0.861688 -0.507438     23.795239 23.795239 5.184774
345.199280 211.003616     57.224609 3.546875 56.136719     -0.316674 -0.948534 0.948534 -0.316674     17.259674 17.259674 4.903058
177.708496 211.346161     339.687500 -113.476562 40.164062     -0.991394 -0.130909 0.130909 -0.991394     25.587048 25.587048 6.101790
312.306183 211.104233     234.093750 -55.742188 1447.357422     -0.384139 -0.923275 0.923275 -0.384139     19.855517 19.855517 4.996846
293.864349 211.505325     376.906250 -118.945312 40.648438     -0.390697 -0.920519 0.920519 -0.390697     21.327515 21.327515 5.030588
273.832001 211.429337     249.968750 -31.945312 1568.487305     -0.393965 -0.919125 0.919125 -0.393965     23.640379 23.640379 5.060088
229.454971 211.785217     34.468750 -16.468750 29.125000     -0.805639 -0.592406 0.592406 -0.805639     27.219095 27.219095 5.582544
204.662750 214.253357     412.093750 -123.796875 41.365234     -0.424259 -0.905541 0.905541 -0.424259     30.240616 30.240616 5.123510
177.966171 214.561768     44.062500 -25.281250 52.203125     -0.758811 -0.651311 0.651311 -0.758811     32.789015 32.789015 5.534603
525.920410 154.865677     295.812500 41.835938 1696.922852     -0.947903 0.318560 -0.318560 -0.947903     6.408663 6.408663 4.521126
525.017761 155.017776     75.500000 -43.468750 89.703125     -0.952984 0.303019 -0.303019 -0.952984     7.566898 7.566898 1.500728
525.017761 155.017776     1496.035156 297.835938 73.097656     -0.952984 0.303019 -0.303019 -0.952984     7.566898 7.566898 4.516887
524.670654 155.000000     14.083984 1.062500 29.503906     -0.956973 0.290178 -0.290178 -0.956973     8.803086 8.803086 1.490090
524.670654 155.000000     143.656250 -77.406250 143.109375     -0.956973 0.290178 -0.290178 -0.956973     8.803086 8.803086 4.568309
102.766808 236.976898     1653.890625 215.720703 91.582031     -0.979866 -0.199658 0.199658 -0.979866     15.212546 15.212546 1.618219
101.568871 236.710190     1731.355469 165.976562 97.132812     -0.980501 -0.196515 0.196515 -0.980501     16.010556 16.010556 1.619740
100.626358 236.448059     128.006836 -10.939453 4.449219     -0.980417 -0.196932 0.196932 -0.980417     16.394254 16.394254 1.606602
162.531708 239.190247     377.218750 -193.031250 314.515625     0.183403 -0.983038 0.983038 0.183403     15.881344 15.881344 1.448428
97.673340 235.742172     27007.984375 412.296875 13713.140625     -0.979949 -0.199250 0.199250 -0.979949     16.951097 16.951097 1.609644
162.921158 240.008301     78.057533 -21.291962 20.099094     -0.068420 -0.997657 0.997657 -0.068420     16.844142 16.844142 1.642888
100.789223 233.651581     79.859383 43.212402 82.843750     -0.990939 -0.134313 0.134313 -0.990939     35.530893 35.530893 1.680276
100.789223 233.651581     115.936737 67.362793 145.156250     -0.990939 -0.134313 0.134313 -0.990939     35.530893 35.530893 3.710502
100.547752 231.245682     22014.531250 2025.320312 16123.285156     -0.994984 -0.100032 0.100032 -0.994984     40.361292 40.361292 3.783139
100.547752 231.245682     27525.859375 5921.242188 17677.578125     -0.994984 -0.100032 0.100032 -0.994984     40.361292 40.361292 4.638503
94.616112 199.753555     1431.335693 335.597656 93.945312     -0.996464 0.084019 -0.084019 -0.996464     7.822323 7.822323 1.384574
106.222656 222.097656     19647.609375 1669.007812 2229.859375     -0.985411 -0.170193 0.170193 -0.985411     15.224703 15.224703 1.611558
106.222656 222.097656     183.937500 166.425781 1700.406250     -0.985411 -0.170193 0.170193 -0.985411     15.224703 15.224703 4.656605
95.016953 199.665253     243.218750 -62.937500 84.375000     -0.996163 0.087517 -0.087517 -0.996163     8.404459 8.404459 1.370554
95.016953 199.665253     143.699219 -10.022461 6.183594     -0.996163 0.087517 -0.087517 -0.996163     8.404459 8.404459 6.116674
95.003510 199.456146     309.062500 305.531250 1854.856934     -0.995953 0.089877 -0.089877 -0.995953     9.517181 9.517181 1.323330
95.003510 199.456146     297.812500 -85.000000 122.578125     -0.995953 0.089877 -0.089877 -0.995953     9.517181 9.517181 6.103571
160.217819 127.881187     30.937500 -0.757812 24.210938     0.196259 -0.980552 0.980552 0.196259     34.706115 34.706115 0.764538
160.217819 127.881187     27110.437500 5230.507812 21045.984375     0.196259 -0.980552 0.980552 0.196259     34.706115 34.706115 3.995440
