1.0
617
287.800781 316.245209     92.054688 -8.328125 18.148438     -0.993864 0.110607 -0.110607 -0.993864     18.674515 18.674515 1.278047
287.800781 316.245209     34.328125 14.457031 16.414062     -0.993864 0.110607 -0.110607 -0.993864     18.674515 18.674515 1.631235
171.174667 330.794769     95.156250 4.226562 36.039062     -0.873691 -0.486482 0.486482 -0.873691     13.014423 13.014423 2.188993
289.657898 317.330414     42.103516 14.328125 17.609375     -0.997480 -0.070954 0.070954 -0.997480     26.901727 26.901727 5.210097
171.563385 331.605621     140.968750 -5.148438 17.546875     -0.908225 -0.418482 0.418482 -0.908225     14.929842 14.929842 1.095077
171.563385 331.605621     140.484375 -7.593750 20.132812     -0.908225 -0.418482 0.418482 -0.908225     14.929842 14.929842 2.276638
400.685425 271.350372     85.351562 7.617188 31.833984     -0.999134 0.041606 -0.041606 -0.999134     18.734535 18.734535 4.400218
400.685425 271.350372     22.445312 -0.218750 15.914062     -0.999134 0.041606 -0.041606 -0.999134     18.734535 18.734535 4.873888
400.301636 271.508118     88.101562 -12.031250 84.390625     -0.998031 0.062723 -0.062723 -0.998031     19.950570 19.950570 0.980441
400.301636 271.508118     48.556641 17.292969 19.984375     -0.998031 0.062723 -0.062723 -0.998031     19.950570 19.950570 1.620510
284.833344 173.351852     144.718750 1.382812 26.335938     -0.990402 -0.138219 0.138219 -0.990402     24.962203 24.962203 4.158810
277.556641 289.817749     109.421875 52.625000 167.085938     -0.999441 0.033437 -0.033437 -0.999441     17.947467 17.947467 1.513148
291.701111 313.658661     73.882812 31.550781 28.398438     -0.759085 0.650992 -0.650992 -0.759085     38.729450 38.729450 1.107106
291.701111 313.658661     104.304688 4.101562 37.181641     -0.759085 0.650992 -0.650992 -0.759085     38.729450 38.729450 2.248092
172.372314 332.267700     83.187500 10.523438 8.843750     -0.904682 -0.426088 0.426088 -0.904682     15.484001 15.484001 1.102803
172.372314 332.267700     110.062500 49.703125 172.609375     -0.904682 -0.426088 0.426088 -0.904682     15.484001 15.484001 2.257217
398.905823 270.765533     76.640625 -34.328125 20.160156     -0.999932 -0.011678 0.011678 -0.999932     23.086266 23.086266 5.019415
287.460236 306.753418     52.484375 22.718750 47.484375     -0.509662 -0.860375 0.860375 -0.509662     39.806123 39.806123 0.702253
287.460236 306.753418     14.078125 -19.414062 51.410156     -0.509662 -0.860375 0.860375 -0.509662     39.806123 39.806123 1.283920
233.874130 179.790207     184.218750 23.679688 42.625000     -0.890151 -0.455665 0.455665 -0.890151     15.748527 15.748527 1.501714
284.854950 173.557251     111.015625 12.414062 10.632812     -0.998152 -0.060766 0.060766 -0.998152     27.347246 27.347246 3.236907
284.854950 173.557251     45.136719 9.105469 10.503906     -0.998152 -0.060766 0.060766 -0.998152     27.347246 27.347246 4.248629
438.376678 245.176666     112.445312 44.546875 174.375000     -0.990501 -0.137504 0.137504 -0.990501     12.227133 12.227133 4.382838
287.486908 306.104828     239.414062 21.988281 35.550781     -0.483448 -0.875373 0.875373 -0.483448     40.901167 40.901167 0.704421
287.486908 306.104828     18.843750 -22.601562 52.097656     -0.483448 -0.875373 0.875373 -0.483448     40.901167 40.901167 1.930234
378.618347 240.256042     47.617188 29.039062 48.613281     -0.904241 0.427022 -0.427022 -0.904241     8.942379 8.942379 1.472215
378.618347 240.256042     51.554688 14.085938 14.109375     -0.904241 0.427022 -0.427022 -0.904241     8.942379 8.942379 4.599465
367.418243 223.616348     82.625000 34.195312 31.476562     -0.744775 -0.667315 0.667315 -0.744775     23.438257 23.438257 4.747998
423.642517 200.937195     117.226562 37.070312 177.679688     0.391738 -0.920077 0.920077 0.391738     10.848887 10.848887 1.496545
395.557922 269.608246     193.062500 26.921875 45.804688     -0.987005 -0.160689 0.160689 -0.987005     28.019447 28.019447 4.999252
437.034668 245.584000     58.468750 40.851562 119.714844     -0.992660 -0.120937 0.120937 -0.992660     13.589990 13.589990 4.409520
214.360168 189.491531     56.343750 19.863281 22.218750     -0.970849 -0.239692 0.239692 -0.970849     12.929862 12.929862 4.024529
287.576019 305.894684     282.945312 28.882812 36.935547     -0.463269 -0.886217 0.886217 -0.463269     42.490693 42.490693 0.748944
287.576019 305.894684     132.039062 65.976562 52.597656     -0.463269 -0.886217 0.886217 -0.463269     42.490693 42.490693 1.848971
285.546539 173.988205     128.734375 20.921875 20.355469     -0.994363 -0.106031 0.106031 -0.994363     25.931144 25.931144 1.499912
285.546539 173.988205     62.839844 25.882812 28.730469     -0.994363 -0.106031 0.106031 -0.994363     25.931144 25.931144 4.349397
422.724792 201.763565     30.218750 12.539062 24.859375     0.451343 -0.892351 0.892351 0.451343     12.251313 12.251313 1.476790
325.702911 204.119568     61.765625 38.664062 118.183594     -0.701018 -0.713144 0.713144 -0.701018     19.652125 19.652125 1.722210
325.702911 204.119568     19.726562 -5.343750 23.519531     -0.701018 -0.713144 0.713144 -0.701018     19.652125 19.652125 4.563205
213.969925 189.184204     65.632812 28.457031 34.566406     -0.948446 -0.316939 0.316939 -0.948446     13.798439 13.798439 3.953402
233.743011 179.821228     47.109375 28.648438 49.746094     -0.894124 -0.447819 0.447819 -0.894124     17.046604 17.046604 1.522931
287.516571 305.695679     305.148438 27.070312 40.927734     -0.428988 -0.903310 0.903310 -0.428988     44.914783 44.914783 0.726601
287.516571 305.695679     66.015625 33.726562 35.437500     -0.428988 -0.903310 0.903310 -0.428988     44.914783 44.914783 1.742647
394.818176 269.283752     195.921875 -88.445312 83.441406     -0.984679 -0.174375 0.174375 -0.984679     28.827109 28.827109 5.003143
365.650085 217.338684     31.632812 2.960938 14.882812     -0.447323 -0.894372 0.894372 -0.447323     27.753261 27.753261 1.497077
365.650085 217.338684     86.281250 -29.781250 81.992188     -0.447323 -0.894372 0.894372 -0.447323     27.753261 27.753261 1.920813
172.842819 332.701904     470.156250 294.765625 228.140625     -0.908736 -0.417372 0.417372 -0.908736     16.284641 16.284641 1.132873
172.842819 332.701904     144.226562 60.359375 53.500000     -0.908736 -0.417372 0.417372 -0.908736     16.284641 16.284641 3.614153
285.195862 174.276062     199.437500 25.070312 49.070312     -0.993358 -0.115061 0.115061 -0.993358     26.080616 26.080616 1.527779
285.195862 174.276062     31.226562 10.242188 28.000000     -0.993358 -0.115061 0.115061 -0.993358     26.080616 26.080616 4.396601
230.196472 177.640182     67.625000 37.843750 43.421875     -0.870569 -0.492046 0.492046 -0.870569     17.606277 17.606277 1.545858
438.055786 246.946213     17.882812 -1.507812 28.906250     -0.983078 -0.183187 0.183187 -0.983078     18.255181 18.255181 1.195046
438.055786 246.946213     22.492188 -7.046875 24.253906     -0.983078 -0.183187 0.183187 -0.983078     18.255181 18.255181 4.275153
212.644867 187.909653     101.390625 17.585938 142.843750     -0.880401 -0.474229 0.474229 -0.880401     17.305216 17.305216 2.116908
212.644867 187.909653     52.265625 -2.890625 12.367188     -0.880401 -0.474229 0.474229 -0.880401     17.305216 17.305216 3.824393
268.770630 396.486237     67.003906 23.792969 47.921875     -0.777492 -0.628893 0.628893 -0.777492     17.263153 17.263153 0.691940
365.946716 217.168304     124.648438 23.195312 174.906250     -0.453102 -0.891458 0.891458 -0.453102     29.202818 29.202818 1.541511
365.946716 217.168304     129.781250 26.578125 46.390625     -0.453102 -0.891458 0.891458 -0.453102     29.202818 29.202818 1.931237
338.122070 233.446014     33.804688 10.992188 23.195312     0.576863 -0.816841 0.816841 0.576863     17.973400 17.973400 0.562011
338.122070 233.446014     74.078125 39.140625 47.015625     0.576863 -0.816841 0.816841 0.576863     17.973400 17.973400 4.304782
212.552353 187.413620     194.375000 -93.015625 91.250000     -0.859976 -0.510334 0.510334 -0.859976     18.920988 18.920988 2.146178
212.552353 187.413620     53.851562 29.585938 49.667969     -0.859976 -0.510334 0.510334 -0.859976     18.920988 18.920988 5.503560
325.583618 203.531143     777.218750 14.593750 90.886719     -0.690663 -0.723177 0.723177 -0.690663     19.997920 19.997920 1.692043
325.583618 203.531143     81.125000 50.906250 131.902344     -0.690663 -0.723177 0.723177 -0.690663     19.997920 19.997920 4.563175
284.361694 174.965179     102.609375 17.867188 134.292969     -0.994898 -0.100883 0.100883 -0.994898     27.806506 27.806506 1.559869
284.361694 174.965179     132.545410 180.109375 256.234375     -0.994898 -0.100883 0.100883 -0.994898     27.806506 27.806506 3.346565
279.322266 371.704315     202.578125 29.195312 58.796875     -0.840500 -0.541811 0.541811 -0.840500     16.653863 16.653863 1.776078
362.671173 247.954239     46.382812 9.609375 31.750000     -0.876522 0.481361 -0.481361 -0.876522     26.572767 26.572767 1.569021
362.671173 247.954239     80.273438 26.156250 60.203125     -0.876522 0.481361 -0.481361 -0.876522     26.572767 26.572767 4.303185
265.593140 343.171570     31.843750 1.929688 16.203125     -0.985599 -0.169098 0.169098 -0.985599     17.061356 17.061356 1.199892
265.593140 343.171570     27.476562 -13.015625 30.132812     -0.985599 -0.169098 0.169098 -0.985599     17.061356 17.061356 1.966796
416.604828 207.074188     36.210938 -4.453125 20.781250     -0.732060 0.681240 -0.681240 -0.732060     33.153231 33.153231 5.520927
486.033020 451.941925     187.780273 257.933594 368.265625     -0.830592 -0.556881 0.556881 -0.830592     24.856641 24.856641 3.269658
486.033020 451.941925     150.851074 226.164062 350.203125     -0.830592 -0.556881 0.556881 -0.830592     24.856641 24.856641 5.107991
230.936127 177.328461     177.179688 18.125000 163.484375     -0.894649 -0.446769 0.446769 -0.894649     21.748447 21.748447 1.566325
394.535583 268.965027     14.851562 11.914062 34.710938     -0.987079 -0.160236 0.160236 -0.987079     30.187105 30.187105 5.119317
268.802460 397.020569     55.265625 21.218750 43.453125     -0.760130 -0.649771 0.649771 -0.760130     19.741011 19.741011 0.597713
280.134277 372.685699     36.125000 11.453125 31.000000     -0.807646 -0.589668 0.589668 -0.807646     17.882545 17.882545 1.763020
258.339355 302.221710     18.703125 10.804688 21.359375     0.133119 -0.991100 0.991100 0.133119     18.921572 18.921572 1.835796
258.339355 302.221710     117.726562 26.335938 56.125000     0.133119 -0.991100 0.991100 0.133119     18.921572 18.921572 5.486647
337.942139 233.446274     20.382812 -0.695312 27.328125     0.661803 -0.749678 0.749678 0.661803     18.151982 18.151982 0.573387
337.942139 233.446274     214.593750 202.914062 435.296875     0.661803 -0.749678 0.749678 0.661803     18.151982 18.151982 4.153828
418.171753 211.495743     590.531250 357.359375 263.484375     -0.344591 -0.938753 0.938753 -0.344591     43.845634 43.845634 1.110276
418.171753 211.495743     261.382812 7.664062 123.406250     -0.344591 -0.938753 0.938753 -0.344591     43.845634 43.845634 1.887304
263.943237 195.318771     28.171875 -8.421875 22.515625     -0.997413 0.071887 -0.071887 -0.997413     15.691295 15.691295 0.757323
263.943237 195.318771     17.261719 13.437500 35.718750     -0.997413 0.071887 -0.071887 -0.997413     15.691295 15.691295 5.103474
211.420349 188.228409     1162.753906 -40.203125 103.412109     -0.828309 -0.560271 0.560271 -0.828309     25.387427 25.387427 2.162801
211.420349 188.228409     65.484375 29.734375 50.398438     -0.828309 -0.560271 0.560271 -0.828309     25.387427 25.387427 5.580135
287.480042 305.743073     30.615234 -25.628906 36.371094     -0.364134 -0.931346 0.931346 -0.364134     48.378583 48.378583 1.743675
287.480042 305.743073     387.789062 157.460938 153.609375     -0.364134 -0.931346 0.931346 -0.364134     48.378583 48.378583 2.341923
437.002533 249.563843     153.721191 224.531250 346.437500     -0.960013 -0.279954 0.279954 -0.960013     27.972504 27.972504 5.234159
358.158539 359.556915     216.765625 31.484375 62.195312     -0.846943 -0.531684 0.531684 -0.846943     18.165046 18.165046 6.375796
279.917480 372.691742     27.164062 27.500000 60.890625     -0.814474 -0.580201 0.580201 -0.814474     19.683738 19.683738 1.744677
361.505249 248.844070     349.437500 55.492188 51.140625     -0.861636 0.507527 -0.507527 -0.861636     27.172402 27.172402 1.530671
361.505249 248.844070     360.109375 103.601562 190.281250     -0.861636 0.507527 -0.507527 -0.861636     27.172402 27.172402 4.643868
326.219360 203.498581     78.812500 40.703125 62.976562     -0.731617 -0.681716 0.681716 -0.731617     21.154774 21.154774 1.705064
326.219360 203.498581     39.453125 12.820312 37.203125     -0.731617 -0.681716 0.681716 -0.731617     21.154774 21.154774 4.594208
265.116180 178.527878     56.796875 8.160156 49.285156     -0.999774 -0.021249 0.021249 -0.999774     42.827270 42.827270 1.535405
265.116180 178.527878     60.550781 21.605469 25.000000     -0.999774 -0.021249 0.021249 -0.999774     42.827270 42.827270 3.281733
365.424347 216.026169     355.820312 46.828125 49.703125     -0.526162 -0.850384 0.850384 -0.526162     31.701071 31.701071 1.537743
365.424347 216.026169     30.226562 -10.109375 27.320312     -0.526162 -0.850384 0.850384 -0.526162     31.701071 31.701071 2.066174
417.447021 211.974579     241.945312 158.687500 151.343750     -0.410229 -0.911982 0.911982 -0.410229     43.761738 43.761738 1.166974
417.447021 211.974579     32.302734 -24.994141 36.187500     -0.410229 -0.911982 0.911982 -0.410229     43.761738 43.761738 2.612284
89.727486 454.424164     34.390625 0.414062 17.585938     -0.581051 -0.813867 0.813867 -0.581051     8.953156 8.953156 4.782701
394.168640 268.271759     49.863281 -7.394531 11.375000     -0.981456 -0.191686 0.191686 -0.981456     32.789778 32.789778 5.093900
360.984985 359.920013     194.125000 7.445312 165.609375     -0.896041 -0.443971 0.443971 -0.896041     23.377812 23.377812 0.222783
281.294006 372.023987     20.429688 15.820312 39.468750     -0.824076 -0.566479 0.566479 -0.824076     29.240666 29.240666 1.913423
265.747803 342.787598     3205.601562 1106.179688 753.042969     -0.992693 -0.120666 0.120666 -0.992693     17.982309 17.982309 1.249918
265.747803 342.787598     85.242188 39.085938 52.531250     -0.992693 -0.120666 0.120666 -0.992693     17.982309 17.982309 2.056722
337.283203 233.972031     30.316406 26.460938 61.578125     0.670256 -0.742130 0.742130 0.670256     17.842643 17.842643 0.694714
337.283203 233.972031     344.093750 35.804688 61.859375     0.670256 -0.742130 0.742130 0.670256     17.842643 17.842643 4.177369
318.705322 378.845398     56.980469 10.824219 49.304688     -0.965939 0.258770 -0.258770 -0.965939     19.916392 19.916392 0.857355
85.227951 448.068207     11.145996 -95.423828 949.140625     -0.578688 -0.815549 0.815549 -0.578688     9.816256 9.816256 4.773366
75.111115 451.877563     238.921875 41.179688 71.484375     -0.546217 -0.837644 0.837644 -0.546217     8.263725 8.263725 4.775570
289.475342 305.878448     219.250000 197.281250 413.863281     -0.822624 -0.568586 0.568586 -0.822624     55.288985 55.288985 0.953767
219.470856 314.892365     52.682129 -494.089844 4800.035156     -0.424126 -0.905603 0.905603 -0.424126     13.702321 13.702321 2.065403
362.429443 361.261749     338.937500 24.242188 66.046875     -0.796290 -0.604915 0.604915 -0.796290     23.526848 23.526848 6.222840
268.977570 397.054474     35.527344 -26.015625 37.535156     -0.780493 -0.625164 0.625164 -0.780493     21.023339 21.023339 0.622968
268.977570 397.054474     21.273438 -0.265625 26.281250     -0.780493 -0.625164 0.625164 -0.780493     21.023339 21.023339 4.014440
241.925735 411.084167     42.629883 -384.746094 3657.945312     -0.662570 -0.749000 0.749000 -0.662570     13.608495 13.608495 4.312219
283.402344 372.202026     343.734863 261.375000 414.500000     -0.938095 -0.346377 0.346377 -0.938095     30.653178 30.653178 2.042607
258.109314 302.072876     260.757812 178.757812 178.546875     0.098645 -0.995123 0.995123 0.098645     20.281918 20.281918 0.552439
258.109314 302.072876     662.187500 401.515625 294.656250     0.098645 -0.995123 0.995123 0.098645     20.281918 20.281918 1.940655
426.365509 229.469635     35.042969 17.656250 64.078125     -0.511002 -0.859580 0.859580 -0.511002     43.621157 43.621157 4.765041
486.372711 451.709839     23.371094 15.953125 41.437500     -0.841455 -0.540326 0.540326 -0.841455     26.243948 26.243948 3.380779
486.372711 451.709839     3772.390625 936.097656 670.644531     -0.841455 -0.540326 0.540326 -0.841455     26.243948 26.243948 5.098312
352.467773 244.528687     62.507812 -494.062500 4290.179688     -0.998470 -0.055291 0.055291 -0.998470     49.903731 49.903731 1.205278
352.467773 244.528687     14.954834 -141.050781 1489.593750     -0.998470 -0.055291 0.055291 -0.998470     49.903731 49.903731 5.292932
320.451935 272.466339     314.968750 135.656250 173.265625     -0.811892 0.583808 -0.583808 -0.811892     18.256752 18.256752 0.642494
320.451935 272.466339     35.671875 -2.265625 19.156250     -0.811892 0.583808 -0.583808 -0.811892     18.256752 18.256752 1.991376
219.643723 315.255066     32.132812 -3.148438 49.726562     -0.465767 -0.884907 0.884907 -0.465767     14.364060 14.364060 2.105234
252.005936 180.325928     273.521973 284.570312 11247.750000     -0.999283 0.037869 -0.037869 -0.999283     45.422936 45.422936 1.590347
252.005936 180.325928     21.468750 1.835938 16.312500     -0.999283 0.037869 -0.037869 -0.999283     45.422936 45.422936 4.457135
363.211365 361.765533     635.460938 -258.515625 264.156250     -0.789269 -0.614048 0.614048 -0.789269     23.497242 23.497242 6.198613
146.855927 217.444916     24.484375 -11.482422 16.482422     0.666487 -0.745517 0.745517 0.666487     12.489571 12.489571 4.696797
352.591492 210.960281     4655.804688 1625.523438 1099.246094     -0.893508 -0.449047 0.449047 -0.893508     38.834482 38.834482 1.050111
352.591492 210.960281     298.296875 8.984375 157.656250     -0.893508 -0.449047 0.449047 -0.893508     38.834482 38.834482 4.001317
73.784317 450.142151     26.226562 14.179688 43.140625     -0.550286 -0.834976 0.834976 -0.550286     10.786113 10.786113 4.799397
394.162323 268.032837     42.390625 -29.357422 40.046875     -0.981351 -0.192222 0.192222 -0.981351     33.683430 33.683430 5.105709
240.103561 407.035583     41.265625 1.164062 25.375000     -0.488491 -0.872569 0.872569 -0.488491     15.437491 15.437491 4.750494
293.681946 373.880096     511.515625 158.773438 184.296875     -0.984183 -0.177155 0.177155 -0.984183     28.867383 28.867383 1.882322
293.681946 373.880096     35.554688 -4.132812 57.312500     -0.984183 -0.177155 0.177155 -0.984183     28.867383 28.867383 4.868524
348.031982 241.890701     36.671875 -6.132812 23.882812     -0.903854 -0.427841 0.427841 -0.903854     53.480239 53.480239 5.023635
363.030853 361.333344     42.265625 -3.062500 34.941406     -0.771670 -0.636023 0.636023 -0.771670     24.411584 24.411584 6.112034
269.575745 397.672180     4043.421875 1171.164062 2306.613281     -0.737365 -0.675494 0.675494 -0.737365     22.705409 22.705409 0.564470
269.575745 397.672180     227.906250 196.617188 422.089844     -0.737365 -0.675494 0.675494 -0.737365     22.705409 22.705409 4.640395
185.637680 197.260864     1995.132812 -662.632812 478.015625     -0.842053 -0.539395 0.539395 -0.842053     29.869289 29.869289 5.481798
172.904419 332.997559     296.879395 -688.890625 15928.875000     -0.904250 -0.427003 0.427003 -0.904250     17.310400 17.310400 1.103655
172.904419 332.997559     765.656250 469.062500 342.515625     -0.904250 -0.427003 0.427003 -0.904250     17.310400 17.310400 2.292225
294.143250 373.618591     29.972656 13.757812 44.101562     -0.989001 -0.147908 0.147908 -0.989001     29.405300 29.405300 1.940090
294.143250 373.618591     3473.695312 990.007812 5749.945312     -0.989001 -0.147908 0.147908 -0.989001     29.405300 29.405300 4.765862
320.952759 271.925201     47.197266 -30.820312 41.664062     -0.755737 0.654875 -0.654875 -0.755737     19.386677 19.386677 0.700472
320.952759 271.925201     54.976562 -8.429688 38.984375     -0.755737 0.654875 -0.654875 -0.755737     19.386677 19.386677 2.666692
357.147980 356.642365     86.992676 102.324219 246.875000     -0.798281 -0.602285 0.602285 -0.798281     25.303294 25.303294 1.914355
357.147980 356.642365     29.367188 -13.488281 18.341797     -0.798281 -0.602285 0.602285 -0.798281     25.303294 25.303294 4.719130
146.882355 217.235291     14.171875 -39.109375 169.988281     0.679161 -0.733989 0.733989 0.679161     13.631075 13.631075 4.692442
266.294128 342.333344     90.289062 59.468750 125.843750     -0.999697 -0.024617 0.024617 -0.999697     18.865544 18.865544 1.354416
266.294128 342.333344     65.785156 23.218750 27.742188     -0.999697 -0.024617 0.024617 -0.999697     18.865544 18.865544 2.164420
232.107315 210.414627     363.673340 -1264.195312 19078.484375     -0.983224 0.182400 -0.182400 -0.983224     14.232543 14.232543 0.674661
290.196899 305.431610     231.000000 -54.648438 164.531250     -0.971190 -0.238306 0.238306 -0.971190     57.589888 57.589888 1.275700
290.196899 305.431610     18.140625 -2.845703 16.951172     -0.971190 -0.238306 0.238306 -0.971190     57.589888 57.589888 3.543044
219.507050 315.721832     90.250000 83.601562 112.960938     -0.492146 -0.870513 0.870513 -0.492146     15.250711 15.250711 2.129492
296.871948 200.920593     36.945312 -18.218750 24.726562     -0.933416 -0.358795 0.358795 -0.933416     81.478558 81.478558 1.710105
296.871948 200.920593     3392.757812 713.914062 5446.187500     -0.933416 -0.358795 0.358795 -0.933416     81.478558 81.478558 4.907443
266.670959 395.903229     22.720459 -236.206055 2474.214844     -0.832471 -0.554069 0.554069 -0.832471     23.172500 23.172500 4.306162
266.670959 395.903229     119.763672 -3.996094 38.289062     -0.832471 -0.554069 0.554069 -0.832471     23.172500 23.172500 4.794980
240.417831 407.128143     36.679688 -18.355469 28.250000     -0.495679 -0.868506 0.868506 -0.495679     17.552576 17.552576 4.236995
240.417831 407.128143     53.058594 15.562500 36.367188     -0.495679 -0.868506 0.868506 -0.495679     17.552576 17.552576 4.754619
294.052490 372.850006     571.396973 -2078.925781 21615.773438     -0.992292 -0.123920 0.123920 -0.992292     34.089684 34.089684 2.043068
294.052490 372.850006     33.154297 -15.660156 21.433594     -0.992292 -0.123920 0.123920 -0.992292     34.089684 34.089684 4.713693
185.870209 197.429794     85.406250 80.335938 111.417969     -0.816756 -0.576983 0.576983 -0.816756     29.044391 29.044391 5.406733
73.347534 299.031403     20.921875 -0.031250 63.482666     0.100193 -0.994968 0.994968 0.100193     5.578556 5.578556 3.165867
73.347534 299.031403     60.781250 -6.289062 30.310547     0.100193 -0.994968 0.994968 0.100193     5.578556 5.578556 6.266024
393.803741 267.267639     33.085938 -23.972656 75.808594     -0.973992 -0.226581 0.226581 -0.973992     35.405793 35.405793 4.989657
426.103210 229.402618     51.117188 13.585938 37.027344     -0.528036 -0.849222 0.849222 -0.528036     44.224456 44.224456 4.732104
78.457016 251.074203     20.281250 -3.478516 18.078125     0.102432 -0.994740 0.994740 0.102432     6.044174 6.044174 4.719688
293.622131 372.772095     6.609375 -9.992188 58.139648     -0.996138 -0.087804 0.087804 -0.996138     35.974695 35.974695 0.911078
293.622131 372.772095     73.625000 20.859375 99.968750     -0.996138 -0.087804 0.087804 -0.996138     35.974695 35.974695 2.079906
147.159470 217.023254     116.750000 96.828125 117.378906     0.693340 -0.720611 0.720611 0.693340     14.579071 14.579071 4.696763
257.860291 301.977936     158.111328 6.710938 39.347656     0.052820 -0.998604 0.998604 0.052820     20.748557 20.748557 0.585882
257.860291 301.977936     10.375000 -15.863281 82.634766     0.052820 -0.998604 0.998604 0.052820     20.748557 20.748557 2.006020
95.493858 262.392914     294.406250 304.203125 820.537109     0.104664 -0.994508 0.994508 0.104664     6.580257 6.580257 3.468359
356.856384 355.744995     49.597656 12.339844 41.597656     -0.782337 -0.622856 0.622856 -0.782337     27.085849 27.085849 1.878796
356.856384 355.744995     879.062500 545.031250 397.671875     -0.782337 -0.622856 0.622856 -0.782337     27.085849 27.085849 4.732937
484.073639 450.211945     11.500000 -14.796875 133.890625     -0.841476 -0.540295 0.540295 -0.841476     27.317360 27.317360 3.393685
484.073639 450.211945     12.468750 -24.196289 103.787720     -0.841476 -0.540295 0.540295 -0.841476     27.317360 27.317360 5.086892
241.161285 405.892487     3846.937500 849.984375 5130.515625     -0.427135 -0.904188 0.904188 -0.427135     23.253385 23.253385 4.067453
241.161285 405.892487     158.343750 63.421875 123.019531     -0.427135 -0.904188 0.904188 -0.427135     23.253385 23.253385 4.753155
219.320984 316.358032     16.234375 -22.167969 161.300781     -0.503623 -0.863923 0.863923 -0.503623     16.880243 16.880243 2.169680
286.525055 200.916550     38.468750 -43.125000 149.781250     -0.963362 -0.268205 0.268205 -0.963362     91.121426 91.121426 1.583562
286.525055 200.916550     124.656250 93.859375 128.710938     -0.963362 -0.268205 0.268205 -0.963362     91.121426 91.121426 4.666961
96.532104 251.402206     362.750000 276.609375 1207.093750     0.114551 -0.993417 0.993417 0.114551     10.589275 10.589275 3.143958
60.787457 297.780487     12.843750 7.250000 74.160156     0.094369 -0.995537 0.995537 0.094369     5.664292 5.664292 3.143458
360.278198 354.608246     61.738281 10.027344 40.757812     -0.855263 -0.518195 0.518195 -0.855263     42.944449 42.944449 2.173296
360.278198 354.608246     67.156250 -52.531250 70.046875     -0.855263 -0.518195 0.518195 -0.855263     42.944449 42.944449 3.642409
266.788727 341.904938     212.500000 70.515625 176.960938     -0.991051 0.133487 -0.133487 -0.991051     19.538028 19.538028 1.487687
266.788727 341.904938     59.398438 20.258301 64.933022     -0.991051 0.133487 -0.133487 -0.991051     19.538028 19.538028 2.286442
321.978333 273.756104     36.669922 -19.712891 27.654297     0.171005 -0.985270 0.985270 0.171005     25.290787 25.290787 1.019827
321.978333 273.756104     39.312500 8.152344 49.091309     0.171005 -0.985270 0.985270 0.171005     25.290787 25.290787 4.487163
84.183403 378.323242     72.664062 13.835938 44.062500     -0.025905 -0.999664 0.999664 -0.025905     73.413166 73.413166 3.898450
315.482147 349.633942     13.773438 29.421875 125.597656     -0.952514 -0.304494 0.304494 -0.952514     17.844981 17.844981 0.901391
315.482147 349.633942     4697.656250 470.976562 4839.867188     -0.952514 -0.304494 0.304494 -0.952514     17.844981 17.844981 1.264538
277.978302 384.314362     23.029297 -5.070312 19.789062     -0.889751 0.456446 -0.456446 -0.889751     51.610215 51.610215 1.361163
277.978302 384.314362     703.685547 -2292.673828 21387.273438     -0.889751 0.456446 -0.456446 -0.889751     51.610215 51.610215 1.723920
146.058533 150.765854     607.343750 271.656250 3958.679688     -0.815181 0.579206 -0.579206 -0.815181     12.983013 12.983013 3.825410
146.058533 150.765854     53.312500 -167.082031 848.647461     -0.815181 0.579206 -0.579206 -0.815181     12.983013 12.983013 5.327491
300.839630 210.223236     110.250000 67.765625 60.453125     -0.932228 -0.361872 0.361872 -0.932228     97.375973 97.375973 4.712168
286.622772 304.835724     205.656250 97.203125 258.988281     -0.997982 -0.063495 0.063495 -0.997982     56.400034 56.400034 1.455541
218.828873 316.919800     684.281250 291.726562 5087.089844     -0.493846 -0.869549 0.869549 -0.493846     19.183647 19.183647 2.219904
147.398254 217.008728     12.500000 -7.734375 60.451172     -0.721071 0.692862 -0.692862 -0.721071     15.482844 15.482844 1.544519
307.122131 254.236649     57.609375 -181.878906 964.406738     -0.997356 -0.072673 0.072673 -0.997356     22.630204 22.630204 5.945593
353.777313 353.029755     72.437500 21.179688 78.488525     -0.926724 -0.375744 0.375744 -0.926724     49.278910 49.278910 0.476175
353.777313 353.029755     35.359375 16.351562 46.695312     -0.926724 -0.375744 0.375744 -0.926724     49.278910 49.278910 2.209204
322.141449 273.592682     340.187500 186.226562 360.328125     0.180531 -0.983569 0.983569 0.180531     26.544707 26.544707 4.410462
267.464081 340.847321     951.420410 -2237.921875 18697.125000     -0.927826 0.373013 -0.373013 -0.927826     20.825444 20.825444 1.602692
267.464081 340.847321     798.687500 253.781250 6605.472656     -0.927826 0.373013 -0.373013 -0.927826     20.825444 20.825444 2.503127
307.429016 253.009262     6790.171875 2950.492188 6949.671875     -0.939977 0.341238 -0.341238 -0.939977     26.173461 26.173461 0.286550
296.835968 229.251251     33.390625 25.277344 27.992188     -0.893201 -0.449658 0.449658 -0.893201     186.466335 186.466335 2.343770
425.658905 228.467865     340.343750 182.148438 371.535156     -0.527840 -0.849344 0.849344 -0.527840     46.267970 46.267970 4.805962
310.061157 370.311066     862.687500 139.070312 7661.949219     -0.936248 0.351340 -0.351340 -0.936248     68.149911 68.149911 1.236959
310.061157 370.311066     63.828125 -201.082031 1084.063965     -0.936248 0.351340 -0.351340 -0.936248     68.149911 68.149911 4.733471
84.205147 278.512177     74.187500 26.178467 64.144112     0.043942 -0.999034 0.999034 0.043942     73.472643 73.472643 3.686799
84.205147 278.512177     56.250000 14.000000 86.562500     0.043942 -0.999034 0.999034 0.043942     73.472643 73.472643 4.748456
480.747498 448.148621     342.265625 82.906250 330.015625     -0.839988 -0.542605 0.542605 -0.839988     28.287996 28.287996 0.319240
480.747498 448.148621     73.718750 39.437500 44.296875     -0.839988 -0.542605 0.542605 -0.839988     28.287996 28.287996 3.383549
218.439148 317.252991     1120.562500 36.750000 8266.437500     -0.521159 -0.853459 0.853459 -0.521159     20.900326 20.900326 2.277642
147.795273 216.908142     21.906250 10.780273 22.812469     -0.738040 0.674757 -0.674757 -0.738040     16.525743 16.525743 1.542684
306.348480 252.770203     7193.859375 3789.335938 8085.632812     -0.918750 0.394841 -0.394841 -0.918750     26.759545 26.759545 0.429772
145.387238 151.314896     26.011719 -6.361328 21.341797     -0.830158 0.557528 -0.557528 -0.830158     13.710730 13.710730 5.303023
380.713440 181.771927     79.406250 -217.984375 1108.711670     0.230528 -0.973066 0.973066 0.230528     9.967787 9.967787 1.617348
301.881409 246.054489     74.544922 26.730469 30.734375     -0.597322 -0.802001 0.802001 -0.597322     30.519610 30.519610 1.631701
301.881409 246.054489     1715.375000 -895.890625 17033.707031     -0.597322 -0.802001 0.802001 -0.597322     30.519610 30.519610 5.030132
173.104218 333.354767     34.843750 26.042969 29.728516     -0.903804 -0.427947 0.427947 -0.903804     18.416066 18.416066 1.074495
173.104218 333.354767     92.640625 -233.033203 1104.381592     -0.903804 -0.427947 0.427947 -0.903804     18.416066 18.416066 3.618069
82.888573 272.641174     18086.437500 -1474.476562 14175.687500     0.067094 -0.997747 0.997747 0.067094     75.119334 75.119334 3.592580
82.888573 272.641174     23.320312 11.947266 26.461761     0.067094 -0.997747 0.997747 0.067094     75.119334 75.119334 4.764844
296.324280 249.996460     1080.013428 -796.377930 19870.605469     -0.871667 0.490099 -0.490099 -0.871667     52.053329 52.053329 0.842934
296.324280 249.996460     26.466797 -9.570312 37.744141     -0.871667 0.490099 -0.490099 -0.871667     52.053329 52.053329 1.960395
147.159210 172.462692     43.167969 -25.710938 37.150391     -0.776071 0.630646 -0.630646 -0.776071     17.217257 17.217257 0.337072
147.159210 172.462692     115.734375 -270.375000 1166.546631     -0.776071 0.630646 -0.630646 -0.776071     17.217257 17.217257 4.739985
521.956909 209.331894     17828.828125 -1563.062500 14976.765625     -0.657802 -0.753191 0.753191 -0.657802     18.682444 18.682444 0.822284
521.956909 209.331894     108.265625 80.953125 72.201172     -0.657802 -0.753191 0.753191 -0.657802     18.682444 18.682444 1.473123
268.500000 237.596634     20.015625 -3.511719 26.039062     -0.811768 0.583980 -0.583980 -0.811768     15.339739 15.339739 1.805573
58.659290 217.159286     130.953125 19.925781 315.731445     0.095041 -0.995473 0.995473 0.095041     1.850027 1.850027 1.236326
152.837891 218.284149     135.281250 97.015625 87.427734     -0.998805 0.048871 -0.048871 -0.998805     27.773982 27.773982 2.236850
268.279724 237.524475     17509.421875 -1532.375000 15496.648438     -0.782240 0.622977 -0.622977 -0.782240     16.614496 16.614496 1.850576
184.215378 245.065384     206.046875 149.425781 136.291016     -0.858080 -0.513516 0.513516 -0.858080     23.405986 23.405986 4.137769
144.762085 152.096649     25.578125 12.558105 28.585022     -0.821731 0.569876 -0.569876 -0.821731     14.632387 14.632387 1.770019
144.762085 152.096649     78.507812 27.598633 68.570320     -0.821731 0.569876 -0.569876 -0.821731     14.632387 14.632387 5.326836
522.157715 209.769226     369.445312 197.955078 171.126709     -0.648146 -0.761516 0.761516 -0.648146     18.570448 18.570448 0.829694
522.157715 209.769226     78.265625 16.032227 8.973877     -0.648146 -0.761516 0.761516 -0.648146     18.570448 18.570448 1.614752
565.301331 147.043671     34.406250 -4.578125 58.296875     -0.980903 0.194496 -0.194496 -0.980903     24.259774 24.259774 1.476621
565.301331 147.043671     39.968750 -3.039062 59.902344     -0.980903 0.194496 -0.194496 -0.980903     24.259774 24.259774 1.836089
267.134430 240.705185     56.468750 1.859375 9.960938     0.409101 -0.912489 0.912489 0.409101     21.268469 21.268469 1.189119
183.962967 244.737381     42.125000 -2.062500 62.847656     -0.854499 -0.519454 0.519454 -0.854499     24.136277 24.136277 4.227812
146.622803 172.868423     182.640625 7.585938 8.726562     -0.806815 0.590805 -0.590805 -0.806815     17.734179 17.734179 0.273145
146.622803 172.868423     110.671875 11.500000 14.382812     -0.806815 0.590805 -0.590805 -0.806815     17.734179 17.734179 4.313338
402.509888 97.396042     66.062500 72.423340 84.802277     0.183927 -0.982940 0.982940 0.183927     9.796822 9.796822 4.973423
585.991577 199.204483     74.140625 -12.164062 60.691406     -0.482741 -0.875763 0.875763 -0.482741     35.469255 35.469255 0.342976
585.991577 199.204483     270.109375 -17.078125 13.351562     -0.482741 -0.875763 0.875763 -0.482741     35.469255 35.469255 2.760418
524.952942 211.770584     109.664062 125.401855 154.088226     -0.705958 -0.708254 0.708254 -0.705958     20.242908 20.242908 0.834426
524.952942 211.770584     82.437500 -6.195312 60.925781     -0.705958 -0.708254 0.708254 -0.705958     20.242908 20.242908 1.584044
154.805725 218.961777     274.421875 29.585938 29.015625     -0.998417 -0.056238 0.056238 -0.998417     28.091553 28.091553 1.881072
154.805725 218.961777     122.296875 147.590332 195.092957     -0.998417 -0.056238 0.056238 -0.998417     28.091553 28.091553 4.769691
402.540924 95.124557     427.328125 212.093750 216.562500     0.205388 -0.978681 0.978681 0.205388     11.944843 11.944843 4.981602
569.628174 164.181717     290.406250 -22.710938 15.484375     -0.415866 -0.909426 0.909426 -0.415866     56.078537 56.078537 0.755238
569.628174 164.181717     156.382812 101.527344 68.404297     -0.415866 -0.909426 0.909426 -0.415866     56.078537 56.078537 1.542112
183.588409 244.255066     324.875000 -28.539062 19.671875     -0.808813 -0.588066 0.588066 -0.808813     25.703509 25.703509 0.981021
183.588409 244.255066     431.093750 213.031250 228.234375     -0.808813 -0.588066 0.588066 -0.808813     25.703509 25.703509 3.916183
477.093658 445.804047     859.242188 931.939453 1036.260498     -0.837848 -0.545904 0.545904 -0.837848     29.355059 29.355059 0.319993
477.093658 445.804047     214.710938 144.228516 99.736328     -0.837848 -0.545904 0.545904 -0.837848     29.355059 29.355059 1.788455
573.195435 239.731812     838.906250 922.352539 1045.813721     0.118344 -0.992973 0.992973 0.118344     14.041505 14.041505 5.373900
416.372559 39.235294     39.515625 -10.382812 17.750000     0.241248 -0.970464 0.970464 0.241248     11.431934 11.431934 6.315049
532.545593 211.100983     816.468750 901.107422 1031.044434     -0.796328 -0.604865 0.604865 -0.796328     38.931206 38.931206 0.316287
532.545593 211.100983     394.421875 135.515625 288.578125     -0.796328 -0.604865 0.604865 -0.796328     38.931206 38.931206 0.964507
404.724609 92.275391     80.625000 48.179688 32.863281     0.147762 -0.989023 0.989023 0.147762     16.176510 16.176510 0.351060
404.724609 92.275391     228.570312 153.740234 106.539062     0.147762 -0.989023 0.989023 0.147762     16.176510 16.176510 5.014933
573.058838 240.983963     1660.109375 1709.976562 1803.111816     0.323671 -0.946170 0.946170 0.323671     21.914727 21.914727 2.437054
573.058838 240.983963     101.671875 104.375000 115.431641     0.323671 -0.946170 0.946170 0.323671     21.914727 21.914727 5.705444
566.383057 284.915436     94.484375 56.281250 37.546875     -0.699430 -0.714701 0.714701 -0.699430     25.772992 25.772992 1.413996
614.657776 254.555557     150.281250 84.636719 113.561523     -0.115846 -0.993267 0.993267 -0.115846     15.587273 15.587273 0.178879
614.657776 254.555557     277.648438 187.884766 130.603516     -0.115846 -0.993267 0.993267 -0.115846     15.587273 15.587273 1.656534
182.794937 244.075943     1761.046875 -1002.687500 1380.980469     -0.928137 -0.372239 0.372239 -0.928137     27.274691 27.274691 4.104950
534.506409 213.819824     2775.875000 2467.783203 2347.637207     -0.788782 -0.614673 0.614673 -0.788782     49.706241 49.706241 0.162266
534.506409 213.819824     54.496094 -24.675781 22.109375     -0.788782 -0.614673 0.614673 -0.788782     49.706241 49.706241 0.651976
144.112900 153.083878     389.667969 9.243042 22.599087     -0.781959 0.623330 -0.623330 -0.781959     15.549683 15.549683 0.636022
144.112900 153.083878     185.429688 92.222656 108.267578     -0.781959 0.623330 -0.623330 -0.781959     15.549683 15.549683 1.766028
600.077698 72.420715     390.789062 264.001953 182.013672     -0.492777 -0.870155 0.870155 -0.492777     26.506394 26.506394 1.194430
600.077698 72.420715     1536.187500 -881.796875 1535.242188     -0.492777 -0.870155 0.870155 -0.492777     26.506394 26.506394 3.012765
181.893616 243.789368     12.312500 -5.179688 38.202637     -0.927009 -0.375040 0.375040 -0.927009     27.909035 27.909035 0.624382
181.893616 243.789368     45.609375 -3.585938 12.312500     -0.927009 -0.375040 0.375040 -0.927009     27.909035 27.909035 4.133268
236.656998 238.898544     73.128906 -21.292969 19.062500     -0.239839 -0.970813 0.970813 -0.239839     11.477002 11.477002 4.797014
146.157486 173.177170     720.648438 26.312988 191.074310     -0.807580 0.589759 -0.589759 -0.807580     18.048489 18.048489 0.211464
146.157486 173.177170     473.742188 -84.468750 67.609375     -0.807580 0.589759 -0.589759 -0.807580     18.048489 18.048489 1.273668
411.376251 68.437767     486.960938 319.917969 215.005859     0.197571 -0.980288 0.980288 0.197571     19.941696 19.941696 4.837944
587.572266 339.753021     102.878906 -26.187500 19.335938     -0.820024 -0.572330 0.572330 -0.820024     16.322415 16.322415 0.992865
587.572266 339.753021     140.308594 -9.472656 11.718750     -0.820024 -0.572330 0.572330 -0.820024     16.322415 16.322415 3.823353
536.290039 217.461655     48.984375 14.125000 32.375000     -0.606400 -0.795160 0.795160 -0.606400     51.608507 51.608507 0.901326
412.415710 66.381874     13481.140625 10072.406250 12541.925781     0.189592 -0.981863 0.981863 0.189592     21.340431 21.340431 4.842281
218.166672 317.508545     132.312500 87.257812 66.431641     -0.579865 -0.814713 0.814713 -0.579865     21.917029 21.917029 0.829031
218.166672 317.508545     36.886719 -7.578125 35.000000     -0.579865 -0.814713 0.814713 -0.579865     21.917029 21.917029 2.319636
532.480835 216.101425     46.539062 4.625000 25.710938     -0.687751 -0.725947 0.725947 -0.687751     57.585790 57.585790 0.981372
397.144928 136.425125     80.312500 55.484375 46.468750     -0.743700 -0.668513 0.668513 -0.743700     10.330763 10.330763 1.424461
532.231201 216.800583     137.527344 -6.937500 12.820312     -0.676273 -0.736651 0.736651 -0.676273     59.209566 59.209566 0.981038
413.558502 64.409775     1233.162109 -84.746094 246.093750     0.186642 -0.982428 0.982428 0.186642     22.780200 22.780200 4.819712
518.163818 368.370697     47.296875 12.179688 32.878906     -0.821430 -0.570309 0.570309 -0.821430     18.508031 18.508031 1.247313
518.163818 368.370697     12252.554688 7552.945312 10777.349609     -0.821430 -0.570309 0.570309 -0.821430     18.508031 18.508031 4.005922
143.754379 153.690063     11902.750000 -176.246094 22789.464844     -0.765648 0.643260 -0.643260 -0.765648     16.163267 16.163267 0.633878
143.754379 153.690063     47.234375 12.492188 33.421875     -0.765648 0.643260 -0.643260 -0.765648     16.163267 16.163267 1.780083
284.478058 21.214634     236.812500 -163.857422 511.174194     -0.692100 -0.721801 0.721801 -0.692100     15.306331 15.306331 3.251655
284.478058 21.214634     15.851562 -8.027344 42.218750     -0.692100 -0.721801 0.721801 -0.692100     15.306331 15.306331 5.372023
145.671432 173.496429     29.968750 18.632812 29.675781     -0.819932 0.572461 -0.572461 -0.819932     18.499563 18.499563 0.227847
145.671432 173.496429     49.343750 14.750000 36.968750     -0.819932 0.572461 -0.572461 -0.819932     18.499563 18.499563 1.247052
415.653137 61.619617     31.195312 18.429688 31.136719     0.198986 -0.980002 0.980002 0.198986     26.677521 26.677521 4.863377
173.523132 333.770630     18.117188 -9.421875 48.847656     -0.903837 -0.427877 0.427877 -0.903837     19.134342 19.134342 1.040321
173.523132 333.770630     48.625000 -7.268799 14.164694     -0.903837 -0.427877 0.427877 -0.903837     19.134342 19.134342 3.642384
397.242432 136.601730     33.604115 -20.718906 57.957634     -0.740857 -0.671663 0.671663 -0.740857     11.130454 11.130454 1.410114
416.864929 59.934162     59.543785 -33.089058 82.538101     0.214169 -0.976797 0.976797 0.214169     29.005507 29.005507 4.880233
284.305664 21.074236     52.062500 15.289062 41.203125     -0.659413 -0.751781 0.751781 -0.659413     16.125429 16.125429 3.178623
284.305664 21.074236     27.601562 -13.507812 18.675781     -0.659413 -0.751781 0.751781 -0.659413     16.125429 16.125429 5.326140
145.284409 174.883789     147.968750 38.343750 61.484375     0.496172 -0.868224 0.868224 0.496172     20.620396 20.620396 3.955298
143.312164 154.211639     237.718750 82.437500 128.671875     -0.747071 0.664744 -0.664744 -0.747071     17.000706 17.000706 0.692609
143.312164 154.211639     223.210510 -104.170624 248.065399     -0.747071 0.664744 -0.664744 -0.747071     17.000706 17.000706 1.792484
418.338470 57.934856     16163.625000 -3106.226562 21622.703125     0.235400 -0.971899 0.971899 0.235400     31.898543 31.898543 4.857005
402.773834 141.280655     78.914062 18.648438 54.945312     -0.780199 -0.625532 0.625532 -0.780199     12.155212 12.155212 1.492180
425.691956 123.897324     306.070862 -135.697205 344.443542     0.417732 -0.908570 0.908570 0.417732     19.303399 19.303399 5.100497
436.197449 130.186646     580.218750 506.375000 785.953125     -0.498425 -0.866933 0.866933 -0.498425     33.242655 33.242655 4.172963
404.263031 143.206528     453.663208 -231.947876 881.845215     -0.785234 -0.619199 0.619199 -0.785234     14.344234 14.344234 1.495668
440.289337 122.285110     89.078125 15.386719 53.410156     -0.106010 -0.994365 0.994365 -0.106010     51.076254 51.076254 2.264271
440.289337 122.285110     466.832153 -292.947876 1417.581543     -0.106010 -0.994365 0.994365 -0.106010     51.076254 51.076254 3.668654
404.466522 143.659454     60.468750 28.402344 130.970215     -0.787227 -0.616663 0.616663 -0.787227     15.215002 15.215002 1.491152
406.565063 147.653061     22.500000 16.609375 68.179688     -0.783359 -0.621569 0.621569 -0.783359     18.946370 18.946370 1.466905
406.565063 147.653061     8.617188 2.507812 40.468750     -0.783359 -0.621569 0.621569 -0.783359     18.946370 18.946370 3.359049
408.638092 149.459915     24.500000 1.117188 69.503906     -0.793545 -0.608511 0.608511 -0.793545     19.465697 19.465697 1.493200
408.638092 149.459915     13.507812 0.468750 41.125000     -0.793545 -0.608511 0.608511 -0.793545     19.465697 19.465697 3.511161
284.190491 21.134920     393.598450 -808.566895 14883.097656     -0.663751 -0.747954 0.747954 -0.663751     17.096324 17.096324 3.180251
284.190491 21.134920     81.671875 -42.578125 61.492188     -0.663751 -0.747954 0.747954 -0.663751     17.096324 17.096324 5.339319
290.068634 37.323528     15.640625 -126.075684 1082.041260     -0.976612 -0.215009 0.215009 -0.976612     10.499812 10.499812 4.339574
509.795349 240.790695     424.646423 -1020.802246 17559.136719     0.181975 -0.983303 0.983303 0.181975     26.068558 26.068558 4.155658
509.795349 240.790695     69.533203 -606.217285 5435.444336     0.181975 -0.983303 0.983303 0.181975     26.068558 26.068558 6.371230
509.234833 241.036438     38.629883 -135.094971 736.412720     0.147442 -0.989071 0.989071 0.147442     28.287686 28.287686 0.149097
509.234833 241.036438     13.023438 0.765625 114.562500     0.147442 -0.989071 0.989071 0.147442     28.287686 28.287686 4.074739
476.110596 218.557602     530.370850 -1121.200195 18860.261719     -0.999204 -0.039884 0.039884 -0.999204     14.149419 14.149419 2.718927
476.110596 218.557602     4.381836 -37.132812 408.484375     -0.999204 -0.039884 0.039884 -0.999204     14.149419 14.149419 4.752277
508.706085 241.175629     62.789062 7.757812 14.625000     0.098087 -0.995178 0.995178 0.098087     29.136142 29.136142 0.208549
508.706085 241.175629     13.007812 16.125000 74.308594     0.098087 -0.995178 0.995178 0.098087     29.136142 29.136142 4.161060
393.026062 297.123779     133.604492 186.671875 264.046875     -0.999054 -0.043495 0.043495 -0.999054     13.039366 13.039366 4.922911
480.312317 218.853867     138.094727 192.636719 279.031250     -0.993136 -0.116967 0.116967 -0.993136     16.242691 16.242691 2.489895
480.312317 218.853867     147.598633 187.500000 265.890625     -0.993136 -0.116967 0.116967 -0.993136     16.242691 16.242691 4.745033
295.231140 20.433962     86.156250 22.671875 15.984375     -0.660187 -0.751102 0.751102 -0.660187     6.979269 6.979269 4.816532
505.844269 242.327866     67.986343 -54.093262 305.581177     -0.861341 0.508027 -0.508027 -0.861341     32.919868 32.919868 2.216120
396.033600 296.844543     29.562908 17.474365 42.843750     -0.997814 0.066078 -0.066078 -0.997814     15.731089 15.731089 4.971922
296.791229 20.889175     65.431892 -91.795135 721.809937     -0.642490 -0.766294 0.766294 -0.642490     9.569564 9.569564 4.821329
504.880768 242.085159     48.206062 37.669434 143.390625     -0.966057 0.258328 -0.258328 -0.966057     34.643901 34.643901 2.073783
472.990295 216.326859     20.812500 10.643066 30.956711     -0.993011 -0.118025 0.118025 -0.993011     22.723512 22.723512 4.709008
297.851074 21.520309     14.984375 13.046875 48.265625     -0.616668 -0.787223 0.787223 -0.616668     11.632886 11.632886 4.828974
486.088135 226.877701     68.167313 56.755859 251.031250     -0.849991 -0.526797 0.526797 -0.849991     41.515646 41.515646 1.513110
486.088135 226.877701     64.906250 23.274414 35.877403     -0.849991 -0.526797 0.526797 -0.849991     41.515646 41.515646 2.263189
395.128815 297.122040     67.368652 -106.957336 2413.195312     -0.996651 0.081778 -0.081778 -0.996651     16.607918 16.607918 4.988100
297.213257 100.312798     75.406250 35.288086 107.513855     -0.835931 -0.548834 0.548834 -0.835931     5.946326 5.946326 1.236715
297.213257 100.312798     32.843750 11.640625 112.937500     -0.835931 -0.548834 0.548834 -0.835931     5.946326 5.946326 5.111123
304.573975 28.631506     88.103256 239.374023 4009.890625     -0.650718 -0.759320 0.759320 -0.650718     12.784086 12.784086 4.820383
469.570740 250.102432     21.828125 -2.578125 23.519531     -0.960798 0.277249 -0.277249 -0.960798     16.152229 16.152229 4.455295
469.570740 250.102432     214.812500 102.397461 219.185669     -0.960798 0.277249 -0.277249 -0.960798     16.152229 16.152229 5.201667
394.163452 296.952454     16.656250 14.304688 51.289062     -0.995730 0.092309 -0.092309 -0.995730     18.568249 18.568249 5.005713
485.731598 226.775269     309.500000 137.418945 336.750610     -0.845543 -0.533907 0.533907 -0.845543     43.563749 43.563749 1.537380
485.731598 226.775269     38.312500 0.546875 149.074219     -0.845543 -0.533907 0.533907 -0.845543     43.563749 43.563749 2.304657
322.168427 47.257858     53.406250 30.992188 107.554688     -0.672849 -0.739780 0.739780 -0.672849     15.338553 15.338553 4.781192
300.113556 102.468864     107.232086 298.053711 20271.867188     -0.827725 -0.561134 0.561134 -0.827725     6.300728 6.300728 1.271262
300.113556 102.468864     36.500000 2.953125 64.519531     -0.827725 -0.561134 0.561134 -0.827725     6.300728 6.300728 5.100034
324.331543 49.321548     380.406250 147.261719 758.985474     -0.666534 -0.745474 0.745474 -0.666534     16.971471 16.971471 1.604750
324.331543 49.321548     1.547607 8.423706 283.763611     -0.666534 -0.745474 0.745474 -0.666534     16.971471 16.971471 4.803427
470.131683 249.427979     114.781250 -21.390625 27.733398     -0.928314 0.371798 -0.371798 -0.928314     16.590048 16.590048 4.546181
409.837219 290.416443     25.117188 14.070312 62.679688     -0.948372 0.317160 -0.317160 -0.948372     24.657753 24.657753 5.078366
326.096436 50.967854     2.502686 21.568726 758.260498     -0.663993 -0.747739 0.747739 -0.663993     18.159428 18.159428 1.607763
326.096436 50.967854     34.710938 27.718750 79.546875     -0.663993 -0.747739 0.747739 -0.663993     18.159428 18.159428 4.807676
483.265045 229.731384     2.880615 24.499756 1037.617310     -0.825763 -0.564018 0.564018 -0.825763     63.002784 63.002784 2.442517
483.265045 229.731384     151.772064 60.652832 20913.769531     -0.825763 -0.564018 0.564018 -0.825763     63.002784 63.002784 5.201251
444.985657 184.263153     10.438965 225.847656 5293.718750     -0.849736 -0.527209 0.527209 -0.849736     7.756136 7.756136 5.070180
300.609528 102.911110     23.640625 -0.250000 26.816406     -0.827310 -0.561745 0.561745 -0.827310     6.597110 6.597110 1.219224
300.609528 102.911110     39.867188 32.187500 86.656250     -0.827310 -0.561745 0.561745 -0.827310     6.597110 6.597110 5.089782
337.157532 61.841488     3.098145 23.625000 370.609375     -0.692179 -0.721726 0.721726 -0.692179     20.194827 20.194827 1.610955
337.157532 61.841488     4.875977 37.517578 565.734375     -0.692179 -0.721726 0.721726 -0.692179     20.194827 20.194827 4.775555
333.816528 98.399086     7.392090 71.130859 1198.796875     -0.683457 -0.729991 0.729991 -0.683457     8.943867 8.943867 1.929303
333.816528 98.399086     26.796875 8.882812 37.105469     -0.683457 -0.729991 0.729991 -0.683457     8.943867 8.943867 5.757930
444.896118 184.220779     45.804688 20.757812 92.921875     -0.851872 -0.523751 0.523751 -0.851872     7.720943 7.720943 5.073905
411.660828 289.677612     32.250000 405.966797 6921.187500     -0.944615 0.328181 -0.328181 -0.944615     24.429432 24.429432 5.099580
329.874420 100.914696     34.234375 16.703125 44.703125     -0.778458 -0.627696 0.627696 -0.778458     30.292788 30.292788 0.254481
329.874420 100.914696     48.312500 56.363281 91.658203     -0.778458 -0.627696 0.627696 -0.778458     30.292788 30.292788 2.926873
301.696960 103.694214     85.416260 -24.080566 34.300293     -0.825957 -0.563733 0.563733 -0.825957     6.924897 6.924897 5.125727
452.340637 250.368073     21.084961 -3.645508 33.342773     -0.770133 0.637884 -0.637884 -0.770133     105.580120 105.580120 1.260144
452.340637 250.368073     11.387650 38.935181 293.244141     -0.770133 0.637884 -0.637884 -0.770133     105.580120 105.580120 4.870056
238.168106 307.392242     28.202148 -5.074707 35.206055     -0.992727 0.120389 -0.120389 -0.992727     15.060712 15.060712 1.305162
238.168106 307.392242     95.481934 -38.203125 54.455566     -0.992727 0.120389 -0.120389 -0.992727     15.060712 15.060712 4.527738
352.628174 74.469643     99.767822 -39.645996 60.594727     -0.737035 -0.675855 0.675855 -0.737035     41.414972 41.414972 1.639864
352.628174 74.469643     37.572266 -4.421875 22.167969     -0.737035 -0.675855 0.675855 -0.737035     41.414972 41.414972 4.790443
194.615005 315.899994     82.593750 -13.207031 16.433533     -0.879958 0.475051 -0.475051 -0.879958     13.340059 13.340059 1.752755
194.615005 315.899994     81.515625 -14.017578 18.299622     -0.879958 0.475051 -0.475051 -0.879958     13.340059 13.340059 4.446458
446.772949 311.558685     270.187500 -121.480469 63.354492     0.409703 -0.912219 0.912219 0.409703     16.924336 16.924336 1.140372
329.636780 100.018867     404.843750 -178.902344 102.960938     -0.832447 -0.554105 0.554105 -0.832447     30.811385 30.811385 0.568498
329.636780 100.018867     40.703125 -37.666992 60.031250     -0.832447 -0.554105 0.554105 -0.832447     30.811385 30.811385 3.118801
304.061462 105.361702     843.562500 -63.559204 5.296486     -0.826953 -0.562270 0.562270 -0.826953     7.130557 7.130557 1.575278
304.061462 105.361702     909.843750 -67.297852 5.653554     -0.826953 -0.562270 0.562270 -0.826953     7.130557 7.130557 5.102926
451.941101 256.472382     981.343750 -69.398193 5.822765     -0.707296 0.706917 -0.706917 -0.707296     115.073178 115.073178 1.328048
451.941101 256.472382     1077.812500 -75.083862 6.412306     -0.707296 0.706917 -0.706917 -0.707296     115.073178 115.073178 4.119410
395.333344 64.825874     1115.312500 -74.161011 6.578406     0.189162 -0.981946 0.981946 0.189162     15.136790 15.136790 6.377424
238.389511 307.621735     1097.281250 -70.236206 6.781468     -0.994379 0.105877 -0.105877 -0.994379     15.543372 15.543372 1.298756
238.389511 307.621735     1107.843750 -113.807251 12.068563     -0.994379 0.105877 -0.105877 -0.994379     15.543372 15.543372 4.521026
191.882523 315.686737     22.914062 17.585938 56.652344     -0.944874 0.327433 -0.327433 -0.944874     15.381656 15.381656 1.678480
355.136780 77.412621     533.291016 -276.183594 1396.953125     -0.737371 -0.675488 0.675488 -0.737371     40.998410 40.998410 1.597337
355.136780 77.412621     264.919922 -13.937500 71.937500     -0.737371 -0.675488 0.675488 -0.737371     40.998410 40.998410 4.740953
164.799881 379.428558     298.044922 -83.833984 210.570312     -0.980639 0.195823 -0.195823 -0.980639     32.054991 32.054991 4.814943
391.709717 63.541714     1460.515625 -72.140625 356.601562     0.420118 -0.907469 0.907469 0.420118     30.158820 30.158820 5.889708
188.822815 400.031555     287.259766 -12.078125 174.039062     -0.998167 -0.060527 0.060527 -0.998167     7.040481 7.040481 1.565676
329.409973 99.630753     485.794922 -52.628906 83.468750     -0.835464 -0.549545 0.549545 -0.835464     31.033505 31.033505 0.513923
329.409973 99.630753     143.937500 -63.496094 52.636719     -0.835464 -0.549545 0.549545 -0.835464     31.033505 31.033505 3.667002
303.387634 105.187630     616.780273 -74.058594 88.484375     -0.834018 -0.551738 0.551738 -0.834018     8.256805 8.256805 1.563900
190.052109 316.017365     1730.109375 -82.250000 450.078125     -0.961058 0.276346 -0.276346 -0.961058     15.461858 15.461858 1.632064
244.364700 218.576477     26.628906 7.878906 45.308594     -0.997326 0.073074 -0.073074 -0.997326     14.941550 14.941550 1.240408
244.364700 218.576477     30.843750 10.570312 64.484375     -0.997326 0.073074 -0.073074 -0.997326     14.941550 14.941550 4.795645
400.228149 246.486694     303.767578 67.718750 433.863281     -0.867996 -0.496572 0.496572 -0.867996     22.180126 22.180126 2.474324
400.228149 246.486694     570.305664 -117.837891 2191.687500     -0.867996 -0.496572 0.496572 -0.867996     22.180126 22.180126 5.021033
236.456055 304.997620     7601.359375 -744.703125 485.476562     -0.999576 -0.029131 0.029131 -0.999576     22.442062 22.442062 1.102544
327.897186 99.030373     151.218750 -82.523438 83.136719     -0.869092 -0.494651 0.494651 -0.869092     31.468771 31.468771 0.667688
327.897186 99.030373     33.847656 15.738281 62.119141     -0.869092 -0.494651 0.494651 -0.869092     31.468771 31.468771 3.828613
254.481934 356.116455     26.492188 14.960938 61.716797     -0.406839 -0.913500 0.913500 -0.406839     19.950218 19.950218 1.480326
433.306610 360.094330     872.115234 -97.937500 90.351562     -0.146098 -0.989270 0.989270 -0.146098     20.574403 20.574403 3.556013
433.306610 360.094330     304.115234 -4.113281 178.820312     -0.146098 -0.989270 0.989270 -0.146098     20.574403 20.574403 3.913344
372.852081 136.816727     1108.859375 -117.132812 91.578125     -0.822551 -0.568692 0.568692 -0.822551     11.117507 11.117507 1.323734
233.672546 363.554169     343.218750 6.578125 180.718750     -0.749510 0.661993 -0.661993 -0.749510     23.941837 23.941837 0.343457
246.938614 329.306915     624.775391 -142.980469 2230.695312     -0.978245 -0.207455 0.207455 -0.978245     22.378224 22.378224 1.998892
188.801712 316.409393     6572.921875 -3522.937500 7233.660156     -0.965562 0.260173 -0.260173 -0.965562     15.975219 15.975219 1.615459
424.251221 391.325134     53.363281 0.390625 115.039062     -0.801195 -0.598403 0.598403 -0.801195     9.108566 9.108566 2.809387
373.291779 136.872681     208.159180 -50.189453 18.468750     -0.819845 -0.572586 0.572586 -0.819845     11.676489 11.676489 1.285804
373.291779 136.872681     114.890625 15.375000 242.996094     -0.819845 -0.572586 0.572586 -0.819845     11.676489 11.676489 3.210369
400.235107 246.036423     138.953125 -55.316406 189.378906     -0.862534 -0.505998 0.505998 -0.862534     22.406605 22.406605 2.466216
400.235107 246.036423     1513.264648 -135.601562 92.109375     -0.862534 -0.505998 0.505998 -0.862534     22.406605 22.406605 5.022218
445.579590 17.110205     352.021484 63.914062 471.894531     0.309224 -0.950989 0.950989 0.309224     8.336460 8.336460 4.687830
211.434555 340.579071     248.621094 -58.304688 20.406250     -0.981051 -0.193748 0.193748 -0.981051     32.090895 32.090895 2.325825
211.434555 340.579071     364.839844 95.628906 1174.250000     -0.981051 -0.193748 0.193748 -0.981051     32.090895 32.090895 5.426480
423.899994 390.469238     28356.664062 -3831.210938 6830.757812     -0.803654 -0.595097 0.595097 -0.803654     10.440739 10.440739 2.852518
244.841064 218.794708     26.097656 -20.265625 148.109375     -0.998466 0.055374 -0.055374 -0.998466     15.868843 15.868843 1.203015
244.841064 218.794708     41.308594 25.943359 75.542969     -0.998466 0.055374 -0.055374 -0.998466     15.868843 15.868843 4.760137
440.770416 34.501102     666.563477 -138.453125 35.359375     0.297376 -0.954760 0.954760 0.297376     8.563065 8.563065 4.722387
159.218124 381.535187     823.352539 -163.363281 39.093750     -0.996387 0.084925 -0.084925 -0.996387     69.549479 69.549479 4.813384
243.240005 360.183228     57.015625 -79.062500 448.292969     -0.931659 0.363333 -0.363333 -0.931659     26.274319 26.274319 1.526905
202.781677 331.484222     136.054688 -53.621094 217.945312     -0.805104 -0.593134 0.593134 -0.805104     40.154736 40.154736 1.086467
202.781677 331.484222     56.410156 0.160156 118.666016     -0.805104 -0.593134 0.593134 -0.805104     40.154736 40.154736 2.077336
241.651108 316.152344     2937.472656 -488.148438 90.140625     -0.590731 -0.806868 0.806868 -0.590731     35.293006 35.293006 1.489767
241.651108 316.152344     9.044922 20.070312 1348.398438     -0.590731 -0.806868 0.806868 -0.590731     35.293006 35.293006 5.105119
442.844391 33.203388     117.265625 18.437500 262.386719     0.339195 -0.940716 0.940716 0.339195     16.675200 16.675200 4.723099
400.334320 245.701187     102.906250 -39.468750 29.796875     -0.868721 -0.495302 0.495302 -0.868721     22.916733 22.916733 5.027917
245.692307 281.881134     145.062500 20.484375 89.570312     -0.999891 -0.014785 0.014785 -0.999891     18.346976 18.346976 1.575942
250.084702 237.491821     60.960938 -3.054688 122.605469     -0.215633 -0.976474 0.976474 -0.215633     40.684264 40.684264 1.570374
250.084702 237.491821     395.074219 84.585938 1278.609375     -0.215633 -0.976474 0.976474 -0.215633     40.684264 40.684264 4.778314
400.282654 245.386673     25.335938 -17.066406 192.871094     -0.861345 -0.508021 0.508021 -0.861345     22.969397 22.969397 4.981900
289.957611 198.717316     33.585938 5.070312 17.294922     0.270069 -0.962841 0.962841 0.270069     16.595153 16.595153 4.571244
184.749283 215.602310     43.710938 -92.007812 1531.695312     -0.975738 -0.218943 0.218943 -0.975738     15.123681 15.123681 4.751129
299.093475 272.674225     73.027344 -127.621094 633.648438     -0.930428 0.366476 -0.366476 -0.930428     16.780358 16.780358 1.717925
299.093475 272.674225     116.046875 -21.406250 702.535156     -0.930428 0.366476 -0.366476 -0.930428     16.780358 16.780358 4.632584
305.293030 229.813950     51.664062 78.003906 284.091797     -0.709881 -0.704322 0.704322 -0.709881     15.052401 15.052401 1.732208
305.293030 229.813950     134.031250 -35.218750 40.828125     -0.709881 -0.704322 0.704322 -0.709881     15.052401 15.052401 5.472246
400.453674 245.083130     139.445312 -42.398438 239.246094     -0.832717 -0.553699 0.553699 -0.832717     23.452302 23.452302 2.756006
400.453674 245.083130     131.910156 -54.050781 1639.351562     -0.832717 -0.553699 0.553699 -0.832717     23.452302 23.452302 5.031898
305.268005 229.235992     119.781250 27.812500 283.679688     -0.707669 -0.706545 0.706545 -0.707669     16.059582 16.059582 1.682277
305.268005 229.235992     211.949219 269.332031 2301.449219     -0.707669 -0.706545 0.706545 -0.707669     16.059582 16.059582 5.514379
290.003204 198.474365     141.000000 -40.406250 47.296875     0.271578 -0.962416 0.962416 0.271578     17.692778 17.692778 4.512363
299.282104 272.372803     30135.257812 -3505.265625 6982.449219     -0.925613 0.378470 -0.378470 -0.925613     17.825251 17.825251 1.748616
299.282104 272.372803     35.812500 5.093750 17.253906     -0.925613 0.378470 -0.378470 -0.925613     17.825251 17.825251 4.662933
305.607513 228.484634     124.656250 51.601562 328.187500     -0.772303 -0.635254 0.635254 -0.772303     18.712210 18.712210 5.617526
401.136932 244.954361     147.250000 -40.750000 81.828125     -0.816902 -0.576776 0.576776 -0.816902     24.814648 24.814648 2.711586
401.136932 244.954361     61.703125 82.121094 116.341797     -0.816902 -0.576776 0.576776 -0.816902     24.814648 24.814648 5.008039
305.708740 206.951462     60.484375 -110.171875 1596.769531     -0.810467 0.585784 -0.585784 -0.810467     13.434362 13.434362 1.350037
396.978760 236.618973     63.472656 83.800781 118.044922     -0.511003 -0.859579 0.859579 -0.511003     24.091836 24.091836 4.726620
296.136200 201.940857     1650.113281 402.671875 2220.765625     -0.877677 -0.479253 0.479253 -0.877677     30.107112 30.107112 1.647100
296.136200 201.940857     1247.875000 -60.593750 84.203125     -0.877677 -0.479253 0.479253 -0.877677     30.107112 30.107112 4.904860
295.387360 202.162079     256.132812 45.267578 20.185547     -0.937322 -0.348464 0.348464 -0.937322     31.076044 31.076044 1.725329
295.387360 202.162079     100.974365 -124.472168 182.559570     -0.937322 -0.348464 0.348464 -0.937322     31.076044 31.076044 4.990012
344.851837 284.773163     30488.812500 -854.835938 12786.902344     -0.078014 -0.996952 0.996952 -0.078014     13.058489 13.058489 4.508574
588.981201 259.240601     331.890625 -76.726562 104.278320     0.102170 -0.994767 0.994767 0.102170     19.998807 19.998807 2.300630
588.981201 259.240601     174.890625 6.726562 72.414062     0.102170 -0.994767 0.994767 0.102170     19.998807 19.998807 5.300992
344.430817 285.252960     129.546875 67.117188 363.093750     -0.016966 -0.999856 0.999856 -0.016966     16.533969 16.533969 4.409510
338.366028 289.150726     17.471346 3.328247 82.140625     -0.784406 0.620247 -0.620247 -0.784406     23.737117 23.737117 1.808490
338.366028 289.150726     2.405079 8.195557 342.484375     -0.784406 0.620247 -0.620247 -0.784406     23.737117 23.737117 4.575747
337.510284 290.030853     133.922089 -23.337891 33.062500     -0.762833 0.646595 -0.646595 -0.762833     23.891808 23.891808 4.689504
95.709801 39.843136     27.031319 15.176758 115.515625     0.117473 -0.993076 0.993076 0.117473     3.901179 3.901179 1.589256
95.709801 39.843136     178.937500 -42.656250 14.859375     0.117473 -0.993076 0.993076 0.117473     3.901179 3.901179 4.710973
94.536934 48.696022     26.418045 21.996826 170.820312     0.115833 -0.993269 0.993269 0.115833     4.358221 4.358221 1.593710
94.536934 48.696022     48.466866 -29.998787 63.522476     0.115833 -0.993269 0.993269 0.115833     4.358221 4.358221 4.706846
93.488174 56.019356     27.139194 26.983643 207.203125     0.113839 -0.993499 0.993499 0.113839     5.277004 5.277004 1.593478
93.488174 56.019356     958.270264 -24.128906 15.109375     0.113839 -0.993499 0.993499 0.113839     5.277004 5.277004 4.707374
112.418861 27.504387     2.278028 10.375397 589.996094     0.190471 -0.981693 0.981693 0.190471     13.404138 13.404138 1.584292
89.186401 93.559196     51.429321 -11.508545 17.734375     0.110881 -0.993834 0.993834 0.110881     6.199442 6.199442 1.589539
112.663071 32.929920     2.881623 15.667084 823.191406     0.183668 -0.982988 0.982988 0.183668     16.465207 16.465207 1.590457
283.508423 343.800568     162.033203 -26.648438 16.132812     -0.007540 -0.999972 0.999972 -0.007540     16.236001 16.236001 4.856908
72.244637 369.772522     95.460938 -77.974609 131.406860     0.090751 -0.995874 0.995874 0.090751     4.495614 4.495614 1.553358
329.781555 217.160187     45.625000 -67.796875 138.574829     -0.987884 -0.155192 0.155192 -0.987884     16.476566 16.476566 4.881963
349.125458 213.483398     192.531250 -90.785156 70.947998     -0.239793 -0.970824 0.970824 -0.239793     13.518701 13.518701 1.397019
349.125458 213.483398     38.000000 -31.274414 59.680847     -0.239793 -0.970824 0.970824 -0.239793     13.518701 13.518701 4.528254
93.411293 448.024200     116.921875 30.343750 20.968750     -0.578862 -0.815425 0.815425 -0.578862     4.693819 4.693819 4.744074
92.664200 445.681488     97.500000 -69.304688 92.402344     -0.572912 -0.819617 0.819617 -0.572912     8.348501 8.348501 4.780672
95.504120 446.309052     87.007812 35.042969 26.982422     -0.591256 -0.806484 0.806484 -0.591256     14.327505 14.327505 4.844389
