1.0
563
292.292358 263.021179     13.992188 -2.375000 126.101562     0.021170 -0.999776 0.999776 0.021170     16.802482 16.802482 1.554175
292.463226 262.566162     14.140625 -3.226562 130.859375     0.027612 -0.999619 0.999619 0.027612     16.868398 16.868398 1.539733
292.463226 262.566162     27.726562 -7.617188 91.414062     0.027612 -0.999619 0.999619 0.027612     16.868398 16.868398 4.672995
265.607697 265.292297     2.671875 -6.898438 189.070312     0.117127 -0.993117 0.993117 0.117127     23.308175 23.308175 1.472314
265.607697 265.292297     101.226562 -27.375000 26.453125     0.117127 -0.993117 0.993117 0.117127     23.308175 23.308175 6.123291
210.943390 332.353760     2.937500 -11.046875 310.257812     0.036933 -0.999318 0.999318 0.036933     6.995899 6.995899 2.902174
272.429810 304.713470     14.601562 -3.507812 134.070312     -0.950483 0.310776 -0.310776 -0.950483     18.826149 18.826149 3.844130
210.698624 335.215759     3.218750 -1.992188 224.023438     0.035876 -0.999356 0.999356 0.035876     7.173123 7.173123 2.871872
292.566040 263.091187     27.835938 -7.125000 91.515625     0.029324 -0.999570 0.999570 0.029324     17.134695 17.134695 1.560528
292.566040 263.091187     292.554688 -91.703125 87.007812     0.029324 -0.999570 0.999570 0.029324     17.134695 17.134695 4.705054
186.756104 331.638214     3.023438 -17.273438 447.906250     0.009021 -0.999959 0.999959 0.009021     8.050822 8.050822 3.239961
265.729736 265.597961     16.953125 -8.570312 124.703125     0.109853 -0.993948 0.993948 0.109853     23.403666 23.403666 1.480844
265.729736 265.597961     4.035156 -20.726562 574.343750     0.109853 -0.993948 0.993948 0.109853     23.403666 23.403666 6.142952
258.984894 310.825775     319.375000 -135.757812 184.578125     -0.934385 0.356265 -0.356265 -0.934385     32.463356 32.463356 1.754945
258.984894 310.825775     4.699219 -37.835938 1003.718750     -0.934385 0.356265 -0.356265 -0.934385     32.463356 32.463356 3.897571
210.679306 334.944611     2.855469 -4.109375 913.703125     0.038739 -0.999249 0.999249 0.038739     6.903902 6.903902 2.782119
365.809753 256.765839     16.468750 -2.875000 175.539062     0.078796 -0.996891 0.996891 0.078796     18.154425 18.154425 1.568449
186.170990 344.370453     350.742188 -120.179688 181.445312     0.036271 -0.999342 0.999342 0.036271     8.153435 8.153435 2.876246
255.358368 315.959106     3.531250 -36.500000 2225.882812     -0.849905 0.526937 -0.526937 -0.849905     45.091926 45.091926 1.894006
255.358368 315.959106     26.531250 26.859375 158.187500     -0.849905 0.526937 -0.526937 -0.849905     45.091926 45.091926 3.993782
186.547577 341.613586     606.585938 -157.531250 185.039062     0.037792 -0.999286 0.999286 0.037792     8.135304 8.135304 2.810208
186.547577 341.613586     215.968750 -2.796875 5.996094     0.037792 -0.999286 0.999286 0.037792     8.135304 8.135304 4.752908
210.416672 333.021332     4.460938 -54.656250 1998.585938     0.004511 -0.999990 0.999990 0.004511     7.579434 7.579434 3.459252
210.416672 333.021332     7.503906 -64.593750 2595.765625     0.004511 -0.999990 0.999990 0.004511     7.579434 7.579434 4.725957
366.232727 260.116364     336.859375 33.894531 51.511719     0.018065 -0.999837 0.999837 0.018065     18.232945 18.232945 1.572531
256.234497 316.880463     4.453125 -47.699219 2103.515625     -0.887650 0.460518 -0.460518 -0.887650     49.108877 49.108877 1.880600
256.234497 316.880463     1063.835938 -204.921875 252.078125     -0.887650 0.460518 -0.460518 -0.887650     49.108877 49.108877 3.898317
210.808395 314.905518     29.835938 -3.210938 165.718750     0.016417 -0.999865 0.999865 0.016417     7.705301 7.705301 4.719381
315.889832 256.038147     8.054688 -59.570312 2986.992188     -0.192493 -0.981298 0.981298 -0.192493     20.750067 20.750067 1.729392
315.889832 256.038147     598.601562 11.125000 104.898438     -0.192493 -0.981298 0.981298 -0.192493     20.750067 20.750067 4.771784
264.171906 317.202667     28.593750 -16.000000 124.835938     -0.948947 0.315436 -0.315436 -0.948947     51.833014 51.833014 1.755520
304.384399 217.444443     4.695312 -60.382812 2539.062500     -0.999911 0.013317 -0.013317 -0.999911     10.984836 10.984836 6.372041
186.854614 331.936127     16.750000 -4.351562 171.359375     0.027378 -0.999625 0.999625 0.027378     7.747332 7.747332 4.730892
209.926346 316.539185     0.710938 -19.367188 984.148438     0.024933 -0.999689 0.999689 0.024933     10.923865 10.923865 4.727789
305.840424 211.660995     8.281250 -70.250000 3424.929688     -0.993207 -0.116357 0.116357 -0.993207     31.027450 31.027450 5.916722
186.771912 328.396149     5.058594 -87.871094 4486.546875     0.022706 -0.999742 0.999742 0.022706     8.260613 8.260613 4.732166
276.118713 321.500671     70.812500 -1.812500 110.164062     -0.972799 0.231650 -0.231650 -0.972799     64.159427 64.159427 1.685739
276.118713 321.500671     8.019531 -71.746094 3910.242188     -0.972799 0.231650 -0.231650 -0.972799     64.159427 64.159427 3.742507
265.610840 260.377350     1363.976562 -46.644531 242.785156     0.023610 -0.999721 0.999721 0.023610     24.548770 24.548770 1.522422
265.610840 260.377350     1365.750000 -31.285156 326.898438     0.023610 -0.999721 0.999721 0.023610     24.548770 24.548770 4.719761
209.689224 315.456329     10.285156 -128.824219 4722.062500     0.019985 -0.999800 0.999800 0.019985     11.789593 11.789593 4.730899
307.746521 206.304581     2.406250 1.632812 167.675781     -0.999746 -0.022517 0.022517 -0.999746     46.033895 46.033895 6.214017
291.620453 264.479553     4364.953125 222.906250 1197.414062     0.159810 -0.987148 0.987148 0.159810     22.947135 22.947135 1.549954
186.937698 323.287872     27.882812 27.257812 148.078125     0.023805 -0.999717 0.999717 0.023805     8.121810 8.121810 4.729271
366.163391 260.450989     101.328125 6.781250 103.097656     0.028112 -0.999605 0.999605 0.028112     18.349640 18.349640 1.568151
180.561569 348.655182     2.781250 3.000000 221.886719     0.019682 -0.999806 0.999806 0.019682     2.583801 2.583801 4.711294
209.657349 312.969238     30.156250 -3.648438 169.523438     0.020548 -0.999789 0.999789 0.020548     11.766828 11.766828 4.726137
187.265518 299.428101     7.792969 -64.894531 4483.085938     0.019596 -0.999808 0.999808 0.019596     8.219515 8.219515 4.723295
294.573853 264.925293     116.875000 35.007812 215.406250     0.045913 -0.998945 0.998945 0.045913     37.845293 37.845293 1.613730
294.573853 264.925293     3919.718750 1528.101562 7050.507812     0.045913 -0.998945 0.998945 0.045913     37.845293 37.845293 4.619133
209.654770 307.720001     69.093750 -3.125000 106.515625     0.018377 -0.999831 0.999831 0.018377     11.648706 11.648706 4.733929
296.109955 194.875885     2.968750 2.500000 325.710938     -0.999139 0.041495 -0.041495 -0.999139     69.836748 69.836748 1.644192
295.566193 190.354797     10.261719 -109.265625 5295.773438     -0.999548 0.030074 -0.030074 -0.999548     81.244273 81.244273 1.646408
186.317505 301.963745     150.710938 -31.476562 131.953125     0.027310 -0.999627 0.999627 0.027310     11.704859 11.704859 4.739799
377.052124 199.559235     2.093750 4.890625 469.507812     -0.009878 -0.999951 0.999951 -0.009878     6.957006 6.957006 4.705526
315.831543 256.215057     9.250000 -0.132812 158.062500     -0.211300 -0.977421 0.977421 -0.211300     21.102165 21.102165 1.749039
315.831543 256.215057     121.109375 28.562500 531.992188     -0.211300 -0.977421 0.977421 -0.211300     21.102165 21.102165 4.787186
427.985840 204.523132     2.203125 8.718750 667.535156     -0.659782 -0.751457 0.751457 -0.659782     43.946864 43.946864 3.879326
427.985840 204.523132     9.371094 -69.265625 4544.281250     -0.659782 -0.751457 0.751457 -0.659782     43.946864 43.946864 5.411647
377.011017 195.786758     159.929688 -19.921875 134.117188     -0.013688 -0.999906 0.999906 -0.013688     7.449072 7.449072 4.705701
265.628632 260.439819     36.968750 -2.703125 167.984375     0.026152 -0.999658 0.999658 0.026152     24.672480 24.672480 1.522727
265.628632 260.439819     3.171875 3.960938 752.261719     0.026152 -0.999658 0.999658 0.026152     24.672480 24.672480 4.716583
209.521790 300.278961     121.187500 14.335938 1139.070312     0.014496 -0.999895 0.999895 0.014496     11.779480 11.779480 4.726323
427.177124 196.439331     10.101562 -108.023438 5421.609375     -0.304011 -0.952669 0.952669 -0.304011     46.265489 46.265489 3.580331
294.626343 264.981628     126.250000 18.156250 1318.447266     0.082649 -0.996579 0.996579 0.082649     37.334975 37.334975 1.596580
294.626343 264.981628     31.007812 -3.945312 172.656250     0.082649 -0.996579 0.996579 0.082649     37.334975 37.334975 4.574100
376.954803 190.214691     2.156250 13.832031 1247.761719     -0.007745 -0.999970 0.999970 -0.007745     7.728199 7.728199 4.708000
186.097214 292.339996     3.046875 4.816406 1101.767578     0.020659 -0.999787 0.999787 0.020659     12.731001 12.731001 4.731696
301.301575 262.380951     378.773438 0.226562 145.515625     -0.801735 0.597680 -0.597680 -0.801735     46.870883 46.870883 4.068802
394.134064 183.748596     2.515625 21.832031 1440.750000     -0.010461 -0.999945 0.999945 -0.010461     6.431355 6.431355 4.714989
376.845612 185.642853     2.953125 9.183594 1560.757812     -0.002304 -0.999997 0.999997 -0.002304     8.050878 8.050878 4.708603
343.581726 261.057678     125.921875 11.398438 1976.814453     0.000892 -1.000000 1.000000 0.000892     13.686128 13.686128 1.574444
427.911743 181.207047     35.257812 23.046875 141.648438     -0.069017 -0.997615 0.997615 -0.069017     49.116703 49.116703 3.241959
394.164459 177.044449     3584.601562 2399.648438 13732.242188     -0.013101 -0.999914 0.999914 -0.013101     6.503848 6.503848 4.715314
209.209061 298.078796     2.671875 24.199219 1689.962891     0.015269 -0.999883 0.999883 0.015269     12.974825 12.974825 4.727181
300.440765 262.014801     11.277344 -69.855469 4444.226562     -0.878554 0.477643 -0.477643 -0.878554     49.965461 49.965461 0.556742
300.440765 262.014801     69.078125 1.908691 64.968872     -0.878554 0.477643 -0.477643 -0.878554     49.965461 49.965461 3.861442
362.860748 259.970459     123.125000 -17.191406 2580.201172     0.020619 -0.999787 0.999787 0.020619     27.340232 27.340232 1.569944
376.693970 174.257523     9.765625 -96.972656 5658.203125     -0.005287 -0.999986 0.999986 -0.005287     7.987888 7.987888 4.705069
428.093842 162.703598     383.000000 0.500000 146.554688     -0.014080 -0.999901 0.999901 -0.014080     49.497061 49.497061 3.117229
186.051254 288.771240     36.890625 -2.062500 164.601562     0.019950 -0.999801 0.999801 0.019950     12.684955 12.684955 4.733276
427.851624 157.638657     3.078125 16.082031 1700.404297     -0.015224 -0.999884 0.999884 -0.015224     50.507074 50.507074 3.114186
265.771057 260.250916     14.402344 -67.140625 4442.000000     0.027821 -0.999613 0.999613 0.027821     25.013690 25.013690 1.531892
265.771057 260.250916     69.500000 0.070801 74.512695     0.027821 -0.999613 0.999613 0.027821     25.013690 25.013690 4.717262
394.078552 161.865799     381.429688 -0.968750 147.273438     -0.011103 -0.999938 0.999938 -0.011103     6.368206 6.368206 4.719748
376.719177 164.667130     3531.835938 2342.218750 15545.949219     -0.004384 -0.999990 0.999990 -0.004384     7.827623 7.827623 4.697505
289.940430 261.538330     37.359375 -3.117188 145.742188     -1.000000 -0.000971 0.000971 -1.000000     54.283395 54.283395 1.645483
393.885376 155.603149     133.093750 23.722656 3096.831055     -0.015175 -0.999885 0.999885 -0.015175     6.650715 6.650715 1.578479
393.885376 155.603149     37.828125 -16.429688 66.117188     -0.015175 -0.999885 0.999885 -0.015175     6.650715 6.650715 4.704920
376.658966 154.178040     18.621094 -59.328125 4426.820312     -0.005895 -0.999983 0.999983 -0.005895     7.661886 7.661886 1.565973
376.658966 154.178040     9.804688 -92.253906 5822.179688     -0.005895 -0.999983 0.999983 -0.005895     7.661886 7.661886 4.699997
427.738525 144.038376     36.546875 -0.398438 163.835938     -0.006158 -0.999981 0.999981 -0.006158     50.482636 50.482636 3.064295
427.738525 144.038376     4796.156250 59.171875 14394.695312     -0.006158 -0.999981 0.999981 -0.006158     50.482636 50.482636 4.714966
339.894287 257.694275     15.605469 -79.957031 5556.906250     -0.202998 -0.979179 0.979179 -0.202998     24.843855 24.843855 1.683731
339.894287 257.694275     39.125000 -16.226562 65.578125     -0.202998 -0.979179 0.979179 -0.202998     24.843855 24.843855 4.794050
393.750000 148.868744     3.718750 0.656250 132.718750     -0.014338 -0.999897 0.999897 -0.014338     6.861401 6.861401 1.571107
393.750000 148.868744     19.808594 -68.230469 5435.562500     -0.014338 -0.999897 0.999897 -0.014338     6.861401 6.861401 4.707794
208.766190 297.134033     4935.789062 -38.265625 13901.406250     0.015752 -0.999876 0.999876 0.015752     14.355506 14.355506 4.727329
182.332443 39.643616     4.015625 1.445312 135.453125     -0.930765 -0.365618 0.365618 -0.930765     36.061572 36.061572 1.172554
182.332443 39.643616     38.687500 -16.296875 68.550781     -0.930765 -0.365618 0.365618 -0.930765     36.061572 36.061572 4.255937
428.056519 135.302597     16.328125 14.015625 144.671875     0.006996 -0.999976 0.999976 0.006996     49.908372 49.908372 1.563836
428.056519 135.302597     5620.429688 -604.312500 13820.957031     0.006996 -0.999976 0.999976 0.006996     49.908372 49.908372 2.989642
185.879089 283.107666     17.234375 12.359375 141.484375     0.017160 -0.999853 0.999853 0.017160     12.808240 12.808240 4.734180
290.347504 261.606506     4.250000 2.335938 146.250000     -0.999998 -0.002115 0.002115 -0.999998     54.476702 54.476702 1.600573
362.753357 260.114716     14.625000 0.632812 39.867188     0.016143 -0.999870 0.999870 0.016143     27.319605 27.319605 1.562445
376.701935 146.267548     48.171875 10.320312 145.664062     -0.004957 -0.999988 0.999988 -0.004957     7.953393 7.953393 1.568955
376.701935 146.267548     36.843750 -7.218750 34.257812     -0.004957 -0.999988 0.999988 -0.004957     7.953393 7.953393 4.707825
393.718475 149.989868     5852.781250 -654.882812 13267.238281     -0.009474 -0.999955 0.999955 -0.009474     7.697187 7.697187 1.579565
393.718475 149.989868     47.250000 9.570312 148.414062     -0.009474 -0.999955 0.999955 -0.009474     7.697187 7.697187 4.710441
208.180969 295.449860     48.171875 9.750000 164.921875     0.015159 -0.999885 0.999885 0.015159     16.463144 16.463144 4.743225
181.772720 40.428230     6341.726562 -504.078125 12726.894531     -0.014120 -0.999900 0.999900 -0.014120     37.514727 37.514727 3.092511
181.772720 40.428230     87.234375 -4.875000 19.445312     -0.014120 -0.999900 0.999900 -0.014120     37.514727 37.514727 6.333609
290.680267 261.726837     81.277344 -2.570312 10.640625     -0.999991 0.004137 -0.004137 -0.999991     54.609577 54.609577 1.588023
337.701477 261.749084     60.140625 19.203125 43.328125     0.028725 -0.999587 0.999587 0.028725     27.472047 27.472047 1.588041
337.701477 261.749084     251.269531 108.585938 111.437500     0.028725 -0.999587 0.999587 0.028725     27.472047 27.472047 4.645303
427.481689 126.745033     74.722900 16.349609 16.257812     -0.008004 -0.999968 0.999968 -0.008004     51.877775 51.877775 1.566013
427.481689 126.745033     75.953125 0.468750 15.734375     -0.008004 -0.999968 0.999968 -0.008004     51.877775 51.877775 4.713781
385.487366 252.227432     55.656250 11.164062 29.906250     0.416871 -0.908966 0.908966 0.416871     24.767633 24.767633 1.478474
385.487366 252.227432     142.124023 -45.609375 36.703125     0.416871 -0.908966 0.908966 0.416871     24.767633 24.767633 4.336377
207.566833 293.819397     69.109375 35.437500 67.460938     0.013455 -0.999909 0.999909 0.013455     18.997658 18.997658 4.754508
185.764877 280.120178     88.650391 -61.070312 59.804688     0.015866 -0.999874 0.999874 0.015866     12.996203 12.996203 4.732268
362.647156 260.179016     25.031250 15.128906 66.296875     0.003130 -0.999995 0.999995 0.003130     27.203841 27.203841 1.568851
184.709732 278.306061     68.078125 13.750000 15.953125     0.014425 -0.999896 0.999896 0.014425     17.107095 17.107095 4.744624
385.743500 252.048706     72.843750 -27.203125 63.953125     0.429061 -0.903276 0.903276 0.429061     25.223012 25.223012 1.479685
385.743500 252.048706     167.798828 -27.625000 21.656250     0.429061 -0.903276 0.903276 0.429061     25.223012 25.223012 4.141149
416.433441 259.122864     31.656250 -0.843750 31.785156     -0.095362 -0.995443 0.995443 -0.095362     17.488068 17.488068 0.569498
416.433441 259.122864     103.203125 50.554688 154.503906     -0.095362 -0.995443 0.995443 -0.095362     17.488068 17.488068 1.603832
404.454987 259.200012     106.812500 45.664062 63.890625     -0.005087 -0.999987 0.999987 -0.005087     8.673931 8.673931 1.574119
404.454987 259.200012     47.710938 2.281250 17.312500     -0.005087 -0.999987 0.999987 -0.005087     8.673931 8.673931 4.702632
184.039047 276.660522     157.671875 2.062500 18.328125     0.012596 -0.999921 0.999921 0.012596     19.588768 19.588768 1.524366
184.039047 276.660522     111.300781 57.046875 146.484375     0.012596 -0.999921 0.999921 0.012596     19.588768 19.588768 4.734806
404.477264 259.290924     47.078125 -37.976562 48.035156     -0.010994 -0.999940 0.999940 -0.010994     8.999701 8.999701 1.567817
404.477264 259.290924     76.951660 -33.730469 65.765625     -0.010994 -0.999940 0.999940 -0.010994     8.999701 8.999701 4.702516
385.660919 252.287354     37.066406 -2.738281 38.875000     0.402773 -0.915300 0.915300 0.402773     25.262662 25.262662 1.445714
385.660919 252.287354     35.640625 -15.609375 39.957031     0.402773 -0.915300 0.915300 0.402773     25.262662 25.262662 4.215017
416.443085 259.160004     60.703125 30.203125 41.226562     -0.107308 -0.994226 0.994226 -0.107308     17.320847 17.320847 0.569596
416.443085 259.160004     271.213379 86.994141 120.640625     -0.107308 -0.994226 0.994226 -0.107308     17.320847 17.320847 1.615969
416.678558 259.315948     71.445312 6.453125 54.312500     -0.098032 -0.995183 0.995183 -0.098032     18.009501 18.009501 1.603591
416.678558 259.315948     85.468750 24.046875 29.988281     -0.098032 -0.995183 0.995183 -0.098032     18.009501 18.009501 3.461935
404.657257 259.500000     138.644531 8.265625 32.363281     -0.016444 -0.999865 0.999865 -0.016444     9.234964 9.234964 1.572625
404.657257 259.500000     92.627930 -18.133789 26.757812     -0.016444 -0.999865 0.999865 -0.016444     9.234964 9.234964 4.663842
391.410004 272.834991     182.933594 -31.558594 35.320312     -0.025046 -0.999686 0.999686 -0.025046     17.199860 17.199860 1.557341
412.034119 259.351929     80.718750 -12.437500 46.449219     -0.104128 -0.994564 0.994564 -0.104128     30.880417 30.880417 1.654743
412.034119 259.351929     61.902588 -15.208984 19.359375     -0.104128 -0.994564 0.994564 -0.104128     30.880417 30.880417 3.395815
389.334534 273.868317     51.106445 7.597656 26.171875     -0.766912 0.641753 -0.641753 -0.766912     23.903919 23.903919 3.885664
389.334534 273.868317     170.710938 8.062500 143.203125     -0.766912 0.641753 -0.641753 -0.766912     23.903919 23.903919 5.422190
411.828461 259.246857     51.019531 -24.593750 83.687500     -0.093361 -0.995632 0.995632 -0.093361     30.637232 30.637232 1.643151
411.828461 259.246857     52.500000 -24.265625 42.476562     -0.093361 -0.995632 0.995632 -0.093361     30.637232 30.637232 3.375763
411.860718 258.744049     73.218750 6.328125 15.937500     -0.082654 -0.996578 0.996578 -0.082654     30.969429 30.969429 1.615261
411.860718 258.744049     38.543182 -19.063965 29.031250     -0.082654 -0.996578 0.996578 -0.082654     30.969429 30.969429 3.357013
469.266052 302.963318     82.192520 -24.504883 39.187500     -0.997450 0.071364 -0.071364 -0.997450     19.664807 19.664807 4.726807
127.889999 364.109985     102.367859 2.609375 15.222656     -0.999340 0.036316 -0.036316 -0.999340     14.614418 14.614418 1.007671
127.889999 364.109985     67.593750 16.000000 34.884766     -0.999340 0.036316 -0.036316 -0.999340     14.614418 14.614418 1.319914
154.139008 463.618835     44.384766 17.789062 28.000000     -0.837793 -0.545989 0.545989 -0.837793     15.150092 15.150092 2.088208
304.354370 454.388336     132.437500 61.109375 47.742188     -0.836963 -0.547259 0.547259 -0.836963     24.962595 24.962595 2.356998
133.589035 309.146118     64.030762 20.910156 29.265625     -0.877885 -0.478871 0.478871 -0.877885     32.514084 32.514084 1.322443
46.099010 325.623749     109.062500 11.093750 12.984375     -0.967669 -0.252222 0.252222 -0.967669     15.586058 15.586058 0.229559
46.099010 325.623749     211.742188 5.773438 131.546875     -0.967669 -0.252222 0.252222 -0.967669     15.586058 15.586058 1.666905
438.972717 450.840912     56.267578 5.710938 16.453125     -0.999970 -0.007783 0.007783 -0.999970     17.847891 17.847891 0.601359
438.972717 450.840912     309.281250 43.015625 29.148438     -0.999970 -0.007783 0.007783 -0.999970     17.847891 17.847891 1.737998
246.707687 451.930756     58.968750 -17.875000 22.414062     -0.936889 -0.349626 0.349626 -0.936889     22.830601 22.830601 1.659968
246.707687 451.930756     68.328125 -4.140625 23.953125     -0.936889 -0.349626 0.349626 -0.936889     22.830601 22.830601 2.118394
110.500000 190.924606     164.437500 -2.656250 104.234375     -0.937072 0.349137 -0.349137 -0.937072     19.978109 19.978109 0.440156
110.500000 190.924606     33.312500 2.710938 68.148438     -0.937072 0.349137 -0.349137 -0.937072     19.978109 19.978109 0.957451
487.048767 258.588837     131.655640 39.714844 18.687500     -0.715280 -0.698838 0.698838 -0.715280     25.787031 25.787031 1.917791
487.048767 258.588837     166.840332 62.082031 47.593750     -0.715280 -0.698838 0.698838 -0.715280     25.787031 25.787031 2.312091
142.785995 266.929962     23.437500 -12.984375 82.484375     -0.784170 0.620546 -0.620546 -0.784170     15.245125 15.245125 1.746315
144.333328 426.734039     90.140778 -12.920410 41.945312     -0.311096 -0.950379 0.950379 -0.311096     20.164306 20.164306 1.778297
144.333328 426.734039     560.031250 -124.593750 244.062500     -0.311096 -0.950379 0.950379 -0.311096     20.164306 20.164306 4.724673
336.719849 436.670227     66.868500 13.173340 78.703125     0.163913 -0.986475 0.986475 0.163913     26.594396 26.594396 4.564064
395.208954 428.114441     45.250000 11.062500 21.000000     -0.970685 -0.240356 0.240356 -0.970685     15.940685 15.940685 5.702749
503.044128 410.376465     65.375000 1.406250 13.312500     -0.761995 0.647583 -0.647583 -0.761995     28.755844 28.755844 3.773664
503.044128 410.376465     43.343750 -18.859375 46.054688     -0.761995 0.647583 -0.647583 -0.761995     28.755844 28.755844 4.180812
69.847618 336.574615     82.055664 32.316406 33.281250     -0.983714 0.179741 -0.179741 -0.983714     18.339195 18.339195 1.390120
69.847618 336.574615     156.511963 19.459473 18.738281     -0.983714 0.179741 -0.179741 -0.983714     18.339195 18.339195 2.404205
143.697556 228.936584     74.679810 46.530273 62.031250     0.679644 -0.733542 0.733542 0.679644     25.004170 25.004170 0.472363
143.697556 228.936584     58.189453 -27.611328 145.231445     0.679644 -0.733542 0.733542 0.679644     25.004170 25.004170 3.656349
482.804871 252.958725     75.923340 35.865234 34.912109     -0.523225 -0.852194 0.852194 -0.523225     38.227187 38.227187 2.000436
482.804871 252.958725     76.406250 -21.867188 20.384766     -0.523225 -0.852194 0.852194 -0.523225     38.227187 38.227187 3.921942
115.417755 414.036560     72.531250 -4.968750 28.640625     -0.844198 -0.536031 0.536031 -0.844198     26.582721 26.582721 0.986135
115.417755 414.036560     153.812500 61.781250 94.351562     -0.844198 -0.536031 0.536031 -0.844198     26.582721 26.582721 1.337015
355.862488 429.887512     125.093750 25.875000 10.007812     -0.997227 -0.074420 0.074420 -0.997227     18.631444 18.631444 6.135458
443.423737 450.113007     68.875000 10.156250 31.804688     -0.999891 -0.014797 0.014797 -0.999891     19.249064 19.249064 0.275635
443.423737 450.113007     38.281250 -19.484375 36.140625     -0.999891 -0.014797 0.014797 -0.999891     19.249064 19.249064 1.195707
108.134834 189.578659     128.812500 27.187500 20.296875     -0.971522 0.236947 -0.236947 -0.971522     24.649685 24.649685 1.302264
108.134834 189.578659     48.112305 4.382812 16.781250     -0.971522 0.236947 -0.236947 -0.971522     24.649685 24.649685 3.171181
94.739723 213.666672     125.498047 20.983398 55.470703     0.702638 -0.711547 0.711547 0.702638     13.926074 13.926074 1.359658
94.739723 213.666672     150.625000 48.381836 27.977608     0.702638 -0.711547 0.711547 0.702638     13.926074 13.926074 3.904261
74.135590 358.020325     76.830353 -29.999023 75.296875     -0.762752 0.646691 -0.646691 -0.762752     27.434362 27.434362 0.381402
74.135590 358.020325     351.343750 70.371094 154.553223     -0.762752 0.646691 -0.646691 -0.762752     27.434362 27.434362 1.038091
103.668159 169.174881     195.406250 70.609375 108.220703     0.585839 -0.810427 0.810427 0.585839     26.655414 26.655414 0.331182
103.668159 169.174881     58.044434 -6.554688 34.746094     0.585839 -0.810427 0.810427 0.585839     26.655414 26.655414 4.233957
477.039795 182.388062     217.968750 50.328125 98.347656     0.656902 -0.753976 0.753976 0.656902     21.126510 21.126510 1.255000
477.039795 182.388062     60.812500 -1.085938 79.078125     0.656902 -0.753976 0.753976 0.656902     21.126510 21.126510 3.525629
500.447113 281.658661     121.218750 2.093750 12.679688     -0.808353 -0.588698 0.588698 -0.808353     19.733713 19.733713 3.153597
500.447113 281.658661     168.468750 31.593750 67.656250     -0.808353 -0.588698 0.588698 -0.808353     19.733713 19.733713 4.874269
60.527290 274.198761     77.580078 27.273438 51.734375     -0.909503 -0.415697 0.415697 -0.909503     40.469764 40.469764 4.471847
69.819611 337.005890     72.488281 15.195190 20.010712     -0.916439 0.400174 -0.400174 -0.916439     24.755186 24.755186 1.414154
69.819611 337.005890     84.687500 20.421875 66.578125     -0.916439 0.400174 -0.400174 -0.916439     24.755186 24.755186 2.068060
331.834076 435.545837     249.989929 -161.738281 478.382812     -0.948349 -0.317230 0.317230 -0.948349     32.497940 32.497940 5.843870
535.194946 250.931412     66.125000 8.578125 100.117188     -0.936914 -0.349559 0.349559 -0.936914     20.629686 20.629686 1.696209
535.194946 250.931412     46.598145 10.479492 21.073730     -0.936914 -0.349559 0.349559 -0.936914     20.629686 20.629686 2.722934
101.065697 168.705597     293.171875 -15.915039 19.884277     -0.997025 -0.077076 0.077076 -0.997025     25.345946 25.345946 1.595224
101.065697 168.705597     40.416016 10.619629 40.349609     -0.997025 -0.077076 0.077076 -0.997025     25.345946 25.345946 2.882996
67.552383 213.361908     31.781250 -6.601562 23.205078     -0.968503 0.249001 -0.249001 -0.968503     21.152696 21.152696 0.719182
67.552383 213.361908     69.281250 -11.296875 35.667969     -0.968503 0.249001 -0.249001 -0.968503     21.152696 21.152696 3.182473
107.458153 189.916306     169.562500 33.734375 32.000000     -0.979661 0.200657 -0.200657 -0.979661     24.173160 24.173160 1.387341
107.458153 189.916306     104.334961 -6.808594 87.906250     -0.979661 0.200657 -0.200657 -0.979661     24.173160 24.173160 3.952602
509.108978 216.048080     74.468750 2.277832 74.706177     -0.951125 0.308806 -0.308806 -0.951125     29.305708 29.305708 0.883507
509.108978 216.048080     66.296875 15.432617 44.624542     -0.951125 0.308806 -0.308806 -0.951125     29.305708 29.305708 3.350491
47.763889 369.240753     55.778320 -21.015625 80.020508     -0.952224 0.305399 -0.305399 -0.952224     17.124565 17.124565 0.831495
47.763889 369.240753     121.218750 103.367188 298.949219     -0.952224 0.305399 -0.305399 -0.952224     17.124565 17.124565 3.936395
124.525345 380.571442     188.281250 -23.093750 83.937500     -0.962790 -0.270251 0.270251 -0.962790     22.063424 22.063424 0.796605
124.525345 380.571442     59.264160 -29.752197 49.684113     -0.962790 -0.270251 0.270251 -0.962790     22.063424 22.063424 3.009801
407.134369 453.690613     47.854858 13.476440 21.005371     -0.688791 -0.724960 0.724960 -0.688791     20.647432 20.647432 2.060836
566.345093 323.701965     124.101562 2.118408 7.031105     -0.775328 0.631559 -0.631559 -0.775328     21.444996 21.444996 0.706661
566.345093 323.701965     118.000000 7.445312 6.186523     -0.775328 0.631559 -0.631559 -0.775328     21.444996 21.444996 4.214799
569.741455 346.814636     74.419235 2.029785 19.477295     -0.994095 -0.108514 0.108514 -0.994095     17.571179 17.571179 1.275667
569.741455 346.814636     15.125000 -3.355469 64.238770     -0.994095 -0.108514 0.108514 -0.994095     17.571179 17.571179 2.314356
18.944445 378.685181     104.531250 -28.117676 28.101990     -0.788053 0.615607 -0.615607 -0.788053     16.920814 16.920814 5.192690
510.872559 378.503265     107.240814 49.474503 37.119263     -0.342836 -0.939395 0.939395 -0.342836     22.248726 22.248726 1.844705
510.872559 378.503265     140.405334 78.632751 95.714355     -0.342836 -0.939395 0.939395 -0.342836     22.248726 22.248726 5.204532
26.757322 154.891220     34.250000 -24.894043 44.259415     -0.999553 -0.029903 0.029903 -0.999553     17.512225 17.512225 4.706101
515.074768 162.981308     60.437500 2.903320 33.848812     -0.925962 -0.377617 0.377617 -0.925962     23.964266 23.964266 1.713593
515.074768 162.981308     72.156250 4.100586 25.546036     -0.925962 -0.377617 0.377617 -0.925962     23.964266 23.964266 2.140945
139.213638 159.895462     132.093750 0.408203 92.879761     -0.842111 -0.539304 0.539304 -0.842111     18.338560 18.338560 2.182250
139.213638 159.895462     104.629333 9.032623 22.660522     -0.842111 -0.539304 0.539304 -0.842111     18.338560 18.338560 5.489227
512.202637 360.169922     113.562500 -32.517578 74.055420     -0.885885 -0.463905 0.463905 -0.885885     17.853988 17.853988 0.197689
512.202637 360.169922     65.750000 13.019531 15.725098     -0.885885 -0.463905 0.463905 -0.885885     17.853988 17.853988 2.992703
85.509155 420.992676     222.500000 52.410156 38.890625     -0.905334 -0.424700 0.424700 -0.905334     19.849284 19.849284 2.131943
85.509155 420.992676     173.290039 0.702881 24.413391     -0.905334 -0.424700 0.424700 -0.905334     19.849284 19.849284 2.583358
452.137268 429.780396     1404.125000 146.191406 373.507324     -0.993568 -0.113233 0.113233 -0.993568     15.405559 15.405559 5.883852
172.182205 456.453400     585.281982 56.633179 291.086243     -0.990260 -0.139234 0.139234 -0.990260     17.802121 17.802121 2.397946
172.182205 456.453400     375.562500 -86.298828 50.562500     -0.990260 -0.139234 0.139234 -0.990260     17.802121 17.802121 6.028725
501.994324 139.541077     307.656250 75.871094 195.406250     -0.988923 -0.148432 0.148432 -0.988923     21.436257 21.436257 4.667002
531.527100 288.788177     100.531250 -9.687500 48.203125     -0.925995 0.377537 -0.377537 -0.925995     17.501619 17.501619 0.622712
531.527100 288.788177     87.656250 13.707031 22.471317     -0.925995 0.377537 -0.377537 -0.925995     17.501619 17.501619 1.650298
486.891907 444.094604     199.177734 6.828613 47.772705     -0.995748 0.092118 -0.092118 -0.995748     21.847058 21.847058 4.624393
486.891907 444.094604     523.437500 241.449219 263.253906     -0.995748 0.092118 -0.092118 -0.995748     21.847058 21.847058 6.351311
511.191833 412.493652     157.906250 28.968750 43.593750     -0.999032 0.043993 -0.043993 -0.999032     45.917071 45.917071 2.675393
511.191833 412.493652     40.593750 -8.890625 35.968750     -0.999032 0.043993 -0.043993 -0.999032     45.917071 45.917071 4.773185
30.259090 222.522720     75.625000 13.460938 86.146484     -0.953423 -0.301635 0.301635 -0.953423     11.135021 11.135021 4.645016
72.482925 432.504883     61.953125 -10.488770 25.298157     -0.919967 -0.391995 0.391995 -0.919967     20.690617 20.690617 1.063800
72.482925 432.504883     139.218750 -28.069824 25.007751     -0.919967 -0.391995 0.391995 -0.919967     20.690617 20.690617 1.631624
544.267456 318.789246     135.593750 -0.484375 50.328125     -0.944775 0.327720 -0.327720 -0.944775     63.773722 63.773722 4.935296
538.794006 387.476410     263.812500 -44.484375 106.968750     -0.932398 -0.361433 0.361433 -0.932398     18.396007 18.396007 3.315935
538.794006 387.476410     491.468750 17.593750 97.343750     -0.932398 -0.361433 0.361433 -0.932398     18.396007 18.396007 5.772868
558.880859 432.557434     78.907410 11.809082 33.062500     -0.999636 -0.026981 0.026981 -0.999636     16.395411 16.395411 0.836514
558.880859 432.557434     161.053711 -18.875977 72.748047     -0.999636 -0.026981 0.026981 -0.999636     16.395411 16.395411 4.901063
537.927856 221.481094     122.108398 58.849609 117.661133     0.681290 -0.732013 0.732013 0.681290     22.853265 22.853265 1.371799
537.927856 221.481094     147.281250 -38.742188 251.066406     0.681290 -0.732013 0.732013 0.681290     22.853265 22.853265 4.147725
23.512196 154.073166     110.656250 19.953125 207.656250     -0.990540 -0.137221 0.137221 -0.990540     18.023906 18.023906 4.680665
151.546814 111.312767     123.750000 92.281250 137.226562     0.278929 -0.960312 0.960312 0.278929     31.873715 31.873715 1.380454
151.546814 111.312767     178.681885 -38.887695 34.759766     0.278929 -0.960312 0.960312 0.278929     31.873715 31.873715 4.300097
78.137184 151.166061     123.403320 0.917969 91.843750     -0.864969 -0.501825 0.501825 -0.864969     16.900089 16.900089 1.807602
78.137184 151.166061     68.218750 12.882812 49.801758     -0.864969 -0.501825 0.501825 -0.864969     16.900089 16.900089 3.392517
550.546997 162.598297     61.343750 -8.996094 35.636719     -0.945581 0.325388 -0.325388 -0.945581     16.137350 16.137350 4.887649
582.716187 225.351349     392.882812 45.078613 55.836319     -0.993809 0.111101 -0.111101 -0.993809     23.847943 23.847943 1.176127
582.716187 225.351349     232.781250 41.414062 30.710938     -0.993809 0.111101 -0.111101 -0.993809     23.847943 23.847943 4.489696
560.780945 236.195694     31.452881 2.878906 54.050781     -0.846648 -0.532153 0.532153 -0.846648     33.530127 33.530127 1.871434
560.780945 236.195694     262.906250 -19.968750 188.574219     -0.846648 -0.532153 0.532153 -0.846648     33.530127 33.530127 2.645839
617.231873 310.425110     77.281250 -3.421875 21.375000     -0.977762 -0.209719 0.209719 -0.977762     9.501206 9.501206 1.510461
608.305359 326.734894     69.437500 -82.281250 410.789062     -0.968756 -0.248016 0.248016 -0.968756     24.318548 24.318548 1.311457
601.263367 345.748962     99.250244 -53.113281 79.546875     -0.726240 0.687441 -0.687441 -0.726240     18.930611 18.930611 1.469100
601.263367 345.748962     676.812500 -213.265625 627.140625     -0.726240 0.687441 -0.687441 -0.726240     18.930611 18.930611 3.380149
602.096558 376.862915     89.691467 18.282227 37.906250     -0.973150 -0.230173 0.230173 -0.973150     16.756916 16.756916 1.495767
104.316940 142.661209     738.718750 30.906250 235.484375     -0.963784 -0.266682 0.266682 -0.963784     31.712878 31.712878 0.756851
104.316940 142.661209     4767.281250 1610.593750 3650.550293     -0.963784 -0.266682 0.266682 -0.963784     31.712878 31.712878 1.233731
493.086639 87.397408     106.997559 15.574219 18.375000     -0.952204 -0.305462 0.305462 -0.952204     51.696868 51.696868 4.557318
536.539978 129.214935     2599.813965 -411.351074 1794.380371     -0.873306 -0.487171 0.487171 -0.873306     37.334130 37.334130 1.714946
536.539978 129.214935     274.498047 -152.585938 101.500000     -0.873306 -0.487171 0.487171 -0.873306     37.334130 37.334130 2.720625
45.632286 166.112106     78.340820 17.726562 23.984375     -0.967344 0.253465 -0.253465 -0.967344     25.861740 25.861740 0.396847
45.632286 166.112106     67.556641 -4.914062 20.000000     -0.967344 0.253465 -0.253465 -0.967344     25.861740 25.861740 1.214356
545.146545 186.475586     49.599602 1.478516 88.664062     -0.939456 -0.342670 0.342670 -0.939456     40.246782 40.246782 2.653736
545.146545 186.475586     1308.406250 -87.484375 315.375000     -0.939456 -0.342670 0.342670 -0.939456     40.246782 40.246782 4.917498
535.405273 218.393082     146.656250 -51.859375 53.687500     0.059140 -0.998250 0.998250 0.059140     35.073499 35.073499 1.882746
535.405273 218.393082     153.237793 -23.115234 68.585938     0.059140 -0.998250 0.998250 0.059140     35.073499 35.073499 2.858857
572.938293 278.925934     28.687500 8.234375 45.203125     -0.999814 -0.019280 0.019280 -0.999814     15.998315 15.998315 1.436253
572.938293 278.925934     110.625000 16.500000 31.406250     -0.999814 -0.019280 0.019280 -0.999814     15.998315 15.998315 4.537803
74.701424 52.161137     492.140259 -184.455078 245.312500     -0.941498 -0.337018 0.337018 -0.941498     18.729137 18.729137 2.255682
74.701424 52.161137     124.218750 -87.781250 201.843750     -0.941498 -0.337018 0.337018 -0.941498     18.729137 18.729137 3.208265
107.967911 65.139038     709.764893 54.193359 269.375000     -0.998320 0.057942 -0.057942 -0.998320     19.594686 19.594686 1.585251
107.967911 65.139038     27.500000 10.343750 44.824219     -0.998320 0.057942 -0.057942 -0.998320     19.594686 19.594686 2.336183
51.720306 101.352493     178.398438 -26.820312 63.843750     -0.708211 -0.706001 0.706001 -0.708211     24.550019 24.550019 1.879320
51.720306 101.352493     37.859375 -12.054688 41.078125     -0.708211 -0.706001 0.706001 -0.708211     24.550019 24.550019 2.624954
580.420288 152.550720     143.554688 -48.632812 115.546875     -0.878842 0.477113 -0.477113 -0.878842     19.933105 19.933105 0.470019
580.420288 152.550720     96.841797 -48.656250 130.054688     -0.878842 0.477113 -0.477113 -0.878842     19.933105 19.933105 3.550926
575.794495 173.524536     921.523560 -45.736328 528.257812     -0.956540 0.291601 -0.291601 -0.956540     25.544829 25.544829 1.917520
575.794495 173.524536     158.403320 -10.257812 12.285156     -0.956540 0.291601 -0.291601 -0.956540     25.544829 25.544829 3.108248
587.546753 391.228973     34.812500 11.875000 71.867188     -0.974122 -0.226023 0.226023 -0.974122     22.124588 22.124588 1.507750
75.889999 119.807999     93.875000 -25.546875 105.859375     0.500190 -0.865916 0.865916 0.500190     29.726851 29.726851 1.072526
75.889999 119.807999     42.171875 7.781250 53.921875     0.500190 -0.865916 0.865916 0.500190     29.726851 29.726851 4.565163
559.301697 49.754311     162.741211 28.892578 39.574219     -0.753342 0.657629 -0.657629 -0.753342     15.946453 15.946453 1.045817
559.301697 49.754311     1830.884766 -270.539062 1086.375000     -0.753342 0.657629 -0.657629 -0.753342     15.946453 15.946453 1.478085
32.105263 61.473682     236.712891 -87.312500 67.718750     -0.923511 -0.383571 0.383571 -0.923511     17.663901 17.663901 0.318078
32.105263 61.473682     55.781250 12.898438 39.152344     -0.923511 -0.383571 0.383571 -0.923511     17.663901 17.663901 1.144775
618.880615 98.179108     78.464844 -47.445312 44.640625     -0.997810 -0.066149 0.066149 -0.997810     10.736949 10.736949 1.558783
612.259277 73.037041     54.656250 14.070312 47.609375     0.067848 -0.997696 0.997696 0.067848     17.368376 17.368376 1.456387
612.259277 73.037041     15.843750 -12.917969 161.181641     0.067848 -0.997696 0.997696 0.067848     17.368376 17.368376 4.808908
546.576477 42.188469     72.546875 -38.167969 175.097656     -0.871546 0.490314 -0.490314 -0.871546     33.603186 33.603186 3.010915
546.576477 42.188469     145.011719 182.320312 235.144043     -0.871546 0.490314 -0.490314 -0.871546     33.603186 33.603186 3.431229
623.827576 57.389164     14.710938 -0.561523 29.927002     -0.971346 -0.237669 0.237669 -0.971346     15.935010 15.935010 1.447539
601.562195 83.414505     74.285156 -60.671875 342.574219     -0.966552 -0.256471 0.256471 -0.966552     22.492706 22.492706 1.470349
84.058044 30.029024     92.863281 -85.546875 430.402344     -0.999989 -0.004721 0.004721 -0.999989     22.232948 22.232948 1.262129
84.058044 30.029024     161.164062 200.148438 254.183105     -0.999989 -0.004721 0.004721 -0.999989     22.232948 22.232948 2.929092
59.269608 71.495094     21.265625 7.878906 28.287354     0.567234 -0.823557 0.823557 0.567234     23.139620 23.139620 4.607476
495.802490 54.250000     77.421875 -14.171875 47.790527     -0.970356 0.241680 -0.241680 -0.970356     24.261907 24.261907 4.780712
124.200401 50.736843     188.414062 -115.906250 510.359375     -0.998989 -0.044965 0.044965 -0.998989     31.002795 31.002795 1.521995
568.250916 113.902786     14.187500 0.296875 29.179688     -0.858583 -0.512675 0.512675 -0.858583     49.105731 49.105731 1.283760
46.385246 453.401642     15.093750 0.945312 30.906250     0.073953 -0.997262 0.997262 0.073953     24.784141 24.784141 1.528986
119.512497 72.995003     31.500000 1.312500 32.523438     -0.999124 0.041837 -0.041837 -0.999124     25.412473 25.412473 1.558666
566.172424 211.586212     220.859375 -2.070312 8.843750     0.268850 -0.963182 0.963182 0.268850     22.422470 22.422470 0.184167
566.172424 211.586212     100.359375 0.125000 32.335938     0.268850 -0.963182 0.963182 0.268850     22.422470 22.422470 1.137913
567.125854 397.970245     216.992188 -5.945312 9.421875     -0.999984 0.005681 -0.005681 -0.999984     31.923170 31.923170 0.641489
567.125854 397.970245     14.453125 0.843750 30.156250     -0.999984 0.005681 -0.005681 -0.999984     31.923170 31.923170 1.403756
76.301498 129.810867     381.140625 -12.242188 39.914062     -0.979667 0.200628 -0.200628 -0.979667     37.347938 37.347938 0.277133
76.301498 129.810867     1749.062500 778.664062 1846.911865     -0.979667 0.200628 -0.200628 -0.979667     37.347938 37.347938 1.302586
106.092331 113.526131     50.468750 -5.234375 51.488281     -0.720333 -0.693629 0.693629 -0.720333     35.144153 35.144153 2.170860
106.092331 113.526131     105.281250 -32.453125 42.539062     -0.720333 -0.693629 0.693629 -0.720333     35.144153 35.144153 2.897932
574.153076 196.681564     45.588135 3.642578 25.406250     0.315189 -0.949029 0.949029 0.315189     52.171731 52.171731 0.353878
574.153076 196.681564     52.000000 4.296875 50.656250     0.315189 -0.949029 0.949029 0.315189     52.171731 52.171731 3.977571
559.807129 265.288086     136.333374 -33.188477 101.546875     -0.997941 -0.064142 0.064142 -0.997941     30.474753 30.474753 1.610312
559.807129 265.288086     140.000000 -37.625000 233.937500     -0.997941 -0.064142 0.064142 -0.997941     30.474753 30.474753 3.409245
502.755615 127.372993     76.250000 -18.218750 38.796875     -0.993694 0.112123 -0.112123 -0.993694     23.016804 23.016804 1.770340
502.755615 127.372993     204.709900 46.332031 21.734375     -0.993694 0.112123 -0.112123 -0.993694     23.016804 23.016804 3.746548
46.088234 176.215683     408.131897 350.544922 2127.890625     -0.969474 0.245195 -0.245195 -0.969474     22.465977 22.465977 4.816309
465.646210 80.588448     66.055176 -7.314453 41.000000     -0.889244 -0.457433 0.457433 -0.889244     29.568372 29.568372 4.305402
486.172119 105.381149     334.125000 -11.984375 122.406250     -0.953749 0.300605 -0.300605 -0.953749     25.772590 25.772590 3.136774
486.172119 105.381149     106.687500 -31.390625 139.437500     -0.953749 0.300605 -0.300605 -0.953749     25.772590 25.772590 4.932214
490.281067 143.949707     160.656250 -53.062500 197.000000     -0.981144 -0.193281 0.193281 -0.981144     21.370292 21.370292 4.643888
53.443581 153.307388     59.468750 -24.937500 44.765625     -0.124420 -0.992230 0.992230 -0.124420     25.092043 25.092043 1.348365
53.443581 153.307388     83.781250 -20.875000 47.453125     -0.124420 -0.992230 0.992230 -0.124420     25.092043 25.092043 4.813081
589.128052 342.285461     130.437500 -22.156250 24.031250     0.222725 -0.974881 0.974881 0.222725     32.022552 32.022552 1.221360
589.128052 342.285461     42.515625 26.996094 279.578125     0.222725 -0.974881 0.974881 0.222725     32.022552 32.022552 4.405188
44.559139 383.670258     212.282837 -69.043945 36.515625     -0.768887 0.639385 -0.639385 -0.768887     26.766240 26.766240 0.404625
44.559139 383.670258     87.375000 -46.437500 91.265625     -0.768887 0.639385 -0.639385 -0.768887     26.766240 26.766240 4.160648
531.305542 430.826782     9906.728516 -3287.226562 4130.130371     -0.973984 0.226616 -0.226616 -0.973984     39.585374 39.585374 1.387820
531.305542 430.826782     116.812500 -17.515625 47.445312     -0.973984 0.226616 -0.226616 -0.973984     39.585374 39.585374 3.430857
180.860458 95.760796     156.078125 -42.937500 525.593750     0.039919 -0.999203 0.999203 0.039919     12.597676 12.597676 4.996386
82.769585 412.792633     84.781250 93.050781 280.167969     -0.985755 -0.168190 0.168190 -0.985755     17.840510 17.840510 0.359679
82.769585 412.792633     50.140625 -7.359375 63.328125     -0.985755 -0.168190 0.168190 -0.985755     17.840510 17.840510 1.228108
23.800604 417.592133     37.015625 -6.964844 38.906250     -0.864048 0.503409 -0.503409 -0.864048     15.973900 15.973900 4.841010
111.711540 429.740387     1145.718750 -341.078125 5330.312500     -0.958537 -0.284967 0.284967 -0.958537     19.467054 19.467054 2.319615
111.711540 429.740387     88.257812 -0.484375 29.343750     -0.958537 -0.284967 0.284967 -0.958537     19.467054 19.467054 4.807705
121.058823 400.186279     77.606934 -41.417969 98.464844     -0.994813 0.101720 -0.101720 -0.994813     19.870206 19.870206 0.874613
121.058823 400.186279     46.109375 18.703125 273.876953     -0.994813 0.101720 -0.101720 -0.994813     19.870206 19.870206 1.459931
555.695984 362.343994     79.109375 -13.390625 171.390625     -0.913089 0.407760 -0.407760 -0.913089     24.863694 24.863694 0.993700
555.695984 362.343994     96.859375 45.171875 122.031250     -0.913089 0.407760 -0.407760 -0.913089     24.863694 24.863694 1.461387
542.223816 342.018036     73.703125 -76.968750 246.718750     -0.980589 -0.196075 0.196075 -0.980589     23.857204 23.857204 2.483730
542.223816 342.018036     9239.956055 -7117.694336 22161.351562     -0.980589 -0.196075 0.196075 -0.980589     23.857204 23.857204 4.876604
70.365738 345.111115     28.824219 -26.984375 86.375000     -0.751953 0.659217 -0.659217 -0.751953     27.226875 27.226875 0.753607
70.365738 345.111115     79.398438 76.781250 291.449219     -0.751953 0.659217 -0.659217 -0.751953     27.226875 27.226875 4.234477
83.333336 241.062271     101.390625 -46.640625 59.960938     -0.945085 -0.326824 0.326824 -0.945085     33.142408 33.142408 1.691026
83.333336 241.062271     98.157715 -27.751953 91.421875     -0.945085 -0.326824 0.326824 -0.945085     33.142408 33.142408 3.059577
105.236023 381.248444     139.738281 3.820312 102.703125     -0.861648 0.507507 -0.507507 -0.861648     26.695006 26.695006 1.189188
105.236023 381.248444     46.140625 -7.187500 42.671875     -0.861648 0.507507 -0.507507 -0.861648     26.695006 26.695006 3.139477
79.336708 414.901276     56.671875 23.941406 271.402344     -0.977793 0.209575 -0.209575 -0.977793     25.228909 25.228909 1.159543
79.336708 414.901276     115.250000 -60.453125 62.687500     -0.977793 0.209575 -0.209575 -0.977793     25.228909 25.228909 1.532689
492.316223 399.833771     99.832031 10.218750 73.937500     0.545717 -0.837969 0.837969 0.545717     36.848462 36.848462 0.159191
492.316223 399.833771     255.812500 -134.643555 284.600098     0.545717 -0.837969 0.837969 0.545717     36.848462 36.848462 1.254976
473.220581 252.088242     525.679688 -1.515625 35.187500     -0.423064 -0.906100 0.906100 -0.423064     21.426066 21.426066 1.839544
473.220581 252.088242     108.399170 -22.447266 90.531250     -0.423064 -0.906100 0.906100 -0.423064     21.426066 21.426066 4.885617
128.653305 396.430847     50.328125 -3.531250 212.703125     -0.976123 0.217219 -0.217219 -0.976123     34.234135 34.234135 1.659084
142.754654 186.022308     144.734375 110.929688 348.894531     0.581805 -0.813329 0.813329 0.581805     35.443360 35.443360 5.515685
78.004974 224.731339     149.515625 -7.812500 16.007812     -0.997569 0.069690 -0.069690 -0.997569     15.305657 15.305657 0.455782
78.004974 224.731339     97.328125 4.906250 53.621094     -0.997569 0.069690 -0.069690 -0.997569     15.305657 15.305657 1.849613
513.688538 283.188538     23.109375 -8.474609 34.593018     -0.281149 -0.959664 0.959664 -0.281149     25.189360 25.189360 1.651765
513.688538 283.188538     9093.116211 -6808.731445 24447.640625     -0.281149 -0.959664 0.959664 -0.281149     25.189360 25.189360 2.079574
89.386833 283.724274     261.593750 -138.995117 329.313843     -0.999808 -0.019609 0.019609 -0.999808     17.249493 17.249493 1.601994
89.386833 283.724274     137.718750 33.757812 80.957031     -0.999808 -0.019609 0.019609 -0.999808     17.249493 17.249493 4.941202
504.628815 344.812622     11120.593750 -8011.125000 24949.304688     -0.911478 -0.411349 0.411349 -0.911478     45.523586 45.523586 4.336632
477.663422 371.278046     700.585938 -54.175781 330.017578     -0.896818 0.442400 -0.442400 -0.896818     25.559587 25.559587 5.030184
525.608582 400.422852     104.128906 15.816406 12.914062     0.621145 -0.783696 0.783696 0.621145     38.612771 38.612771 0.863360
525.608582 400.422852     102.796875 0.789062 54.714844     0.621145 -0.783696 0.783696 0.621145     38.612771 38.612771 3.462318
476.256409 221.620041     189.968750 -16.375000 16.976562     -0.762016 0.647558 -0.647558 -0.762016     36.916013 36.916013 5.349901
123.000000 214.141693     135.218750 20.304688 94.460938     -0.976042 -0.217582 0.217582 -0.976042     25.902727 25.902727 1.463928
123.000000 214.141693     50837.429688 6229.515625 29268.261719     -0.976042 -0.217582 0.217582 -0.976042     25.902727 25.902727 2.179208
178.094162 439.549896     447.906250 -272.421875 678.546875     -0.920713 0.390240 -0.390240 -0.920713     24.938202 24.938202 1.158982
470.319733 251.465988     97.429688 13.996094 13.265625     -0.878009 -0.478644 0.478644 -0.878009     25.503844 25.503844 2.287986
470.319733 251.465988     27.164062 8.140625 53.734375     -0.878009 -0.478644 0.478644 -0.878009     25.503844 25.503844 2.654458
480.513947 277.545807     2159.187500 -104.191406 580.945312     -0.814389 0.580319 -0.580319 -0.814389     21.230357 21.230357 0.257110
480.513947 277.545807     82.265625 -25.687500 54.003906     -0.814389 0.580319 -0.580319 -0.814389     21.230357 21.230357 1.359557
100.502281 344.721466     251.015625 -74.587891 376.820435     -0.991516 -0.129985 0.129985 -0.991516     19.394941 19.394941 0.290722
100.502281 344.721466     133.437500 21.273438 97.250000     -0.991516 -0.129985 0.129985 -0.991516     19.394941 19.394941 2.165029
312.765686 437.686188     668.968750 -280.703125 592.796875     -0.499301 -0.866429 0.866429 -0.499301     19.945484 19.945484 5.012314
142.571426 448.942871     108.297119 -21.262695 93.078125     -0.817240 0.576298 -0.576298 -0.817240     15.048667 15.048667 1.435194
142.571426 448.942871     454.767578 -208.232422 97.673828     -0.817240 0.576298 -0.576298 -0.817240     15.048667 15.048667 4.116989
294.129547 436.668030     2267.164062 -246.992188 666.853516     -0.540243 -0.841509 0.841509 -0.540243     20.282899 20.282899 5.047683
470.483582 252.158203     95.748047 -72.781250 183.210938     -0.788326 -0.615258 0.615258 -0.788326     27.234498 27.234498 2.361633
470.483582 252.158203     60.703125 -24.960938 127.500000     -0.788326 -0.615258 0.615258 -0.788326     27.234498 27.234498 4.849761
201.202042 126.618927     64.048828 -12.695312 112.324219     0.087850 -0.996134 0.996134 0.087850     17.255902 17.255902 2.807179
201.202042 126.618927     56.914062 38.195312 163.046875     0.087850 -0.996134 0.996134 0.087850     17.255902 17.255902 5.091118
201.790604 126.336594     32.884766 24.273438 63.046875     0.122416 -0.992479 0.992479 0.122416     21.088565 21.088565 2.752691
201.790604 126.336594     117.294922 -62.667969 176.796875     0.122416 -0.992479 0.992479 0.122416     21.088565 21.088565 5.120180
140.501358 307.119904     2260.968750 -238.988281 617.064453     -0.997374 -0.072417 0.072417 -0.997374     22.313838 22.313838 1.520060
208.074677 50.097404     39.208984 24.632812 136.890625     -0.562906 -0.826521 0.826521 -0.562906     12.663126 12.663126 1.239365
208.074677 50.097404     62.099609 14.089844 195.734375     -0.562906 -0.826521 0.826521 -0.562906     12.663126 12.663126 1.748118
222.010757 144.272400     38.009766 -36.851562 91.414062     0.137988 -0.990434 0.990434 0.137988     14.891323 14.891323 5.103904
417.027893 281.326691     77.781250 -58.023438 270.105469     -0.850787 0.525511 -0.525511 -0.850787     20.051291 20.051291 3.978413
417.027893 281.326691     874.359375 -397.255859 183.271484     -0.850787 0.525511 -0.525511 -0.850787     20.051291 20.051291 5.101876
430.498566 240.976944     64.382812 -28.101562 74.046875     0.147055 -0.989128 0.989128 0.147055     24.995049 24.995049 4.603615
207.246643 84.067268     718.984375 -301.617188 550.359375     -0.612191 -0.790710 0.790710 -0.612191     6.710519 6.710519 1.512701
207.246643 84.067268     81.250000 10.890625 21.945312     -0.612191 -0.790710 0.790710 -0.612191     6.710519 6.710519 2.938373
241.831726 240.790344     49135.796875 6019.726562 28914.304688     0.277701 -0.960668 0.960668 0.277701     29.777425 29.777425 2.553390
241.831726 240.790344     39.037109 -37.398438 92.398438     0.277701 -0.960668 0.960668 0.277701     29.777425 29.777425 4.550826
243.100891 241.445068     338.703125 -147.095703 429.548340     0.276752 -0.960941 0.960941 0.276752     33.018278 33.018278 4.536993
238.631836 277.353241     110.132812 -60.656250 169.351562     -0.979397 -0.201945 0.201945 -0.979397     17.162489 17.162489 4.542275
243.722061 241.878342     132.335938 -42.023438 65.585938     0.314514 -0.949253 0.949253 0.314514     34.828010 34.828010 2.556955
243.722061 241.878342     52.093750 51.890625 81.781250     0.314514 -0.949253 0.949253 0.314514     34.828010 34.828010 4.505279
205.829453 82.333336     1346.906250 -954.093750 1303.988281     -0.616458 -0.787388 0.787388 -0.616458     6.780509 6.780509 1.484774
180.514999 45.555000     191.482422 -22.187500 132.960938     0.036828 -0.999322 0.999322 0.036828     17.247534 17.247534 6.236713
243.333328 248.992874     2031.078125 -314.687500 633.441406     0.210784 -0.977533 0.977533 0.210784     35.204425 35.204425 4.622544
243.896317 251.479202     122.617188 -4.210938 178.703125     0.232425 -0.972614 0.972614 0.232425     38.295020 38.295020 4.615061
207.180893 83.911263     130.375000 18.781250 103.621094     -0.621955 -0.783053 0.783053 -0.621955     6.662982 6.662982 1.493027
245.388458 251.895996     198.310547 -13.992188 171.671875     0.295235 -0.955425 0.955425 0.295235     44.800302 44.800302 2.462961
245.388458 251.895996     917.183594 -487.357422 281.142578     0.295235 -0.955425 0.955425 0.295235     44.800302 44.800302 4.563632
384.924438 55.919998     28.922852 27.810547 86.566406     -0.544508 -0.838756 0.838756 -0.544508     18.084600 18.084600 0.798969
384.924438 55.919998     1327.703125 -905.500000 1248.328125     -0.544508 -0.838756 0.838756 -0.544508     18.084600 18.084600 3.907147
364.407013 56.154385     54.687500 53.085938 82.937500     -0.947557 0.319586 -0.319586 -0.947557     29.220017 29.220017 4.990730
247.185593 253.364868     115.658203 1.849609 144.425781     0.277654 -0.960681 0.960681 0.277654     51.002273 51.002273 2.522983
247.185593 253.364868     136.898438 -25.398438 164.992188     0.277654 -0.960681 0.960681 0.277654     51.002273 51.002273 4.572831
364.346039 56.000000     91.804688 -38.052734 18.757812     -0.928071 0.372402 -0.372402 -0.928071     29.199367 29.199367 4.911875
384.933594 55.605469     2096.273438 -368.644531 665.464844     -0.444057 -0.895998 0.895998 -0.444057     17.965158 17.965158 0.698544
384.933594 55.605469     348.828125 -145.441406 423.999756     -0.444057 -0.895998 0.895998 -0.444057     17.965158 17.965158 3.835533
207.518066 84.352409     1355.218750 -874.109375 1178.859375     -0.621251 -0.783612 0.783612 -0.621251     6.698697 6.698697 1.494149
401.179565 52.549725     42.796875 -16.796875 24.101562     -0.116441 -0.993198 0.993198 -0.116441     17.437826 17.437826 1.580449
248.696198 254.091019     205.568359 -19.757812 167.218750     0.306985 -0.951714 0.951714 0.306985     55.301926 55.301926 2.478860
248.696198 254.091019     162.273438 -14.976562 159.750000     0.306985 -0.951714 0.951714 0.306985     55.301926 55.301926 4.540411
411.750000 313.695007     1460.906250 -890.593750 1152.058594     -0.019790 -0.999804 0.999804 -0.019790     16.946323 16.946323 1.554452
411.750000 313.695007     104.375000 36.421875 95.662109     -0.019790 -0.999804 0.999804 -0.019790     16.946323 16.946323 3.156533
180.718185 46.136364     183.445312 -12.003906 137.062500     -0.006619 -0.999978 0.999978 -0.006619     17.443875 17.443875 6.309036
207.427032 84.205406     467.351562 -342.490234 751.195312     -0.620080 -0.784539 0.784539 -0.620080     6.968367 6.968367 1.483528
411.881348 313.707642     1637.203125 -924.195312 1102.527344     -0.059465 -0.998230 0.998230 -0.059465     17.450161 17.450161 1.588280
380.747559 313.961151     32.482422 29.287109 85.488281     0.044064 -0.999029 0.999029 0.044064     16.496730 16.496730 1.523405
380.747559 313.961151     245.714844 -63.609375 199.953125     0.044064 -0.999029 0.999029 0.044064     16.496730 16.496730 3.082197
413.655304 313.870300     106.046875 -43.224609 20.979980     -0.407959 -0.913000 0.913000 -0.407959     24.120038 24.120038 0.596683
413.655304 313.870300     45.378906 50.226562 97.773438     -0.407959 -0.913000 0.913000 -0.407959     24.120038 24.120038 1.956831
396.203979 313.830841     2123.335938 -436.183594 730.638672     0.091551 -0.995800 0.995800 0.091551     15.032150 15.032150 1.491606
380.771942 314.074554     82.273438 11.292969 24.066406     0.027194 -0.999630 0.999630 0.027194     16.679223 16.679223 1.538666
380.771942 314.074554     173.007812 -18.515625 157.281250     0.027194 -0.999630 0.999630 0.027194     16.679223 16.679223 3.100618
413.950470 313.879242     48123.000000 5766.625000 28413.832031     -0.564248 -0.825606 0.825606 -0.564248     24.893987 24.893987 0.770131
413.950470 313.879242     1993.171875 -1203.507812 1287.066406     -0.564248 -0.825606 0.825606 -0.564248     24.893987 24.893987 2.153940
321.512085 404.016144     39.468750 45.320312 110.140625     -0.999952 0.009764 -0.009764 -0.999952     13.366996 13.366996 1.598252
406.882660 313.873657     23.503906 46.093750 105.031250     -0.999998 -0.001838 0.001838 -0.999998     25.589023 25.589023 1.456800
406.882660 313.873657     356.531250 -154.861328 423.737549     -0.999998 -0.001838 0.001838 -0.999998     25.589023 25.589023 3.118265
321.288330 404.065704     362.222656 -328.398438 913.578125     -0.999591 0.028607 -0.028607 -0.999591     13.687493 13.687493 1.608862
321.288330 404.065704     638.460938 -490.240234 831.982422     -0.999591 0.028607 -0.028607 -0.999591     13.687493 13.687493 3.103020
380.841278 314.166656     328.867188 74.687500 211.734375     -0.053500 -0.998568 0.998568 -0.053500     17.080994 17.080994 1.604543
399.204193 313.981323     166.937500 -129.523438 152.023438     -0.999997 0.002441 -0.002441 -0.999997     25.567028 25.567028 4.709936
325.853180 404.313019     52.687500 5.968750 23.835938     -0.999696 0.024646 -0.024646 -0.999696     14.398143 14.398143 1.586413
325.853180 404.313019     2281.289062 -526.859375 781.162109     -0.999696 0.024646 -0.024646 -0.999696     14.398143 14.398143 3.271336
326.231842 404.363007     178.437500 -56.023438 159.535156     -0.999912 0.013251 -0.013251 -0.999912     15.017030 15.017030 1.571792
326.231842 404.363007     38.335938 46.632812 122.765625     -0.999912 0.013251 -0.013251 -0.999912     15.017030 15.017030 3.130420
399.628540 314.083954     1601.447266 -592.353516 675.230469     -0.999990 0.004451 -0.004451 -0.999990     26.549508 26.549508 3.119772
399.628540 314.083954     49.281250 4.328125 27.343750     -0.999990 0.004451 -0.004451 -0.999990     26.549508 26.549508 4.691586
325.967560 404.600403     67.371094 40.156250 129.281250     -0.999942 0.010796 -0.010796 -0.999942     15.143885 15.143885 3.101540
325.967560 404.600403     105.570312 -42.691406 20.824707     -0.999942 0.010796 -0.010796 -0.999942     15.143885 15.143885 6.282543
393.850830 314.503998     3506.546875 -1494.406250 1354.300781     -0.999359 0.035808 -0.035808 -0.999359     28.273258 28.273258 4.712530
