1.0
168
224.577255 156.536865     488.093750 -264.273438 1015.576172     0.383149 -0.923687 0.923687 0.383149     87.544610 87.544610 2.337698
367.211304 305.014893     72.796875 35.492188 43.656250     -0.830592 -0.556881 0.556881 -0.830592     20.054077 20.054077 5.428779
363.181183 295.614105     73.796875 63.312500 138.335938     -0.522444 -0.852674 0.852674 -0.522444     26.624068 26.624068 5.147109
361.119843 294.753754     145.648438 64.859375 151.046875     -0.692250 -0.721658 0.721658 -0.692250     41.103538 41.103538 2.159286
361.119843 294.753754     87.703125 150.812500 463.710938     -0.692250 -0.721658 0.721658 -0.692250     41.103538 41.103538 5.427877
456.451324 318.847137     223.843750 70.406250 160.968750     -0.331633 -0.943409 0.943409 -0.331633     26.503667 26.503667 1.669384
365.707703 293.874908     37.500000 60.921875 342.671875     -0.838963 -0.544189 0.544189 -0.838963     48.320050 48.320050 2.432338
379.716980 363.567841     103.640625 171.640625 499.781250     -0.188795 -0.982016 0.982016 -0.188795     22.851672 22.851672 1.578979
379.716980 363.567841     349.343750 -22.125000 19.515625     -0.188795 -0.982016 0.982016 -0.188795     22.851672 22.851672 4.789233
424.574310 316.769806     400.140625 318.328125 576.375000     -0.349480 -0.936944 0.936944 -0.349480     28.324516 28.324516 1.793370
580.501831 426.441589     16.000000 -3.492188 49.187500     -0.997778 0.066633 -0.066633 -0.997778     19.112073 19.112073 2.980448
377.494385 303.085846     283.828125 313.187500 935.968750     -0.605483 -0.795858 0.795858 -0.605483     56.556749 56.556749 2.026999
193.848480 332.800873     57.671875 101.359375 466.125000     0.103527 -0.994627 0.994627 0.103527     17.794364 17.794364 6.180814
473.039429 336.739044     27.636719 -41.093750 256.484375     -0.373356 -0.927688 0.927688 -0.373356     56.525288 56.525288 1.756805
473.039429 336.739044     137.773438 -25.453125 109.859375     -0.373356 -0.927688 0.927688 -0.373356     56.525288 56.525288 5.306062
381.216339 368.470581     42.191406 13.058594 1284.734375     -0.228313 -0.973588 0.973588 -0.228313     26.201580 26.201580 4.789816
197.709961 278.582977     68.554688 28.414062 204.078125     0.171543 -0.985177 0.985177 0.171543     20.365331 20.365331 4.319552
251.080109 302.273621     54.468750 -3.234375 91.234375     -0.860466 0.509508 -0.509508 -0.860466     43.811561 43.811561 0.549049
251.080109 302.273621     11.665039 -12.003906 52.773438     -0.860466 0.509508 -0.509508 -0.860466     43.811561 43.811561 3.927874
198.771820 305.152252     2960.250000 852.609375 1691.929688     -0.010508 -0.999945 0.999945 -0.010508     29.182138 29.182138 4.653077
239.811203 398.492615     13.140625 22.335938 125.171875     -0.197225 -0.980358 0.980358 -0.197225     35.671819 35.671819 4.793434
207.155167 392.924774     20.921875 11.414062 239.609375     0.086971 -0.996211 0.996211 0.086971     33.125130 33.125130 4.677446
207.155167 392.924774     20.312500 42.046875 339.859375     0.086971 -0.996211 0.996211 0.086971     33.125130 33.125130 6.266487
118.930351 339.044769     234.257812 -26.953125 7.468750     0.261224 -0.965278 0.965278 0.261224     13.055066 13.055066 0.843869
118.930351 339.044769     1471.854980 -42.906250 43.906250     0.261224 -0.965278 0.965278 0.261224     13.055066 13.055066 3.961305
280.132568 298.643951     2886.741211 -74.859375 54.437500     -0.188576 -0.982059 0.982059 -0.188576     13.388278 13.388278 4.702762
312.313446 374.568665     3988.230469 -100.574219 60.250000     -0.051982 -0.998648 0.998648 -0.051982     20.288837 20.288837 1.584306
341.058502 376.582458     4688.277344 -104.074219 63.734375     -0.128311 -0.991734 0.991734 -0.128311     17.354177 17.354177 4.720434
334.032684 429.566772     6894.197266 -104.492188 71.046875     -0.993200 0.116417 -0.116417 -0.993200     9.341670 9.341670 1.506115
325.477173 448.975098     661.789062 138.929688 39.414062     -0.999356 0.035892 -0.035892 -0.999356     11.999909 11.999909 5.045116
29.113745 453.431274     108.617188 28.859375 36.570312     -0.999983 -0.005830 0.005830 -0.999983     9.365592 9.365592 4.718184
305.570740 251.853653     709.734375 144.898438 32.257812     -0.986922 -0.161197 0.161197 -0.986922     15.882667 15.882667 5.440631
307.019073 251.561066     719.703125 143.195312 31.453125     -0.995690 -0.092748 0.092748 -0.995690     16.811078 16.811078 5.482224
581.332275 396.856232     530.765625 -26.171875 8.140625     -0.893975 -0.448116 0.448116 -0.893975     17.734341 17.734341 0.543931
261.771545 229.129303     533.453125 -20.343750 41.328125     -0.971286 -0.237916 0.237916 -0.971286     9.461243 9.461243 4.777809
320.865967 232.859100     626.062500 134.875000 174.769531     -0.957766 -0.287550 0.287550 -0.957766     18.136197 18.136197 1.092997
320.865967 232.859100     743.562500 145.296875 31.687500     -0.957766 -0.287550 0.287550 -0.957766     18.136197 18.136197 3.622884
277.226013 232.084473     124.312500 -30.625000 19.593750     -0.978042 -0.208410 0.208410 -0.978042     14.094172 14.094172 4.783291
321.110535 234.536835     3228.132812 -68.093750 108.406250     -0.943515 -0.331331 0.331331 -0.943515     23.137113 23.137113 1.025492
407.441620 267.182495     145.648438 10.156250 96.339844     -0.979647 -0.200730 0.200730 -0.979647     7.211393 7.211393 1.593069
575.626526 396.143005     827.960938 415.179688 496.921875     -0.822830 -0.568288 0.568288 -0.822830     43.566911 43.566911 0.244617
575.626526 396.143005     660.781250 198.226562 92.734375     -0.822830 -0.568288 0.568288 -0.822830     43.566911 43.566911 2.202685
301.971558 244.726746     765.304688 267.078125 614.906250     -0.964213 -0.265128 0.265128 -0.964213     51.265608 51.265608 1.687438
407.367737 267.193542     46.812500 1.602539 7.105957     -0.980627 -0.195885 0.195885 -0.980627     7.595698 7.595698 1.581691
361.447571 439.171356     20245.742188 1505.039062 339.078125     -0.998755 0.049891 -0.049891 -0.998755     11.763233 11.763233 1.535098
361.447571 439.171356     54.765625 6.724609 21.423828     -0.998755 0.049891 -0.049891 -0.998755     11.763233 11.763233 5.955775
366.934143 443.838470     72.570312 1.005859 3.875977     -0.999150 0.041233 -0.041233 -0.999150     28.633785 28.633785 6.095527
301.792816 244.987152     58.671875 13.353516 16.388794     -0.963938 -0.266127 0.266127 -0.963938     52.773465 52.773465 1.682880
301.792816 244.987152     57.046875 12.328125 50.492676     -0.963938 -0.266127 0.266127 -0.963938     52.773465 52.773465 3.334853
407.972290 267.321320     2660.773438 742.218750 697.875000     -0.981283 -0.192571 0.192571 -0.981283     8.016888 8.016888 1.576479
303.196442 192.388397     32128.843750 -1202.054688 681.125000     -0.965192 0.261544 -0.261544 -0.965192     15.123689 15.123689 0.745413
303.196442 192.388397     63.609375 32.187500 124.491699     -0.965192 0.261544 -0.261544 -0.965192     15.123689 15.123689 3.860735
305.462433 199.848557     79.398438 4.460938 20.297852     -0.980974 -0.194141 0.194141 -0.980974     43.705603 43.705603 0.464378
305.462433 199.848557     101.875000 0.214844 2.857422     -0.980974 -0.194141 0.194141 -0.980974     43.705603 43.705603 1.005929
286.976624 230.079437     86.875000 23.919922 122.379883     -0.827745 -0.561104 0.561104 -0.827745     66.057186 66.057186 4.834480
399.501923 259.461182     103.117188 6.660156 36.732422     -0.953947 -0.299974 0.299974 -0.953947     24.811671 24.811671 1.131202
399.501923 259.461182     108.664062 70.467773 181.627686     -0.953947 -0.299974 0.299974 -0.953947     24.811671 24.811671 2.173130
288.823944 221.356155     30389.343750 -1128.195312 667.468750     -0.797190 -0.603728 0.603728 -0.797190     91.411227 91.411227 4.859547
269.777771 46.023148     150.875000 248.703125 998.487305     -0.999189 -0.040261 0.040261 -0.999189     11.941023 11.941023 1.494671
271.954132 60.470947     29265.148438 -1097.570312 649.921875     -0.981681 -0.190534 0.190534 -0.981681     20.184220 20.184220 1.272412
281.318634 105.024513     2684.726562 1679.726562 3439.503906     -0.999893 -0.014638 0.014638 -0.999893     8.842530 8.842530 1.498709
281.318634 105.024513     28336.554688 -1039.554688 614.656250     -0.999893 -0.014638 0.014638 -0.999893     8.842530 8.842530 4.674789
268.662659 45.144577     165.296875 -9.039062 11.156250     -0.960591 -0.277964 0.277964 -0.960591     15.925622 15.925622 1.352800
273.053131 64.935486     178.875000 -18.218750 20.726562     -0.792749 -0.609548 0.609548 -0.792749     28.818810 28.818810 0.792331
322.829468 225.112076     855.156250 -44.304688 30.585938     -0.948051 -0.318118 0.318118 -0.948051     95.334581 95.334581 0.692566
322.829468 225.112076     26994.882812 -1041.562500 581.546875     -0.948051 -0.318118 0.318118 -0.948051     95.334581 95.334581 4.937471
271.416565 58.455544     28548.734375 -1371.687500 584.343750     -0.395523 -0.918456 0.918456 -0.395523     31.739573 31.739573 0.287952
269.084137 57.099041     29810.578125 -1304.679688 614.718750     -0.635775 -0.771875 0.771875 -0.635775     34.956209 34.956209 0.683490
327.234070 224.904053     2757.578125 2010.160156 4342.453125     -0.951718 -0.306972 0.306972 -0.951718     96.925813 96.925813 0.716866
280.762024 101.303795     861.984375 -51.859375 60.015625     -0.997195 -0.074845 0.074845 -0.997195     20.106005 20.106005 1.370825
280.762024 101.303795     889.945312 -52.593750 68.289062     -0.997195 -0.074845 0.074845 -0.997195     20.106005 20.106005 4.577286
288.384613 141.461533     31049.640625 -827.054688 699.156250     -0.999998 -0.002170 0.002170 -0.999998     7.606139 7.606139 1.530020
288.384613 141.461533     11.718750 7.203125 94.390625     -0.999998 -0.002170 0.002170 -0.999998     7.606139 7.606139 4.685466
281.320404 104.621429     878.914062 -54.281250 96.320312     -0.449464 -0.893298 0.893298 -0.449464     38.929464 38.929464 0.309326
281.320404 104.621429     28404.015625 -908.015625 1896.234375     -0.449464 -0.893298 0.893298 -0.449464     38.929464 38.929464 3.599140
287.140930 134.578949     9.375000 2.398438 342.136719     -0.995102 -0.098850 0.098850 -0.995102     27.026546 27.026546 1.314568
287.140930 134.578949     94.968750 -16.593750 10.734375     -0.995102 -0.098850 0.098850 -0.995102     27.026546 27.026546 4.545666
269.977264 60.604378     20634.726562 -2045.453125 12852.242188     -0.519735 -0.854327 0.854327 -0.519735     36.501233 36.501233 0.551537
277.620453 91.840469     38.875000 18.285156 681.648438     -0.262238 -0.965003 0.965003 -0.262238     41.068602 41.068602 6.320160
291.368927 154.679611     22102.476562 -1046.343750 11846.757812     -0.999960 -0.008956 0.008956 -0.999960     7.240100 7.240100 1.524387
291.368927 154.679611     6.265625 11.218750 109.593750     -0.999960 -0.008956 0.008956 -0.999960     7.240100 7.240100 4.684448
290.743011 151.628494     23740.093750 481.156250 10482.289062     -0.999558 -0.029741 0.029741 -0.999558     16.261490 16.261490 1.455358
290.743011 151.628494     104.093750 41.480469 931.353516     -0.999558 -0.029741 0.029741 -0.999558     16.261490 16.261490 4.636007
317.078888 198.128937     41.607632 -25.119520 47.197205     -0.624817 -0.780771 0.780771 -0.624817     164.758767 164.758767 0.746601
317.078888 198.128937     178.593750 38.316406 1320.379395     -0.624817 -0.780771 0.780771 -0.624817     164.758767 164.758767 2.201223
287.023529 322.630585     194.406250 40.097656 1498.609863     -0.998297 0.058342 -0.058342 -0.998297     14.670272 14.670272 4.289351
287.023529 322.630585     221.562500 53.816406 1714.266602     -0.998297 0.058342 -0.058342 -0.998297     14.670272 14.670272 5.141744
288.839722 321.575958     155.474640 -104.075378 263.213409     -0.993597 0.112983 -0.112983 -0.993597     19.436091 19.436091 3.920047
288.839722 321.575958     26548.031250 2051.421875 8821.203125     -0.993597 0.112983 -0.112983 -0.993597     19.436091 19.436091 6.411467
314.566864 320.190582     248.312500 78.671875 1838.960938     -0.998568 0.053500 -0.053500 -0.998568     23.901843 23.901843 1.009766
314.566864 320.190582     229.214294 -153.706299 405.893555     -0.998568 0.053500 -0.053500 -0.998568     23.901843 23.901843 4.297337
317.894104 320.496613     373.093750 190.710938 2294.338379     -0.998106 0.061516 -0.061516 -0.998106     25.469757 25.469757 0.909367
317.894104 320.496613     432.937500 269.546875 2547.295410     -0.998106 0.061516 -0.061516 -0.998106     25.469757 25.469757 1.355469
318.931702 320.178131     18.312500 24.640625 413.164062     -0.997786 0.066502 -0.066502 -0.997786     30.415740 30.415740 0.879807
318.931702 320.178131     979.812500 -650.406250 10864.625000     -0.997786 0.066502 -0.066502 -0.997786     30.415740 30.415740 1.535359
314.387268 191.057800     16858.359375 1843.281250 8037.398438     -0.562696 -0.826664 0.826664 -0.562696     167.729791 167.729791 4.654260
314.387268 191.057800     528.267212 -15.301758 387.113281     -0.562696 -0.826664 0.826664 -0.562696     167.729791 167.729791 5.622078
319.534393 320.975037     13972.828125 565.140625 10431.585938     -0.997933 0.064264 -0.064264 -0.997933     33.877571 33.877571 0.828320
319.534393 320.975037     522.970093 -30.966797 506.230469     -0.997933 0.064264 -0.064264 -0.997933     33.877571 33.877571 1.480955
319.411377 321.692352     12944.562500 -303.281250 11399.765625     -0.997974 0.063620 -0.063620 -0.997974     36.262364 36.262364 0.774301
319.411377 321.692352     511.421875 -62.898438 782.539062     -0.997974 0.063620 -0.063620 -0.997974     36.262364 36.262364 1.380636
333.304108 411.169586     27304.281250 -1156.914062 12295.281250     -0.086156 -0.996282 0.996282 -0.086156     14.989690 14.989690 4.696584
319.061920 323.718506     64.471100 34.644531 70.062500     -0.997626 0.068866 -0.068866 -0.997626     43.296751 43.296751 0.531441
319.061920 323.718506     97.750336 69.479980 186.640625     -0.997626 0.068866 -0.068866 -0.997626     43.296751 43.296751 1.550391
270.508942 365.495544     34637.554688 -6438.349609 9759.794922     -0.106711 -0.994290 0.994290 -0.106711     10.124090 10.124090 1.601351
