1.0
719
275.729828 434.407013     44.375000 -10.039062 44.921875     0.697414 -0.716668 0.716668 0.697414     26.471956 26.471956 0.364990
422.510040 357.377502     77.906250 10.265625 17.281250     -0.986701 -0.162544 0.162544 -0.986701     17.767961 17.767961 1.634457
422.510040 357.377502     9022.859375 -657.109375 927.765625     -0.986701 -0.162544 0.162544 -0.986701     17.767961 17.767961 5.467132
400.028687 255.319000     10.984375 10.914062 119.136719     0.088787 -0.996051 0.996051 0.088787     16.818387 16.818387 1.159206
427.403046 246.585556     9086.953125 -684.468750 1265.578125     -0.099412 -0.995046 0.995046 -0.099412     14.154620 14.154620 4.699380
426.010681 28.231318     16.218750 -6.773438 31.125000     -0.978415 0.206649 -0.206649 -0.978415     15.758351 15.758351 4.181686
426.010681 28.231318     62.468750 -19.164062 45.390625     -0.978415 0.206649 -0.206649 -0.978415     15.758351 15.758351 4.699283
365.221771 318.439514     54.343750 -32.988281 108.719727     0.360524 -0.932750 0.932750 0.360524     16.595608 16.595608 4.724592
365.221771 318.439514     91.609375 4.062500 14.781250     0.360524 -0.932750 0.932750 0.360524     16.595608 16.595608 5.914972
402.700012 201.267654     545.171875 -353.562500 701.750000     -0.838750 0.544517 -0.544517 -0.838750     25.830664 25.830664 2.097720
430.343445 51.081776     66.078125 -27.890625 34.460938     0.426613 -0.904434 0.904434 0.426613     28.024374 28.024374 3.126192
430.343445 51.081776     229.078125 -26.174561 23.741173     0.426613 -0.904434 0.904434 0.426613     28.024374 28.024374 4.709852
488.941803 329.527283     25.015625 13.531250 48.015625     -0.998613 -0.052658 0.052658 -0.998613     17.175051 17.175051 1.647208
488.941803 329.527283     146.750000 -78.312500 146.597656     -0.998613 -0.052658 0.052658 -0.998613     17.175051 17.175051 4.749515
405.316254 268.797089     226.937500 67.728516 397.146973     0.626022 -0.779805 0.779805 0.626022     72.746284 72.746284 5.445707
489.277954 304.562714     19.234375 19.425781 45.422852     -0.864033 0.503436 -0.503436 -0.864033     19.203052 19.203052 1.726824
489.277954 304.562714     31.859375 16.585938 40.460938     -0.864033 0.503436 -0.503436 -0.864033     19.203052 19.203052 3.956315
439.362976 184.562271     7992.812500 -95.062500 5888.343750     -0.419763 -0.907634 0.907634 -0.419763     19.489560 19.489560 0.737515
439.362976 184.562271     536.078125 35.517578 633.114746     -0.419763 -0.907634 0.907634 -0.419763     19.489560 19.489560 4.290374
402.523560 205.652786     99.171875 -21.578125 52.375977     -0.707451 0.706763 -0.706763 -0.707451     37.206399 37.206399 2.202451
483.028717 75.234451     21.812500 -5.945312 87.757812     -0.469606 -0.882876 0.882876 -0.469606     13.426076 13.426076 2.084176
483.028717 75.234451     6685.000000 -1372.929688 20118.929688     -0.469606 -0.882876 0.882876 -0.469606     13.426076 13.426076 4.707058
462.605377 98.363983     141.207031 -19.179688 4.515625     -0.611963 -0.790886 0.790886 -0.611963     19.628300 19.628300 4.720561
498.086823 236.807755     218.265625 3.823242 21.126251     0.100192 -0.994968 0.994968 0.100192     41.189300 41.189300 0.994035
500.608612 99.858063     134.169922 -96.775391 72.531250     -0.931428 0.363926 -0.363926 -0.931428     29.830967 29.830967 3.149992
500.608612 99.858063     7217.765625 -1409.476562 20451.632812     -0.931428 0.363926 -0.363926 -0.931428     29.830967 29.830967 4.728362
601.068176 390.931824     102.306641 19.013672 6.477539     -0.959573 0.281458 -0.281458 -0.959573     15.485708 15.485708 4.699129
535.498108 164.083649     5.132812 4.289062 165.984375     0.089079 -0.996025 0.996025 0.089079     20.758996 20.758996 0.690705
535.498108 164.083649     154.635742 -20.992188 5.320312     0.089079 -0.996025 0.996025 0.089079     20.758996 20.758996 1.586483
97.796021 301.910461     141.157227 -85.776367 55.537109     -0.990658 0.136369 -0.136369 -0.990658     6.162611 6.162611 1.590217
97.796021 301.910461     43.000000 -4.726562 49.472656     -0.990658 0.136369 -0.136369 -0.990658     6.162611 6.162611 4.729864
108.873238 135.647888     99.847656 -35.037109 15.933594     -0.854615 0.519263 -0.519263 -0.854615     5.930150 5.930150 1.653246
108.873238 135.647888     137.590820 36.090820 11.796387     -0.854615 0.519263 -0.519263 -0.854615     5.930150 5.930150 4.630386
151.478668 308.184845     156.041992 -37.335938 11.265625     -0.985928 0.167171 -0.167171 -0.985928     7.392600 7.392600 1.603069
151.478668 308.184845     98.005859 29.730469 12.096191     -0.985928 0.167171 -0.167171 -0.985928     7.392600 7.392600 4.751424
101.665199 214.581497     143.991211 -86.460938 55.917969     -0.807294 0.590150 -0.590150 -0.807294     6.014335 6.014335 1.657846
101.665199 214.581497     6.890625 6.148438 166.007812     -0.807294 0.590150 -0.590150 -0.807294     6.014335 6.014335 4.625227
167.828568 124.904762     149.247070 -107.789062 82.050781     -0.982215 -0.187762 0.187762 -0.982215     7.587342 7.587342 1.560160
167.828568 124.904762     8304.187500 -2007.039062 20275.671875     -0.982215 -0.187762 0.187762 -0.982215     7.587342 7.587342 4.698660
316.385406 312.986115     157.512695 -20.023438 5.929688     -0.026636 -0.999645 0.999645 -0.026636     10.080931 10.080931 1.309942
97.135803 301.991760     104.310547 -36.130859 16.871094     -0.990623 0.136622 -0.136622 -0.990623     7.007825 7.007825 1.593360
97.135803 301.991760     27.054688 -19.351562 297.851562     -0.990623 0.136622 -0.136622 -0.990623     7.007825 7.007825 4.731429
146.097565 374.165863     147.849609 39.056641 13.741211     -0.959576 0.281451 -0.281451 -0.959576     6.830386 6.830386 1.630591
146.097565 374.165863     161.045898 -38.636719 12.640625     -0.959576 0.281451 -0.281451 -0.959576     6.830386 6.830386 4.769725
108.693802 135.693802     153.671875 -111.564453 86.363281     -0.850459 0.526041 -0.526041 -0.850459     7.088303 7.088303 1.663117
108.693802 135.693802     152.695312 -91.838867 60.410156     -0.850459 0.526041 -0.526041 -0.850459     7.088303 7.088303 4.615464
101.738808 214.548508     107.927734 20.394531 8.301758     -0.804969 0.593317 -0.593317 -0.804969     6.817600 6.817600 1.662804
101.738808 214.548508     59.154297 -4.328125 6.648438     -0.804969 0.593317 -0.593317 -0.804969     6.817600 6.817600 4.616067
163.631577 181.947372     165.334961 -22.210938 7.125000     -0.940097 0.340907 -0.340907 -0.940097     8.085113 8.085113 1.461183
163.631577 181.947372     116.791016 -19.460938 7.351562     -0.940097 0.340907 -0.340907 -0.940097     8.085113 8.085113 4.796205
117.837959 74.018517     111.773438 -31.710938 12.750000     -0.966269 -0.257533 0.257533 -0.966269     6.640129 6.640129 1.558594
117.837959 74.018517     28.078125 -20.390625 308.851562     -0.966269 -0.257533 0.257533 -0.966269     6.640129 6.640129 4.697916
92.196724 370.081970     18.445312 -40.968750 139.815674     -0.971789 0.235850 -0.235850 -0.971789     6.681109 6.681109 1.606649
92.196724 370.081970     9.003906 5.248047 43.097168     -0.971789 0.235850 -0.235850 -0.971789     6.681109 6.681109 4.748543
173.423813 69.761902     108.597656 -37.335938 18.101562     -0.954531 -0.298111 0.298111 -0.954531     7.544739 7.544739 1.540976
173.423813 69.761902     163.762695 -119.925781 94.546875     -0.954531 -0.298111 0.298111 -0.954531     7.544739 7.544739 4.683241
108.750877 135.694733     41.484375 -31.890625 316.796875     -0.852598 0.522567 -0.522567 -0.852598     7.696344 7.696344 1.668998
108.750877 135.694733     171.074219 -40.718750 14.000000     -0.852598 0.522567 -0.522567 -0.852598     7.696344 7.696344 4.607136
316.283569 312.788055     159.055664 -96.553711 65.539062     -0.038555 -0.999256 0.999256 -0.038555     11.607381 11.607381 1.281574
151.206009 308.253204     13.425781 26.603516 150.055176     -0.985793 0.167965 -0.167965 -0.985793     8.012503 8.012503 1.606963
151.206009 308.253204     150.869141 39.582031 15.055176     -0.985793 0.167965 -0.167965 -0.985793     8.012503 8.012503 4.756609
167.620834 124.883331     116.337891 -30.667969 15.132812     -0.981349 -0.192237 0.192237 -0.981349     8.545319 8.545319 1.558110
167.620834 124.883331     172.809570 -22.562500 7.976562     -0.981349 -0.192237 0.192237 -0.981349     8.545319 8.545319 4.696614
101.576271 214.647461     21.867188 -43.216797 143.874268     -0.805475 0.592629 -0.592629 -0.805475     7.455493 7.455493 1.668555
101.576271 214.647461     107.636719 31.957031 14.569336     -0.805475 0.592629 -0.592629 -0.805475     7.455493 7.455493 4.606636
96.923347 302.024384     115.097656 -32.347656 13.640625     -0.991672 0.128786 -0.128786 -0.991672     8.210855 8.210855 1.598951
96.923347 302.024384     13.195312 -29.273438 91.921875     -0.991672 0.128786 -0.128786 -0.991672     8.210855 8.210855 4.736298
163.626465 181.976654     65.410156 -4.996094 8.078125     -0.940966 0.338500 -0.338500 -0.940966     8.856554 8.856554 1.443393
163.626465 181.976654     13.378906 28.583984 250.706055     -0.940966 0.338500 -0.338500 -0.940966     8.856554 8.856554 4.801119
313.581299 322.673370     52.281250 -35.570312 318.390625     0.070921 -0.997482 0.997482 0.070921     22.803408 22.803408 0.325254
313.581299 322.673370     75.554688 -54.001953 68.645386     0.070921 -0.997482 0.997482 0.070921     22.803408 22.803408 1.235822
117.452209 73.963234     23.914062 -44.613281 145.603271     -0.965429 -0.260667 0.260667 -0.965429     8.044663 8.044663 1.554463
117.452209 73.963234     17.554688 2.560547 303.837402     -0.965429 -0.260667 0.260667 -0.965429     8.044663 8.044663 4.695038
91.689423 370.197937     159.784180 41.647461 16.315430     -0.971330 0.237734 -0.237734 -0.971330     8.030032 8.030032 1.619827
101.088760 215.127213     115.021484 -29.781250 15.750000     -0.802746 0.596320 -0.596320 -0.802746     8.403787 8.403787 1.675757
101.088760 215.127213     168.433594 -123.626953 99.195312     -0.802746 0.596320 -0.596320 -0.802746     8.403787 8.403787 4.593109
108.374252 135.973053     15.914062 -35.171875 108.250000     -0.851161 0.524905 -0.524905 -0.851161     8.741790 8.741790 1.678329
173.239670 69.727272     248.828125 -112.804688 314.250000     -0.955415 -0.295266 0.295266 -0.955415     8.556162 8.556162 1.535114
173.239670 69.727272     110.861328 -38.529297 19.574219     -0.955415 -0.295266 0.295266 -0.955415     8.556162 8.556162 4.678968
167.615097 124.909431     4.929688 12.125000 130.992188     -0.981183 -0.193081 0.193081 -0.981183     9.318852 9.318852 1.556388
167.615097 124.909431     85.648438 -51.159180 68.208130     -0.981183 -0.193081 0.193081 -0.981183     9.318852 9.318852 4.695004
154.816422 267.647339     170.817383 -103.642578 71.376953     -0.996665 0.081606 -0.081606 -0.996665     11.289581 11.289581 1.300967
154.816422 267.647339     31.859375 -50.089844 146.852051     -0.996665 0.081606 -0.081606 -0.996665     11.289581 11.289581 5.084607
96.459877 302.061737     17.390625 -38.906250 119.906250     -0.990649 0.136438 -0.136438 -0.990649     9.073919 9.073919 1.602902
96.459877 302.061737     9.164062 -20.925781 173.003906     -0.990649 0.136438 -0.136438 -0.990649     9.073919 9.073919 4.738175
151.311111 308.248138     7.265625 12.414062 124.421875     -0.985441 0.170019 -0.170019 -0.985441     8.993198 8.993198 1.611893
151.311111 308.248138     181.210938 -23.542969 9.382812     -0.985441 0.170019 -0.170019 -0.985441     8.993198 8.993198 4.762092
145.968750 374.179688     179.063477 -42.437500 15.750000     -0.959711 0.280989 -0.280989 -0.959711     8.377149 8.377149 1.645485
145.968750 374.179688     121.128906 -33.937500 14.781250     -0.959711 0.280989 -0.280989 -0.959711     8.377149 8.377149 4.784460
313.473419 322.184174     74.027344 -5.054688 9.023438     0.072056 -0.997401 0.997401 0.072056     23.211026 23.211026 0.331870
313.473419 322.184174     22.238281 -9.507812 334.623535     0.072056 -0.997401 0.997401 0.072056     23.211026 23.211026 1.236560
284.153595 60.330067     61.640625 -26.936523 271.065186     0.292567 -0.956245 0.956245 0.292567     10.940423 10.940423 4.889038
250.031967 73.456619     110.863281 32.815430 15.800293     -0.148774 -0.988871 0.988871 -0.148774     12.897308 12.897308 1.105984
163.307693 182.108398     118.412109 -32.125000 17.687500     -0.941095 0.338142 -0.338142 -0.941095     9.741768 9.741768 1.428200
163.307693 182.108398     118.566406 22.253906 10.673828     -0.941095 0.338142 -0.338142 -0.941095     9.741768 9.741768 4.808199
100.802055 215.357330     3.429688 2.742188 109.125000     -0.799144 0.601139 -0.601139 -0.799144     9.369637 9.369637 1.680666
100.802055 215.357330     318.101562 -141.023438 325.000000     -0.799144 0.601139 -0.601139 -0.799144     9.369637 9.369637 4.574395
312.707184 322.440887     164.211914 42.600586 17.653809     0.113581 -0.993529 0.993529 0.113581     27.680899 27.680899 0.190703
312.707184 322.440887     14.292969 0.867188 26.333984     0.113581 -0.993529 0.993529 0.113581     27.680899 27.680899 2.761289
91.670586 370.197052     124.220703 -20.207031 9.234375     -0.971538 0.236882 -0.236882 -0.971538     9.080522 9.080522 1.628679
108.218506 136.023132     9.093750 -20.933594 172.484375     -0.847306 0.531106 -0.531106 -0.847306     10.079952 10.079952 1.692519
251.933517 80.909576     19.523438 -41.796875 128.859375     -0.184614 -0.982811 0.982811 -0.184614     13.064352 13.064352 1.324406
117.099686 73.884735     3.851562 4.898438 130.609375     -0.965388 -0.260819 0.260819 -0.965388     9.397673 9.397673 1.551317
117.099686 73.884735     28.601562 -14.978516 329.676270     -0.965388 -0.260819 0.260819 -0.965388     9.397673 9.397673 4.690392
147.782425 352.205017     317.429688 -154.421875 464.054688     -0.963120 0.269073 -0.269073 -0.963120     11.529935 11.529935 1.801877
147.782425 352.205017     62.765625 -26.708008 271.356445     -0.963120 0.269073 -0.269073 -0.963120     11.529935 11.529935 4.785575
96.498627 302.035614     17.859375 -4.511719 127.751953     -0.991088 0.133210 -0.133210 -0.991088     10.005777 10.005777 1.606952
96.498627 302.035614     176.322266 -129.580078 105.636719     -0.991088 0.133210 -0.133210 -0.991088     10.005777 10.005777 4.742665
283.973328 60.613335     8.609375 -13.906250 183.070312     0.303326 -0.952887 0.952887 0.303326     12.815355 12.815355 4.928489
173.159576 69.687943     115.695312 -39.339844 20.687500     -0.955073 -0.296369 0.296369 -0.955073     9.706583 9.706583 1.529085
173.159576 69.687943     172.574219 -105.586914 74.949219     -0.955073 -0.296369 0.296369 -0.955073     9.706583 9.706583 4.670614
167.523178 124.864235     374.210938 -223.015625 941.250000     -0.981930 -0.189245 0.189245 -0.981930     10.289269 10.289269 1.556167
167.523178 124.864235     18.414062 -7.929688 116.851562     -0.981930 -0.189245 0.189245 -0.981930     10.289269 10.289269 4.695014
151.269363 308.239044     18.734375 -6.652344 125.943359     -0.986148 0.165866 -0.165866 -0.986148     9.859054 9.859054 1.616369
151.269363 308.239044     8.843750 -12.484375 191.453125     -0.986148 0.165866 -0.165866 -0.986148     9.859054 9.859054 4.770703
145.694733 374.238586     278.179688 -43.226562 711.235352     -0.959991 0.280031 -0.280031 -0.959991     9.227476 9.227476 1.651212
145.694733 374.238586     65.250000 -23.227539 279.284180     -0.959991 0.280031 -0.280031 -0.959991     9.227476 9.227476 4.789370
317.444946 378.237885     125.371094 -34.746094 16.078125     0.314301 -0.949323 0.949323 0.314301     8.422940 8.422940 1.316085
154.858368 267.459229     392.109375 -268.710938 1345.359375     -0.996280 0.086170 -0.086170 -0.996280     12.443136 12.443136 1.304199
154.858368 267.459229     187.572266 -24.345703 10.734375     -0.996280 0.086170 -0.086170 -0.996280     12.443136 12.443136 5.101416
252.303986 84.238991     38.038574 -7.175781 11.945312     -0.117915 -0.993024 0.993024 -0.117915     14.219399 14.219399 1.360151
312.351349 322.672668     188.273438 -44.589844 17.546875     0.130243 -0.991482 0.991482 0.130243     31.049570 31.049570 6.344147
282.285706 34.382240     116.613281 34.032227 17.196289     -0.729329 0.684163 -0.684163 -0.729329     19.085356 19.085356 1.747953
284.040955 60.698795     119.556641 -34.125000 21.273438     0.311092 -0.950380 0.950380 0.311092     13.730974 13.730974 4.960230
251.355515 88.358765     15.152344 -28.507812 116.902344     -0.008943 -0.999960 0.999960 -0.008943     18.841940 18.841940 1.264749
116.969185 73.829132     81.808594 -6.000000 11.351562     -0.965612 -0.259987 0.259987 -0.965612     10.164464 10.164464 1.549159
116.969185 73.829132     170.056641 44.277344 19.535156     -0.965612 -0.259987 0.259987 -0.965612     10.164464 10.164464 4.687849
147.871216 352.340912     18.000000 -7.851562 126.562500     -0.963715 0.266932 -0.266932 -0.963715     12.324676 12.324676 1.805621
147.871216 352.340912     21.429688 -12.089844 127.091797     -0.963715 0.266932 -0.266932 -0.963715     12.324676 12.324676 4.806115
100.812218 215.366516     316.304688 -38.337891 741.503906     -0.796761 0.604295 -0.604295 -0.796761     10.487789 10.487789 1.691922
100.812218 215.366516     132.146484 -21.437500 10.468750     -0.796761 0.604295 -0.604295 -0.796761     10.487789 10.487789 4.550613
317.593292 378.526123     593.398438 -297.328125 1791.445312     0.319795 -0.947487 0.947487 0.319795     9.048121 9.048121 1.318800
307.841553 324.215942     181.855469 -112.250000 81.699219     0.600622 -0.799533 0.799533 0.600622     57.643464 57.643464 5.541461
163.323807 182.095245     21.007812 -18.179688 1105.484375     -0.939188 0.343405 -0.343405 -0.939188     10.540349 10.540349 1.412263
163.323807 182.095245     68.820312 -21.928711 287.000732     -0.939188 0.343405 -0.343405 -0.939188     10.540349 10.540349 4.816304
332.290009 206.404999     125.943359 22.810547 12.095703     -0.094879 -0.995489 0.995489 -0.094879     8.742133 8.742133 1.127661
280.127930 35.704960     7.933594 -9.281250 128.496094     -0.764208 0.644970 -0.644970 -0.764208     22.514055 22.514055 1.756281
107.819008 136.285065     1139.773438 2151.792969 10576.265625     -0.846325 0.532667 -0.532667 -0.846325     11.155562 11.155562 1.697090
283.603363 60.886074     14.279316 -7.861816 737.039062     0.350713 -0.936483 0.936483 0.350713     16.287723 16.287723 5.026351
317.621613 378.716217     182.245117 -135.714844 114.917969     0.318956 -0.947769 0.947769 0.318956     9.328547 9.328547 1.337381
336.214600 141.675797     21.390625 -13.144531 127.240234     0.124721 -0.992192 0.992192 0.124721     11.502437 11.502437 1.259102
332.856537 206.330429     9.843750 17.318359 85.545898     -0.104227 -0.994554 0.994554 -0.104227     10.990192 10.990192 1.040242
96.192772 302.098785     1349.742188 1846.703125 8887.187500     -0.991071 0.133334 -0.133334 -0.991071     11.218876 11.218876 1.611297
96.192772 302.098785     7.675781 -6.468750 88.546875     -0.991071 0.133334 -0.133334 -0.991071     11.218876 11.218876 4.747931
91.163727 370.274567     15.210938 -82.259766 802.798828     -0.971423 0.237357 -0.237357 -0.971423     10.438496 10.438496 1.640191
145.733337 374.257141     14.726562 -23.500000 99.328125     -0.959934 0.280227 -0.280227 -0.959934     9.934813 9.934813 1.654738
145.733337 374.257141     13.968590 -7.277710 737.093750     -0.959934 0.280227 -0.280227 -0.959934     9.934813 9.934813 4.795604
154.784088 267.246216     41.785645 -7.992188 13.578125     -0.997026 0.077065 -0.077065 -0.997026     13.221682 13.221682 1.308644
154.784088 267.246216     196.049805 -46.652344 19.359375     -0.997026 0.077065 -0.077065 -0.997026     13.221682 13.221682 5.095059
251.459259 88.900002     121.304688 34.825195 18.473145     0.030394 -0.999538 0.999538 0.030394     21.082472 21.082472 1.223693
281.838074 49.647739     126.412109 -38.917969 26.601562     0.125560 -0.992086 0.992086 0.125560     34.339306 34.339306 1.024126
281.838074 49.647739     16.375000 -23.625000 103.906250     0.125560 -0.992086 0.992086 0.125560     34.339306 34.339306 3.465474
172.840759 69.560509     120.646484 -41.613281 23.562500     -0.954706 -0.297549 0.297549 -0.954706     10.623094 10.623094 1.524346
172.840759 69.560509     197.413086 -25.367188 12.390625     -0.954706 -0.297549 0.297549 -0.954706     10.623094 10.623094 4.666635
147.489731 352.630127     132.617188 -37.972656 18.593750     -0.959969 0.280105 -0.280105 -0.959969     12.975232 12.975232 1.798852
147.489731 352.630127     24.542969 -114.738281 891.777344     -0.959969 0.280105 -0.280105 -0.959969     12.975232 12.975232 4.804990
167.416168 124.850296     95.054688 -6.039062 14.156250     -0.980926 -0.194381 0.194381 -0.980926     11.262577 11.262577 1.553736
167.416168 124.850296     178.261719 45.514648 21.295410     -0.980926 -0.194381 0.194381 -0.980926     11.262577 11.262577 4.691747
338.856445 255.990433     10.601562 20.296875 97.891113     -0.025918 -0.999664 0.999664 -0.025918     8.246907 8.246907 2.049514
338.856445 255.990433     174.298828 -96.113281 162.003906     -0.025918 -0.999664 0.999664 -0.025918     8.246907 8.246907 4.751261
306.496735 324.340332     1163.906250 1736.121094 11316.945312     0.698408 -0.715699 0.715699 0.698408     60.455146 60.455146 5.431581
117.020149 73.828712     113.634766 -17.583984 69.003906     -0.965537 -0.260264 0.260264 -0.965537     11.178373 11.178373 1.546047
117.020149 73.828712     14.700596 -5.685059 743.371094     -0.965537 -0.260264 0.260264 -0.965537     11.178373 11.178373 4.685052
244.758621 137.980301     22.718750 -14.652344 131.121094     -0.071467 -0.997443 0.997443 -0.071467     16.975701 16.975701 5.868268
151.105103 308.285278     132.462891 -48.863281 135.546875     -0.985755 0.168188 -0.168188 -0.985755     10.824986 10.824986 1.621381
151.105103 308.285278     137.984375 -22.414062 11.976562     -0.985755 0.168188 -0.168188 -0.985755     10.824986 10.824986 4.773673
336.397552 141.504105     177.856445 -78.055664 143.576172     0.125093 -0.992145 0.992145 0.125093     11.432458 11.432458 1.251227
317.789459 378.748535     11.367188 -37.777344 334.289062     0.320613 -0.947210 0.947210 0.320613     10.433753 10.433753 1.317919
338.811951 255.653839     179.829102 -77.947266 177.878906     -0.038558 -0.999256 0.999256 -0.038558     8.612004 8.612004 2.047233
338.811951 255.653839     1400.750000 1737.906250 10764.253906     -0.038558 -0.999256 0.999256 -0.038558     8.612004 8.612004 4.773103
251.445740 88.779785     48.408203 -9.013672 16.562500     0.049567 -0.998771 0.998771 0.049567     23.751397 23.751397 1.197880
306.281677 321.751160     109.599609 44.980469 114.343750     0.534380 -0.845244 0.845244 0.534380     66.715615 66.715615 5.622994
281.742157 49.627972     134.406250 23.955078 13.893555     0.125019 -0.992154 0.992154 0.125019     34.682193 34.682193 1.045414
281.742157 49.627972     15.100754 -5.332642 747.652344     0.125019 -0.992154 0.992154 0.125019     34.682193 34.682193 3.469035
338.836273 143.692688     179.324219 -59.526367 164.458984     0.040952 -0.999161 0.999161 0.040952     18.918449 18.918449 1.023890
338.836273 143.692688     10.289062 -11.085938 67.484375     0.040952 -0.999161 0.999161 0.040952     18.918449 18.918449 3.231093
100.323296 215.793167     16.234375 -27.667969 68.230469     -0.794713 0.606986 -0.606986 -0.794713     11.618388 11.618388 1.698210
100.323296 215.793167     148.298828 -33.464844 174.703125     -0.794713 0.606986 -0.606986 -0.794713     11.618388 11.618388 4.534597
337.779999 259.700012     115.906250 -16.984375 74.636719     0.078962 -0.996878 0.996878 0.078962     12.330218 12.330218 2.055657
163.438034 182.080688     205.718750 -47.765625 21.484375     -0.940794 0.338980 -0.338980 -0.940794     11.484128 11.484128 1.400423
163.438034 182.080688     183.662109 -26.763672 37.117188     -0.940794 0.338980 -0.338980 -0.940794     11.484128 11.484128 3.155656
107.931038 136.263687     140.369141 -50.476562 135.171875     -0.842504 0.538690 -0.538690 -0.842504     12.272540 12.272540 1.710992
107.931038 136.263687     25.164062 -14.507812 141.990234     -0.842504 0.538690 -0.538690 -0.842504     12.272540 12.272540 4.530042
309.555725 314.150848     8.746094 -10.931396 80.169952     0.327123 -0.944982 0.944982 0.327123     77.552895 77.552895 5.866207
335.562805 202.461349     14.987629 -5.797119 750.238281     0.079784 -0.996812 0.996812 0.079784     18.974518 18.974518 2.439438
339.056702 143.607712     11.992188 -10.671875 64.953125     0.061695 -0.998095 0.998095 0.061695     19.262509 19.262509 1.070037
339.056702 143.607712     52.552734 -8.937500 19.828125     0.061695 -0.998095 0.998095 0.061695     19.262509 19.262509 3.126972
337.700897 259.256805     127.736328 37.331055 21.144043     0.067893 -0.997693 0.997693 0.067893     12.723298 12.723298 2.099792
256.014526 102.350693     185.200195 -67.123047 188.496094     0.098363 -0.995151 0.995151 0.098363     74.475622 74.475622 3.152217
281.557800 49.319096     149.908203 -24.968750 14.859375     0.106662 -0.994295 0.994295 0.106662     35.649060 35.649060 1.052703
281.557800 49.319096     12.746094 -40.054688 337.648438     0.106662 -0.994295 0.994295 0.106662     35.649060 35.649060 3.508628
145.822357 374.171906     10.902344 -18.007812 117.109375     -0.960173 0.279407 -0.279407 -0.960173     10.992483 10.992483 1.660072
145.822357 374.171906     182.337891 -49.793945 180.312500     -0.960173 0.279407 -0.279407 -0.960173     10.992483 10.992483 4.800100
309.643036 309.763245     219.447266 -87.269531 114.101562     0.253871 -0.967238 0.967238 0.253871     80.697042 80.697042 6.013663
96.086395 302.051849     11.647461 -8.852539 47.162109     -0.990989 0.133940 -0.133940 -0.990989     12.277556 12.277556 1.617860
96.086395 302.051849     8.242188 -8.609375 67.363281     -0.990989 0.133940 -0.133940 -0.990989     12.277556 12.277556 4.752083
82.009476 347.094788     182.587402 8.931641 129.546875     -0.968559 0.248785 -0.248785 -0.968559     14.302735 14.302735 2.044878
82.009476 347.094788     153.408203 14.134766 115.012695     -0.968559 0.248785 -0.248785 -0.968559     14.302735 14.302735 4.587666
91.370537 370.261169     9.019531 -10.898926 81.527008     -0.971175 0.238368 -0.238368 -0.971175     11.562993 11.562993 1.647007
173.008591 69.627510     116.333984 -13.220703 80.425781     -0.955286 -0.295683 0.295683 -0.955286     11.615361 11.615361 1.518259
173.008591 69.627510     190.985352 48.644531 25.007324     -0.955286 -0.295683 0.295683 -0.955286     11.615361 11.615361 4.664414
147.476196 352.818451     18.867188 -30.261719 73.695312     -0.954300 0.298849 -0.298849 -0.954300     14.641846 14.641846 1.805233
147.476196 352.818451     155.546875 -31.125000 172.566406     -0.954300 0.298849 -0.298849 -0.954300     14.641846 14.641846 4.844439
245.450500 203.024750     116.111328 29.000000 40.696289     0.252611 -0.967568 0.967568 0.252611     12.494763 12.494763 2.539242
154.791946 267.090607     15.451675 -6.241455 771.425781     -0.996445 0.084249 -0.084249 -0.996445     14.818784 14.818784 1.291615
154.791946 267.090607     187.168945 -59.853516 200.941406     -0.996445 0.084249 -0.084249 -0.996445     14.818784 14.818784 5.102997
116.678650 73.793259     4.854370 -5.607422 84.179688     -0.964858 -0.262771 0.262771 -0.964858     12.304505 12.304505 1.543124
116.678650 73.793259     14.675903 -26.834961 214.546875     -0.964858 -0.262771 0.262771 -0.964858     12.304505 12.304505 4.681908
335.653381 201.436249     12.873779 -9.455566 47.996094     0.071763 -0.997422 0.997422 0.071763     18.789907 18.789907 2.478378
339.754395 142.844055     138.607422 -9.071289 72.747559     0.112246 -0.993680 0.993680 0.112246     20.156796 20.156796 1.015541
339.754395 142.844055     147.505859 -53.953125 138.265625     0.112246 -0.993680 0.993680 0.112246     20.156796 20.156796 2.958757
256.807190 103.247353     14.593750 -43.113281 347.773438     0.089088 -0.996024 0.996024 0.089088     79.597308 79.597308 3.134574
150.972748 308.267029     13.285156 -10.851562 64.796875     -0.985688 0.168581 -0.168581 -0.985688     11.736561 11.736561 1.622199
150.972748 308.267029     28.476562 -62.640625 213.320312     -0.985688 0.168581 -0.168581 -0.985688     11.736561 11.736561 4.776376
307.017456 305.123779     259.375000 -40.648438 135.015625     0.228332 -0.973583 0.973583 0.228332     102.976971 102.976971 6.159836
107.508224 136.617920     21.042969 -33.863281 82.148438     -0.838875 0.544324 -0.544324 -0.838875     13.397024 13.397024 1.718672
107.508224 136.617920     15.129852 56.267822 383.437500     -0.838875 0.544324 -0.544324 -0.838875     13.397024 13.397024 4.519211
335.820862 229.413391     12.847656 -18.945312 127.765625     0.016756 -0.999860 0.999860 0.016756     20.475317 20.475317 0.668724
335.820862 229.413391     179.272461 38.715820 48.344238     0.016756 -0.999860 0.999860 0.016756     20.475317 20.475317 1.736309
281.537506 49.382355     11.029907 -6.243164 118.171875     0.099023 -0.995085 0.995085 0.099023     36.734485 36.734485 0.987335
281.537506 49.382355     11.921875 -18.187500 122.046875     0.099023 -0.995085 0.995085 0.099023     36.734485 36.734485 3.509809
167.349213 124.857140     6.316528 -13.271484 236.054688     -0.981898 -0.189412 0.189412 -0.981898     12.483301 12.483301 1.553589
167.349213 124.857140     7.843750 -6.433594 69.066406     -0.981898 -0.189412 0.189412 -0.981898     12.483301 12.483301 4.693475
212.805908 158.573837     13.496338 -7.873047 50.382812     0.076309 -0.997084 0.997084 0.076309     12.094273 12.094273 4.963095
283.104309 217.003952     16.163689 -5.195435 763.242188     -0.212312 -0.977202 0.977202 -0.212312     116.676255 116.676255 1.395361
283.104309 217.003952     17.659668 -48.680664 380.320312     -0.212312 -0.977202 0.977202 -0.212312     116.676255 116.676255 4.803470
100.427574 215.670151     159.484375 17.974609 120.535156     -0.787639 0.616137 -0.616137 -0.787639     13.314186 13.314186 0.177205
100.427574 215.670151     9.785156 -10.196289 82.625275     -0.787639 0.616137 -0.616137 -0.787639     13.314186 13.314186 1.720281
340.019379 142.302811     212.903320 -10.262695 87.688477     0.121418 -0.992601 0.992601 0.121418     20.015009 20.015009 2.839041
340.019379 142.302811     10.501465 -18.381470 114.822388     0.121418 -0.992601 0.992601 0.121418     20.015009 20.015009 5.939200
307.582520 72.165047     4.859375 5.972656 308.097656     -0.212911 -0.977072 0.977072 -0.212911     11.086779 11.086779 4.042369
291.992188 218.481979     16.466064 -18.074219 90.375000     -0.225846 -0.974163 0.974163 -0.225846     136.611204 136.611204 0.912172
291.992188 218.481979     188.816406 -33.505859 202.082031     -0.225846 -0.974163 0.974163 -0.225846     136.611204 136.611204 1.349079
198.839813 308.669891     14.177490 -14.564453 94.356445     0.079233 -0.996856 0.996856 0.079233     12.042546 12.042546 1.151025
198.839813 308.669891     22.744995 79.953613 461.859375     0.079233 -0.996856 0.996856 0.079233     12.042546 12.042546 1.609243
215.741089 132.309570     192.620605 3.242188 129.406250     0.102783 -0.994704 0.994704 0.102783     11.657549 11.657549 4.927709
286.569702 392.339386     117.691406 -11.238281 85.835938     0.250838 -0.968029 0.968029 0.250838     13.225100 13.225100 1.302517
81.837608 347.299133     15.710938 -0.724854 18.937939     -0.966959 0.254931 -0.254931 -0.966959     15.241024 15.241024 2.037406
81.837608 347.299133     11.007812 -8.248291 80.010101     -0.966959 0.254931 -0.254931 -0.966959     15.241024 15.241024 4.597218
91.048683 370.286011     15.820312 -42.910156 370.281250     -0.970639 0.240543 -0.240543 -0.970639     12.566239 12.566239 1.652925
172.937500 69.575523     162.919922 36.724609 128.097900     -0.956022 -0.293296 0.293296 -0.956022     12.559105 12.559105 1.514850
172.937500 69.575523     30.290680 -62.510498 150.792969     -0.956022 -0.293296 0.293296 -0.956022     12.559105 12.559105 4.658872
147.209000 353.164032     12.901978 -5.705078 120.218750     -0.945665 0.325142 -0.325142 -0.945665     16.362079 16.362079 1.811523
147.209000 353.164032     11.816895 -24.638062 156.942810     -0.945665 0.325142 -0.325142 -0.945665     16.362079 16.362079 4.869587
286.822296 392.628662     17.338867 -73.413086 754.968750     0.244973 -0.969530 0.969530 0.244973     14.515986 14.515986 1.271839
163.251907 182.162857     14.363281 -10.718750 66.421875     -0.937873 0.346979 -0.346979 -0.937873     12.860162 12.860162 1.374490
163.251907 182.162857     24.533142 85.499023 484.429688     -0.937873 0.346979 -0.346979 -0.937873     12.860162 12.860162 3.196411
95.963249 302.075439     196.544922 -45.001953 213.718750     -0.991060 0.133415 -0.133415 -0.991060     13.481784 13.481784 1.623126
95.963249 302.075439     18.727783 -47.953125 387.812500     -0.991060 0.133415 -0.133415 -0.991060     13.481784 13.481784 4.757958
145.538666 374.273193     13.245117 -5.887207 41.798828     -0.957154 0.289580 -0.289580 -0.957154     11.995185 11.995185 1.666108
216.710144 128.412231     13.570312 -18.730469 127.089844     0.128979 -0.991647 0.991647 0.128979     13.956879 13.956879 1.495174
216.710144 128.412231     268.242188 -44.451172 142.125000     0.128979 -0.991647 0.991647 0.128979     13.956879 13.956879 2.768928
154.772461 266.769470     25.386719 -41.476562 101.414062     -0.997256 0.074035 -0.074035 -0.997256     16.660893 16.660893 1.321599
154.772461 266.769470     30.738693 -62.867920 154.195312     -0.997256 0.074035 -0.074035 -0.997256     16.660893 16.660893 3.086345
116.746986 73.716866     156.423828 -60.210938 145.109375     -0.965675 -0.259752 0.259752 -0.965675     13.539442 13.539442 1.541688
116.746986 73.716866     13.664795 -13.261719 187.992188     -0.965675 -0.259752 0.259752 -0.965675     13.539442 13.539442 4.679989
307.370972 71.830643     19.403564 -60.069824 431.756836     -0.215934 -0.976408 0.976408 -0.215934     11.125910 11.125910 4.074450
101.353661 217.602982     25.747772 86.387451 493.492188     -0.729325 0.684167 -0.684167 -0.729325     38.141765 38.141765 0.225453
289.766327 187.821167     244.896484 49.142090 160.164062     -0.164016 -0.986458 0.986458 -0.164016     133.130414 133.130414 1.310936
289.766327 187.821167     12.703552 -8.312500 227.406250     -0.164016 -0.986458 0.986458 -0.164016     133.130414 133.130414 4.800621
164.113678 185.126312     13.253906 -19.078125 123.859375     -0.944843 0.327525 -0.327525 -0.944843     35.691699 35.691699 3.128457
340.288391 142.064270     171.830078 -28.941406 22.492188     0.131628 -0.991299 0.991299 0.131628     20.509915 20.509915 2.886047
340.288391 142.064270     14.187500 -17.472656 127.222656     0.131628 -0.991299 0.991299 0.131628     20.509915 20.509915 5.919958
146.326248 363.736237     16.992188 -42.585938 382.062500     0.695866 -0.718172 0.718172 0.695866     41.516561 41.516561 0.693412
146.326248 363.736237     22.123779 2.793579 1074.488281     0.695866 -0.718172 0.718172 0.695866     41.516561 41.516561 3.837769
150.997528 308.306183     20.268066 -54.567383 512.125000     -0.985433 0.170066 -0.170066 -0.985433     12.813811 12.813811 1.626246
150.997528 308.306183     198.355469 -19.463867 219.404297     -0.985433 0.170066 -0.170066 -0.985433     12.813811 12.813811 4.778674
108.249664 138.526321     167.960938 38.009766 134.301270     -0.779256 0.626706 -0.626706 -0.779256     40.450197 40.450197 0.213076
200.841995 292.577972     13.136719 -7.908691 76.238220     0.114666 -0.993404 0.993404 0.114666     11.911534 11.911534 1.587572
200.841995 292.577972     29.007812 -48.636719 120.324219     0.114666 -0.993404 0.993404 0.114666     11.911534 11.911534 4.817615
100.705742 217.388275     163.017578 -30.363281 174.742188     -0.711516 0.702670 -0.702670 -0.711516     45.202190 45.202190 0.240105
285.738525 180.888046     15.906250 -157.539062 1604.765625     -0.176787 -0.984249 0.984249 -0.176787     148.472296 148.472296 0.877607
285.738525 180.888046     204.803711 1.201172 132.453125     -0.176787 -0.984249 0.984249 -0.176787     148.472296 148.472296 1.294088
81.803032 347.678040     121.003906 -10.275391 91.816406     -0.967016 0.254716 -0.254716 -0.967016     16.950289 16.950289 2.032959
81.803032 347.678040     13.592651 -11.508789 249.468750     -0.967016 0.254716 -0.254716 -0.967016     16.950289 16.950289 4.612717
152.161728 261.749420     16.261719 -11.398438 71.218750     -0.688236 -0.725487 0.725487 -0.688236     36.814485 36.814485 2.102240
167.336472 124.858826     15.393555 -12.822266 195.513672     -0.982155 -0.188071 0.188071 -0.982155     13.727914 13.727914 1.550562
167.336472 124.858826     20.677734 -58.947754 427.261719     -0.982155 -0.188071 0.188071 -0.982155     13.727914 13.727914 4.694441
107.877449 137.996323     14.213867 -24.858643 166.459045     -0.749633 0.661853 -0.661853 -0.749633     47.602897 47.602897 0.251670
193.541061 363.898560     15.086914 9.318848 23.300781     0.183856 -0.982953 0.982953 0.183856     12.898208 12.898208 1.643719
193.541061 363.898560     47.697983 -42.937256 1127.093750     0.183856 -0.982953 0.982953 0.183856     12.898208 12.898208 4.778545
233.873825 192.990662     270.691406 -43.716797 145.546875     0.397006 -0.917816 0.917816 0.397006     9.294925 9.294925 0.604806
233.873825 192.990662     19.790894 -68.599609 769.843750     0.397006 -0.917816 0.917816 0.397006     9.294925 9.294925 4.944191
156.732697 256.056366     32.945312 -342.292969 3635.093750     0.562591 -0.826735 0.826735 0.562591     50.417292 50.417292 0.978297
164.179932 185.598480     252.976562 48.413086 162.544922     -0.941301 0.337569 -0.337569 -0.941301     37.256574 37.256574 3.139558
91.090088 370.248657     17.623047 -19.265625 281.589844     -0.971532 0.236907 -0.236907 -0.971532     14.113635 14.113635 1.660961
96.246155 300.293854     17.041992 10.333740 25.408447     -0.984709 0.174210 -0.174210 -0.984709     25.607448 25.607448 3.258732
96.246155 300.293854     15.843750 -18.636719 132.160156     -0.984709 0.174210 -0.174210 -0.984709     25.607448 25.607448 6.391339
146.269012 363.936432     50.662109 -535.484375 5757.500000     -0.725057 0.688689 -0.688689 -0.725057     42.027952 42.027952 0.662957
340.721832 141.897079     16.273804 -12.827148 253.312500     0.121420 -0.992601 0.992601 0.121420     21.763164 21.763164 2.894909
340.721832 141.897079     178.259766 -29.414062 25.953125     0.121420 -0.992601 0.992601 0.121420     21.763164 21.763164 6.062521
226.185364 16.102440     165.345703 -63.972656 151.546875     0.147976 -0.988991 0.988991 0.147976     11.999486 11.999486 5.019554
193.200821 363.627045     17.609375 -10.585938 74.640625     0.190380 -0.981711 0.981711 0.190380     14.175091 14.175091 1.643553
193.200821 363.627045     19.140625 -44.480469 398.367188     0.190380 -0.981711 0.981711 0.190380     14.175091 14.175091 4.785363
81.972977 348.114868     99.343750 -1055.628906 11315.500000     -0.968920 0.247375 -0.247375 -0.968920     18.849732 18.849732 2.037155
81.972977 348.114868     48.644058 -40.493652 1145.734375     -0.968920 0.247375 -0.247375 -0.968920     18.849732 18.849732 4.614722
172.913345 69.524590     17.062500 -20.265625 128.781250     -0.953693 -0.300782 0.300782 -0.953693     13.774946 13.774946 1.509679
172.913345 69.524590     213.618164 -2.281250 137.156250     -0.953693 -0.300782 0.300782 -0.953693     13.774946 13.774946 4.652411
100.562363 217.330414     14.699219 -7.495361 79.862976     0.698375 -0.715732 0.715732 0.698375     49.234375 49.234375 3.383611
150.883514 308.382416     21.721802 -67.594727 786.078125     -0.984360 0.176166 -0.176166 -0.984360     14.505670 14.505670 1.639419
150.883514 308.382416     22.842285 -58.330078 427.960938     -0.984360 0.176166 -0.176166 -0.984360     14.505670 14.505670 3.225611
200.656311 292.994507     172.541016 37.356445 138.962646     0.120577 -0.992704 0.992704 0.120577     12.632835 12.632835 1.587414
200.656311 292.994507     276.349609 -43.707031 149.945312     0.120577 -0.992704 0.992704 0.120577     12.632835 12.632835 4.840146
189.996262 402.887634     166.328125 -28.921875 176.230469     0.162742 -0.986669 0.986669 0.162742     12.673806 12.673806 1.577123
189.996262 402.887634     3.366943 -40.019531 593.507812     0.162742 -0.986669 0.986669 0.162742     12.673806 12.673806 4.756516
107.846992 138.245895     171.988281 17.929688 135.700195     -0.714260 0.699881 -0.699881 -0.714260     51.607163 51.607163 0.297928
99.460297 296.543427     128.566406 -1367.820312 14681.046875     -0.870844 0.491560 -0.491560 -0.870844     36.235787 36.235787 0.689525
99.460297 296.543427     126.699219 -9.433594 98.285156     -0.870844 0.491560 -0.491560 -0.870844     36.235787 36.235787 3.838511
51.976524 129.849762     211.744141 -29.605469 238.371094     0.229180 -0.973384 0.973384 0.229180     13.915963 13.915963 4.899533
206.475494 227.852936     26.941406 -55.805176 317.999512     0.141229 -0.989977 0.989977 0.141229     11.917766 11.917766 1.977570
88.029160 362.664154     20.436035 -19.486328 288.667969     -0.986838 -0.161714 0.161714 -0.986838     50.928240 50.928240 5.786238
162.902878 124.288315     2.858887 -29.632812 447.359375     -0.950072 -0.312030 0.312030 -0.950072     47.275805 47.275805 2.959854
162.902878 124.288315     18.977966 -13.315430 257.843750     -0.950072 -0.312030 0.312030 -0.950072     47.275805 47.275805 6.111467
226.330399 16.039648     170.490234 -64.867188 156.156250     0.145499 -0.989358 0.989358 0.145499     12.255126 12.255126 5.026770
164.713806 186.232941     188.775391 -33.296875 31.367188     -0.950063 0.312057 -0.312057 -0.950063     39.251589 39.251589 3.111452
116.441376 73.668968     258.993164 48.316895 171.047363     -0.965069 -0.261995 0.261995 -0.965069     15.458922 15.458922 1.534161
116.441376 73.668968     31.447510 -434.505859 6303.476562     -0.965069 -0.261995 0.261995 -0.965069     15.458922 15.458922 4.676911
233.540863 193.101166     50.777634 -37.880371 1142.718750     0.405354 -0.914160 0.914160 0.405354     10.504040 10.504040 0.470957
233.540863 193.101166     211.184570 -6.058594 244.845703     0.405354 -0.914160 0.914160 0.405354     10.504040 10.504040 4.951908
156.287964 255.644699     18.070312 -17.839844 141.566406     0.606743 -0.794898 0.794898 0.606743     51.659783 51.659783 0.926146
173.365051 67.836891     279.728516 -48.861328 159.476562     -0.946753 -0.321961 0.321961 -0.946753     24.987893 24.987893 3.073906
173.365051 67.836891     25.952515 -55.036133 548.281250     -0.946753 -0.321961 0.321961 -0.946753     24.987893 24.987893 6.211633
100.560593 217.568466     16.687500 -6.145020 82.130157     0.665471 -0.746424 0.746424 0.665471     52.053705 52.053705 3.438611
35.812500 348.168274     168.597656 -27.503906 179.785156     0.070166 -0.997535 0.997535 0.070166     9.503366 9.503366 1.596997
38.100266 292.226898     24.865723 -57.732422 434.371094     0.130791 -0.991410 0.991410 0.130791     15.016594 15.016594 4.809114
52.078514 129.694214     227.861328 -3.939453 142.234375     0.244458 -0.969660 0.969660 0.244458     14.574695 14.574695 4.899087
175.734421 65.396721     28.727051 -54.744141 315.250977     -0.990982 0.133998 -0.133998 -0.990982     38.056529 38.056529 0.569058
175.734421 65.396721     25.382568 -64.949219 810.156250     -0.990982 0.133998 -0.133998 -0.990982     38.056529 38.056529 3.711983
146.276291 363.902069     67.030029 -857.523438 11424.617188     -0.736655 0.676269 -0.676269 -0.736655     42.389705 42.389705 0.649548
146.276291 363.902069     176.949219 18.123047 143.509766     -0.736655 0.676269 -0.676269 -0.736655     42.389705 42.389705 3.781977
200.443710 293.644043     221.057617 -25.519531 248.613281     0.126283 -0.991994 0.991994 0.126283     13.578763 13.578763 1.578540
200.443710 293.644043     23.780396 -12.524414 262.578125     0.126283 -0.991994 0.991994 0.126283     13.578763 13.578763 2.997592
193.083633 363.880005     129.677734 -6.246094 106.527344     0.198058 -0.980190 0.980190 0.198058     14.987418 14.987418 1.645956
193.083633 363.880005     284.012695 -47.265625 163.796875     0.198058 -0.980190 0.980190 0.198058     14.987418 14.987418 4.790801
295.164001 310.909973     93.526367 -1145.008789 14544.921875     0.293441 -0.955977 0.955977 0.293441     13.685297 13.685297 1.377697
295.164001 310.909973     264.547852 48.066406 176.852539     0.293441 -0.955977 0.955977 0.293441     13.685297 13.685297 5.543029
96.539368 294.345459     11.351562 0.969482 22.395050     -0.958388 0.285468 -0.285468 -0.958388     49.888740 49.888740 0.262153
96.539368 294.345459     29.090210 -54.978516 561.125000     -0.958388 0.285468 -0.285468 -0.958388     49.888740 49.888740 3.407130
233.591553 192.834503     217.902344 -0.696289 256.691406     0.406274 -0.913751 0.913751 0.406274     11.010377 11.010377 4.934952
19.931540 189.479218     29.145142 -64.762695 826.734375     -0.147727 -0.989028 0.989028 -0.147727     11.669999 11.669999 1.956256
19.931540 189.479218     118.687500 -1404.410156 17242.156250     -0.147727 -0.989028 0.989028 -0.147727     11.669999 11.669999 4.307890
205.376541 233.956787     179.412109 37.288086 149.630127     0.158575 -0.987347 0.987347 0.158575     14.090755 14.090755 4.870766
117.183762 71.920227     28.522095 -12.857422 271.453125     -0.964557 -0.263876 0.263876 -0.964557     27.649445 27.649445 6.272579
28.848591 442.045776     27.283936 -57.271484 443.475586     0.057976 -0.998318 0.998318 0.057976     14.697406 14.697406 1.574086
189.904922 402.803284     180.238281 17.841797 150.087891     0.158836 -0.987305 0.987305 0.158836     13.496919 13.496919 1.570662
189.904922 402.803284     228.668945 -19.675781 257.949219     0.158836 -0.987305 0.987305 0.158836     13.496919 13.496919 4.763043
35.722954 351.941956     31.681152 -53.718506 317.194336     0.057481 -0.998347 0.998347 0.057481     10.603593 10.603593 1.591088
35.722954 351.941956     27.895264 -18.835938 312.882812     0.057481 -0.998347 0.998347 0.057481     10.603593 10.603593 4.746016
222.835754 54.125603     122.895508 -1441.051758 17618.351562     0.103393 -0.994641 0.994641 0.103393     12.053769 12.053769 2.042216
222.835754 54.125603     244.264404 -1718.063477 15369.117188     0.103393 -0.994641 0.994641 0.103393     12.053769 12.053769 5.047656
52.085819 129.865677     267.720703 48.533203 184.292480     0.200365 -0.979721 0.979721 0.200365     15.514366 15.514366 4.928357
39.310925 283.184875     35.079346 -53.594971 326.941650     0.130764 -0.991413 0.991413 0.130764     15.085973 15.085973 4.810213
150.980469 308.306641     144.690491 -77.960297 138.549240     -0.983613 0.180291 -0.180291 -0.983613     16.792297 16.792297 1.646999
150.980469 308.306641     223.638123 -98.974121 1877.477539     -0.983613 0.180291 -0.180291 -0.983613     16.792297 16.792297 3.230118
9.691358 253.962967     18.173399 20.851562 177.609375     0.394290 -0.918986 0.918986 0.394290     8.168360 8.168360 1.982127
162.723282 124.119179     735.202148 -1066.403320 4168.094238     -0.931354 -0.364115 0.364115 -0.931354     47.943046 47.943046 2.901837
162.723282 124.119179     29.372803 -13.546875 876.296875     -0.931354 -0.364115 0.364115 -0.931354     47.943046 47.943046 6.039031
226.239044 16.155378     1463.397461 -1400.052734 6646.219727     0.136064 -0.990700 0.990700 0.136064     13.030421 13.030421 5.057449
120.119423 69.370323     325.950256 -1015.603760 20105.214844     -0.996702 0.081149 -0.081149 -0.996702     41.937710 41.937710 0.515549
120.119423 69.370323     9.843750 -26.870605 307.865967     -0.996702 0.081149 -0.081149 -0.996702     41.937710 41.937710 3.658275
64.186989 27.235773     1698.187500 -3235.357422 19484.019531     0.168598 -0.985685 0.985685 0.168598     12.206026 12.206026 4.810096
270.924316 217.697250     46.238281 -420.917969 4603.783203     -0.019685 -0.999806 0.999806 -0.019685     9.799035 9.799035 3.140451
270.924316 217.697250     135.902344 -187.416016 4028.595703     -0.019685 -0.999806 0.999806 -0.019685     9.799035 9.799035 4.707303
30.946587 400.320465     33.218750 -45.941406 531.526123     0.225487 -0.974246 0.974246 0.225487     15.771095 15.771095 1.513818
30.946587 400.320465     216.050781 -636.880859 7661.697266     0.225487 -0.974246 0.974246 0.225487     15.771095 15.771095 4.642143
107.777672 138.426682     3021.938477 -1276.208984 20620.593750     0.634747 -0.772720 0.772720 0.634747     57.150559 57.150559 3.541223
52.509037 126.722893     242.000000 -740.742188 9779.812500     0.173356 -0.984859 0.984859 0.173356     15.335587 15.335587 4.894889
19.039293 186.532410     246.042969 -779.718750 11018.359375     -0.173730 -0.984793 0.984793 -0.173730     13.227370 13.227370 2.003349
19.039293 186.532410     15.515625 -165.281250 1804.656250     -0.173730 -0.984793 0.984793 -0.173730     13.227370 13.227370 4.285243
87.535034 362.755676     267.496094 -919.953125 12842.546875     -0.998694 -0.051088 0.051088 -0.998694     51.157776 51.157776 5.916336
165.079102 186.591049     19.625000 -205.578125 2204.886719     -0.953175 0.302420 -0.302420 -0.953175     40.816339 40.816339 3.093505
58.147984 88.739914     2.837709 -0.370575 221.972656     0.068948 -0.997620 0.997620 0.068948     10.416291 10.416291 1.687691
58.147984 88.739914     25.463867 -6.933594 13.742188     0.068948 -0.997620 0.997620 0.068948     10.416291 10.416291 4.825957
156.234451 255.147675     23.421875 -242.613281 2573.789062     0.615548 -0.788100 0.788100 0.615548     52.587228 52.587228 0.918866
225.877258 16.241877     232.125000 136.218750 761.567383     0.117065 -0.993124 0.993124 0.117065     14.255515 14.255515 5.094393
200.269226 295.010345     17.796875 27.796875 135.920898     0.118493 -0.992955 0.992955 0.118493     14.719671 14.719671 1.582236
200.269226 295.010345     23.882812 -248.191406 2658.679688     0.118493 -0.992955 0.992955 0.118493     14.719671 14.719671 2.963910
173.395493 62.165207     3.563608 -0.657135 246.671875     -0.845101 -0.534607 0.534607 -0.845101     46.081862 46.081862 2.765694
173.395493 62.165207     234.101562 237.353516 1745.500000     -0.845101 -0.534607 0.534607 -0.845101     46.081862 46.081862 5.897156
9.815498 253.892990     25.718750 31.082031 187.181641     0.391168 -0.920319 0.920319 0.391168     8.681075 8.681075 2.001801
28.799393 442.106384     1.351562 11.144531 281.179688     0.052937 -0.998598 0.998598 0.052937     15.973125 15.973125 1.575036
64.493332 24.523333     24.304688 -252.648438 2726.789062     0.162934 -0.986637 0.986637 0.162934     12.525979 12.525979 4.791680
33.582607 373.652161     26.953125 -61.527344 327.787109     0.098084 -0.995178 0.995178 0.098084     14.303600 14.303600 1.482577
33.582607 373.652161     40.687500 22.609375 207.186523     0.098084 -0.995178 0.995178 0.098084     14.303600 14.303600 4.710104
193.114014 363.970673     108.507812 -127.652344 1688.957031     0.194077 -0.980986 0.980986 0.194077     15.745303 15.745303 1.662365
193.114014 363.970673     26.803223 -7.369141 15.742188     0.194077 -0.980986 0.980986 0.194077     15.745303 15.745303 4.798504
18.817051 185.980469     4.221713 -0.995972 266.070312     -0.177051 -0.984202 0.984202 -0.177051     13.613872 13.613872 2.003349
18.817051 185.980469     225.023438 260.958984 3470.669922     -0.177051 -0.984202 0.984202 -0.177051     13.613872 13.613872 4.237158
100.522728 217.555069     24.734375 -6.033447 44.376640     0.637405 -0.770529 0.770529 0.637405     56.799549 56.799549 3.463425
39.246574 282.858459     5.976562 -12.070312 210.820312     0.126771 -0.991932 0.991932 0.126771     15.972948 15.972948 4.810048
47.400967 164.285019     34.406250 -16.366211 55.159424     0.194314 -0.980939 0.980939 0.194314     15.639635 15.639635 1.307635
47.400967 164.285019     8.406250 -25.148438 283.375000     0.194314 -0.980939 0.980939 0.194314     15.639635 15.639635 1.986932
205.387192 234.167130     43.160156 -118.367188 2074.460938     0.158698 -0.987327 0.987327 0.158698     14.623042 14.623042 4.881762
96.427071 293.914398     197.546875 119.148438 2541.707031     -0.953242 0.302210 -0.302210 -0.953242     50.918149 50.918149 0.285578
96.427071 293.914398     46.054688 -23.625977 58.691116     -0.953242 0.302210 -0.302210 -0.953242     50.918149 50.918149 3.425696
233.580734 192.356934     5257.616211 145.644531 20429.707031     0.402702 -0.915331 0.915331 0.402702     12.023505 12.023505 0.511827
233.580734 192.356934     13.078125 -46.601562 401.476562     0.402702 -0.915331 0.915331 0.402702     12.023505 12.023505 4.963682
10.196774 252.967743     4.558736 -1.178101 293.742188     0.386904 -0.922120 0.922120 0.386904     9.396792 9.396792 2.027585
146.120300 364.036743     29.827637 -8.041016 17.367188     -0.739441 0.673222 -0.673222 -0.739441     42.759586 42.759586 0.660609
46.320538 178.015350     16.640625 -58.984375 459.101562     0.075423 -0.997152 0.997152 0.075423     16.012477 16.012477 4.878473
54.893520 111.158951     8032.058594 -1963.927734 20623.667969     0.141277 -0.989970 0.989970 0.141277     14.809766 14.809766 4.808312
18.682615 185.633179     28.843750 -60.984375 173.464844     -0.175995 -0.984391 0.984391 -0.175995     14.444166 14.444166 2.043953
18.682615 185.633179     5.515538 -1.384033 301.660156     -0.175995 -0.984391 0.984391 -0.175995     14.444166 14.444166 4.117563
117.724045 65.715622     13.164062 2.984375 50.812500     -0.909110 -0.416557 0.416557 -0.909110     52.795374 52.795374 2.893625
117.724045 65.715622     30.218750 -62.878906 175.079102     -0.909110 -0.416557 0.416557 -0.909110     52.795374 52.795374 6.028478
28.648375 449.052856     394.250000 -448.398438 4562.968750     0.038630 -0.999254 0.999254 0.038630     15.834760 15.834760 1.564786
189.934845 403.084991     8.992188 -9.648438 68.937500     0.165333 -0.986238 0.986238 0.165333     14.269782 14.269782 1.562575
189.934845 403.084991     13.625000 49.578125 242.320312     0.165333 -0.986238 0.986238 0.165333     14.269782 14.269782 4.764952
64.670387 24.103352     16.156250 -0.632812 495.484375     0.158065 -0.987429 0.987429 0.158065     13.567213 13.567213 4.780742
33.588497 373.673676     6.180208 -1.241455 333.937500     0.095526 -0.995427 0.995427 0.095526     15.227603 15.227603 1.484750
33.588497 373.673676     21.195312 -9.273438 488.699219     0.095526 -0.995427 0.995427 0.095526     15.227603 15.227603 4.711699
150.722122 308.371674     8778.777344 -1742.380859 20258.871094     -0.982958 0.183833 -0.183833 -0.982958     18.597347 18.597347 1.656008
150.722122 308.371674     7.045810 -1.504150 358.597656     -0.982958 0.183833 -0.183833 -0.982958     18.597347 18.597347 3.234619
205.345963 234.199493     29.492188 -28.226562 530.402344     0.149356 -0.988783 0.988783 0.149356     15.292222 15.292222 4.895063
200.278442 295.373505     8.443245 -1.322632 410.050781     0.114351 -0.993440 0.993440 0.114351     15.646999 15.646999 1.549040
200.278442 295.373505     10065.064453 -1673.414062 18125.218750     0.114351 -0.993440 0.993440 0.114351     15.646999 15.646999 2.957908
39.699638 278.622437     128.468750 57.124023 209.764160     0.108956 -0.994047 0.994047 0.108956     17.009170 17.009170 4.821164
107.724083 138.456528     17.187500 6.437500 40.488281     0.512037 -0.858963 0.858963 0.512037     61.495897 61.495897 3.692860
173.604034 61.768456     55.937500 28.054688 33.988281     -0.838112 -0.545498 0.545498 -0.838112     47.102353 47.102353 2.746234
173.604034 61.768456     56.375000 6.281250 26.960938     -0.838112 -0.545498 0.545498 -0.838112     47.102353 47.102353 5.886705
225.828125 16.165625     32.343750 6.703125 139.627930     0.122494 -0.992469 0.992469 0.122494     15.692423 15.692423 5.129386
233.858917 191.841583     179.968750 28.083008 269.866455     0.397222 -0.917723 0.917723 0.397222     12.693017 12.693017 0.509778
233.858917 191.841583     104.250000 -83.734375 3562.957031     0.397222 -0.917723 0.917723 0.397222     12.693017 12.693017 4.974338
156.310028 254.736603     171.781250 123.664062 7066.945312     0.636565 -0.771223 0.771223 0.636565     52.854575 52.854575 0.889344
176.210190 379.324829     266.281250 203.156250 7188.339844     0.097726 -0.995213 0.995213 0.097726     2.973097 2.973097 1.566356
87.561386 362.872131     14.062500 -11.335938 37.218750     -0.999862 -0.016595 0.016595 -0.999862     51.785829 51.785829 5.974277
165.360107 186.876846     87.093750 -8.953125 137.718750     -0.953325 0.301947 -0.301947 -0.953325     42.348293 42.348293 3.093189
28.482759 450.326691     378.875000 248.585938 7286.078125     0.048619 -0.998817 0.998817 0.048619     16.245217 16.245217 1.569055
192.930435 364.055084     463.125000 307.507812 9635.357422     0.195341 -0.980735 0.980735 0.195341     16.832285 16.832285 1.669080
192.930435 364.055084     23.593750 -0.500000 48.546875     0.195341 -0.980735 0.980735 0.195341     16.832285 16.832285 4.798450
46.373928 177.893646     82.593750 27.750000 75.171875     0.070653 -0.997501 0.997501 0.070653     17.126832 17.126832 4.880257
54.951523 110.963989     906.156250 498.421875 11407.134766     0.140645 -0.990060 0.990060 0.140645     15.784537 15.784537 4.819031
162.814377 124.117363     29.937500 8.515625 13.498047     -0.926789 -0.375584 0.375584 -0.926789     49.737845 49.737845 2.883652
162.814377 124.117363     23.468750 10.179688 42.953125     -0.926789 -0.375584 0.375584 -0.926789     49.737845 49.737845 6.026653
100.201256 217.713043     162.796875 -75.019531 64.949219     0.626849 -0.779141 0.779141 0.626849     59.404392 59.404392 3.477525
64.606514 23.932331     29.281250 -3.312500 34.253906     0.157167 -0.987572 0.987572 0.157167     14.412469 14.412469 4.781081
58.230000 53.830002     1472.562500 912.757812 12723.896484     -0.546221 -0.837641 0.837641 -0.546221     13.507606 13.507606 0.966425
58.230000 53.830002     36.328125 -6.601562 88.480469     -0.546221 -0.837641 0.837641 -0.546221     13.507606 13.507606 5.675654
96.452400 293.639648     100.515625 -9.414062 20.835938     -0.953873 0.300211 -0.300211 -0.953873     51.659525 51.659525 0.282977
96.452400 293.639648     37.843750 0.843750 26.921875     -0.953873 0.300211 -0.300211 -0.953873     51.659525 51.659525 3.418367
33.614017 372.862793     33.359375 -18.210938 34.011719     0.090336 -0.995911 0.995911 0.090336     16.575899 16.575899 1.446114
33.614017 372.862793     189.625000 -49.906250 159.960938     0.090336 -0.995911 0.995911 0.090336     16.575899 16.575899 4.722609
178.979935 349.418060     17.406250 -28.750000 95.984375     0.093767 -0.995594 0.995594 0.093767     3.785222 3.785222 1.568121
117.523773 65.228523     17.859375 -0.796875 31.359375     -0.917214 -0.398395 0.398395 -0.917214     53.532322 53.532322 2.924343
117.523773 65.228523     16.156250 21.062500 49.406250     -0.917214 -0.398395 0.398395 -0.917214     53.532322 53.532322 6.062750
45.995945 182.529724     26.468750 -5.421875 17.468750     0.072410 -0.997375 0.997375 0.072410     18.125761 18.125761 4.862782
58.090496 53.665157     16.843750 -3.218750 33.453125     -0.558913 -0.829226 0.829226 -0.558913     14.284843 14.284843 0.970796
58.090496 53.665157     21.573669 -3.337646 45.034180     -0.558913 -0.829226 0.829226 -0.558913     14.284843 14.284843 5.698665
205.404541 233.952271     147.984375 111.890625 94.187500     0.154434 -0.988003 0.988003 0.154434     16.181647 16.181647 4.894677
180.942200 328.076294     1381.296875 334.937500 1988.187500     0.092620 -0.995702 0.995702 0.092620     4.151889 4.151889 1.569970
28.326466 450.689392     7.057510 -43.646729 466.250977     0.053878 -0.998548 0.998548 0.053878     17.763145 17.763145 1.566983
150.637375 308.463257     144.245605 43.061707 66.725067     -0.983065 0.183256 -0.183256 -0.983065     20.359684 20.359684 1.658797
150.637375 308.463257     52.381104 -4.253906 9.445312     -0.983065 0.183256 -0.183256 -0.983065     20.359684 20.359684 3.228551
146.331192 364.019287     327.140625 241.835938 188.656250     -0.744052 0.668121 -0.668121 -0.744052     43.652936 43.652936 0.648195
39.723850 278.351471     75.968750 68.109375 217.507812     0.106232 -0.994341 0.994341 0.106232     18.423631 18.423631 4.835347
107.427063 138.530609     477.617188 -48.199463 91.357178     0.384161 -0.923266 0.923266 0.384161     63.552987 63.552987 3.819100
193.058975 364.012817     90.265625 37.070312 24.871094     0.176798 -0.984247 0.984247 0.176798     17.834909 17.834909 1.690453
193.058975 364.012817     261.609375 241.484375 370.191406     0.176798 -0.984247 0.984247 0.176798     17.834909 17.834909 4.801710
200.145233 295.934509     1521.500000 501.039062 2521.933594     0.114955 -0.993371 0.993371 0.114955     16.833406 16.833406 2.973691
184.634201 288.134644     30580.164062 1235.289062 12611.140625     0.092894 -0.995676 0.995676 0.092894     4.163719 4.163719 1.566542
184.634201 288.134644     301.703125 270.007812 404.316406     0.092894 -0.995676 0.995676 0.092894     4.163719 4.163719 4.707286
189.838562 403.443939     39.318359 -2.523438 8.945312     0.173138 -0.984898 0.984898 0.173138     16.534024 16.534024 1.533188
189.838562 403.443939     101.938477 5.340820 45.445801     0.173138 -0.984898 0.984898 0.173138     16.534024 16.534024 4.770303
87.554535 362.939331     29717.757812 2726.843750 14100.953125     -0.999556 0.029795 -0.029795 -0.999556     52.688111 52.688111 6.009796
33.595428 372.887421     51.144531 -0.687012 14.502319     0.087417 -0.996172 0.996172 0.087417     17.881594 17.881594 1.449461
33.595428 372.887421     31.570312 19.861328 52.259766     0.087417 -0.996172 0.996172 0.087417     17.881594 17.881594 4.722250
54.996365 110.889694     1657.671875 792.500000 3007.167969     0.139731 -0.990189 0.990189 0.139731     17.200956 17.200956 4.828763
173.575363 61.405910     54.815186 -4.245117 11.179688     -0.839623 -0.543169 0.543169 -0.839623     48.214301 48.214301 2.754619
173.575363 61.405910     45.992188 34.789062 104.948242     -0.839623 -0.543169 0.543169 -0.839623     48.214301 48.214301 5.889663
96.217705 293.564606     108.664062 -20.229004 21.377441     -0.954591 0.297921 -0.297921 -0.954591     52.537314 52.537314 0.278764
96.217705 293.564606     80.562500 19.568359 126.202637     -0.954591 0.297921 -0.297921 -0.954591     52.537314 52.537314 3.433879
156.098450 254.530563     196.039062 -3.313477 25.334839     0.644695 -0.764440 0.764440 0.644695     53.611732 53.611732 0.874770
53.813084 287.518677     41.537109 -2.546875 10.609375     0.067351 -0.997729 0.997729 0.067351     3.670866 3.670866 0.515125
162.853424 124.198700     60.335693 -4.833008 12.617188     -0.925012 -0.379937 0.379937 -0.925012     50.978428 50.978428 2.883296
162.853424 124.198700     2001.398438 1047.140625 3100.023438     -0.925012 -0.379937 0.379937 -0.925012     50.978428 50.978428 6.038516
186.404343 269.299133     209.937500 0.272461 28.504761     0.092774 -0.995687 0.995687 0.092774     4.758261 4.758261 1.562073
186.404343 269.299133     30.742188 -26.652344 61.434570     0.092774 -0.995687 0.995687 0.092774     4.758261 4.758261 4.707504
165.749115 187.160950     32.859375 -28.908203 65.185547     -0.957359 0.288902 -0.288902 -0.957359     43.961655 43.961655 3.071557
100.276848 217.962341     217.117188 4.481934 31.084229     0.543077 -0.839683 0.839683 0.543077     62.450593 62.450593 3.608975
62.446281 33.859505     24.796875 6.200195 19.375488     0.182064 -0.983287 0.983287 0.182064     18.339136 18.339136 4.804927
46.019184 182.309357     45.419922 -2.632812 12.007812     0.072080 -0.997399 0.997399 0.072080     19.629390 19.629390 4.870059
48.701298 363.502167     39.156250 15.781250 30.585938     0.066226 -0.997805 0.997805 0.066226     4.250309 4.250309 3.148284
48.701298 363.502167     14.156250 7.542480 43.858040     0.066226 -0.997805 0.997805 0.066226     4.250309 4.250309 6.290018
28.323530 450.844543     10.843750 0.046875 30.633911     0.055487 -0.998459 0.998459 0.055487     19.217686 19.217686 1.565128
146.446930 364.155243     95.062500 17.269043 51.037453     -0.744922 0.667151 -0.667151 -0.744922     44.561663 44.561663 0.647782
150.702286 308.440186     26.562500 10.406250 54.466797     -0.980044 0.198782 -0.198782 -0.980044     22.325441 22.325441 3.260659
150.702286 308.440186     28.937500 4.542969 86.705078     -0.980044 0.198782 -0.198782 -0.980044     22.325441 22.325441 6.382796
117.523460 64.851173     40.250000 1.671875 55.324219     -0.914625 -0.404303 0.404303 -0.914625     55.056406 55.056406 2.919304
117.523460 64.851173     122.562500 31.693359 221.335693     -0.914625 -0.404303 0.404303 -0.914625     55.056406 55.056406 6.049567
50.715870 338.011078     50.562500 -8.492188 153.856445     0.068784 -0.997632 0.997632 0.068784     5.491926 5.491926 4.708826
107.517761 138.545074     191.156250 378.109375 4299.792969     0.171909 -0.985113 0.985113 0.171909     65.230958 65.230958 3.998795
205.594955 234.094955     275.625000 486.066406 4753.186523     0.140164 -0.990128 0.990128 0.140164     17.742143 17.742143 4.915823
96.533463 293.245178     14.906250 -4.500000 71.468750     -0.942353 0.334621 -0.334621 -0.942353     53.647537 53.647537 0.336310
96.533463 293.245178     81.171875 -16.203125 7.453125     -0.942353 0.334621 -0.334621 -0.942353     53.647537 53.647537 3.482726
39.811272 278.227203     34.281250 -8.312500 24.812500     0.103661 -0.994613 0.994613 0.103661     20.233254 20.233254 3.069890
39.811272 278.227203     130.171875 -76.906250 54.609375     0.103661 -0.994613 0.994613 0.103661     20.233254 20.233254 4.838932
46.078346 182.478775     92.492188 -17.875000 8.328125     0.070297 -0.997526 0.997526 0.070297     21.064969 21.064969 4.885304
173.713776 61.267555     123.000000 -74.109375 57.265625     -0.846223 -0.532829 0.532829 -0.846223     49.185107 49.185107 2.780065
173.713776 61.267555     115.515625 -71.296875 57.640625     -0.846223 -0.532829 0.532829 -0.846223     49.185107 49.185107 5.903883
156.107605 254.342300     114.359375 -70.359375 57.875000     0.632732 -0.774371 0.774371 0.632732     54.396873 54.396873 0.885158
55.086021 110.473122     116.046875 -71.750000 58.984375     0.136981 -0.990574 0.990574 0.136981     18.489579 18.489579 4.847004
87.856949 363.151123     191.625000 -138.546875 164.500000     -0.998948 0.045862 -0.045862 -0.998948     53.633792 53.633792 6.020382
62.328915 33.943375     114.632812 -21.796875 10.140625     0.181490 -0.983393 0.983393 0.181490     19.419848 19.419848 4.805649
33.593121 372.819000     268.812500 -101.421875 148.578125     0.081926 -0.996638 0.996638 0.081926     20.146526 20.146526 1.442016
33.593121 372.819000     41.453125 -31.890625 42.703125     0.081926 -0.996638 0.996638 0.081926     20.146526 20.146526 6.162446
53.809277 300.883514     140.726562 -26.390625 12.156250     0.074866 -0.997194 0.997194 0.074866     7.325486 7.325486 4.705646
162.864609 124.152802     217.531250 -61.515625 52.250000     -0.915991 -0.401200 0.401200 -0.915991     52.395917 52.395917 2.846891
162.864609 124.152802     58.187500 157.578125 462.464844     -0.915991 -0.401200 0.401200 -0.915991     52.395917 52.395917 6.003284
100.069611 218.001862     20.148438 -13.140625 35.468750     0.512310 -0.858800 0.858800 0.512310     64.561146 64.561146 0.479177
100.069611 218.001862     432.796875 -82.437500 814.525635     0.512310 -0.858800 0.858800 0.512310     64.561146 64.561146 3.636953
28.302959 450.949127     2276.513672 28.341797 590.148682     0.052233 -0.998635 0.998635 0.052233     21.639954 21.639954 1.562504
165.987686 187.627304     8803.164062 1565.523438 6198.171875     -0.969549 0.244899 -0.244899 -0.969549     46.100219 46.100219 3.010523
96.625290 293.180084     32.203125 -30.074219 99.848633     -0.945007 0.327050 -0.327050 -0.945007     54.641027 54.641027 0.319853
96.625290 293.180084     51.953125 110.171875 511.384766     -0.945007 0.327050 -0.327050 -0.945007     54.641027 54.641027 3.474005
55.635658 279.928070     25.656250 -13.906250 38.187500     0.078498 -0.996914 0.996914 0.078498     8.258251 8.258251 4.710148
117.550331 64.515892     53.531250 107.085938 510.847656     -0.914861 -0.403769 0.403769 -0.914861     56.139861 56.139861 2.909233
117.550331 64.515892     528.843750 112.875000 309.170898     -0.914861 -0.403769 0.403769 -0.914861     56.139861 56.139861 6.054594
162.710007 21.930000     372.515625 -217.046875 1170.000000     -0.086793 -0.996226 0.996226 -0.086793     15.104925 15.104925 1.872972
39.784565 278.380219     303.240662 -110.277832 18825.972656     0.101725 -0.994813 0.994813 0.101725     21.799859 21.799859 3.049860
39.784565 278.380219     55.023438 -23.945312 102.210938     0.101725 -0.994813 0.994813 0.101725     21.799859 21.799859 4.839122
107.359604 138.555420     63.587891 0.773438 4.820312     0.017942 -0.999839 0.999839 0.017942     66.424916 66.424916 4.123006
33.594666 372.679993     31.523438 -13.687500 40.679688     0.080408 -0.996762 0.996762 0.080408     22.008983 22.008983 6.171014
56.938400 266.045044     595.578125 255.093750 5991.289062     0.081203 -0.996698 0.996698 0.081203     9.295524 9.295524 4.707588
173.808823 60.900154     2.500000 46.226562 971.335938     -0.827910 -0.560861 0.560861 -0.827910     50.184507 50.184507 2.720993
173.808823 60.900154     36.795898 -2.175781 11.132812     -0.827910 -0.560861 0.560861 -0.827910     50.184507 50.184507 5.865505
28.238245 450.815033     26.546875 9.640625 90.671875     0.052705 -0.998610 0.998610 0.052705     23.745121 23.745121 1.555639
55.066471 110.703812     56.929688 30.867188 302.195312     0.133881 -0.990997 0.990997 0.133881     19.895260 19.895260 4.855246
162.939865 124.278351     73.468750 76.304688 94.869141     -0.907028 -0.421070 0.421070 -0.907028     53.586893 53.586893 2.823829
162.939865 124.278351     6.140625 116.117188 3002.781250     -0.907028 -0.421070 0.421070 -0.907028     53.586893 53.586893 5.975867
100.253754 218.348907     41.585938 -11.960938 46.492188     0.448915 -0.893574 0.893574 0.448915     66.561100 66.561100 3.706925
62.364506 34.014877     668.921875 249.992188 5784.339844     0.178983 -0.983852 0.983852 0.178983     21.063008 21.063008 4.811945
46.074905 182.385773     325.810120 -159.355469 20149.304688     0.065666 -0.997842 0.997842 0.065666     23.233128 23.233128 4.919935
57.000000 265.636353     2313.218750 4202.148438 15858.052734     0.081543 -0.996670 0.996670 0.081543     10.056905 10.056905 4.699429
45.696915 327.237122     21.462891 -4.044922 50.824219     0.111464 -0.993768 0.993768 0.111464     32.312758 32.312758 4.717141
117.807785 64.326065     8149.238281 3717.460938 21535.554688     -0.908796 -0.417241 0.417241 -0.908796     57.277451 57.277451 2.882414
117.807785 64.326065     17.400391 -5.630859 32.955078     -0.908796 -0.417241 0.417241 -0.908796     57.277451 57.277451 6.024665
107.762161 138.701080     27.843750 -31.937500 161.156250     -0.089323 -0.996003 0.996003 -0.089323     67.762925 67.762925 4.213693
62.426933 34.281757     53.140625 -67.390625 267.531250     0.175078 -0.984555 0.984555 0.175078     22.745644 22.745644 4.791609
57.020271 428.071320     21.250000 -13.671875 78.757812     0.015989 -0.999872 0.999872 0.015989     24.298404 24.298404 1.567931
215.290329 31.004963     40.259766 -0.324219 12.507812     0.089086 -0.996024 0.996024 0.089086     12.274689 12.274689 4.716068
207.490540 114.856621     1474.328125 91.203125 5566.972656     0.091200 -0.995833 0.995833 0.091200     12.478805 12.478805 4.732163
213.871841 143.018982     121.000000 -36.602295 39.893456     0.047979 -0.998848 0.998848 0.047979     50.692437 50.692437 4.720860
238.633087 40.897842     32.250000 3.812500 98.882812     0.091045 -0.995847 0.995847 0.091045     24.241007 24.241007 4.702383
220.013626 145.901718     7.762459 -1.267700 205.835938     0.084616 -0.996414 0.996414 0.084616     57.269734 57.269734 4.709482
218.693924 171.839554     49.296875 6.796875 109.468750     0.076972 -0.997033 0.997033 0.076972     61.175851 61.175851 4.721207
218.013260 186.836014     167.234375 227.851562 353.117188     0.071820 -0.997418 0.997418 0.071820     62.011602 62.011602 4.720665
315.227753 188.989319     8.500000 8.234375 65.695312     0.091223 -0.995830 0.995830 0.091223     2.755785 2.755785 1.194624
216.737869 206.810059     2702.718750 3574.781250 21909.005859     0.072578 -0.997363 0.997363 0.072578     63.727287 63.727287 4.719132
314.671417 194.039993     51.406250 27.109375 31.898438     0.092854 -0.995680 0.995680 0.092854     3.030297 3.030297 1.184374
314.671417 194.039993     58.359375 10.796875 114.382812     0.092854 -0.995680 0.995680 0.092854     3.030297 3.030297 4.719124
81.218605 359.958130     8.955322 -1.605103 219.246094     -0.907071 0.420979 -0.420979 -0.907071     14.598496 14.598496 3.462633
314.083344 199.282410     199.796875 264.851562 398.191406     0.093867 -0.995585 0.995585 0.093867     3.329799 3.329799 1.186546
314.083344 199.282410     53.781250 21.296875 33.414062     0.093867 -0.995585 0.995585 0.093867     3.329799 3.329799 1.531361
335.846863 67.147194     106.750000 48.125000 179.828125     -0.235390 -0.971901 0.971901 -0.235390     63.501599 63.501599 5.240993
269.382843 116.868202     209.578125 271.171875 402.800781     -0.218173 -0.975910 0.975910 -0.218173     15.314980 15.314980 4.002537
269.382843 116.868202     243.187500 39.343750 317.109375     -0.218173 -0.975910 0.975910 -0.218173     15.314980 15.314980 4.914839
314.014160 199.123489     12.765625 -6.357422 73.122559     0.092972 -0.995669 0.995669 0.092972     3.785447 3.785447 1.138201
314.014160 199.123489     167.203125 179.781250 734.011719     0.092972 -0.995669 0.995669 0.092972     3.785447 3.785447 1.547059
337.630951 77.405853     243.531250 44.171875 324.304688     -0.151577 -0.988445 0.988445 -0.151577     63.273195 63.273195 4.803689
271.038300 119.462410     74.968750 -91.070312 204.547852     -0.182724 -0.983164 0.983164 -0.182724     20.095436 20.095436 3.881086
271.038300 119.462410     43.530273 -1.988281 14.343750     -0.182724 -0.983164 0.983164 -0.182724     20.095436 20.095436 4.936775
328.133972 155.033493     198.531250 181.484375 728.800781     -0.039732 -0.999210 0.999210 -0.039732     4.288994 4.288994 1.380891
313.856110 199.613312     117.437500 -42.302734 211.159180     0.092289 -0.995732 0.995732 0.092289     4.240814 4.240814 1.085933
313.856110 199.613312     44.593750 53.464844 100.745117     0.092289 -0.995732 0.995732 0.092289     4.240814 4.240814 1.557252
296.364197 176.519623     222.296875 130.062500 795.796875     0.192923 -0.981214 0.981214 0.192923     17.344482 17.344482 4.722804
273.297272 120.470169     122.921875 -41.519531 213.272949     -0.132206 -0.991222 0.991222 -0.132206     27.619857 27.619857 3.674886
273.297272 120.470169     11.580748 -1.418091 258.984375     -0.132206 -0.991222 0.991222 -0.132206     27.619857 27.619857 4.987817
300.880219 187.126999     48.125000 56.382812 105.655762     0.079992 -0.996795 0.996795 0.079992     44.607639 44.607639 6.404552
81.151901 359.924042     32.591797 -1.394531 12.960938     -0.894498 0.447071 -0.447071 -0.894498     15.626785 15.626785 3.501504
338.006531 95.835487     46.939453 -1.953125 16.023438     -0.079636 -0.996824 0.996824 -0.079636     64.300501 64.300501 4.772073
332.000000 359.465515     52.312500 -2.679688 97.377930     0.058620 -0.998280 0.998280 0.058620     10.328238 10.328238 1.505937
332.560333 355.844818     31.234375 5.265625 39.046875     0.090336 -0.995911 0.995911 0.090336     11.137038 11.137038 1.507508
254.682709 259.162872     14.888914 -1.099609 289.652344     0.057977 -0.998318 0.998318 0.057977     27.107027 27.107027 1.467871
254.682709 259.162872     35.304688 -17.824219 55.619629     0.057977 -0.998318 0.998318 0.057977     27.107027 27.107027 3.452048
292.909363 173.839188     18.062500 15.292969 130.845459     -0.050632 -0.998717 0.998717 -0.050632     62.273625 62.273625 0.732656
292.909363 173.839188     11.875000 -3.843750 135.601562     -0.050632 -0.998717 0.998717 -0.050632     62.273625 62.273625 4.796465
333.158417 351.554443     48205.531250 -2376.042969 10554.095703     0.117485 -0.993075 0.993075 0.117485     12.377000 12.377000 1.497365
81.049240 359.969696     90.531250 19.769531 16.937500     -0.897907 0.440184 -0.440184 -0.897907     16.488195 16.488195 3.491637
333.254669 350.930939     97.554688 -7.234375 21.085938     0.129911 -0.991526 0.991526 0.129911     13.434150 13.434150 1.493961
293.035706 74.718254     22808.078125 483.718750 1686.062500     0.343194 -0.939264 0.939264 0.343194     11.526421 11.526421 4.716400
309.501984 362.442230     3712.351562 961.957031 255.003906     -0.078534 -0.996911 0.996911 -0.078534     16.180589 16.180589 0.814852
292.718750 75.170135     30.929688 10.750000 14.562500     0.349899 -0.936787 0.936787 0.349899     11.676510 11.676510 4.722857
280.360260 220.133301     214.246094 -135.589844 229.470703     0.105750 -0.994393 0.994393 0.105750     83.773098 83.773098 4.727695
325.052399 258.475983     539.710938 411.101562 674.640625     0.155088 -0.987901 0.987901 0.155088     12.305263 12.305263 1.334102
325.052399 258.475983     101.226562 -3.375000 24.703125     0.155088 -0.987901 0.987901 0.155088     12.305263 12.305263 4.310507
327.636353 220.464645     2047.792969 487.627930 118.330322     -0.203132 -0.979151 0.979151 -0.203132     8.223665 8.223665 1.164403
326.045166 237.551208     643.031250 472.132812 700.875000     0.001320 -0.999999 0.999999 0.001320     18.087209 18.087209 0.535426
325.307587 238.748215     67.437500 -48.640625 56.992188     0.019824 -0.999803 0.999803 0.019824     20.627205 20.627205 0.425299
324.426941 241.122528     121.679688 -16.171875 29.984375     0.056084 -0.998426 0.998426 0.056084     23.772024 23.772024 0.268853
622.306458 202.419357     337.500000 132.660156 59.250000     -0.825925 -0.563780 0.563780 -0.825925     17.334071 17.334071 4.323537
615.950134 223.296906     1821.921875 546.875000 166.875000     -0.979703 -0.200453 0.200453 -0.979703     22.802063 22.802063 4.619893
570.886108 211.297028     5993.191406 1716.550781 501.621094     0.377796 -0.925889 0.925889 0.377796     13.823888 13.823888 1.575207
519.701416 173.554504     6144.414062 1776.937500 524.941406     -0.920461 -0.390835 0.390835 -0.920461     14.146216 14.146216 1.112450
519.701416 173.554504     2081.789062 502.806641 124.400146     -0.920461 -0.390835 0.390835 -0.920461     14.146216 14.146216 4.719065
485.833862 197.396164     2227.156250 425.373047 580.160156     -0.392803 -0.919623 0.919623 -0.392803     19.677223 19.677223 1.203712
485.833862 197.396164     71.718750 -14.468750 16.640625     -0.392803 -0.919623 0.919623 -0.392803     19.677223 19.677223 1.544557
480.833344 128.991562     214.593750 95.210938 377.886719     -0.879276 0.476313 -0.476313 -0.879276     22.187502 22.187502 1.566864
480.833344 128.991562     1999.875000 466.041992 111.117432     -0.879276 0.476313 -0.476313 -0.879276     22.187502 22.187502 4.332446
464.904968 210.991730     2335.496094 516.845703 650.756836     0.447045 -0.894512 0.894512 0.447045     23.652105 23.652105 0.745349
464.904968 210.991730     327.359375 113.257812 51.037109     0.447045 -0.894512 0.894512 0.447045     23.652105 23.652105 1.588961
445.555542 153.746384     2059.921875 501.220703 124.193359     0.123660 -0.992325 0.992325 0.123660     26.813907 26.813907 1.578395
471.846924 255.391159     62.765625 -219.539062 847.103516     0.208523 -0.978017 0.978017 0.208523     26.703720 26.703720 0.873000
471.846924 255.391159     204.750000 99.195312 395.093750     0.208523 -0.978017 0.978017 0.208523     26.703720 26.703720 3.118866
478.328461 91.142334     36.312500 -15.468750 29.593750     -0.335584 -0.942010 0.942010 -0.335584     22.658843 22.658843 4.709501
413.314301 311.422852     1912.484375 433.576172 101.448975     -0.993277 0.115761 -0.115761 -0.993277     19.992758 19.992758 4.738624
413.314301 311.422852     339.515625 113.191406 50.185547     -0.993277 0.115761 -0.115761 -0.993277     19.992758 19.992758 5.456665
458.814423 191.436432     1790.460938 376.828125 81.935883     0.700747 -0.713410 0.713410 0.700747     17.700330 17.700330 1.609941
458.814423 191.436432     1949.972656 455.004883 108.769043     0.700747 -0.713410 0.713410 0.700747     17.700330 17.700330 3.660129
458.305756 308.428436     66.531250 -227.972656 872.591797     -0.801524 0.597962 -0.597962 -0.801524     49.852471 49.852471 3.957833
440.927612 236.972855     215.515625 104.859375 400.355469     0.310635 -0.950529 0.950529 0.310635     12.736419 12.736419 1.610041
445.322235 264.529633     425.687500 123.964844 49.880859     0.058722 -0.998274 0.998274 0.058722     18.992186 18.992186 1.621637
445.322235 264.529633     2072.281250 505.706055 125.800293     0.058722 -0.998274 0.998274 0.058722     18.992186 18.992186 1.995872
594.586548 424.860565     1778.929688 363.221924 76.510880     -0.436137 -0.899880 0.899880 -0.436137     10.974900 10.974900 1.587943
594.586548 424.860565     29.687500 -52.250000 114.929688     -0.436137 -0.899880 0.899880 -0.436137     10.974900 10.974900 4.701833
310.701508 450.353241     1935.542969 426.193848 97.007935     0.183827 -0.982959 0.982959 0.183827     18.135503 18.135503 3.141948
310.701508 450.353241     1994.777344 465.022461 111.127441     0.183827 -0.982959 0.982959 0.183827     18.135503 18.135503 6.282811
