1.0
600
248.665955 89.168312     197.132812 -33.753906 236.254883     0.499296 -0.866431 0.866431 0.499296     59.983757 59.983757 5.715998
250.117783 31.709135     113.027344 -1.669922 11.403381     -0.999865 0.016426 -0.016426 -0.999865     15.177712 15.177712 3.220970
231.664291 208.120911     35.132812 66.488281 291.281250     -0.237140 -0.971476 0.971476 -0.237140     19.564833 19.564833 1.650838
231.664291 208.120911     366.894531 -15.732422 18.894409     -0.237140 -0.971476 0.971476 -0.237140     19.564833 19.564833 3.883196
254.951538 32.896477     418.402344 -470.851562 4734.398438     -0.998984 0.045070 -0.045070 -0.998984     19.189545 19.189545 1.521053
243.931076 149.054703     56.992188 -16.330078 15.228760     0.107205 -0.994237 0.994237 0.107205     86.281822 86.281822 1.544233
296.978088 43.908760     611.304688 -26.206055 22.276733     -0.945444 0.325786 -0.325786 -0.945444     13.943942 13.943942 5.493498
256.937317 32.851879     596.046875 -474.421875 6342.761719     -0.999016 0.044359 -0.044359 -0.999016     20.677055 20.677055 1.535957
244.817413 170.439667     771.226562 46.409180 50.176392     0.081726 -0.996655 0.996655 0.081726     106.217558 106.217558 1.554725
265.102844 36.186222     847.820312 35.447266 58.056763     -0.997952 -0.063968 0.063968 -0.997952     30.916544 30.916544 1.528226
265.102844 36.186222     935.128906 -309.816406 8641.296875     -0.997952 -0.063968 0.063968 -0.997952     30.916544 30.916544 4.751779
264.408813 36.901867     1148.011719 -216.058594 11293.476562     -0.998998 -0.044748 0.044748 -0.998998     33.815625 33.815625 1.525596
249.755341 195.922333     10.660156 -0.175781 48.773438     0.040107 -0.999195 0.999195 0.040107     136.691395 136.691395 1.579411
255.611038 188.740509     1335.398438 30.796875 12711.035156     0.021282 -0.999774 0.999774 0.021282     152.164731 152.164731 1.580203
255.095245 195.826843     32.171875 4.761719 31.646484     0.004612 -0.999989 0.999989 0.004612     14.691894 14.691894 1.503761
259.773926 199.654541     25.109375 48.375000 199.640625     -0.002707 -0.999996 0.999996 -0.002707     164.438834 164.438834 1.569786
260.902618 144.029968     1501.750000 284.281250 13747.761719     -0.726321 -0.687356 0.687356 -0.726321     23.443324 23.443324 5.366837
230.926117 418.965637     118.484375 -47.871094 77.074219     -0.250392 -0.968144 0.968144 -0.250392     15.972211 15.972211 4.861345
264.607483 208.829254     1629.804688 233.238281 14817.562500     -0.023195 -0.999731 0.999731 -0.023195     174.002507 174.002507 1.577606
264.607483 208.829254     401.843750 -152.148438 134.199219     -0.023195 -0.999731 0.999731 -0.023195     174.002507 174.002507 4.600807
271.688904 154.403168     34.718750 5.375000 32.394531     -0.835756 0.549101 -0.549101 -0.835756     30.394960 30.394960 0.779265
271.688904 154.403168     163.867188 1.884033 4.217865     -0.835756 0.549101 -0.549101 -0.835756     30.394960 30.394960 5.121411
266.648071 218.424835     255.632812 -0.350098 5.219543     -0.017678 -0.999844 0.999844 -0.017678     181.438802 181.438802 1.581701
289.560974 147.670731     1755.210938 105.234375 14886.457031     -0.911163 0.412045 -0.412045 -0.911163     36.390192 36.390192 4.883361
260.474915 143.979935     281.187500 -1.796387 5.644608     -0.778243 -0.627964 0.627964 -0.778243     23.836177 23.836177 5.424393
271.481598 14.053512     336.554688 -4.630615 5.890472     -0.999930 -0.011799 0.011799 -0.999930     9.217462 9.217462 5.956443
269.185455 13.607982     34.765625 4.808594 33.095703     -0.999999 0.001398 -0.001398 -0.999999     10.280362 10.280362 1.786887
269.185455 13.607982     391.898438 -5.703125 6.255600     -0.999999 0.001398 -0.001398 -0.999999     10.280362 10.280362 5.472672
268.641785 220.223328     442.445312 6.645752 18.383522     -0.008013 -0.999968 0.999968 -0.008013     188.483274 188.483274 1.570026
269.931396 13.361747     34.101562 4.199219 31.791016     -0.999979 0.006519 -0.006519 -0.999979     10.680176 10.680176 1.717687
269.931396 13.361747     492.062500 3.385986 18.630722     -0.999979 0.006519 -0.006519 -0.999979     10.680176 10.680176 4.489387
269.580414 13.325323     565.281250 1.956299 18.079254     -0.999902 0.014000 -0.014000 -0.999902     10.861361 10.861361 1.733087
269.580414 13.325323     1852.390625 63.468750 14873.847656     -0.999902 0.014000 -0.014000 -0.999902     10.861361 10.861361 4.477609
260.221558 143.769455     580.242188 -1.075195 18.186966     -0.765206 -0.643786 0.643786 -0.765206     24.254172 24.254172 5.413728
269.713104 13.260365     1815.984375 59.117188 15670.347656     -0.999891 0.014784 -0.014784 -0.999891     11.178925 11.178925 1.683024
269.713104 13.260365     80.125000 9.921875 28.937500     -0.999891 0.014784 -0.014784 -0.999891     11.178925 11.178925 4.554705
259.772491 143.788361     78.156250 -12.984375 18.265625     -0.795381 -0.606110 0.606110 -0.795381     24.061770 24.061770 5.457925
268.178467 222.496887     97.296875 -51.710938 43.203125     -0.004874 -0.999988 0.999988 -0.004874     193.661162 193.661162 1.566092
268.485077 218.242294     1837.179688 15.910156 17064.355469     -0.004267 -0.999991 0.999991 -0.004267     191.751338 191.751338 1.574408
299.926910 453.700012     67.593750 -29.000000 29.593750     -0.982952 -0.183863 0.183863 -0.982952     23.417990 23.417990 5.625056
358.037811 453.189087     104.099609 8.757812 10.562500     -0.618199 -0.786022 0.786022 -0.618199     21.887571 21.887571 2.079960
358.037811 453.189087     71.937500 0.609375 29.828125     -0.618199 -0.786022 0.786022 -0.618199     21.887571 21.887571 5.193657
374.540009 439.505005     232.898438 -60.140625 39.203125     -0.979149 0.203144 -0.203144 -0.979149     17.757483 17.757483 0.454525
374.540009 439.505005     70.484375 27.578125 50.937500     -0.979149 0.203144 -0.203144 -0.979149     17.757483 17.757483 3.734513
299.063416 454.449554     114.359375 43.312500 52.562500     -0.976144 -0.217122 0.217122 -0.976144     25.151916 25.151916 5.584966
403.192657 426.981659     67.620117 -15.257812 51.406250     -0.684397 -0.729110 0.729110 -0.684397     26.013054 26.013054 2.153515
171.045639 456.726135     80.406250 0.562500 30.812500     -0.865742 0.500491 -0.500491 -0.865742     13.341921 13.341921 1.367151
358.148163 453.575745     93.953125 -11.656250 14.328125     -0.638831 -0.769347 0.769347 -0.638831     22.835847 22.835847 1.677105
358.148163 453.575745     103.699219 14.292969 11.515625     -0.638831 -0.769347 0.769347 -0.638831     22.835847 22.835847 2.370438
268.808105 223.373260     86.562500 14.375000 23.718750     -0.001045 -0.999999 0.999999 -0.001045     192.879631 192.879631 1.564835
348.291321 430.025208     74.147461 13.476562 90.015625     -0.963418 0.268004 -0.268004 -0.963418     21.901648 21.901648 4.039218
375.545441 441.430084     86.453125 42.218750 61.671875     -0.999895 -0.014467 0.014467 -0.999895     24.573176 24.573176 3.580461
375.545441 441.430084     35.968750 -18.187500 32.039062     -0.999895 -0.014467 0.014467 -0.999895     24.573176 24.573176 4.763856
351.228455 429.631470     124.781250 -24.578125 17.421875     -0.961647 0.274291 -0.274291 -0.961647     21.130453 21.130453 4.002699
401.140228 425.653137     30.578125 -19.562500 33.734375     -0.816711 -0.577046 0.577046 -0.816711     25.237022 25.237022 1.774430
401.140228 425.653137     133.750000 6.046875 30.968750     -0.816711 -0.577046 0.577046 -0.816711     25.237022 25.237022 2.136865
362.599091 454.721191     62.713867 4.191406 20.968750     -0.889031 -0.457847 0.457847 -0.889031     24.752759 24.752759 1.831797
362.599091 454.721191     98.600586 27.585938 87.828125     -0.889031 -0.457847 0.457847 -0.889031     24.752759 24.752759 2.507729
403.474915 447.764465     32.343750 7.562500 65.312500     -0.984374 0.176092 -0.176092 -0.984374     17.287234 17.287234 1.823745
403.474915 447.764465     202.875000 38.484375 72.500000     -0.984374 0.176092 -0.176092 -0.984374     17.287234 17.287234 4.674887
126.980392 446.454254     59.730469 -13.500000 14.187500     -0.857091 0.515165 -0.515165 -0.857091     29.244932 29.244932 0.602382
126.980392 446.454254     21.656250 5.796875 42.906250     -0.857091 0.515165 -0.515165 -0.857091     29.244932 29.244932 4.142752
376.406494 395.769653     168.273438 6.242188 31.750000     -0.891424 -0.453171 0.453171 -0.891424     25.214317 25.214317 4.620140
375.285278 441.087769     247.812500 45.281250 68.070312     -0.999936 -0.011340 0.011340 -0.999936     24.976468 24.976468 1.704386
375.285278 441.087769     92.062500 15.078125 27.093750     -0.999936 -0.011340 0.011340 -0.999936     24.976468 24.976468 3.673154
442.292175 437.205750     92.203125 -40.187500 28.562500     -0.989877 0.141928 -0.141928 -0.989877     16.009412 16.009412 4.498007
158.779419 411.455872     116.468750 26.593750 19.578125     -0.988719 -0.149782 0.149782 -0.988719     13.760271 13.760271 1.516563
158.779419 411.455872     59.487793 1.445312 27.484375     -0.988719 -0.149782 0.149782 -0.988719     13.760271 13.760271 4.637994
494.558044 437.897308     47.656250 -7.812500 71.765625     -0.977077 -0.212888 0.212888 -0.977077     20.417648 20.417648 2.940662
494.558044 437.897308     90.359375 -5.156250 14.531250     -0.977077 -0.212888 0.212888 -0.977077     20.417648 20.417648 4.932135
371.702972 368.202972     124.535156 4.207031 115.968750     -0.868745 -0.495259 0.495259 -0.868745     18.896693 18.896693 2.522716
371.702972 368.202972     189.968750 -54.078125 149.484375     -0.868745 -0.495259 0.495259 -0.868745     18.896693 18.896693 5.711051
125.231346 443.097015     58.018555 8.847656 12.859375     -0.496317 -0.868141 0.868141 -0.496317     36.680629 36.680629 1.904101
125.231346 443.097015     133.875000 -15.156250 80.203125     -0.496317 -0.868141 0.868141 -0.496317     36.680629 36.680629 2.385281
271.140167 241.770767     119.093750 -32.218750 31.062500     -0.019175 -0.999816 0.999816 -0.019175     222.729258 222.729258 1.575471
420.305298 356.964600     54.687500 5.312500 31.015625     -0.744113 0.668054 -0.668054 -0.744113     17.836459 17.836459 0.332671
420.305298 356.964600     174.218750 -21.343750 41.250000     -0.744113 0.668054 -0.668054 -0.744113     17.836459 17.836459 0.677692
444.886261 365.807831     169.605469 49.120117 56.812500     -0.977043 0.213043 -0.213043 -0.977043     15.629097 15.629097 1.148082
444.886261 365.807831     37.263062 -19.781250 88.953125     -0.977043 0.213043 -0.213043 -0.977043     15.629097 15.629097 3.553142
438.946075 397.117645     38.375000 -18.968750 32.843750     0.678082 -0.734986 0.734986 0.678082     15.929109 15.929109 0.701554
438.946075 397.117645     4705.523438 999.914062 20719.187500     0.678082 -0.734986 0.734986 0.678082     15.929109 15.929109 1.164922
76.987900 429.770172     395.281250 111.296875 97.710938     -0.995095 -0.098925 0.098925 -0.995095     20.400477 20.400477 0.386542
76.987900 429.770172     48.218750 -9.281250 71.390625     -0.995095 -0.098925 0.098925 -0.995095     20.400477 20.400477 2.885195
122.921722 441.968689     64.308105 10.410156 11.968750     -0.771892 -0.635754 0.635754 -0.771892     36.310148 36.310148 1.936426
122.921722 441.968689     521.609375 -51.312500 81.562500     -0.771892 -0.635754 0.635754 -0.771892     36.310148 36.310148 2.415073
554.236267 429.729950     235.200928 -134.716797 152.765625     -0.213407 -0.976963 0.976963 -0.213407     24.930084 24.930084 1.688775
554.236267 429.729950     72.523438 10.855469 28.890625     -0.213407 -0.976963 0.976963 -0.213407     24.930084 24.930084 4.896653
366.782623 366.566711     68.993652 -61.675781 71.640625     -0.964658 -0.263503 0.263503 -0.964658     35.429525 35.429525 4.611846
174.779999 391.255005     115.355225 -12.156250 11.476562     -0.964416 0.264390 -0.264390 -0.964416     14.572315 14.572315 0.910005
174.779999 391.255005     29.925781 -7.316406 41.382812     -0.964416 0.264390 -0.264390 -0.964416     14.572315 14.572315 1.708600
470.952393 442.985718     48.562500 -20.000000 31.921875     -0.247137 -0.968980 0.968980 -0.247137     20.213849 20.213849 1.879248
470.952393 442.985718     146.468750 -34.453125 26.734375     -0.247137 -0.968980 0.968980 -0.247137     20.213849 20.213849 4.853835
165.960785 410.602936     54.031250 -39.468750 74.289062     -0.998961 -0.045580 0.045580 -0.998961     25.242227 25.242227 1.494405
433.400848 358.952179     85.781250 -12.859375 16.632812     -0.972895 -0.231248 0.231248 -0.972895     34.065740 34.065740 1.179362
433.400848 358.952179     128.968750 -24.632812 30.742188     -0.972895 -0.231248 0.231248 -0.972895     34.065740 34.065740 2.958782
494.315796 438.003754     135.656250 -20.328125 13.789062     -0.976486 -0.215580 0.215580 -0.976486     21.937182 21.937182 2.818619
494.315796 438.003754     146.781250 -101.937500 185.515625     -0.976486 -0.215580 0.215580 -0.976486     21.937182 21.937182 4.985010
485.615387 457.639679     7771.148438 1741.828125 20602.359375     -0.900213 0.435451 -0.435451 -0.900213     13.591944 13.591944 4.496234
514.573792 420.795074     289.812500 -19.812500 29.031250     -0.968661 -0.248388 0.248388 -0.968661     16.073783 16.073783 1.650561
514.573792 420.795074     84.250977 -13.732422 89.140625     -0.968661 -0.248388 0.248388 -0.968661     16.073783 16.073783 3.732367
77.373238 429.190155     154.829285 -24.752930 31.937500     -0.998986 -0.045024 0.045024 -0.998986     23.563521 23.563521 0.394551
77.373238 429.190155     53.662109 -22.691406 59.968750     -0.998986 -0.045024 0.045024 -0.998986     23.563521 23.563521 1.581422
555.492798 428.661865     87.031250 -13.539062 17.445312     0.283570 -0.958952 0.958952 0.283570     30.302756 30.302756 0.470023
555.492798 428.661865     84.000000 -18.703125 39.000000     0.283570 -0.958952 0.958952 0.283570     30.302756 30.302756 1.163860
484.378143 388.936981     147.968750 -23.000000 18.265625     -0.997717 0.067533 -0.067533 -0.997717     16.946689 16.946689 1.636189
484.378143 388.936981     34.513672 -15.632812 50.859375     -0.997717 0.067533 -0.067533 -0.997717     16.946689 16.946689 2.650736
93.575470 443.688690     57.148438 -20.937500 45.515625     -0.982617 -0.185644 0.185644 -0.982617     15.051677 15.051677 1.972310
93.575470 443.688690     44.033203 11.507812 27.890625     -0.982617 -0.185644 0.185644 -0.982617     15.051677 15.051677 2.505885
435.240784 358.596527     331.424438 46.176758 78.531250     -0.947485 -0.319799 0.319799 -0.947485     35.876174 35.876174 1.056593
435.240784 358.596527     110.708008 55.490234 125.554688     -0.947485 -0.319799 0.319799 -0.947485     35.876174 35.876174 4.663027
393.058655 328.855988     154.296875 -29.125000 19.617188     -0.950506 0.310706 -0.310706 -0.950506     20.389860 20.389860 0.651016
393.058655 328.855988     37.453125 6.218750 34.230469     -0.950506 0.310706 -0.310706 -0.950506     20.389860 20.389860 3.418626
119.644516 416.159454     136.402344 8.871094 124.226562     -0.908270 -0.418384 0.418384 -0.908270     29.692997 29.692997 2.149846
119.644516 416.159454     175.187500 -14.421875 20.687500     -0.908270 -0.418384 0.418384 -0.908270     29.692997 29.692997 2.826895
524.128662 416.762177     54.531250 28.796875 84.851562     -0.987962 0.154697 -0.154697 -0.987962     27.706249 27.706249 0.535165
524.128662 416.762177     105.968750 19.406250 9.375000     -0.987962 0.154697 -0.154697 -0.987962     27.706249 27.706249 2.364207
35.271240 422.967316     106.281250 13.890625 98.203125     0.320858 -0.947127 0.947127 0.320858     24.877213 24.877213 1.452259
35.271240 422.967316     57.187500 12.515625 50.726562     0.320858 -0.947127 0.947127 0.320858     24.877213 24.877213 4.668546
59.911949 450.122650     433.070312 -116.660156 96.406250     -0.720121 0.693849 -0.693849 -0.720121     27.049988 27.049988 1.186642
513.339539 367.289856     171.562500 -50.171875 35.656250     -0.999226 0.039335 -0.039335 -0.999226     21.403850 21.403850 1.952405
513.339539 367.289856     480.421875 14.156250 62.250000     -0.999226 0.039335 -0.039335 -0.999226     21.403850 21.403850 2.417006
433.584747 357.977386     83.625000 -1.312500 149.812500     -0.948882 -0.315631 0.315631 -0.948882     35.056617 35.056617 0.881283
433.584747 357.977386     99.031250 -52.234375 49.757812     -0.948882 -0.315631 0.315631 -0.948882     35.056617 35.056617 1.405692
555.604553 428.702606     110.171875 -29.437500 77.132812     0.331317 -0.943519 0.943519 0.331317     30.173376 30.173376 1.242924
82.680367 456.625580     46.796875 -8.890625 35.085938     -0.982136 -0.188173 0.188173 -0.982136     14.211885 14.211885 1.835004
82.680367 456.625580     70.000000 5.968750 47.156250     -0.982136 -0.188173 0.188173 -0.982136     14.211885 14.211885 2.427098
63.094219 442.155792     63.468750 -4.500000 34.492188     -0.803919 0.594739 -0.594739 -0.803919     32.792030 32.792030 4.286434
134.722580 394.906464     18762.171875 2338.320312 17151.117188     -0.973471 -0.228811 0.228811 -0.973471     23.094728 23.094728 4.097232
73.269913 377.026550     116.863892 -21.428711 40.843750     0.699481 -0.714652 0.714652 0.699481     13.217412 13.217412 0.684793
73.269913 377.026550     31.281250 -12.656250 26.273438     0.699481 -0.714652 0.714652 0.699481     13.217412 13.217412 1.174030
37.331799 352.290314     89.028503 69.546387 80.148438     -0.993400 0.114701 -0.114701 -0.993400     14.282067 14.282067 4.688647
147.373978 324.906494     154.093750 -74.671875 54.945312     0.437902 -0.899023 0.899023 0.437902     23.104798 23.104798 1.173783
147.373978 324.906494     21197.890625 2247.812500 16026.093750     0.437902 -0.899023 0.899023 0.437902     23.104798 23.104798 4.598212
488.029663 387.204742     94.232117 72.925293 84.414062     -0.966106 0.258146 -0.258146 -0.966106     18.840134 18.840134 0.550608
488.029663 387.204742     71.609375 -5.398438 12.390625     -0.966106 0.258146 -0.258146 -0.966106     18.840134 18.840134 1.741514
174.586090 296.205292     26.140625 0.460938 34.281250     0.612954 -0.790119 0.790119 0.612954     21.773878 21.773878 5.187693
389.882568 284.434174     40.718750 -13.171875 45.015625     -0.984193 0.177101 -0.177101 -0.984193     17.028098 17.028098 1.405298
389.882568 284.434174     180.687500 21.757812 55.644531     -0.984193 0.177101 -0.177101 -0.984193     17.028098 17.028098 3.416527
393.216461 328.638519     56.687500 -24.414062 107.070312     -0.973106 0.230356 -0.230356 -0.973106     22.459934 22.459934 0.311310
393.216461 328.638519     110.856445 -23.358398 20.476562     -0.973106 0.230356 -0.230356 -0.973106     22.459934 22.459934 3.074664
503.304169 304.033325     41.378906 -10.869141 23.937500     -0.987067 0.160306 -0.160306 -0.987067     14.573091 14.573091 2.246914
503.304169 304.033325     29.523438 -15.715820 36.871094     -0.987067 0.160306 -0.160306 -0.987067     14.573091 14.573091 4.451988
565.115479 417.423920     43.382812 -8.148438 27.484375     0.637710 -0.770277 0.770277 0.637710     35.543578 35.543578 0.553237
565.115479 417.423920     40.288574 13.811523 35.300781     0.637710 -0.770277 0.770277 0.637710     35.543578 35.543578 2.567625
514.389282 366.771423     190.862305 68.877930 74.906250     -0.997159 0.075325 -0.075325 -0.997159     23.613045 23.613045 4.761970
39.637081 424.532532     344.437500 60.365234 108.645630     0.642154 -0.766576 0.766576 0.642154     38.381451 38.381451 0.580816
39.637081 424.532532     161.218750 34.253906 32.790283     0.642154 -0.766576 0.766576 0.642154     38.381451 38.381451 3.081798
101.645668 344.657471     84.250000 27.656250 27.904297     0.656642 -0.754202 0.754202 0.656642     26.202975 26.202975 1.023217
101.645668 344.657471     22.937500 0.687500 64.892578     0.656642 -0.754202 0.754202 0.656642     26.202975 26.202975 1.468401
389.699371 284.556976     112.591797 -8.363800 4.255309     -0.982835 0.184488 -0.184488 -0.982835     17.372500 17.372500 0.982948
389.699371 284.556976     1467.343750 241.197266 747.190918     -0.982835 0.184488 -0.184488 -0.982835     17.372500 17.372500 1.371055
478.604095 335.293884     17.103516 -10.368164 57.143555     -0.940481 0.339847 -0.339847 -0.940481     25.551740 25.551740 1.625226
478.604095 335.293884     3323.781250 102.582031 683.531250     -0.940481 0.339847 -0.339847 -0.940481     25.551740 25.551740 4.446459
543.141602 393.221252     61.666626 5.087646 21.025391     -0.985516 0.169585 -0.169585 -0.985516     17.021572 17.021572 3.050103
543.141602 393.221252     154.894531 -10.996918 5.375862     -0.985516 0.169585 -0.169585 -0.985516     17.021572 17.021572 3.476648
148.129364 324.447540     187.591797 -12.663483 6.302031     0.518022 -0.855367 0.855367 0.518022     22.520789 22.520789 1.059803
148.129364 324.447540     260.093262 7.620056 27.936829     0.518022 -0.855367 0.855367 0.518022     22.520789 22.520789 4.365901
168.552078 293.489594     914.834717 -11.773529 38.837685     -0.994799 -0.101856 0.101856 -0.994799     36.793953 36.793953 1.399068
172.744904 329.639465     231.484375 65.586914 24.366409     -0.796135 0.605119 -0.605119 -0.796135     24.483329 24.483329 1.936784
172.744904 329.639465     2746.515625 -480.386230 829.822388     -0.796135 0.605119 -0.605119 -0.796135     24.483329 24.483329 4.444083
117.646805 356.617035     470.250000 34.387695 85.211014     -0.887191 -0.461401 0.461401 -0.887191     21.061616 21.061616 1.883017
117.646805 356.617035     47.140625 -117.812500 2282.273438     -0.887191 -0.461401 0.461401 -0.887191     21.061616 21.061616 2.294587
35.032143 353.446442     2865.096680 -518.887695 1174.138916     -0.978450 0.206486 -0.206486 -0.978450     15.731350 15.731350 4.755903
96.023964 337.398682     73.093750 4.914062 20.341797     -0.658560 -0.752528 0.752528 -0.658560     35.474952 35.474952 0.603744
96.023964 337.398682     2996.835449 -484.590820 1644.261719     -0.658560 -0.752528 0.752528 -0.658560     35.474952 35.474952 0.958429
505.371948 302.774384     64.375000 23.703125 32.402344     -0.979243 0.202692 -0.202692 -0.979243     16.588250 16.588250 0.490794
505.371948 302.774384     98.526367 19.767578 25.902344     -0.979243 0.202692 -0.202692 -0.979243     16.588250 16.588250 1.554224
381.660156 250.937500     3018.293457 -455.869629 2213.292969     -0.790830 -0.612036 0.612036 -0.790830     24.407132 24.407132 1.356793
381.660156 250.937500     7149.296875 649.093750 2767.804688     -0.790830 -0.612036 0.612036 -0.790830     24.407132 24.407132 2.052327
167.129120 295.890106     31.937500 -1.828125 49.328125     -0.884826 -0.465921 0.465921 -0.884826     49.203612 49.203612 0.983534
588.564819 427.562347     28.408104 20.322632 49.144531     -0.995745 0.092152 -0.092152 -0.995745     19.796325 19.796325 0.181323
588.564819 427.562347     2988.423828 -480.095703 2781.852539     -0.995745 0.092152 -0.092152 -0.995745     19.796325 19.796325 0.588548
608.668213 346.124420     55.750000 19.921875 22.058594     -0.516798 -0.856108 0.856108 -0.516798     27.427025 27.427025 1.584969
608.668213 346.124420     113.187500 13.242188 16.101562     -0.516798 -0.856108 0.856108 -0.516798     27.427025 27.427025 2.160207
47.396000 333.484009     64.218750 -7.375000 27.695312     -0.937297 0.348533 -0.348533 -0.937297     18.239378 18.239378 1.758687
47.396000 333.484009     102.544434 17.378906 45.496094     -0.937297 0.348533 -0.348533 -0.937297     18.239378 18.239378 3.116595
544.762695 332.345764     7544.515625 517.753906 4095.245117     -0.790545 -0.612404 0.612404 -0.790545     28.825025 28.825025 2.041374
544.762695 332.345764     116.717773 26.324219 51.644531     -0.790545 -0.612404 0.612404 -0.790545     28.825025 28.825025 2.620440
150.396545 271.686218     76.625000 14.843750 31.957031     -0.880741 -0.473599 0.473599 -0.880741     20.745328 20.745328 1.551917
150.396545 271.686218     81.712891 1.273438 14.222656     -0.880741 -0.473599 0.473599 -0.880741     20.745328 20.745328 2.524695
137.674866 317.979492     88.074219 1.105469 13.875000     -0.358482 -0.933537 0.933537 -0.358482     53.470791 53.470791 1.095058
137.674866 317.979492     47.125000 -18.320312 44.261719     -0.358482 -0.933537 0.933537 -0.358482     53.470791 53.470791 1.645835
523.119324 345.776459     65.717407 -13.829102 16.203125     -0.985076 -0.172120 0.172120 -0.985076     27.858828 27.858828 1.121988
523.119324 345.776459     58.835938 -18.195312 33.585938     -0.985076 -0.172120 0.172120 -0.985076     27.858828 27.858828 3.273654
67.362160 373.778381     3051.976562 -536.760742 4613.961914     -0.954440 0.298402 -0.298402 -0.954440     34.837339 34.837339 2.531447
67.362160 373.778381     7499.109375 970.617188 5325.293945     -0.954440 0.298402 -0.298402 -0.954440     34.837339 34.837339 4.843617
503.479309 304.038940     98.984375 -17.757812 52.832031     -0.949864 0.312663 -0.312663 -0.949864     19.687882 19.687882 2.350901
503.479309 304.038940     59.937500 -6.078125 68.773438     -0.949864 0.312663 -0.312663 -0.949864     19.687882 19.687882 4.222404
398.494324 247.055481     35.518066 18.941406 44.210938     -0.999429 -0.033795 0.033795 -0.999429     35.367630 35.367630 4.708827
509.021057 321.431580     7434.875000 1034.421875 6461.189453     -0.844567 0.535449 -0.535449 -0.844567     18.357368 18.357368 0.226997
509.021057 321.431580     74.281250 -9.187500 18.093750     -0.844567 0.535449 -0.535449 -0.844567     18.357368 18.357368 3.363899
448.961731 278.887573     113.281250 76.609375 96.656250     -0.862955 0.505281 -0.505281 -0.862955     34.826754 34.826754 0.322569
448.961731 278.887573     3050.333984 -837.364258 6481.980469     -0.862955 0.505281 -0.505281 -0.862955     34.826754 34.826754 3.090021
470.108002 294.575989     48.830078 -10.025391 42.500000     -0.880351 0.474324 -0.474324 -0.880351     24.768714 24.768714 0.634397
470.108002 294.575989     174.718750 0.484375 17.890625     -0.880351 0.474324 -0.474324 -0.880351     24.768714 24.768714 4.306348
599.019165 306.543121     81.828125 24.125000 53.000000     -0.971154 -0.238451 0.238451 -0.971154     30.417710 30.417710 1.690499
599.019165 306.543121     88.718750 -33.953125 32.500000     -0.971154 -0.238451 0.238451 -0.971154     30.417710 30.417710 2.240602
45.062859 332.260010     97.062500 -52.953125 61.039062     -0.978503 0.206230 -0.206230 -0.978503     24.813433 24.813433 1.587382
45.062859 332.260010     84.156250 32.562500 70.156250     -0.978503 0.206230 -0.206230 -0.978503     24.813433 24.813433 2.640429
500.720734 278.657654     79.718750 11.925781 30.804688     -0.996719 -0.080937 0.080937 -0.996719     21.976001 21.976001 2.338477
500.720734 278.657654     94.906250 14.625000 17.273438     -0.996719 -0.080937 0.080937 -0.996719     21.976001 21.976001 2.966294
471.722412 294.552063     41.234375 -1.250000 21.671875     -0.988685 0.150006 -0.150006 -0.988685     26.165646 26.165646 4.414015
44.909954 331.746460     374.523193 -53.893555 58.890625     -0.967240 0.253865 -0.253865 -0.967240     26.705704 26.705704 1.796267
44.909954 331.746460     394.562500 181.890625 164.093750     -0.967240 0.253865 -0.253865 -0.967240     26.705704 26.705704 2.529852
572.159424 290.043488     45.593750 14.343750 45.593750     -0.772683 0.634792 -0.634792 -0.772683     17.929993 17.929993 4.024555
21.626167 271.672882     161.689453 28.324219 35.765625     -0.729285 -0.684210 0.684210 -0.729285     17.370522 17.370522 4.350967
544.091858 252.424026     95.781250 47.062500 90.875000     -0.881221 0.472705 -0.472705 -0.881221     17.364276 17.364276 1.072680
544.091858 252.424026     115.406250 17.484375 18.867188     -0.881221 0.472705 -0.472705 -0.881221     17.364276 17.364276 3.407001
391.774200 204.138245     93.593750 -4.437500 36.375000     -0.933375 0.358903 -0.358903 -0.933375     18.328818 18.328818 0.161824
391.774200 204.138245     87.500000 -18.546875 23.695312     -0.933375 0.358903 -0.358903 -0.933375     18.328818 18.328818 1.389188
21.542170 272.048187     53.140625 -5.789062 69.093750     -0.730467 -0.682948 0.682948 -0.730467     18.130452 18.130452 4.349037
413.374451 213.030838     49.570312 11.289062 29.164062     -0.995937 0.090048 -0.090048 -0.995937     15.525014 15.525014 1.681624
413.374451 213.030838     3069.915039 -842.586914 9025.419922     -0.995937 0.090048 -0.090048 -0.995937     15.525014 15.525014 2.255635
439.393005 209.903931     104.718750 9.906250 42.546875     -0.056352 -0.998411 0.998411 -0.056352     22.996105 22.996105 0.806375
439.393005 209.903931     89.812500 25.796875 20.078125     -0.056352 -0.998411 0.998411 -0.056352     22.996105 22.996105 3.860738
512.503845 244.246155     42.666687 -12.686523 75.750000     0.647696 -0.761899 0.761899 0.647696     24.450057 24.450057 1.192675
512.503845 244.246155     157.062500 -3.312500 13.250000     0.647696 -0.761899 0.761899 0.647696     24.450057 24.450057 4.143863
424.948944 184.693573     76.998520 -7.411621 23.640625     -0.986013 -0.166667 0.166667 -0.986013     32.439595 32.439595 1.696489
424.948944 184.693573     141.718750 14.265625 13.703125     -0.986013 -0.166667 0.166667 -0.986013     32.439595 32.439595 2.169919
540.901428 230.963943     71.281250 -9.375000 128.796875     0.375434 -0.926849 0.926849 0.375434     30.784156 30.784156 0.892970
540.901428 230.963943     35.017578 -8.703125 89.984375     0.375434 -0.926849 0.926849 0.375434     30.784156 30.784156 4.419590
64.950417 220.723145     126.093750 -20.218750 21.265625     -0.971685 0.236280 -0.236280 -0.971685     17.309866 17.309866 1.208717
64.950417 220.723145     40.082031 20.927734 43.515625     -0.971685 0.236280 -0.236280 -0.971685     17.309866 17.309866 1.633219
105.828430 188.877457     243.218750 26.656250 179.562500     -0.901611 0.432547 -0.432547 -0.901611     19.471556 19.471556 0.147354
105.828430 188.877457     48.828125 -8.921875 33.093750     -0.901611 0.432547 -0.432547 -0.901611     19.471556 19.471556 3.554301
83.269234 184.875000     67.022705 -4.277344 17.796875     0.621438 -0.783463 0.783463 0.621438     18.585462 18.585462 1.009229
106.745094 189.007843     106.812500 38.984375 27.921875     -0.921494 0.388393 -0.388393 -0.921494     22.068341 22.068341 3.531644
106.745094 189.007843     50.062500 -9.843750 37.359375     -0.921494 0.388393 -0.388393 -0.921494     22.068341 22.068341 4.035351
49.218182 177.699997     72.125000 -25.789062 29.406250     -0.767363 -0.641213 0.641213 -0.767363     21.934813 21.934813 1.662669
49.218182 177.699997     162.174530 -50.221680 91.906250     -0.767363 -0.641213 0.641213 -0.767363     21.934813 21.934813 2.338448
567.163147 188.829788     128.500000 5.750000 31.593750     -0.900193 -0.435491 0.435491 -0.900193     24.986928 24.986928 1.885075
567.163147 188.829788     24.960709 -10.134521 33.093750     -0.900193 -0.435491 0.435491 -0.900193     24.986928 24.986928 2.332936
597.421631 206.648087     49.229492 25.324219 127.671875     -0.726056 -0.687636 0.687636 -0.726056     23.553916 23.553916 1.541744
597.421631 206.648087     87.250000 -10.281250 43.273438     -0.726056 -0.687636 0.687636 -0.726056     23.553916 23.553916 2.125376
553.870300 152.276154     194.861572 -9.725586 68.468750     -0.925640 -0.378405 0.378405 -0.925640     18.333467 18.333467 1.652775
553.870300 152.276154     7309.625000 1968.812500 12417.207031     -0.925640 -0.378405 0.378405 -0.925640     18.333467 18.333467 2.840609
595.145630 154.330093     171.500000 -5.187500 19.671875     -0.016380 -0.999866 0.999866 -0.016380     21.546608 21.546608 0.930979
595.145630 154.330093     44.968750 -2.062500 30.414062     -0.016380 -0.999866 0.999866 -0.016380     21.546608 21.546608 1.376736
84.982758 127.125000     108.406250 38.328125 29.562500     0.236662 -0.971592 0.971592 0.236662     17.181531 17.181531 0.683697
84.982758 127.125000     109.671875 14.140625 32.203125     0.236662 -0.971592 0.971592 0.236662     17.181531 17.181531 1.292878
35.112499 110.741669     45.431641 -23.156250 73.218750     -0.992486 -0.122355 0.122355 -0.992486     20.323953 20.323953 4.669236
352.958618 74.816551     7144.046875 1700.359375 15378.875000     0.061908 -0.998082 0.998082 0.061908     24.244794 24.244794 3.025747
446.691986 12.840000     203.447266 -106.085938 78.921875     -0.960422 -0.278549 0.278549 -0.960422     10.403055 10.403055 5.265217
354.220215 95.138603     294.774414 -168.515625 123.640625     0.052491 -0.998621 0.998621 0.052491     28.795766 28.795766 2.626594
529.240479 100.553795     131.703125 -23.390625 14.828125     -0.557940 -0.829881 0.829881 -0.557940     19.710445 19.710445 1.594898
529.240479 100.553795     169.515625 8.500000 60.203125     -0.557940 -0.829881 0.829881 -0.557940     19.710445 19.710445 2.059180
519.582581 136.556519     97.992188 45.500000 55.062500     -0.995762 -0.091968 0.091968 -0.995762     20.068152 20.068152 4.898817
519.582581 136.556519     64.601562 -0.453125 18.375000     -0.995762 -0.091968 0.091968 -0.995762     20.068152 20.068152 5.494688
547.415344 165.298386     848.117188 54.312500 103.875000     -0.882936 -0.469492 0.469492 -0.882936     20.022952 20.022952 1.888353
547.415344 165.298386     7265.984375 631.187500 17605.566406     -0.882936 -0.469492 0.469492 -0.882936     20.022952 20.022952 2.344600
70.812752 166.741043     453.914062 19.953125 56.531250     -0.969095 -0.246686 0.246686 -0.969095     20.557880 20.557880 1.662495
70.812752 166.741043     38.914062 -5.468750 26.890625     -0.969095 -0.246686 0.246686 -0.969095     20.557880 20.557880 3.244241
562.161133 207.758301     72.023438 -17.820312 40.921875     0.103427 -0.994637 0.994637 0.103427     25.355175 25.355175 1.454401
580.708130 246.679428     573.718750 -137.546875 340.699219     -0.907108 -0.420898 0.420898 -0.907108     16.109031 16.109031 2.130487
580.708130 246.679428     20.304688 -5.410156 20.519531     -0.907108 -0.420898 0.420898 -0.907108     16.109031 16.109031 4.826896
528.402710 198.489929     24.335938 -7.535156 21.734375     -0.991148 -0.132764 0.132764 -0.991148     17.033425 17.033425 2.649667
528.402710 198.489929     556.531250 -158.136719 374.546875     -0.991148 -0.132764 0.132764 -0.991148     17.033425 17.033425 4.672427
599.208130 257.912384     112.804688 -27.765625 9.875000     -0.915786 -0.401667 0.401667 -0.915786     37.625358 37.625358 1.373871
490.500000 209.934433     31.390625 -6.863281 20.564453     -0.981642 0.190735 -0.190735 -0.981642     23.061056 23.061056 1.239330
490.500000 209.934433     123.515625 -29.601562 10.859375     -0.981642 0.190735 -0.190735 -0.981642     23.061056 23.061056 2.640726
51.257919 246.638016     602.492188 -170.269531 398.046875     -0.962803 -0.270203 0.270203 -0.962803     28.679813 28.679813 0.631020
51.257919 246.638016     130.851562 -31.289062 11.890625     -0.962803 -0.270203 0.270203 -0.962803     28.679813 28.679813 1.601961
119.189781 227.435516     15.953125 -5.339844 34.562500     -0.942714 -0.333602 0.333602 -0.942714     29.277360 29.277360 0.308404
119.189781 227.435516     136.328125 -35.023438 19.281250     -0.942714 -0.333602 0.333602 -0.942714     29.277360 29.277360 1.225148
528.983826 248.574905     647.796875 -85.125000 455.345703     -0.957297 -0.289107 0.289107 -0.957297     23.587109 23.587109 2.463464
528.983826 248.574905     136.218750 -39.804688 26.906250     -0.957297 -0.289107 0.289107 -0.957297     23.587109 23.587109 5.122278
105.132355 240.308823     10.367188 8.914062 66.800781     -0.999822 -0.018858 0.018858 -0.999822     16.956485 16.956485 1.104954
105.132355 240.308823     136.015625 -39.218750 30.140625     -0.999822 -0.018858 0.018858 -0.999822     16.956485 16.956485 1.981701
164.103775 212.042450     700.007812 -141.757812 497.830078     -0.999889 -0.014894 0.014894 -0.999889     16.752173 16.752173 1.557318
500.886963 254.208694     140.835938 -36.257812 31.875000     -0.734135 0.679004 -0.679004 -0.734135     23.519634 23.519634 0.650591
500.886963 254.208694     47.156250 -1.679688 23.373047     -0.734135 0.679004 -0.679004 -0.734135     23.519634 23.519634 3.431959
34.622807 261.846497     29.593750 -4.414062 30.195312     -0.967737 0.251962 -0.251962 -0.967737     15.975031 15.975031 1.497900
34.622807 261.846497     144.484375 -34.468750 34.687500     -0.967737 0.251962 -0.251962 -0.967737     15.975031 15.975031 3.946076
90.995216 266.674652     145.593750 -38.523438 45.609375     -0.886023 0.463642 -0.463642 -0.886023     22.075060 22.075060 1.107754
90.995216 266.674652     31.960938 -6.351562 31.875000     -0.886023 0.463642 -0.463642 -0.886023     22.075060 22.075060 1.485768
421.943573 199.153702     683.781250 -134.558594 567.830078     -0.946707 0.322095 -0.322095 -0.946707     30.781561 30.781561 2.273289
421.943573 199.153702     36.835938 -6.937500 34.765625     -0.946707 0.322095 -0.322095 -0.946707     30.781561 30.781561 2.696916
69.437790 282.165894     90.617188 -37.476562 80.382812     -0.623035 -0.782194 0.782194 -0.623035     20.340204 20.340204 2.304552
69.437790 282.165894     711.820312 -126.210938 578.009766     -0.623035 -0.782194 0.782194 -0.623035     20.340204 20.340204 2.627822
588.051514 346.171661     38.875000 -6.609375 35.656250     -0.998371 0.057054 -0.057054 -0.998371     17.945528 17.945528 1.549872
588.051514 346.171661     39.195312 -6.726562 35.601562     -0.998371 0.057054 -0.057054 -0.998371     17.945528 17.945528 4.200598
91.891777 289.424255     237.554688 -52.234375 39.406250     -0.953846 0.300296 -0.300296 -0.953846     16.424123 16.424123 1.350046
91.891777 289.424255     39.445312 -7.820312 37.195312     -0.953846 0.300296 -0.300296 -0.953846     16.424123 16.424123 3.736542
555.153564 373.254913     48.609375 28.156250 27.601562     -0.744269 -0.667880 0.667880 -0.744269     23.773343 23.773343 1.634203
555.153564 373.254913     53.273438 -47.539062 51.539062     -0.744269 -0.667880 0.667880 -0.744269     23.773343 23.773343 2.202313
61.192772 328.393585     254.625000 -41.242188 12.750000     -0.806553 0.591162 -0.591162 -0.806553     26.680070 26.680070 0.152503
61.192772 328.393585     5108.000000 -265.644531 2638.739258     -0.806553 0.591162 -0.591162 -0.806553     26.680070 26.680070 1.798528
585.842285 345.407745     153.375000 -10.000000 55.726562     -0.999995 -0.003089 0.003089 -0.999995     19.032994 19.032994 1.441309
585.842285 345.407745     30.363434 -16.928223 63.484375     -0.999995 -0.003089 0.003089 -0.999995     19.032994 19.032994 4.165621
498.279877 287.813416     106.026367 -18.038086 17.261719     -0.869741 -0.493508 0.493508 -0.869741     28.214326 28.214326 1.728412
498.279877 287.813416     146.473511 -99.960449 78.773438     -0.869741 -0.493508 0.493508 -0.869741     28.214326 28.214326 2.354841
598.162292 324.354706     116.250000 -4.570312 8.398438     -0.904905 0.425614 -0.425614 -0.904905     18.295945 18.295945 0.849987
598.162292 324.354706     72.060638 -51.710205 64.523438     -0.904905 0.425614 -0.425614 -0.904905     18.295945 18.295945 1.139499
567.718445 319.789642     54.703293 14.315918 21.312500     -0.813027 0.582226 -0.582226 -0.813027     21.636618 21.636618 0.482973
567.718445 319.789642     27.781250 15.500000 38.687500     -0.813027 0.582226 -0.582226 -0.813027     21.636618 21.636618 2.919853
137.313248 293.341370     32.250000 -16.437500 94.125000     -0.974380 -0.224907 0.224907 -0.974380     23.833848 23.833848 0.309052
137.313248 293.341370     76.375000 -68.875000 241.171875     -0.974380 -0.224907 0.224907 -0.974380     23.833848 23.833848 2.018659
529.693420 336.466980     105.570312 -44.083984 43.193359     -0.983815 -0.179189 0.179189 -0.983815     17.200175 17.200175 1.503884
529.693420 336.466980     64.937500 -4.016602 32.171875     -0.983815 -0.179189 0.179189 -0.983815     17.200175 17.200175 2.230378
499.942322 314.721161     642.593750 -244.851562 156.140625     -0.997981 0.063511 -0.063511 -0.997981     20.910395 20.910395 0.606233
499.942322 314.721161     5066.187500 -695.429688 3994.669922     -0.997981 0.063511 -0.063511 -0.997981     20.910395 20.910395 2.230347
56.974861 331.946930     65.307785 12.726318 75.070312     -0.773398 0.633921 -0.633921 -0.773398     23.631101 23.631101 1.369989
56.974861 331.946930     67.312500 -23.953125 73.601562     -0.773398 0.633921 -0.633921 -0.773398     23.631101 23.631101 4.142418
385.239502 269.823517     206.070801 -45.882812 68.546875     0.662289 -0.749249 0.749249 0.662289     27.118461 27.118461 0.963885
385.239502 269.823517     20.019012 -7.053223 48.210938     0.662289 -0.749249 0.749249 0.662289     27.118461 27.118461 1.631458
36.877117 362.898315     113.000000 -9.359375 10.589844     -0.986494 0.163798 -0.163798 -0.986494     31.801383 31.801383 4.785682
569.345215 377.573822     84.256897 -1.415039 105.277344     -0.876121 -0.482092 0.482092 -0.876121     36.001986 36.001986 1.385452
601.517212 442.306519     244.169067 -180.683594 160.828125     -0.707107 -0.707107 0.707107 -0.707107     25.155765 25.155765 1.879988
601.517212 442.306519     94.500000 -79.468750 240.109375     -0.707107 -0.707107 0.707107 -0.707107     25.155765 25.155765 2.659522
131.488205 292.285370     108.363281 -46.982422 47.986328     -0.977744 -0.209799 0.209799 -0.977744     24.518995 24.518995 1.989097
131.488205 292.285370     221.963989 24.459961 30.726562     -0.977744 -0.209799 0.209799 -0.977744     24.518995 24.518995 3.724467
532.312927 336.428070     3353.872070 -765.769043 3159.578613     -0.984941 -0.172888 0.172888 -0.984941     17.886086 17.886086 1.413933
532.312927 336.428070     63.672661 23.087158 38.578125     -0.984941 -0.172888 0.172888 -0.984941     17.886086 17.886086 2.195031
81.782135 345.891083     45.474365 -13.428711 45.402344     0.227587 -0.973758 0.973758 0.227587     36.742308 36.742308 0.602525
81.782135 345.891083     104.029297 -13.097656 74.570312     0.227587 -0.973758 0.973758 0.227587     36.742308 36.742308 0.862556
513.610657 351.549194     74.437500 -14.109375 29.421875     -0.965536 0.260270 -0.260270 -0.965536     19.457394 19.457394 0.982957
513.610657 351.549194     4946.593750 323.398438 6112.849609     -0.965536 0.260270 -0.260270 -0.965536     19.457394 19.457394 3.709118
162.051025 321.557831     567.783447 -29.732422 373.921875     0.308773 -0.951136 0.951136 0.308773     32.218644 32.218644 0.396011
162.051025 321.557831     48.031250 2.031250 39.593750     0.308773 -0.951136 0.951136 0.308773     32.218644 32.218644 1.172251
145.116501 276.766998     269.281250 -13.468750 40.796875     -0.913927 -0.405880 0.405880 -0.913927     22.114435 22.114435 2.252471
145.116501 276.766998     194.985474 22.951172 56.609375     -0.913927 -0.405880 0.405880 -0.913927     22.114435 22.114435 6.053131
601.518433 443.810822     80.656250 -2.421875 33.140625     -0.988127 -0.153638 0.153638 -0.988127     28.816381 28.816381 1.487556
601.518433 443.810822     105.312500 23.093750 33.656250     -0.988127 -0.153638 0.153638 -0.988127     28.816381 28.816381 2.354973
557.251099 398.718048     137.541016 -9.861328 25.996094     -0.949709 -0.313133 0.313133 -0.949709     15.308280 15.308280 1.990055
557.251099 398.718048     69.078125 10.609375 44.578125     -0.949709 -0.313133 0.313133 -0.949709     15.308280 15.308280 4.892492
622.874512 426.711029     69.031250 -17.531250 235.031250     -0.999735 0.023015 -0.023015 -0.999735     16.333042 16.333042 1.563662
473.298340 374.000000     91.041016 3.234375 39.703125     0.156916 -0.987612 0.987612 0.156916     37.593644 37.593644 1.516361
473.298340 374.000000     295.016968 -12.874023 34.187500     0.156916 -0.987612 0.987612 0.156916     37.593644 37.593644 3.203243
92.300491 405.719208     40.250000 -3.046875 52.992188     0.152739 -0.988267 0.988267 0.152739     26.112601 26.112601 1.009429
92.300491 405.719208     135.656250 3.921875 86.750000     0.152739 -0.988267 0.988267 0.152739     26.112601 26.112601 1.757334
462.105072 344.929962     173.062500 73.296875 87.699219     -0.983105 0.183043 -0.183043 -0.983105     18.825451 18.825451 0.514490
462.105072 344.929962     56.375000 -28.921875 102.765625     -0.983105 0.183043 -0.183043 -0.983105     18.825451 18.825451 0.899805
71.014565 412.228149     85.625000 -36.296875 69.265625     -0.677584 -0.735445 0.735445 -0.677584     20.523549 20.523549 1.769006
71.014565 412.228149     4971.468750 413.914062 6694.716797     -0.677584 -0.735445 0.735445 -0.677584     20.523549 20.523549 2.069013
447.574890 380.946869     177.312500 24.140625 42.890625     -0.911423 0.411471 -0.411471 -0.911423     24.260750 24.260750 0.716899
447.574890 380.946869     423.836914 -102.224609 64.453125     -0.911423 0.411471 -0.411471 -0.911423     24.260750 24.260750 3.646364
58.313900 431.506714     179.973633 13.710938 195.250000     -0.996301 0.085927 -0.085927 -0.996301     18.786070 18.786070 1.670261
58.313900 431.506714     75.156036 -5.166016 82.671875     -0.996301 0.085927 -0.085927 -0.996301     18.786070 18.786070 4.068990
537.619019 433.457153     57.110352 -32.960938 70.226562     -0.925000 -0.379967 0.379967 -0.925000     15.528629 15.528629 1.401054
537.619019 433.457153     197.125000 -39.281250 293.234375     -0.925000 -0.379967 0.379967 -0.925000     15.528629 15.528629 2.095881
518.464783 401.140839     162.417969 -32.056641 18.949219     -0.878115 0.478449 -0.478449 -0.878115     25.454219 25.454219 1.002971
518.464783 401.140839     227.906250 36.515625 115.820312     -0.878115 0.478449 -0.478449 -0.878115     25.454219 25.454219 3.481977
87.391510 376.943390     40.039062 7.181641 42.617188     -0.904949 0.425521 -0.425521 -0.904949     18.706055 18.706055 1.316960
87.391510 376.943390     134.111328 -32.613281 68.070312     -0.904949 0.425521 -0.425521 -0.904949     18.706055 18.706055 3.455290
92.955635 406.634827     3381.958496 -1693.578125 6710.867188     -0.282755 -0.959192 0.959192 -0.282755     29.081389 29.081389 1.378824
92.955635 406.634827     174.500000 16.921875 33.468750     -0.282755 -0.959192 0.959192 -0.282755     29.081389 29.081389 2.079237
394.873352 341.441040     82.529297 -17.812500 98.953125     -0.976183 0.216949 -0.216949 -0.976183     28.810022 28.810022 1.024090
394.873352 341.441040     35.437500 -31.406250 82.664062     -0.976183 0.216949 -0.216949 -0.976183     28.810022 28.810022 3.290796
159.277954 363.856232     667.029297 -58.408203 98.828125     -0.993722 0.111875 -0.111875 -0.993722     26.689396 26.689396 0.416035
159.277954 363.856232     82.410156 -28.898438 88.078125     -0.993722 0.111875 -0.111875 -0.993722     26.689396 26.689396 1.555902
478.596863 379.116486     49.750000 -25.453125 67.718750     -0.489434 -0.872040 0.872040 -0.489434     49.799659 49.799659 1.935723
478.596863 379.116486     43.059570 4.839844 41.562500     -0.489434 -0.872040 0.872040 -0.489434     49.799659 49.799659 4.469936
511.771423 380.504761     65.202148 -11.312500 133.093750     -0.847726 0.530434 -0.530434 -0.847726     25.820182 25.820182 1.718722
511.771423 380.504761     111.535156 -20.492188 159.812500     -0.847726 0.530434 -0.530434 -0.847726     25.820182 25.820182 3.137426
86.341217 379.878387     285.875000 15.937500 36.367188     -0.748246 0.663422 -0.663422 -0.748246     24.822065 24.822065 3.710964
424.220764 321.787872     211.008789 -116.757812 88.265625     -0.990481 0.137647 -0.137647 -0.990481     24.699809 24.699809 0.258238
424.220764 321.787872     60.256836 -25.011719 27.828125     -0.990481 0.137647 -0.137647 -0.990481     24.699809 24.699809 3.203470
408.199097 340.647583     115.656250 -8.171875 280.921875     -0.995154 0.098330 -0.098330 -0.995154     27.107894 27.107894 4.796285
125.289917 398.424377     82.375000 -9.062500 34.511719     -0.948226 -0.317596 0.317596 -0.948226     17.742916 17.742916 1.524716
125.289917 398.424377     146.359375 30.578125 27.707031     -0.948226 -0.317596 0.317596 -0.948226     17.742916 17.742916 2.239536
91.915695 406.715118     546.499878 -59.114258 663.796875     -0.389446 -0.921049 0.921049 -0.389446     31.591123 31.591123 1.386928
91.915695 406.715118     210.062500 -61.031250 68.750000     -0.389446 -0.921049 0.921049 -0.389446     31.591123 31.591123 1.914072
538.587280 433.563507     3295.151855 -1760.176758 9392.468750     -0.926548 -0.376176 0.376176 -0.926548     16.838290 16.838290 1.554428
538.587280 433.563507     43.691406 -11.222656 59.304688     -0.926548 -0.376176 0.376176 -0.926548     16.838290 16.838290 2.384133
444.858826 379.070587     132.841797 -26.820312 95.968750     -0.984724 -0.174125 0.174125 -0.984724     24.525081 24.525081 1.192386
444.858826 379.070587     640.042480 -152.130859 83.765625     -0.984724 -0.174125 0.174125 -0.984724     24.525081 24.525081 2.522232
123.250824 413.425751     40.203125 0.453125 122.976562     -0.982964 -0.183797 0.183797 -0.982964     14.857412 14.857412 2.028064
123.250824 413.425751     148.375000 29.750000 37.593750     -0.982964 -0.183797 0.183797 -0.982964     14.857412 14.857412 2.529327
100.581734 452.389435     107.334961 -27.806641 50.992188     -0.994524 -0.104512 0.104512 -0.994524     14.879131 14.879131 2.111067
100.581734 452.389435     166.073242 1.453125 8.140625     -0.994524 -0.104512 0.104512 -0.994524     14.879131 14.879131 5.038027
427.109314 375.230164     165.750000 29.210938 91.234375     -0.942159 -0.335167 0.335167 -0.942159     34.441123 34.441123 2.828959
427.109314 375.230164     162.796875 -54.843750 70.531250     -0.942159 -0.335167 0.335167 -0.942159     34.441123 34.441123 4.635017
128.798798 456.675690     936.031250 416.171875 2253.234375     -0.864543 0.502558 -0.502558 -0.864543     18.658893 18.658893 4.310885
413.444672 402.543701     234.375000 62.304688 32.531250     -0.760110 -0.649795 0.649795 -0.760110     36.185961 36.185961 2.061214
128.895004 456.160004     543.906250 124.921875 439.312500     -0.867805 0.496906 -0.496906 -0.867805     19.185507 19.185507 4.051727
128.895004 456.160004     260.115234 25.437500 21.296875     -0.867805 0.496906 -0.496906 -0.867805     19.185507 19.185507 4.488903
377.562256 408.602417     187.205078 26.226562 83.656250     -0.899566 -0.436785 0.436785 -0.899566     23.076790 23.076790 1.621865
377.562256 408.602417     354.578125 -105.312500 172.625000     -0.899566 -0.436785 0.436785 -0.899566     23.076790 23.076790 2.388990
356.658539 435.448792     307.050781 -134.070312 87.625000     -0.981935 0.189221 -0.189221 -0.981935     14.456635 14.456635 1.420082
356.658539 435.448792     184.927734 -124.730469 397.195312     -0.981935 0.189221 -0.189221 -0.981935     14.456635 14.456635 4.014481
363.155151 378.157227     170.015625 -34.265625 30.546875     -0.990830 -0.135114 0.135114 -0.990830     33.659323 33.659323 4.683427
366.950531 415.582703     54.675781 -2.750000 128.953125     -0.981491 0.191508 -0.191508 -0.981491     34.016311 34.016311 4.849461
356.841187 435.442047     45.968750 -29.937500 119.312500     -0.982157 0.188062 -0.188062 -0.982157     13.949980 13.949980 1.290847
356.841187 435.442047     2398.410645 -104.535156 85.218750     -0.982157 0.188062 -0.188062 -0.982157     13.949980 13.949980 3.833551
390.571991 440.436005     436.875000 -145.750000 243.359375     0.539934 -0.841707 0.841707 0.539934     26.156175 26.156175 1.267049
390.571991 440.436005     158.437500 64.421875 131.234375     0.539934 -0.841707 0.841707 0.539934     26.156175 26.156175 4.021127
167.374512 450.529419     946.359375 -157.218750 223.156250     -0.897067 0.441895 -0.441895 -0.897067     27.980754 27.980754 1.585596
309.071228 165.575348     49.062500 14.750000 106.671875     -0.953294 0.302044 -0.302044 -0.953294     22.849000 22.849000 1.704478
309.071228 165.575348     4567.343750 1428.945312 17077.542969     -0.953294 0.302044 -0.302044 -0.953294     22.849000 22.849000 4.830456
310.291412 162.654083     4084.912109 632.923828 20133.617188     -0.863731 0.503954 -0.503954 -0.863731     30.732887 30.732887 1.888978
310.291412 162.654083     48.421875 7.296875 20.546875     -0.863731 0.503954 -0.503954 -0.863731     30.732887 30.732887 4.983512
300.219360 167.462006     46.296875 -36.156250 66.578125     -0.925306 0.379222 -0.379222 -0.925306     37.204141 37.204141 4.883401
296.873260 167.372284     4342.488281 1104.330078 20404.964844     -0.961712 0.274062 -0.274062 -0.961712     43.893828 43.893828 4.855316
295.530945 171.248199     4942.156250 -371.187500 19802.304688     -0.980011 0.198941 -0.198941 -0.980011     63.517867 63.517867 4.833443
294.959137 171.861862     33.460938 -3.890625 61.437500     -0.973662 0.227994 -0.227994 -0.973662     64.654562 64.654562 4.865536
294.078583 171.525604     53.414062 24.859375 63.910156     -0.970755 0.240073 -0.240073 -0.970755     67.218344 67.218344 4.881224
293.923889 171.160141     54.734375 35.359375 114.808594     -0.954616 0.297840 -0.297840 -0.954616     70.250699 70.250699 4.927675
293.863464 170.509781     30.867188 -7.554688 95.070312     -0.907288 0.420510 -0.420510 -0.907288     74.888029 74.888029 5.046935
297.282501 135.143494     66.148438 35.468750 117.367188     0.700053 -0.714091 0.714091 0.700053     17.428940 17.428940 3.973548
296.416351 135.435791     33.296875 -8.421875 102.269531     -0.764890 0.644161 -0.644161 -0.764890     17.652708 17.652708 0.787267
292.868225 171.805786     7.570312 9.804688 63.039062     -0.865660 0.500633 -0.500633 -0.865660     75.714069 75.714069 5.106361
289.509247 396.791656     7.546875 -1.695312 58.808594     -0.969558 0.244860 -0.244860 -0.969558     7.613967 7.613967 1.604749
289.509247 396.791656     73.820312 40.234375 133.171875     -0.969558 0.244860 -0.244860 -0.969558     7.613967 7.613967 4.747692
295.302643 135.296051     8.406250 10.671875 73.519531     -0.899798 0.436308 -0.436308 -0.899798     18.682578 18.682578 0.585361
288.682526 396.781738     9.265625 -4.203125 69.218750     -0.970878 0.239574 -0.239574 -0.970878     8.484477 8.484477 4.748289
289.794403 173.019135     33.656250 -9.109375 113.691406     -0.870265 0.492584 -0.492584 -0.870265     78.159117 78.159117 5.116323
288.571442 396.557129     130.765625 -81.687500 53.703125     -0.970829 0.239772 -0.239772 -0.970829     9.181513 9.181513 4.753493
288.628998 395.713043     34.937500 -15.007812 113.390625     -0.966502 0.256661 -0.256661 -0.966502     11.739800 11.739800 4.775997
294.415192 134.982452     80.140625 49.234375 140.859375     -0.974179 0.225778 -0.225778 -0.974179     20.505355 20.505355 6.388495
286.836304 172.332169     9.750000 10.406250 75.355469     -0.928836 0.370490 -0.370490 -0.928836     87.786496 87.786496 5.051225
288.727722 395.195923     128.664062 -83.375000 58.093750     -0.964091 0.265571 -0.265571 -0.964091     12.873877 12.873877 4.784950
274.429260 143.780487     41.601562 -21.679688 111.730469     0.257563 -0.966262 0.966262 0.257563     17.153064 17.153064 0.992407
274.429260 143.780487     13.015625 -18.664062 140.792969     0.257563 -0.966262 0.966262 0.257563     17.153064 17.153064 4.479608
288.540924 394.779541     48.015625 -29.179688 118.472656     -0.963867 0.266385 -0.266385 -0.963867     13.944047 13.944047 4.792244
285.602692 170.487823     12.859375 10.546875 75.242188     -0.935144 0.354269 -0.354269 -0.935144     92.561954 92.561954 5.012817
288.950745 393.668549     130.312500 -85.375000 61.265625     -0.950881 0.309555 -0.309555 -0.950881     16.806168 16.806168 1.653010
288.950745 393.668549     54.906250 -32.679688 119.367188     -0.950881 0.309555 -0.309555 -0.950881     16.806168 16.806168 4.824511
246.295563 204.310349     36.593750 -23.804688 27.472656     -0.152400 -0.988319 0.988319 -0.152400     13.494473 13.494473 1.621568
288.757080 392.906830     132.492188 -88.703125 67.640625     -0.949609 0.313436 -0.313436 -0.949609     18.660483 18.660483 3.428702
288.757080 392.906830     88.679688 54.000000 144.539062     -0.949609 0.313436 -0.313436 -0.949609     18.660483 18.660483 4.832042
283.040863 172.088516     22.468750 1.046875 131.164062     -0.888989 0.457928 -0.457928 -0.888989     92.749040 92.749040 5.086394
288.069427 392.386993     15.546875 -22.906250 155.863281     -0.957207 0.289404 -0.289404 -0.957207     20.578703 20.578703 4.846675
293.613159 134.910522     40.773438 -24.250000 28.914062     -0.997540 0.070103 -0.070103 -0.997540     21.700550 21.700550 6.163811
285.178741 287.251221     17.812500 6.953125 73.566406     0.682648 -0.730748 0.730748 0.682648     22.710619 22.710619 0.782532
285.178741 287.251221     133.367188 -89.218750 69.687500     0.682648 -0.730748 0.730748 0.682648     22.710619 22.710619 1.486382
287.743958 391.844513     23.976562 1.210938 129.015625     -0.960965 0.276671 -0.276671 -0.960965     22.393375 22.393375 3.279630
287.743958 391.844513     94.695312 43.914062 143.078125     -0.960965 0.276671 -0.276671 -0.960965     22.393375 22.393375 4.851573
288.051819 390.584229     24.531250 0.773438 80.210938     -0.946600 0.322410 -0.322410 -0.946600     25.649360 25.649360 3.378044
288.051819 390.584229     27.437500 -9.445312 151.046875     -0.946600 0.322410 -0.322410 -0.946600     25.649360 25.649360 4.925600
285.393311 286.962341     140.789062 -89.703125 69.625000     -0.709495 0.704711 -0.704711 -0.709495     22.753391 22.753391 0.710151
285.393311 286.962341     321.476562 -220.429688 340.574219     -0.709495 0.704711 -0.704711 -0.709495     22.753391 22.753391 1.390148
281.397919 171.492020     44.492188 -25.296875 30.546875     -0.917538 0.397648 -0.397648 -0.917538     95.336135 95.336135 5.041519
285.238800 286.723877     143.015625 -93.843750 79.328125     -0.784919 0.619598 -0.619598 -0.784919     23.977537 23.977537 0.453127
285.238800 286.723877     467.757812 -470.679688 729.250000     -0.784919 0.619598 -0.619598 -0.784919     23.977537 23.977537 0.870956
287.947021 389.779663     52.687500 25.125000 131.414062     -0.946172 0.323663 -0.323663 -0.946172     28.023665 28.023665 3.368000
287.947021 389.779663     16.140625 -5.992188 27.941406     -0.946172 0.323663 -0.323663 -0.946172     28.023665 28.023665 4.949641
292.124695 134.574112     144.195312 -91.687500 79.515625     -0.996071 -0.088562 0.088562 -0.996071     21.891568 21.891568 1.539244
292.124695 134.574112     27.734375 -2.445312 85.523438     -0.996071 -0.088562 0.088562 -0.996071     21.891568 21.891568 4.720898
282.208496 168.099899     850.765625 -674.234375 819.613281     -0.835372 0.549685 -0.549685 -0.835372     98.516997 98.516997 5.201735
285.272125 286.665588     57.765625 21.578125 92.664062     -0.757489 0.652848 -0.652848 -0.757489     24.143864 24.143864 0.586944
285.272125 286.665588     51.085938 -26.421875 32.093750     -0.757489 0.652848 -0.652848 -0.757489     24.143864 24.143864 1.497722
287.620850 389.178192     145.625000 -90.437500 82.156250     -0.952866 0.303390 -0.303390 -0.952866     30.341517 30.341517 3.319353
312.070679 341.998291     19.750000 -6.484375 31.019531     -0.753422 0.657538 -0.657538 -0.753422     31.071414 31.071414 0.779840
312.070679 341.998291     9.953125 9.842773 116.278564     -0.753422 0.657538 -0.657538 -0.753422     31.071414 31.071414 5.335813
284.691895 167.525864     1029.007812 -547.585938 719.191406     -0.856845 0.515574 -0.515574 -0.856845     100.830848 100.830848 5.181340
285.353790 286.798248     34.132812 -19.585938 30.648438     -0.786316 0.617824 -0.617824 -0.786316     24.837037 24.837037 1.456385
285.353790 286.798248     54.746094 54.935547 251.717773     -0.786316 0.617824 -0.617824 -0.786316     24.837037 24.837037 2.845577
285.584198 286.923676     34.796875 -19.968750 31.828125     -0.793121 0.609064 -0.609064 -0.793121     24.825978 24.825978 0.436788
285.584198 286.923676     55.453125 -25.812500 31.296875     -0.793121 0.609064 -0.609064 -0.793121     24.825978 24.825978 1.381852
287.092743 304.426056     151.898438 -90.906250 83.953125     -0.970718 0.240222 -0.240222 -0.970718     23.156374 23.156374 4.812337
285.626953 286.840454     68.929688 36.174805 348.391846     -0.755775 0.654832 -0.654832 -0.755775     24.819242 24.819242 1.492902
285.626953 286.840454     83.085938 38.329102 373.364502     -0.755775 0.654832 -0.654832 -0.755775     24.819242 24.819242 4.592672
299.596405 267.950684     59.429688 -28.945312 34.753906     -0.813699 -0.581286 0.581286 -0.813699     12.206537 12.206537 4.032109
299.596405 267.950684     35.507812 -20.359375 32.515625     -0.813699 -0.581286 0.581286 -0.813699     12.206537 12.206537 4.728675
288.866913 223.376419     24.453125 -11.289062 39.117188     -0.985401 0.170247 -0.170247 -0.985401     8.651488 8.651488 4.725950
287.741730 304.428253     38.070312 -21.921875 34.539062     -0.969011 0.247019 -0.247019 -0.969011     23.674917 23.674917 4.810701
300.105682 268.162598     51.023438 -7.570312 40.464844     -0.821440 -0.570295 0.570295 -0.821440     12.770600 12.770600 0.877378
300.105682 268.162598     1069.156250 -556.984375 716.250000     -0.821440 -0.570295 0.570295 -0.821440     12.770600 12.770600 1.827759
268.811066 273.603699     40.640625 -23.125000 35.343750     -0.713526 0.700629 -0.700629 -0.713526     9.919697 9.919697 1.438750
268.811066 273.603699     79.507812 -33.343750 36.757812     -0.713526 0.700629 -0.700629 -0.713526     9.919697 9.919697 5.100272
286.090912 286.913055     42.210938 -24.101562 36.804688     -0.776116 0.630591 -0.630591 -0.776116     25.740347 25.740347 1.488247
286.090912 286.913055     44.312500 -25.445312 39.375000     -0.776116 0.630591 -0.630591 -0.776116     25.740347 25.740347 4.770528
286.954315 223.696243     266.859375 -162.382812 122.281250     -0.987053 0.160397 -0.160397 -0.987053     9.855618 9.855618 4.719868
288.133179 223.507004     49.265625 -26.968750 42.968750     -0.986529 0.163588 -0.163588 -0.986529     10.940781 10.940781 4.720356
