1.0
621
512.160217 346.070312     526.000000 165.109375 3094.617188     -0.063885 -0.997957 0.997957 -0.063885     102.163910 102.163910 4.734685
628.172607 411.158905     1.312500 9.421875 1341.937500     -0.007027 -0.999975 0.999975 -0.007027     5.023674 5.023674 4.711872
475.668610 376.559540     548.359375 8.265625 3335.468750     -0.939675 -0.342068 0.342068 -0.939675     40.193380 40.193380 3.305654
475.668610 376.559540     871.687500 -424.609375 2161.546875     -0.939675 -0.342068 0.342068 -0.939675     40.193380 40.193380 5.589334
511.866119 348.301239     17.390625 12.046875 51.375000     -0.002966 -0.999996 0.999996 -0.002966     105.374480 105.374480 4.719563
455.750885 154.615662     17.750000 -1.718750 125.406250     -0.303495 -0.952833 0.952833 -0.303495     16.566765 16.566765 4.720782
492.259583 345.420410     139.859375 38.851562 301.535156     -0.797389 -0.603466 0.603466 -0.797389     36.733470 36.733470 2.542179
492.259583 345.420410     158.281250 9.148438 116.458984     -0.797389 -0.603466 0.603466 -0.797389     36.733470 36.733470 5.802573
447.364807 364.870361     2.718750 71.554688 2079.140625     0.015959 -0.999873 0.999873 0.015959     18.944181 18.944181 1.708658
447.364807 364.870361     68.656250 -4.859375 46.523438     0.015959 -0.999873 0.999873 0.015959     18.944181 18.944181 4.841627
485.530945 201.917923     268.875000 -81.171875 152.500000     -0.222139 -0.975015 0.975015 -0.222139     51.506378 51.506378 1.484216
485.530945 201.917923     1938.125000 -1180.062500 3210.859375     -0.222139 -0.975015 0.975015 -0.222139     51.506378 51.506378 4.663363
497.601990 128.392670     3.250000 79.953125 2169.296875     -0.978816 -0.204743 0.204743 -0.978816     48.161640 48.161640 2.119301
497.601990 128.392670     23.140625 25.617188 45.080078     -0.978816 -0.204743 0.204743 -0.978816     48.161640 48.161640 2.780109
630.129333 201.810944     18.390625 -0.984375 148.937500     -0.034399 -0.999408 0.999408 -0.034399     2.276198 2.276198 1.579220
477.537445 421.676361     21.687500 12.640625 51.396484     -0.889554 0.456829 -0.456829 -0.889554     47.370765 47.370765 3.799811
629.938232 196.084946     0.781250 4.015625 263.718750     -0.036837 -0.999321 0.999321 -0.036837     2.476146 2.476146 1.576726
470.237213 149.293030     165.328125 3.429688 136.997070     -0.550616 -0.834759 0.834759 -0.550616     11.243926 11.243926 4.813075
447.287781 366.710602     0.000000 18.000000 1412.406250     0.007540 -0.999972 0.999972 0.007540     19.294037 19.294037 1.694150
447.287781 366.710602     403.484375 187.890625 181.703125     0.007540 -0.999972 0.999972 0.007540     19.294037 19.294037 4.829083
456.232697 154.597488     267.703125 62.718750 133.187500     -0.345270 -0.938503 0.938503 -0.345270     18.574203 18.574203 4.741003
630.896545 183.209045     8.125000 -6.453125 63.843750     -0.019350 -0.999813 0.999813 -0.019350     8.481471 8.481471 1.575987
496.990051 127.326302     2189.125000 -75.789062 1368.376953     -0.992955 -0.118493 0.118493 -0.992955     52.591851 52.591851 2.913124
634.203552 406.398224     3.562500 -20.953125 1199.046875     -0.012741 -0.999919 0.999919 -0.012741     0.000000 0.000000 4.712389
486.937195 343.420258     175.203125 -7.421875 154.498047     -0.868409 -0.495849 0.495849 -0.868409     38.820262 38.820262 6.142270
442.896027 414.410889     4.031250 2.609375 1379.875000     0.112672 -0.993632 0.993632 0.112672     11.841780 11.841780 1.549432
469.897125 148.839508     2120.875000 -298.312500 4049.156250     -0.572731 -0.819743 0.819743 -0.572731     11.569312 11.569312 4.821988
634.157715 405.723083     318.546875 68.406250 144.312500     -0.011959 -0.999928 0.999928 -0.011959     0.000000 0.000000 4.712389
464.875427 373.433319     2205.437500 -493.484375 13177.414062     -0.930418 -0.366501 0.366501 -0.930418     46.869607 46.869607 1.287807
464.875427 373.433319     473.312500 226.656250 201.515625     -0.930418 -0.366501 0.366501 -0.930418     46.869607 46.869607 2.405092
442.930145 414.545837     194.703125 -2.824219 167.651367     0.113563 -0.993531 0.993531 0.113563     12.230888 12.230888 1.548130
461.685791 152.363632     85.640625 0.523438 71.566406     -0.976150 0.217095 -0.217095 -0.976150     34.607366 34.607366 6.213273
473.595612 421.199310     421.828125 -36.593750 151.187500     -0.972934 0.231085 -0.231085 -0.972934     53.410270 53.410270 1.579934
473.595612 421.199310     405.562500 -173.343750 285.232422     -0.972934 0.231085 -0.231085 -0.972934     53.410270 53.410270 2.218085
496.736053 126.630905     425.843750 -155.882812 308.507812     -0.952030 0.306005 -0.306005 -0.952030     55.500250 55.500250 3.415602
461.507599 151.725510     4.078125 -5.625000 85.703125     -0.987911 0.155019 -0.155019 -0.987911     36.618660 36.618660 6.126785
461.804779 372.937042     6.390625 -3.984375 78.695312     -0.945121 -0.326721 0.326721 -0.945121     49.431427 49.431427 1.298254
484.043823 341.832916     4.937500 -3.640625 83.625000     -0.870124 -0.492833 0.492833 -0.870124     38.484538 38.484538 1.511023
484.043823 341.832916     8.078125 -5.640625 77.265625     -0.870124 -0.492833 0.492833 -0.870124     38.484538 38.484538 6.155781
495.340698 125.962997     3.546875 -5.195312 115.335938     -0.994708 0.102740 -0.102740 -0.994708     58.215403 58.215403 3.172770
461.217072 151.247559     63.406250 13.265625 9.210938     -0.999311 -0.037114 0.037114 -0.999311     38.063448 38.063448 1.575953
461.217072 151.247559     4.203125 -0.835938 125.328125     -0.999311 -0.037114 0.037114 -0.999311     38.063448 38.063448 5.893297
470.912292 420.940247     6.218750 8.320312 149.554688     -0.991294 0.131670 -0.131670 -0.991294     54.434544 54.434544 1.501117
470.912292 420.940247     6.359375 -0.312500 83.953125     -0.991294 0.131670 -0.131670 -0.991294     54.434544 54.434544 3.401409
484.619629 132.676392     17.890625 -14.140625 78.945312     -0.814830 0.579700 -0.579700 -0.814830     57.259622 57.259622 0.600124
484.619629 132.676392     14.703125 -16.507812 53.718750     -0.814830 0.579700 -0.579700 -0.814830     57.259622 57.259622 2.123171
451.418732 298.295563     5.390625 -7.046875 67.218750     -0.973788 -0.227458 0.227458 -0.973788     10.484827 10.484827 0.337007
451.418732 298.295563     13.781250 32.796875 252.859375     -0.973788 -0.227458 0.227458 -0.973788     10.484827 10.484827 1.478868
54.645321 260.669952     4.765625 5.617188 88.804688     0.343294 -0.939228 0.939228 0.343294     13.324112 13.324112 1.353472
459.138123 371.946747     9.234375 2.250000 81.171875     -0.940017 -0.341128 0.341128 -0.940017     49.455560 49.455560 1.350232
482.932953 131.833237     6.406250 -7.578125 72.421875     -0.822265 0.569105 -0.569105 -0.822265     63.737911 63.737911 0.553814
482.932953 131.833237     74.437500 -4.593750 52.121094     -0.822265 0.569105 -0.569105 -0.822265     63.737911 63.737911 2.201623
54.438053 260.942474     15.697510 -14.593750 55.242188     0.319384 -0.947625 0.947625 0.319384     14.174296 14.174296 1.379910
480.690857 340.190857     6.953125 10.757812 126.767578     -0.876025 -0.482265 0.482265 -0.876025     38.492436 38.492436 1.477101
480.690857 340.190857     20.578125 -22.687500 1060.390625     -0.876025 -0.482265 0.482265 -0.876025     38.492436 38.492436 6.195192
385.478058 361.135956     8.421875 14.023438 142.167969     0.022538 -0.999746 0.999746 0.022538     9.556051 9.556051 1.477058
385.478058 361.135956     8.031250 -6.828125 75.187500     0.022538 -0.999746 0.999746 0.022538     9.556051 9.556051 4.604523
381.421051 419.047852     18.234375 0.000000 80.953125     0.068428 -0.997656 0.997656 0.068428     8.646928 8.646928 1.586002
386.000000 360.598480     18.421875 -5.500000 52.878906     0.054856 -0.998494 0.998494 0.054856     11.179333 11.179333 1.446334
386.000000 360.598480     10.281250 16.734375 159.845703     0.054856 -0.998494 0.998494 0.054856     11.179333 11.179333 4.579435
480.932983 131.681839     10.171875 -6.671875 75.359375     -0.822416 0.568886 -0.568886 -0.822416     65.403419 65.403419 0.575298
480.932983 131.681839     149.390625 -30.617188 484.242188     -0.822416 0.568886 -0.568886 -0.822416     65.403419 65.403419 2.163769
381.721985 419.560181     10.875000 15.628906 183.800781     0.046119 -0.998936 0.998936 0.046119     9.827549 9.827549 1.599655
386.436432 360.206177     483.265625 -159.593750 341.640625     0.080728 -0.996736 0.996736 0.080728     12.423000 12.423000 1.408748
388.351685 292.012726     23.125000 -29.703125 1076.625000     0.046325 -0.998926 0.998926 0.046325     8.182017 8.182017 1.674152
388.351685 292.012726     13.343750 -8.578125 75.218750     0.046325 -0.998926 0.998926 0.046325     8.182017 8.182017 4.840087
451.102692 298.156250     247.820312 -8.367188 1011.265625     -0.974205 -0.225665 0.225665 -0.974205     11.148819 11.148819 0.335669
451.102692 298.156250     12.671875 18.375000 203.417969     -0.974205 -0.225665 0.225665 -0.974205     11.148819 11.148819 1.469778
388.646851 293.527893     311.312500 11.757812 1238.992188     0.006901 -0.999976 0.999976 0.006901     9.219353 9.219353 1.694288
388.646851 293.527893     365.179688 -271.531250 775.275391     0.006901 -0.999976 0.999976 0.006901     9.219353 9.219353 4.885800
389.096985 295.264221     29.140625 -2.500000 80.015625     -0.057757 -0.998331 0.998331 -0.057757     10.778784 10.778784 1.715651
389.096985 295.264221     17.953125 -7.328125 72.421875     -0.057757 -0.998331 0.998331 -0.057757     10.778784 10.778784 4.932962
382.095581 420.253662     13.390625 18.714844 247.074219     0.004027 -0.999992 0.999992 0.004027     11.346888 11.346888 1.602851
388.435760 358.476074     2352.906250 -474.281250 13423.945312     0.215197 -0.976571 0.976571 0.215197     17.296986 17.296986 1.243380
388.435760 358.476074     18.167725 -17.396484 60.718750     0.215197 -0.976571 0.976571 0.215197     17.296986 17.296986 5.512299
394.629272 215.785370     20.078125 -4.453125 54.226562     0.343974 -0.938979 0.938979 0.343974     13.239370 13.239370 5.583456
379.669678 462.619904     197.847656 8.902344 2.945312     0.111826 -0.993728 0.993728 0.111826     9.648935 9.648935 1.657457
379.669678 462.619904     568.996094 47.921875 1597.265625     0.111826 -0.993728 0.993728 0.111826     9.648935 9.648935 6.012323
390.449493 297.103546     432.093750 133.156250 188.234375     -0.133486 -0.991051 0.991051 -0.133486     13.770131 13.770131 0.772509
390.449493 297.103546     45.640625 12.275391 19.613770     -0.133486 -0.991051 0.991051 -0.133486     13.770131 13.770131 1.660471
395.770569 168.073593     749.328125 30.156250 1612.500000     -0.066397 -0.997793 0.997793 -0.066397     9.430516 9.430516 0.492830
395.770569 168.073593     919.050781 -254.101562 963.529297     -0.066397 -0.997793 0.997793 -0.066397     9.430516 9.430516 4.831119
382.635193 420.798035     37.453125 -77.406250 1217.750000     -0.031231 -0.999512 0.999512 -0.031231     13.622497 13.622497 1.635183
379.908722 463.325409     20.921875 -2.734375 75.421875     0.112598 -0.993641 0.993641 0.112598     10.598915 10.598915 1.657421
379.908722 463.325409     13.593750 16.820312 329.269531     0.112598 -0.993641 0.993641 0.112598     10.598915 10.598915 6.029866
54.095238 261.162689     1069.730469 -242.597656 999.882812     0.312589 -0.949889 0.949889 0.312589     14.853412 14.853412 1.380861
396.432678 166.375000     541.156250 -41.515625 153.562500     -0.088724 -0.996056 0.996056 -0.088724     11.017995 11.017995 0.586929
396.432678 166.375000     9.125000 2.890625 44.406250     -0.088724 -0.996056 0.996056 -0.088724     11.017995 11.017995 4.871764
390.256317 326.753571     257.531250 -83.294922 143.109375     0.021803 -0.999762 0.999762 0.021803     20.166501 20.166501 1.592913
396.801697 166.056656     406.195312 -157.662109 236.714600     -0.103170 -0.994664 0.994664 -0.103170     11.878057 11.878057 0.627540
396.801697 166.056656     1227.718750 -228.468750 1050.552734     -0.103170 -0.994664 0.994664 -0.103170     11.878057 11.878057 4.887634
380.321930 463.476013     12.218750 6.546875 45.351562     0.100139 -0.994973 0.994973 0.100139     12.194943 12.194943 1.666701
380.321930 463.476013     1151.625000 51.507812 1674.171875     0.100139 -0.994973 0.994973 0.100139     12.194943 12.194943 6.113067
383.000000 422.119232     235.648438 -20.023438 227.000000     -0.000000 -1.000000 1.000000 -0.000000     19.215777 19.215777 1.636228
383.000000 422.119232     14.796875 18.046875 390.951172     -0.000000 -1.000000 1.000000 -0.000000     19.215777 19.215777 6.394139
396.322357 217.562500     1278.757812 -596.380859 2669.139648     0.153892 -0.988088 0.988088 0.153892     18.859921 18.859921 6.075309
397.322968 165.263153     422.910156 30.164062 248.078125     -0.109852 -0.993948 0.993948 -0.109852     13.066868 13.066868 0.642292
380.817627 463.519745     35.046875 -3.406250 79.562500     0.100783 -0.994908 0.994908 0.100783     13.867028 13.867028 1.658543
380.817627 463.519745     1403.460938 46.242188 1785.500000     0.100783 -0.994908 0.994908 0.100783     13.867028 13.867028 6.124070
265.349854 290.530884     1459.433594 -705.556641 2970.648438     0.090313 -0.995913 0.995913 0.090313     54.487951 54.487951 1.567937
397.653076 163.365311     35.406250 -2.328125 12.273438     -0.089295 -0.996005 0.996005 -0.089295     13.850810 13.850810 0.592472
478.816101 130.694275     19.000000 12.562500 47.968750     -0.838324 0.545173 -0.545173 -0.838324     69.401439 69.401439 0.510747
478.816101 130.694275     537.734375 203.578125 230.515625     -0.838324 0.545173 -0.545173 -0.838324     69.401439 69.401439 2.133682
390.789215 324.973022     14.984375 18.039062 472.839844     0.028161 -0.999603 0.999603 0.028161     21.244668 21.244668 1.579012
390.789215 324.973022     508.812500 -151.273438 364.625000     0.028161 -0.999603 0.999603 0.028161     21.244668 21.244668 4.695367
381.409851 463.385254     1759.496094 -809.837891 3234.217773     0.134827 -0.990869 0.990869 0.134827     15.702697 15.702697 1.614900
381.409851 463.385254     38.046875 -4.960938 14.164062     0.134827 -0.990869 0.990869 0.134827     15.702697 15.702697 6.088560
259.879395 303.847809     1577.511719 277.656250 3880.554688     0.010958 -0.999940 0.999940 0.010958     70.827287 70.827287 1.585250
398.055969 162.548737     23.265625 -2.070312 14.949219     -0.095023 -0.995475 0.995475 -0.095023     14.869009 14.869009 0.609182
257.488617 309.855164     2057.097656 -958.242188 3457.376953     -0.012671 -0.999920 0.999920 -0.012671     79.379222 79.379222 1.602255
264.800415 153.269318     234.121094 5.355469 3.546875     0.445742 -0.895162 0.895162 0.445742     68.241723 68.241723 4.468502
383.007080 422.884430     15.656250 19.417969 700.091797     0.048963 -0.998801 0.998801 0.048963     24.240790 24.240790 1.618987
383.007080 422.884430     110.484375 62.929688 1364.304688     0.048963 -0.998801 0.998801 0.048963     24.240790 24.240790 6.281581
398.355133 160.442368     33.359375 2.375000 16.636719     -0.079328 -0.996849 0.996849 -0.079328     15.524227 15.524227 0.592541
54.071941 261.316559     21.921875 -3.492188 54.730469     0.336044 -0.941846 0.941846 0.336044     15.562966 15.562966 1.415450
396.693207 217.973450     2706.285156 -1074.250000 3713.168945     0.127218 -0.991875 0.991875 0.127218     19.875012 19.875012 6.131385
234.151382 231.816513     14.515625 0.945312 29.066406     -0.998963 -0.045534 0.045534 -0.998963     7.171163 7.171163 4.706170
248.973953 318.979736     43.046875 -7.070312 14.218750     -0.046453 -0.998920 0.998920 -0.046453     107.130962 107.130962 1.556208
456.728302 370.460785     70.890625 15.125000 10.421875     -0.915241 -0.402907 0.402907 -0.915241     51.232152 51.232152 1.325405
274.152618 67.931725     5.062500 -23.351562 291.828125     -0.929364 -0.369166 0.369166 -0.929364     17.275364 17.275364 5.558625
244.103683 321.224670     8.921875 -0.054688 33.953125     -0.034873 -0.999392 0.999392 -0.034873     123.095841 123.095841 1.551277
251.699722 150.643250     2407.398438 85.609375 4019.554688     0.675578 -0.737288 0.737288 0.675578     117.880859 117.880859 2.272147
392.056854 320.073212     41.390625 7.367188 18.851562     0.065164 -0.997875 0.997875 0.065164     25.613783 25.613783 1.594806
392.056854 320.073212     20.843750 12.671875 50.164062     0.065164 -0.997875 0.997875 0.065164     25.613783 25.613783 4.701318
398.544739 156.149155     17.062500 20.531250 771.535156     -0.053058 -0.998591 0.998591 -0.053058     16.036699 16.036699 0.531335
233.789261 231.669418     38.750000 -3.671875 82.359375     -0.998827 -0.048413 0.048413 -0.998827     7.720081 7.720081 4.698971
240.304916 321.752869     4173.906250 -1573.062500 12171.710938     -0.062217 -0.998063 0.998063 -0.062217     135.089403 135.089403 1.628304
240.304916 321.752869     21.335938 32.828125 83.171875     -0.062217 -0.998063 0.998063 -0.062217     135.089403 135.089403 3.359477
247.966583 149.482056     3421.843750 -1192.232422 3922.524414     -0.755807 0.654794 -0.654794 -0.755807     126.457854 126.457854 5.317808
247.966583 149.482056     19.840332 -19.410156 66.843750     -0.755807 0.654794 -0.654794 -0.755807     126.457854 126.457854 6.294043
468.053986 421.034637     12.656250 -37.140625 262.851562     -0.994438 0.105321 -0.105321 -0.994438     54.960015 54.960015 1.495985
423.267548 315.307007     2907.203125 7.882812 4001.984375     -0.081120 -0.996704 0.996704 -0.081120     13.417048 13.417048 0.318257
269.465881 54.743771     65.736328 14.812500 22.000000     -0.884919 0.465745 -0.465745 -0.884919     44.835483 44.835483 4.962772
244.277100 148.208481     141.828125 64.695312 73.417969     -0.825077 0.565021 -0.565021 -0.825077     134.556403 134.556403 5.238793
244.277100 148.208481     27.109375 -58.296875 260.144531     -0.825077 0.565021 -0.565021 -0.825077     134.556403 134.556403 6.148182
422.384613 314.494507     249.128906 6.945312 4.253906     -0.187068 -0.982347 0.982347 -0.187068     14.905826 14.905826 0.498755
234.622742 322.716095     4160.250000 -1319.513672 4018.209961     -0.097169 -0.995268 0.995268 -0.097169     152.376421 152.376421 1.579248
234.622742 322.716095     13.156250 13.437500 44.984375     -0.097169 -0.995268 0.995268 -0.097169     152.376421 152.376421 3.390560
398.803650 153.751144     28.328125 60.437500 985.298828     -0.047813 -0.998856 0.998856 -0.047813     16.797131 16.797131 0.538790
383.049255 423.370453     17.515625 15.171875 48.921875     0.075856 -0.997119 0.997119 0.075856     26.541511 26.541511 1.598586
383.049255 423.370453     45.915527 -5.687500 50.828125     0.075856 -0.997119 0.997119 0.075856     26.541511 26.541511 6.242857
420.694458 280.472229     181.125000 179.968750 961.152344     -0.995072 0.099151 -0.099151 -0.995072     15.615361 15.615361 1.671658
420.694458 280.472229     23.117188 33.640625 83.312500     -0.995072 0.099151 -0.099151 -0.995072     15.615361 15.615361 4.828348
421.591583 313.948944     4980.277344 -1176.142578 4024.058594     -0.349681 -0.936869 0.936869 -0.349681     17.023521 17.023521 0.713230
453.347137 368.449554     22.390625 16.234375 49.843750     -0.895076 -0.445914 0.445914 -0.895076     51.129150 51.129150 1.337609
398.912384 150.719589     473.812500 2.628906 4.277344     -0.039308 -0.999227 0.999227 -0.039308     17.001875 17.001875 0.545282
398.912384 150.719589     155.476562 64.953125 85.437500     -0.039308 -0.999227 0.999227 -0.039308     17.001875 17.001875 4.785881
478.323151 129.571716     13.695312 -12.425781 56.035156     -0.845642 0.533751 -0.533751 -0.845642     73.825295 73.825295 0.491523
478.323151 129.571716     30.468750 19.000000 53.390625     -0.845642 0.533751 -0.533751 -0.845642     73.825295 73.825295 2.139641
419.463043 280.984436     40.328125 19.359375 53.953125     -0.980683 0.195603 -0.195603 -0.980683     16.333557 16.333557 1.725814
419.463043 280.984436     5997.017578 -882.779297 4100.056641     -0.980683 0.195603 -0.195603 -0.980683     16.333557 16.333557 4.894773
421.429230 231.351593     24.082520 -25.327148 75.687500     -0.973443 0.228929 -0.228929 -0.973443     17.113219 17.113219 3.767367
231.536591 231.602783     55.598633 -6.900391 52.320312     -0.999731 -0.023208 0.023208 -0.999731     8.325064 8.325064 4.700015
398.979309 145.576431     24.632812 1.476562 23.363281     -0.028337 -0.999598 0.999598 -0.028337     17.489775 17.489775 0.569322
398.979309 145.576431     50.476562 -16.304688 22.742188     -0.028337 -0.999598 0.999598 -0.028337     17.489775 17.489775 4.732402
389.500671 312.083771     27.812500 -31.027344 442.893555     -0.050002 -0.998749 0.998749 -0.050002     46.620918 46.620918 1.514064
389.500671 312.083771     92.500000 -144.074219 276.832031     -0.050002 -0.998749 0.998749 -0.050002     46.620918 46.620918 4.633075
419.768951 230.761734     59.187500 5.265625 14.843750     -0.990441 -0.137937 0.137937 -0.990441     18.171286 18.171286 4.772790
463.577606 354.706726     153.828125 66.179688 76.542969     -0.984047 -0.177910 0.177910 -0.984047     91.890769 91.890769 0.498355
463.577606 354.706726     72.890625 -5.570312 15.210938     -0.984047 -0.177910 0.177910 -0.984047     91.890769 91.890769 0.984284
396.850281 218.016037     46.496094 -16.509766 20.132812     0.104684 -0.994506 0.994506 0.104684     20.891965 20.891965 3.050210
396.850281 218.016037     15.281250 -11.984375 47.804688     0.104684 -0.994506 0.994506 0.104684     20.891965 20.891965 6.180114
426.799133 198.068375     47.195312 -5.625000 94.617188     -0.064560 -0.997914 0.997914 -0.064560     17.108565 17.108565 0.167759
418.460480 281.292084     7361.416016 -429.941406 3794.625000     -0.974117 0.226045 -0.226045 -0.974117     15.959513 15.959513 1.747424
418.460480 281.292084     83.968750 -130.347656 262.748047     -0.974117 0.226045 -0.226045 -0.974117     15.959513 15.959513 4.895193
450.507935 298.182526     37230.093750 14739.703125 17106.855469     -0.973225 -0.229854 0.229854 -0.973225     11.777366 11.777366 0.325616
450.507935 298.182526     33.429688 12.601562 61.210938     -0.973225 -0.229854 0.229854 -0.973225     11.777366 11.777366 1.466912
430.716736 152.824036     196.968750 72.523438 75.218750     0.080634 -0.996744 0.996744 0.080634     8.016327 8.016327 2.491147
430.716736 152.824036     23.156250 13.640625 82.867188     0.080634 -0.996744 0.996744 0.080634     8.016327 8.016327 4.683755
386.840790 329.179108     10.000000 0.218750 34.867188     0.002185 -0.999998 0.999998 0.002185     13.441189 13.441189 4.395257
386.840790 329.179108     82.281250 2.835938 4.292969     0.002185 -0.999998 0.999998 0.002185     13.441189 13.441189 6.381337
418.738861 230.277069     147.546875 -11.564453 10.052979     -0.958388 -0.285468 0.285468 -0.958388     18.365927 18.365927 4.606238
421.732971 313.901917     46.062500 3.898438 48.417969     -0.348894 -0.937162 0.937162 -0.348894     18.070832 18.070832 0.710027
440.995483 93.343895     17.679688 -12.390625 46.453125     -0.079205 -0.996858 0.996858 -0.079205     21.025090 21.025090 0.568493
399.136993 142.448837     22.304688 -31.281250 88.734375     -0.027183 -0.999630 0.999630 -0.027183     18.281414 18.281414 0.571683
399.136993 142.448837     24.403564 -23.789062 75.875000     -0.027183 -0.999630 0.999630 -0.027183     18.281414 18.281414 4.740189
383.177032 423.785980     38.492188 12.914062 59.921875     0.083320 -0.996523 0.996523 0.083320     27.901086 27.901086 1.608247
383.177032 423.785980     104.375000 5.140625 4.695312     0.083320 -0.996523 0.996523 0.083320     27.901086 27.901086 6.233426
319.081299 391.402435     354.265625 39.093750 73.351562     -0.396478 -0.918044 0.918044 -0.396478     12.039816 12.039816 4.778464
54.003258 261.605865     66.421875 -71.031250 133.468750     0.338356 -0.941018 0.941018 0.338356     16.138103 16.138103 1.428234
429.161987 156.068542     152.781250 38.437500 71.117188     0.143802 -0.989607 0.989607 0.143802     12.124366 12.124366 2.405732
429.161987 156.068542     212.312500 6.632812 6.632812     0.143802 -0.989607 0.989607 0.143802     12.124366 12.124366 5.695096
108.415192 255.397461     79.890625 -6.570312 16.484375     -0.956019 -0.293306 0.293306 -0.956019     18.800922 18.800922 0.837657
108.415192 255.397461     724.468750 191.625000 131.117188     -0.956019 -0.293306 0.293306 -0.956019     18.800922 18.800922 5.484318
111.771431 279.978577     57.890625 38.828125 38.457031     -0.902611 0.430457 -0.430457 -0.902611     14.883791 14.883791 3.951030
406.738190 223.468292     265.054688 8.609375 7.308594     -0.856564 -0.516041 0.516041 -0.856564     26.409274 26.409274 1.275721
406.738190 223.468292     30.458252 -27.736328 77.968750     -0.856564 -0.516041 0.516041 -0.856564     26.409274 26.409274 4.186859
427.150116 158.769058     62.179688 12.609375 10.304688     0.229880 -0.973219 0.973219 0.229880     16.435355 16.435355 5.591766
231.768982 231.696198     30.149780 -21.165527 33.886719     -0.999599 -0.028329 0.028329 -0.999599     9.063984 9.063984 4.707301
105.932915 253.937103     108.426758 39.857422 40.941406     -0.914678 -0.404184 0.404184 -0.914678     19.916080 19.916080 0.881237
105.932915 253.937103     27.265625 -1.867188 13.945312     -0.914678 -0.404184 0.404184 -0.914678     19.916080 19.916080 2.324379
398.578094 136.088577     105.541992 15.046875 54.128906     -0.062781 -0.998027 0.998027 -0.062781     22.285814 22.285814 0.719098
398.578094 136.088577     53.234375 -16.535156 152.464355     -0.062781 -0.998027 0.998027 -0.062781     22.285814 22.285814 4.751396
441.579773 93.124512     38.734131 0.525391 13.058594     -0.073821 -0.997272 0.997272 -0.073821     21.830913 21.830913 0.614007
424.931488 160.270798     23.801880 31.738770 122.574219     0.306853 -0.951757 0.951757 0.306853     19.272994 19.272994 2.275222
424.931488 160.270798     71.327515 31.468750 50.675781     0.306853 -0.951757 0.951757 0.306853     19.272994 19.272994 5.521068
76.821968 267.420441     12.308594 11.880127 397.585938     0.549326 -0.835608 0.835608 0.549326     29.224575 29.224575 0.887753
76.821968 267.420441     407.066528 -0.773438 194.140625     0.549326 -0.835608 0.835608 0.549326     29.224575 29.224575 2.082867
331.630554 101.591133     18.390625 22.191406 83.504395     0.311134 -0.950366 0.950366 0.311134     12.313088 12.313088 1.684891
331.630554 101.591133     405.552368 -6.992188 202.035156     0.311134 -0.950366 0.950366 0.311134     12.313088 12.313088 5.588939
406.310608 142.399658     48.265625 20.953125 28.218750     -0.214485 -0.976727 0.976727 -0.214485     53.549002 53.549002 0.812869
318.766174 391.122314     20.414062 6.851562 107.566406     -0.408184 -0.912900 0.912900 -0.408184     12.787839 12.787839 0.982879
318.766174 391.122314     90.265625 49.685547 94.313477     -0.408184 -0.912900 0.912900 -0.408184     12.787839 12.787839 4.751571
225.354324 231.829391     1226.656250 416.404297 196.108398     -0.999984 -0.005599 0.005599 -0.999984     9.290757 9.290757 4.710921
309.006012 386.919678     99.750000 15.087891 11.756392     -0.858653 -0.512557 0.512557 -0.858653     30.740276 30.740276 4.155141
332.288605 101.926826     47.734375 25.326172 75.679688     0.262282 -0.964991 0.964991 0.262282     14.454755 14.454755 1.689807
332.288605 101.926826     196.187500 -53.723877 58.742661     0.262282 -0.964991 0.964991 0.262282     14.454755 14.454755 5.694946
427.049988 198.253845     27.554688 12.421875 128.253906     -0.147804 -0.989017 0.989017 -0.147804     17.916539 17.916539 0.272434
406.784943 141.032257     222.468750 43.915039 31.531933     -0.214223 -0.976785 0.976785 -0.214223     54.027571 54.027571 0.834961
418.892639 281.276062     191.195312 8.156250 5.078125     -0.974361 0.224989 -0.224989 -0.974361     16.930526 16.930526 1.733545
418.892639 281.276062     95.500000 34.968750 32.429688     -0.974361 0.224989 -0.224989 -0.974361     16.930526 16.930526 4.898063
54.321533 261.651917     56.937500 32.843750 84.125000     0.378385 -0.925648 0.925648 0.378385     16.673902 16.673902 1.321103
75.720200 267.500000     872.353516 139.947266 415.441406     -0.784575 0.620034 -0.620034 -0.784575     30.806786 30.806786 0.689159
75.720200 267.500000     30.171875 8.550781 23.554688     -0.784575 0.620034 -0.620034 -0.784575     30.806786 30.806786 3.821774
331.031250 196.454865     58.609375 25.550781 131.207520     -0.835148 -0.550025 0.550025 -0.835148     21.293525 21.293525 3.083554
331.031250 196.454865     292.476562 28.937500 19.996094     -0.835148 -0.550025 0.550025 -0.835148     21.293525 21.293525 4.174797
329.542175 178.081329     5537.437500 -248.795898 428.550354     -0.907709 0.419600 -0.419600 -0.907709     17.547190 17.547190 5.106802
334.608459 125.444977     16.085938 17.523438 99.578125     0.074132 -0.997248 0.997248 0.074132     22.726568 22.726568 1.645694
334.608459 125.444977     215.000000 12.421875 6.113281     0.074132 -0.997248 0.997248 0.074132     22.726568 22.726568 4.595020
370.032410 158.671295     151.820312 -123.125000 296.343750     0.480166 -0.877178 0.877178 0.480166     16.615903 16.615903 1.771699
370.032410 158.671295     56.515625 34.125000 110.828125     0.480166 -0.877178 0.877178 0.480166     16.615903 16.615903 5.294990
540.326355 245.056885     29.226562 13.312500 160.101562     -0.230467 -0.973080 0.973080 -0.230467     19.353290 19.353290 4.902932
362.755157 383.150452     12.656250 -0.984375 35.185547     -0.993212 -0.116322 0.116322 -0.993212     16.973447 16.973447 4.802934
406.363403 223.507324     42.640625 -18.359375 39.871094     -0.867248 -0.497876 0.497876 -0.867248     27.939908 27.939908 1.271858
406.363403 223.507324     53.328125 29.140625 110.859375     -0.867248 -0.497876 0.497876 -0.867248     27.939908 27.939908 4.147398
421.113159 281.313171     76.843750 -14.427734 14.954060     -0.995453 0.095254 -0.095254 -0.995453     17.240298 17.240298 1.632842
421.113159 281.313171     3285.978027 132.888672 383.046875     -0.995453 0.095254 -0.095254 -0.995453     17.240298 17.240298 4.810137
111.867317 279.825256     242.101562 -139.000000 274.648438     -0.901094 0.433625 -0.433625 -0.901094     15.710077 15.710077 3.981174
352.901947 358.098053     43.164062 9.460938 247.070312     0.312244 -0.950002 0.950002 0.312244     15.155221 15.155221 5.575011
540.320129 244.947083     296.750000 139.476562 88.765625     -0.238804 -0.971068 0.971068 -0.238804     19.484516 19.484516 4.888091
329.468414 186.957901     435.101562 -266.597656 195.896484     0.116200 -0.993226 0.993226 0.116200     30.698190 30.698190 1.095936
329.468414 186.957901     233.484375 15.148438 7.730469     0.116200 -0.993226 0.993226 0.116200     30.698190 30.698190 3.029219
369.789246 159.797516     336.828125 -125.312500 137.828125     0.466066 -0.884750 0.884750 0.466066     17.604460 17.604460 5.298863
322.543304 306.692902     50.609375 10.750000 167.187500     -0.360113 -0.932909 0.932909 -0.360113     24.050950 24.050950 2.180284
322.543304 306.692902     310.750000 144.015625 96.468750     -0.360113 -0.932909 0.932909 -0.360113     24.050950 24.050950 3.821452
405.085907 223.470840     39.015625 21.468750 64.046875     -0.906343 -0.422543 0.422543 -0.906343     28.957029 28.957029 1.326074
405.085907 223.470840     13.656250 -1.460938 39.868652     -0.906343 -0.422543 0.422543 -0.906343     28.957029 28.957029 4.295430
539.880188 245.025345     274.437500 20.007812 8.277344     -0.212648 -0.977129 0.977129 -0.212648     20.218830 20.218830 4.922440
386.806305 329.333344     44.062500 6.980469 258.843750     -0.008796 -0.999961 0.999961 -0.008796     14.228880 14.228880 6.403599
308.716888 227.410965     134.687500 -35.307129 43.778336     -0.999341 -0.036292 0.036292 -0.999341     9.211248 9.211248 4.735836
105.168243 253.417770     320.750000 -38.460938 13.792969     -0.912701 -0.408629 0.408629 -0.912701     20.270817 20.270817 2.427255
105.168243 253.417770     373.187500 -89.171875 418.765625     -0.912701 -0.408629 0.408629 -0.912701     20.270817 20.270817 5.439172
381.662567 60.518406     326.984375 151.164062 100.304688     -0.996530 0.083232 -0.083232 -0.996530     13.565161 13.565161 4.724186
521.092346 242.389557     4967.468750 -149.705078 462.305542     -0.596156 -0.802868 0.802868 -0.596156     29.565987 29.565987 4.081361
353.264069 358.268402     342.671875 -119.296875 117.375000     0.348055 -0.937474 0.937474 0.348055     16.274473 16.274473 5.569587
319.212921 438.361206     511.382812 -317.375000 227.558594     0.368796 -0.929510 0.929510 0.368796     14.154210 14.154210 5.247084
54.581333 262.082672     346.234375 -44.804688 33.488281     0.364463 -0.931218 0.931218 0.364463     17.482330 17.482330 1.351038
321.991150 306.702667     69.781250 -22.078125 28.710938     -0.425127 -0.905134 0.905134 -0.425127     25.624985 25.624985 3.875823
310.607849 227.549026     40.390625 23.093750 72.765625     -0.998680 -0.051367 0.051367 -0.998680     9.472371 9.472371 4.723543
329.176178 187.250000     830.679688 75.125000 194.667969     0.184904 -0.982757 0.982757 0.184904     32.357714 32.357714 1.050911
329.176178 187.250000     3446.374023 132.472656 396.730469     0.184904 -0.982757 0.982757 0.184904     32.357714 32.357714 2.980962
397.078003 224.496841     57.390625 4.136719 38.392090     -0.990803 -0.135314 0.135314 -0.990803     37.111363 37.111363 1.512157
450.278534 245.150681     104.742188 -27.484375 17.136230     -0.998297 -0.058341 0.058341 -0.998297     16.024168 16.024168 3.140991
450.278534 245.150681     49.171875 -12.976562 55.843750     -0.998297 -0.058341 0.058341 -0.998297     16.024168 16.024168 4.689624
450.212128 246.068176     171.687500 -50.254395 99.473679     -0.999912 -0.013248 0.013248 -0.999912     19.726256 19.726256 3.141621
450.212128 246.068176     330.078125 -127.164062 127.742188     -0.999912 -0.013248 0.013248 -0.999912     19.726256 19.726256 4.706111
368.906555 132.608200     154.078125 145.632812 222.273438     0.535347 -0.844632 0.844632 0.535347     20.817391 20.817391 5.425130
369.805695 325.476562     356.734375 -47.734375 118.812500     -0.929552 -0.368691 0.368691 -0.929552     33.636297 33.636297 1.336165
314.137817 228.231674     23.109375 -14.140625 30.355469     -0.999482 -0.032198 0.032198 -0.999482     11.401208 11.401208 1.487425
314.137817 228.231674     218.968750 0.320312 223.761719     -0.999482 -0.032198 0.032198 -0.999482     11.401208 11.401208 4.719381
367.582581 325.165161     320.265625 147.726562 191.007812     -0.950159 -0.311767 0.311767 -0.950159     34.011650 34.011650 1.400443
315.225586 455.743011     3.968750 3.359375 156.664062     0.239123 -0.970989 0.970989 0.239123     23.537017 23.537017 1.478226
421.178406 281.598602     13.937500 1.531250 66.390625     -0.994785 0.101998 -0.101998 -0.994785     17.893202 17.893202 1.624705
421.178406 281.598602     157.546875 -16.164062 54.675781     -0.994785 0.101998 -0.101998 -0.994785     17.893202 17.893202 4.777582
405.237030 228.948151     1098.437500 616.289062 1131.500000     -0.959169 -0.282833 0.282833 -0.959169     38.870258 38.870258 1.454508
419.446899 210.407074     61.843750 29.984375 191.828125     -0.788278 -0.615319 0.615319 -0.788278     12.845386 12.845386 4.602600
419.446899 210.407074     4743.250000 -50.013672 499.456543     -0.788278 -0.615319 0.615319 -0.788278     12.845386 12.845386 5.374946
316.143219 228.620605     297.078125 -114.546875 152.835938     -0.999444 -0.033347 0.033347 -0.999444     11.924014 11.924014 4.711218
55.183132 261.901215     25.488281 3.238281 28.257812     0.418034 -0.908431 0.908431 0.418034     18.929333 18.929333 1.289973
345.514008 293.682251     763.406250 -104.996094 1500.378906     -0.974514 -0.224326 0.224326 -0.974514     12.243066 12.243066 1.412868
345.514008 293.682251     81.312500 -22.687500 40.078125     -0.974514 -0.224326 0.224326 -0.974514     12.243066 12.243066 4.616135
35.273468 207.604080     103.687500 41.359375 125.265625     0.675301 -0.737542 0.737542 0.675301     14.768236 14.768236 4.548947
393.748932 247.089355     15.093750 -1.859375 72.078125     -0.997208 0.074675 -0.074675 -0.997208     22.569432 22.569432 6.274940
345.758209 293.795074     414.984375 227.945312 642.738281     -0.973110 -0.230339 0.230339 -0.973110     13.464840 13.464840 0.766683
345.758209 293.795074     768.843750 -84.824219 1466.365234     -0.973110 -0.230339 0.230339 -0.973110     13.464840 13.464840 1.472838
421.556641 58.812809     185.718750 13.031250 208.000000     -0.998856 0.047830 -0.047830 -0.998856     14.872139 14.872139 3.124955
421.556641 58.812809     102.437500 -15.617188 14.835938     -0.998856 0.047830 -0.047830 -0.998856     14.872139 14.872139 6.305590
104.810577 253.071671     83.937500 -22.812500 47.257812     -0.907230 -0.420634 0.420634 -0.907230     21.327176 21.327176 2.390258
104.810577 253.071671     29.593750 -0.484375 13.734375     -0.907230 -0.420634 0.420634 -0.907230     21.327176 21.327176 5.421500
421.276581 58.740425     4671.982422 159.738281 392.398438     -0.990676 0.136242 -0.136242 -0.990676     16.649105 16.649105 0.171399
421.276581 58.740425     237.265625 -28.820312 41.475586     -0.990676 0.136242 -0.136242 -0.990676     16.649105 16.649105 3.285519
422.169556 58.584774     712.523438 -75.113281 1425.957031     -0.973612 0.228209 -0.228209 -0.973612     17.735491 17.735491 0.394682
422.169556 58.584774     61.640625 -3.781250 108.218750     -0.973612 0.228209 -0.228209 -0.973612     17.735491 17.735491 3.497118
106.592003 250.848007     1719.718750 427.609375 1834.105469     -0.965149 -0.261699 0.261699 -0.965149     31.835381 31.835381 2.847168
106.592003 250.848007     11.781250 8.125000 62.019531     -0.965149 -0.261699 0.261699 -0.965149     31.835381 31.835381 5.548378
424.272980 52.732845     83.687500 -20.843750 52.382812     0.160154 -0.987092 0.987092 0.160154     31.994835 31.994835 1.466180
424.272980 52.732845     455.593750 219.890625 630.011719     0.160154 -0.987092 0.987092 0.160154     31.994835 31.994835 4.533533
47.890549 241.537308     15.578125 0.039062 51.906250     -0.999791 -0.020450 0.020450 -0.999791     16.254812 16.254812 1.727732
24.955696 239.819626     124.593750 -14.851562 13.046875     -0.281734 -0.959493 0.959493 -0.281734     17.125137 17.125137 1.656555
24.955696 239.819626     183.515625 6.843750 244.406250     -0.281734 -0.959493 0.959493 -0.281734     17.125137 17.125137 4.499773
43.639999 237.445709     494.929688 269.109375 660.906250     -0.809869 -0.586611 0.586611 -0.809869     23.761568 23.761568 1.476846
78.690262 243.827438     37.117188 -1.765625 16.000000     -0.978814 -0.204749 0.204749 -0.978814     26.400507 26.400507 0.384707
78.690262 243.827438     287.421875 52.289062 260.928406     -0.978814 -0.204749 0.204749 -0.978814     26.400507 26.400507 1.921998
15.769953 244.600937     1598.914062 -451.218750 843.312500     -0.030791 -0.999526 0.999526 -0.030791     15.551140 15.551140 1.801831
15.769953 244.600937     22527.195312 779.593750 1368.339844     -0.030791 -0.999526 0.999526 -0.030791     15.551140 15.551140 4.493099
440.679657 54.861473     167.703125 0.515625 104.515625     -0.294700 -0.955590 0.955590 -0.294700     15.291318 15.291318 1.246348
440.679657 54.861473     19981.539062 -439.765625 3358.140625     -0.294700 -0.955590 0.955590 -0.294700     15.291318 15.291318 1.652097
397.491608 409.584045     1649.835938 -488.937500 812.812500     -0.846032 -0.533133 0.533133 -0.846032     17.437131 17.437131 4.315054
278.985901 214.313385     26.072945 18.584229 44.343750     -0.077899 -0.996961 0.996961 -0.077899     20.063496 20.063496 0.781261
278.985901 214.313385     141.406250 -126.328125 324.773438     -0.077899 -0.996961 0.996961 -0.077899     20.063496 20.063496 3.920438
443.645599 55.950878     19422.914062 -294.320312 3696.542969     -0.692567 -0.721353 0.721353 -0.692567     29.358077 29.358077 2.109604
396.790375 407.505157     21251.382812 249.406250 3641.585938     -0.634894 -0.772599 0.772599 -0.634894     23.237514 23.237514 1.014610
396.790375 407.505157     2077.250000 -312.671875 827.843750     -0.634894 -0.772599 0.772599 -0.634894     23.237514 23.237514 2.101570
278.978455 214.184616     71.416969 78.304688 300.875000     -0.074747 -0.997203 0.997203 -0.074747     20.422125 20.422125 0.820775
278.978455 214.184616     163.207428 -136.986481 468.633240     -0.074747 -0.997203 0.997203 -0.074747     20.422125 20.422125 3.902630
418.408936 73.006393     98.736649 124.631348 583.218750     -0.496315 -0.868142 0.868142 -0.496315     24.661483 24.661483 0.985519
418.408936 73.006393     20699.632812 240.351562 3728.410156     -0.496315 -0.868142 0.868142 -0.496315     24.661483 24.661483 4.972009
470.853912 64.358261     25.070312 -3.613281 19.257812     -0.942809 -0.333333 0.333333 -0.942809     31.463730 31.463730 2.041372
418.686432 73.429382     127.934982 189.851074 1122.640625     -0.508396 -0.861123 0.861123 -0.508396     25.765055 25.765055 0.976406
418.686432 73.429382     55.855469 -13.730469 22.886719     -0.508396 -0.861123 0.861123 -0.508396     25.765055 25.765055 1.835763
470.419678 64.567863     16825.820312 1492.921875 9342.296875     -0.942725 -0.333572 0.333572 -0.942725     37.027313 37.027313 2.115518
49.901962 212.122543     7445.765625 -2.343750 900.513428     0.143862 -0.989598 0.989598 0.143862     12.183506 12.183506 4.850417
279.524017 215.791763     33761.234375 -7093.632812 20698.992188     -0.120646 -0.992696 0.992696 -0.120646     22.965438 22.965438 0.770184
279.524017 215.791763     35021.671875 -6318.468750 20751.843750     -0.120646 -0.992696 0.992696 -0.120646     22.965438 22.965438 1.651130
322.919739 418.410553     64.992188 10.718750 39.359375     -0.953754 0.300589 -0.300589 -0.953754     40.318186 40.318186 4.844848
347.102051 269.461212     22.187500 -9.980469 28.625000     -0.784775 0.619780 -0.619780 -0.784775     20.209577 20.209577 2.336576
50.188286 211.924683     7.812500 4.125000 43.890625     0.131931 -0.991259 0.991259 0.131931     14.056055 14.056055 4.870385
342.220276 222.814972     8.500000 4.656250 56.281250     -0.999045 -0.043698 0.043698 -0.999045     9.777927 9.777927 1.565441
356.276733 248.805038     9.812500 4.625000 66.859375     -0.913703 -0.406382 0.406382 -0.913703     18.486647 18.486647 1.433282
356.276733 248.805038     16.875000 6.953125 78.023438     -0.913703 -0.406382 0.406382 -0.913703     18.486647 18.486647 2.136422
396.738800 406.406342     19.218750 7.734375 96.734375     -0.555685 -0.831393 0.831393 -0.555685     26.616835 26.616835 0.906926
396.738800 406.406342     28.281250 9.078125 96.960938     -0.555685 -0.831393 0.831393 -0.555685     26.616835 26.616835 2.081468
419.699799 74.090714     43.562500 8.984375 113.351562     -0.552026 -0.833827 0.833827 -0.552026     27.060766 27.060766 1.060776
419.699799 74.090714     66.812500 8.250000 142.218750     -0.552026 -0.833827 0.833827 -0.552026     27.060766 27.060766 1.950891
159.951965 243.292572     22.750000 -0.062500 14.406250     -0.994547 -0.104290 0.104290 -0.994547     17.996946 17.996946 1.478901
159.951965 243.292572     98.093750 6.734375 162.437500     -0.994547 -0.104290 0.104290 -0.994547     17.996946 17.996946 4.763984
321.915192 419.491119     78.500000 -1.703125 14.421875     -0.932347 0.361564 -0.361564 -0.932347     41.558476 41.558476 4.915652
280.005890 216.272552     10.656250 1.593750 29.054688     -0.141992 -0.989868 0.989868 -0.141992     23.735684 23.735684 0.714333
280.005890 216.272552     245.781250 -6.031250 15.187500     -0.141992 -0.989868 0.989868 -0.141992     23.735684 23.735684 1.523431
198.805969 244.108215     12.312500 3.132812 41.001953     -0.824883 -0.565304 0.565304 -0.824883     18.929288 18.929288 2.306950
420.392395 71.719711     62.781250 -65.656250 85.609375     -0.301884 -0.953345 0.953345 -0.301884     31.984374 31.984374 1.752746
420.392395 71.719711     263.656250 -18.203125 34.265625     -0.301884 -0.953345 0.953345 -0.301884     31.984374 31.984374 4.865901
159.578537 243.720306     11.625000 6.117188 96.606445     -0.994530 -0.104454 0.104454 -0.994530     18.530399 18.530399 1.518905
159.578537 243.720306     255.875000 -10.437500 43.234375     -0.994530 -0.104454 0.104454 -0.994530     18.530399 18.530399 4.768190
294.830261 421.408264     107.781250 -126.078125 164.562500     -0.197408 -0.980321 0.980321 -0.197408     15.946285 15.946285 1.682389
294.830261 421.408264     3.156250 -16.906250 226.851562     -0.197408 -0.980321 0.980321 -0.197408     15.946285 15.946285 3.911621
343.053558 222.992859     28.718750 -143.171875 832.585938     -0.998249 -0.059154 0.059154 -0.998249     10.434939 10.434939 1.560964
347.923004 264.497253     263.437500 -13.265625 52.781250     0.496909 -0.867803 0.867803 0.496909     40.579463 40.579463 1.309526
347.923004 264.497253     209.140625 -291.640625 432.203125     0.496909 -0.867803 0.867803 0.496909     40.579463 40.579463 4.437869
396.605133 405.481323     271.125000 -6.609375 63.000000     -0.434348 -0.900745 0.900745 -0.434348     28.481910 28.481910 0.789848
396.605133 405.481323     322.218750 -22.562500 65.593750     -0.434348 -0.900745 0.900745 -0.434348     28.481910 28.481910 1.951286
280.031036 217.060349     321.968750 -21.328125 74.718750     -0.100181 -0.994969 0.994969 -0.100181     23.763304 23.763304 0.736849
280.031036 217.060349     12780.359375 2717.828125 20384.761719     -0.100181 -0.994969 0.994969 -0.100181     23.763304 23.763304 1.585236
459.121368 81.228157     38.765625 25.023438 95.351562     0.043569 -0.999050 0.999050 0.043569     15.981857 15.981857 1.512626
406.583588 254.522797     117.781693 -56.681763 192.186829     -0.733216 0.679996 -0.679996 -0.733216     21.508087 21.508087 3.587835
406.583588 254.522797     616.187500 -367.519531 2134.048828     -0.733216 0.679996 -0.679996 -0.733216     21.508087 21.508087 4.267439
396.920410 404.483673     72.531250 31.875000 132.234375     -0.385673 -0.922636 0.922636 -0.385673     28.865664 28.865664 0.718912
396.920410 404.483673     220.673828 103.148438 126.253906     -0.385673 -0.922636 0.922636 -0.385673     28.865664 28.865664 1.943343
349.866211 262.754822     113.750000 90.250000 493.296875     0.664725 -0.747088 0.747088 0.664725     48.970594 48.970594 1.176735
349.866211 262.754822     27.000000 39.484375 155.500000     0.664725 -0.747088 0.747088 0.664725     48.970594 48.970594 5.380250
281.801239 218.496246     314.158508 -147.330017 705.703979     -0.046249 -0.998930 0.998930 -0.046249     29.414318 29.414318 4.732608
426.554443 219.425735     353.395508 -65.927734 14.515625     -0.893794 -0.448478 0.448478 -0.893794     19.501441 19.501441 4.619341
337.018860 168.778305     125.281250 43.187500 746.140625     -0.839441 0.543451 -0.543451 -0.839441     21.722484 21.722484 4.823248
341.497101 223.231216     54.218750 75.429688 191.265625     -0.997776 -0.066654 0.066654 -0.997776     11.664050 11.664050 1.568235
314.409088 420.194305     326.388672 97.312500 109.722656     -0.974609 0.223914 -0.223914 -0.974609     45.865035 45.865035 4.853828
447.894745 264.842102     374.469727 -69.123047 15.476562     -0.900509 0.434837 -0.434837 -0.900509     39.568609 39.568609 1.230732
447.894745 264.842102     366.944702 -157.392822 1377.339600     -0.900509 0.434837 -0.434837 -0.900509     39.568609 39.568609 1.668368
406.570282 254.010605     13.312500 17.343750 134.152344     -0.719744 0.694240 -0.694240 -0.719744     22.706900 22.706900 3.526546
345.602478 262.656494     314.174194 134.289062 114.437500     0.636818 -0.771015 0.771015 0.636818     78.385107 78.385107 0.812450
345.602478 262.656494     303.161377 122.851562 108.765625     0.636818 -0.771015 0.771015 0.636818     78.385107 78.385107 2.422578
397.704346 400.352936     37.889160 26.884766 44.257812     -0.091062 -0.995845 0.995845 -0.091062     31.700696 31.700696 1.711220
397.704346 400.352936     357.605469 93.935547 104.730469     -0.091062 -0.995845 0.995845 -0.091062     31.700696 31.700696 4.799971
427.258942 219.178574     399.059937 -390.434814 3000.131836     -0.893557 -0.448949 0.448949 -0.893557     22.096396 22.096396 1.450403
427.258942 219.178574     33.660156 -27.726562 44.539062     -0.893557 -0.448949 0.448949 -0.893557     22.096396 22.096396 4.626665
424.108612 390.954742     370.654297 -68.992188 15.812500     -0.498178 -0.867075 0.867075 -0.498178     23.244029 23.244029 0.830755
459.278259 81.317390     398.316833 -420.354980 4033.158203     0.055477 -0.998460 0.998460 0.055477     16.579967 16.579967 1.493250
339.359283 223.020096     24.020588 7.237793 41.585938     -0.997218 -0.074544 0.074544 -0.997218     11.718780 11.718780 1.553216
281.930695 218.121597     417.052673 -534.572510 5813.555664     -0.032449 -0.999473 0.999473 -0.032449     29.793899 29.793899 4.720581
364.181824 208.988144     957.891602 161.685547 103.988281     -0.992473 0.122461 -0.122461 -0.992473     13.535414 13.535414 1.589839
344.182037 264.070770     363.362305 -66.373047 15.609375     0.613349 -0.789812 0.789812 0.613349     78.452272 78.452272 1.244392
344.182037 264.070770     12.687500 -14.093750 106.476562     0.613349 -0.789812 0.789812 0.613349     78.452272 78.452272 2.440696
427.714294 219.283020     16.848633 110.117188 797.298218     -0.894396 -0.447276 0.447276 -0.894396     22.368836 22.368836 1.463426
427.714294 219.283020     25.274902 166.325195 1191.474121     -0.894396 -0.447276 0.447276 -0.894396     22.368836 22.368836 4.583737
450.872253 263.654572     45.485352 306.789062 2209.342285     -0.918302 0.395881 -0.395881 -0.918302     36.543206 36.543206 1.438181
450.872253 263.654572     47.822754 315.795898 2261.672852     -0.918302 0.395881 -0.395881 -0.918302     36.543206 36.543206 3.938942
339.127808 167.187973     16.149414 4.368408 265.910797     -0.839105 0.543969 -0.543969 -0.839105     21.016934 21.016934 4.820178
359.586395 207.926697     47.796387 310.465332 2275.823242     -0.990282 0.139072 -0.139072 -0.990282     23.467428 23.467428 1.594534
535.569519 280.671173     49.745117 32.175781 33.234375     -0.916803 0.399339 -0.399339 -0.916803     19.663614 19.663614 4.443721
424.417328 390.724396     25.464844 20.148438 48.375000     -0.461529 -0.887125 0.887125 -0.461529     23.971133 23.971133 0.795011
300.013092 219.555481     57.130859 36.832031 38.906250     -0.993280 -0.115732 0.115732 -0.993280     61.357752 61.357752 1.552688
300.013092 219.555481     23.687500 19.636719 52.875000     -0.993280 -0.115732 0.115732 -0.993280     61.357752 61.357752 4.541530
461.631042 82.072411     93.166992 20.578125 57.156250     -0.978988 -0.203916 0.203916 -0.978988     27.567943 27.567943 1.548634
461.631042 82.072411     22.808594 19.019531 56.636719     -0.978988 -0.203916 0.203916 -0.978988     27.567943 27.567943 2.813176
335.594208 85.782608     50.308594 -9.515625 17.285156     -0.961005 0.276530 -0.276530 -0.961005     13.669625 13.669625 1.753518
335.594208 85.782608     54.695312 -8.699219 17.433594     -0.961005 0.276530 -0.276530 -0.961005     13.669625 13.669625 4.655096
405.988617 253.216400     0.906250 9.855469 445.781250     0.612789 -0.790246 0.790246 0.612789     28.141849 28.141849 0.456709
452.367859 262.314728     485.794922 -52.628906 83.468750     -0.900716 0.434408 -0.434408 -0.900716     36.672096 36.672096 1.315115
374.490021 303.284912     143.937500 -63.496094 52.636719     -0.621301 -0.783572 0.783572 -0.621301     27.959636 27.959636 1.127849
314.129456 419.259827     616.780273 -74.058594 88.484375     -0.981854 0.189641 -0.189641 -0.981854     47.108961 47.108961 4.869936
416.319824 97.612610     1730.109375 -82.250000 450.078125     0.613108 -0.789999 0.789999 0.613108     15.675919 15.675919 2.112519
356.925385 195.122849     26.628906 7.878906 45.308594     -0.066387 -0.997794 0.997794 -0.066387     66.585927 66.585927 3.187614
356.925385 195.122849     30.843750 10.570312 64.484375     -0.066387 -0.997794 0.997794 -0.066387     66.585927 66.585927 4.880409
429.003967 215.850891     303.767578 67.718750 433.863281     -0.836902 -0.547352 0.547352 -0.836902     43.719871 43.719871 1.426281
258.519989 220.869995     570.305664 -117.837891 2191.687500     -0.021985 -0.999758 0.999758 -0.021985     8.880950 8.880950 1.579326
258.519989 220.869995     7601.359375 -744.703125 485.476562     -0.021985 -0.999758 0.999758 -0.021985     8.880950 8.880950 4.695183
422.532562 451.321838     151.218750 -82.523438 83.136719     -0.029155 -0.999575 0.999575 -0.029155     16.772893 16.772893 1.661653
412.497803 251.952866     33.847656 15.738281 62.119141     -0.988433 0.151656 -0.151656 -0.988433     32.510974 32.510974 2.554857
329.124847 253.533173     26.492188 14.960938 61.716797     -0.697562 -0.716524 0.716524 -0.697562     100.467780 100.467780 1.593335
329.124847 253.533173     872.115234 -97.937500 90.351562     -0.697562 -0.716524 0.716524 -0.697562     100.467780 100.467780 2.119632
399.694855 400.083496     304.115234 -4.113281 178.820312     -0.214449 -0.976735 0.976735 -0.214449     33.451825 33.451825 0.560916
399.694855 400.083496     112.406250 17.398438 228.371094     -0.214449 -0.976735 0.976735 -0.214449     33.451825 33.451825 1.804157
452.595306 260.597534     54.101562 0.226562 82.044922     -0.875445 0.483318 -0.483318 -0.875445     42.594973 42.594973 1.396566
452.595306 260.597534     59.671875 -89.046875 459.054688     -0.875445 0.483318 -0.483318 -0.875445     42.594973 42.594973 3.943890
228.234314 245.928864     1108.859375 -117.132812 91.578125     -0.550825 -0.834621 0.834621 -0.550825     21.745344 21.745344 1.624287
228.234314 245.928864     343.218750 6.578125 180.718750     -0.550825 -0.834621 0.834621 -0.550825     21.745344 21.745344 2.136987
537.981018 279.004211     6572.921875 -3522.937500 7233.660156     -0.914476 0.404640 -0.404640 -0.914476     24.663654 24.663654 2.080638
537.981018 279.004211     53.363281 0.390625 115.039062     -0.914476 0.404640 -0.404640 -0.914476     24.663654 24.663654 4.123111
422.688568 450.352936     114.890625 15.375000 242.996094     0.032578 -0.999469 0.999469 0.032578     17.447669 17.447669 1.612775
444.918243 245.033585     138.953125 -55.316406 189.378906     -0.525874 -0.850562 0.850562 -0.525874     74.495527 74.495527 2.029085
444.918243 245.033585     1513.264648 -135.601562 92.109375     -0.525874 -0.850562 0.850562 -0.525874     74.495527 74.495527 5.483073
407.525330 399.370239     248.621094 -58.304688 20.406250     -0.418440 -0.908244 0.908244 -0.418440     60.326033 60.326033 0.522415
443.057129 287.195923     364.839844 95.628906 1174.250000     -0.985373 0.170413 -0.170413 -0.985373     15.675931 15.675931 1.570827
538.555359 278.359344     28356.664062 -3831.210938 6830.757812     -0.901822 0.432108 -0.432108 -0.901822     27.122420 27.122420 2.130557
538.555359 278.359344     26.097656 -20.265625 148.109375     -0.901822 0.432108 -0.432108 -0.901822     27.122420 27.122420 4.025604
344.218872 436.463531     41.308594 25.943359 75.542969     -0.999535 0.030499 -0.030499 -0.999535     16.667987 16.667987 4.896847
469.597687 80.516762     3.664062 2.804688 271.734375     -0.989771 0.142667 -0.142667 -0.989771     27.491051 27.491051 1.789781
344.156219 122.413139     16.687500 -8.414062 88.105469     0.103582 -0.994621 0.994621 0.103582     119.457920 119.457920 2.972170
340.663727 249.942963     57.015625 -79.062500 448.292969     -0.658570 -0.752519 0.752519 -0.658570     165.064444 165.064444 2.206929
340.663727 249.942963     136.054688 -53.621094 217.945312     -0.658570 -0.752519 0.752519 -0.658570     165.064444 165.064444 4.043434
556.095581 245.965866     56.410156 0.160156 118.666016     -0.155781 -0.987792 0.987792 -0.155781     14.581585 14.581585 0.889150
556.095581 245.965866     2937.472656 -488.148438 90.140625     -0.155781 -0.987792 0.987792 -0.155781     14.581585 14.581585 4.718555
538.913330 278.215088     9.044922 20.070312 1348.398438     -0.894561 0.446946 -0.446946 -0.894561     29.152480 29.152480 2.218426
538.913330 278.215088     117.265625 18.437500 262.386719     -0.894561 0.446946 -0.446946 -0.894561     29.152480 29.152480 4.034425
447.264862 244.031448     102.906250 -39.468750 29.796875     -0.561843 -0.827244 0.827244 -0.561843     78.749973 78.749973 0.982500
447.264862 244.031448     8.656250 15.273438 178.013672     -0.561843 -0.827244 0.827244 -0.561843     78.749973 78.749973 2.053498
501.343872 253.565216     145.062500 20.484375 89.570312     -0.001075 -0.999999 0.999999 -0.001075     17.761086 17.761086 1.583797
501.343872 253.565216     60.960938 -3.054688 122.605469     -0.001075 -0.999999 0.999999 -0.001075     17.761086 17.761086 4.673159
443.879181 287.288605     395.074219 84.585938 1278.609375     -0.991546 0.129756 -0.129756 -0.991546     14.994775 14.994775 1.557797
407.974945 396.944489     49.207031 73.886719 274.820312     -0.110331 -0.993895 0.993895 -0.110331     60.834259 60.834259 0.150001
345.482269 436.500000     43.710938 -92.007812 1531.695312     -0.996570 0.082750 -0.082750 -0.996570     17.917344 17.917344 4.957440
346.311859 118.948349     119.062500 -40.156250 32.203125     0.159471 -0.987203 0.987203 0.159471     103.818779 103.818779 2.940593
556.250000 245.524719     73.027344 -127.621094 633.648438     -0.178554 -0.983930 0.983930 -0.178554     16.705999 16.705999 0.869174
267.474823 249.670776     13.269531 14.031250 1905.496094     -0.999324 -0.036770 0.036770 -0.999324     164.705825 164.705825 4.716448
539.453857 277.765930     29600.843750 -4199.375000 7318.398438     -0.853023 0.521874 -0.521874 -0.853023     32.283794 32.283794 2.342580
539.453857 277.765930     51.664062 78.003906 284.091797     -0.853023 0.521874 -0.521874 -0.853023     32.283794 32.283794 4.041033
346.909912 436.273285     134.031250 -35.218750 40.828125     -0.988082 0.153928 -0.153928 -0.988082     18.776589 18.776589 1.583148
346.909912 436.273285     139.445312 -42.398438 239.246094     -0.988082 0.153928 -0.153928 -0.988082     18.776589 18.776589 4.980447
545.056030 267.148529     119.781250 27.812500 283.679688     0.472367 -0.881402 0.881402 0.472367     34.485327 34.485327 1.492159
544.478516 265.792328     144.250000 -41.781250 52.156250     0.454219 -0.890890 0.890890 0.454219     39.486816 39.486816 1.513340
196.666672 225.125000     219.734375 5.312500 57.710938     -0.901872 0.432003 -0.432003 -0.901872     18.839382 18.839382 0.617893
334.268951 71.121216     70.896240 -87.317871 138.637695     -0.962452 -0.271454 0.271454 -0.962452     20.499092 20.499092 5.661804
196.996140 224.683395     69.640625 90.693359 126.331055     -0.940311 0.340316 -0.340316 -0.940311     19.048035 19.048035 0.654878
207.872421 411.267487     47.890625 -64.714844 100.554688     0.077978 -0.996955 0.996955 0.077978     21.394352 21.394352 1.866628
207.872421 411.267487     256.132812 45.267578 20.185547     0.077978 -0.996955 0.996955 0.077978     21.394352 21.394352 4.343911
209.420563 411.046722     100.974365 -124.472168 182.559570     -0.924865 0.380296 -0.380296 -0.924865     24.361604 24.361604 0.229039
209.420563 411.046722     216.703125 31.562500 53.191406     -0.924865 0.380296 -0.380296 -0.924865     24.361604 24.361604 3.887005
213.015839 412.194061     159.929688 -10.742188 372.968750     -0.939971 -0.341255 0.341255 -0.939971     26.799736 26.799736 1.603009
213.015839 412.194061     55.546875 -9.558594 44.341797     -0.939971 -0.341255 0.341255 -0.939971     26.799736 26.799736 5.656074
233.936279 84.132355     30684.328125 -1931.671875 10960.480469     0.588669 -0.808374 0.808374 0.588669     17.381646 17.381646 1.280907
233.936279 84.132355     314.031250 -81.201172 109.823242     0.588669 -0.808374 0.808374 0.588669     17.381646 17.381646 4.001950
604.624390 429.093903     168.265625 0.890625 73.789062     -0.999972 0.007490 -0.007490 -0.999972     17.079727 17.079727 1.581934
604.624390 429.093903     26.418045 21.996826 170.820312     -0.999972 0.007490 -0.007490 -0.999972     17.079727 17.079727 4.692514
576.582336 429.771088     27.139194 26.983643 207.203125     -0.999647 0.026551 -0.026551 -0.999647     17.062443 17.062443 4.787151
589.684875 429.387878     2.278028 10.375397 589.996094     -0.999659 0.026129 -0.026129 -0.999659     17.445763 17.445763 4.734092
589.457947 428.644928     65.406250 45.518555 134.534668     -0.999483 0.032153 -0.032153 -0.999483     22.949844 22.949844 4.740150
499.884216 465.470184     2.881623 15.667084 823.191406     0.643709 -0.765270 0.765270 0.643709     12.368293 12.368293 4.476621
587.461670 428.406250     162.033203 -26.648438 16.132812     -0.996905 0.078617 -0.078617 -0.996905     25.783905 25.783905 4.750037
586.707825 427.706573     45.625000 -67.796875 138.574829     -0.998803 0.048909 -0.048909 -0.998803     29.413370 29.413370 4.740189
501.750000 462.803040     192.531250 -90.785156 70.947998     0.630655 -0.776063 0.776063 0.630655     12.316082 12.316082 4.507342
504.309631 459.447693     38.000000 -31.274414 59.680847     0.624627 -0.780923 0.780923 0.624627     11.851958 11.851958 4.567568
553.424255 324.086578     116.921875 30.343750 20.968750     0.074939 -0.997188 0.997188 0.074939     6.179501 6.179501 1.465404
550.488159 340.044373     97.500000 -69.304688 92.402344     0.170264 -0.985399 0.985399 0.170264     8.978119 8.978119 1.445435
587.326538 426.891510     87.007812 35.042969 26.982422     -0.998039 0.062602 -0.062602 -0.998039     32.434095 32.434095 4.748195
510.348328 449.831635     237.456055 -51.175781 52.484375     0.566922 -0.823771 0.823771 0.566922     13.067387 13.067387 4.629866
586.971191 426.494415     89.978088 0.185547 29.546875     -0.999497 0.031709 -0.031709 -0.999497     35.658154 35.658154 4.734862
584.904114 426.876373     462.921875 22.265625 22.468750     -0.996215 0.086921 -0.086921 -0.996215     35.894420 35.894420 4.763959
584.881104 426.549530     3345.063477 1357.626953 801.496094     -0.996354 0.085317 -0.085317 -0.996354     38.419683 38.419683 4.769726
