1.0
594
477.032043 437.350128     15.343750 -42.671875 216.218750     0.199528 -0.979892 0.979892 0.199528     11.608612 11.608612 1.350005
589.004456 227.965881     417.281250 -287.625000 939.734375     -0.999110 0.042175 -0.042175 -0.999110     30.779102 30.779102 1.577712
589.004456 227.965881     21.593750 -22.765625 148.453125     -0.999110 0.042175 -0.042175 -0.999110     30.779102 30.779102 5.584086
483.261414 383.209442     31.140625 -33.562500 177.859375     0.171444 -0.985194 0.985194 0.171444     18.895741 18.895741 1.179679
483.261414 383.209442     42.921875 -47.750000 218.328125     0.171444 -0.985194 0.985194 0.171444     18.895741 18.895741 4.373334
483.739014 382.578735     9.671875 2.828125 35.875000     0.192901 -0.981218 0.981218 0.192901     20.409658 20.409658 1.158949
483.739014 382.578735     10.703125 2.578125 39.000000     0.192901 -0.981218 0.981218 0.192901     20.409658 20.409658 2.103551
484.385559 381.146881     13.218750 -0.906250 49.132812     0.212898 -0.977074 0.977074 0.212898     21.966076 21.966076 1.109188
484.385559 381.146881     42.109375 -18.515625 40.701172     0.212898 -0.977074 0.977074 0.212898     21.966076 21.966076 2.058731
482.796722 381.163605     51.609375 -39.968750 272.765625     0.246712 -0.969089 0.969089 0.246712     24.960034 24.960034 1.089457
482.796722 381.163605     43.343750 -21.609375 46.916016     0.246712 -0.969089 0.969089 0.246712     24.960034 24.960034 2.043317
481.990814 301.160553     14.953125 -1.468750 54.789062     -0.106100 -0.994355 0.994355 -0.106100     13.774785 13.774785 2.079238
481.990814 301.160553     2003.187500 -1120.156250 9549.242188     -0.106100 -0.994355 0.994355 -0.106100     13.774785 13.774785 4.384990
481.475800 301.266144     44.984375 -20.679688 51.597656     -0.089999 -0.995942 0.995942 -0.089999     14.560925 14.560925 0.293728
481.475800 301.266144     56.093750 -38.796875 310.968750     -0.089999 -0.995942 0.995942 -0.089999     14.560925 14.560925 2.090890
481.562653 380.120392     17.343750 -1.000000 58.296875     0.223312 -0.974747 0.974747 0.223312     28.085718 28.085718 1.044030
481.562653 380.120392     52.984375 -24.351562 54.220703     0.223312 -0.974747 0.974747 0.223312     28.085718 28.085718 2.073393
480.518158 301.970306     60.171875 -23.515625 360.718750     0.025210 -0.999682 0.999682 0.025210     16.346770 16.346770 2.018759
480.518158 301.970306     20.796875 -2.218750 62.859375     0.025210 -0.999682 0.999682 0.025210     16.346770 16.346770 4.407934
498.013000 180.613632     6.031250 -8.656250 97.203125     -0.720417 0.693542 -0.693542 -0.720417     21.523113 21.523113 2.169814
480.853058 378.595154     8.875000 -10.343750 136.187500     0.172553 -0.985000 0.985000 0.172553     30.055029 30.055029 0.998266
480.853058 378.595154     4.718750 -6.570312 82.648438     0.172553 -0.985000 0.985000 0.172553     30.055029 30.055029 6.052895
497.595856 180.793503     5.921875 -13.687500 126.640625     0.677357 -0.735654 0.735654 0.677357     21.789861 21.789861 5.372718
479.961426 301.988129     10.078125 -10.734375 155.468750     0.036795 -0.999323 0.999323 0.036795     17.369677 17.369677 6.313066
497.185089 180.326477     10.000000 -22.984375 178.984375     0.648887 -0.760885 0.760885 0.648887     23.533165 23.533165 5.424707
480.030243 377.463501     66.781250 -0.406250 52.832031     0.147225 -0.989103 0.989103 0.147225     31.921137 31.921137 6.113973
479.306885 301.880951     13.921875 -19.640625 276.062500     0.024396 -0.999702 0.999702 0.024396     18.727433 18.727433 6.337785
497.310181 180.331024     12.250000 -20.671875 189.750000     0.698077 -0.716023 0.716023 0.698077     24.334614 24.334614 5.363786
479.116516 375.448486     2.703125 -29.765625 457.859375     0.077535 -0.996990 0.996990 0.077535     34.372187 34.372187 6.308501
478.904999 302.028503     11.890625 22.304688 87.585938     0.052530 -0.998619 0.998619 0.052530     20.463951 20.463951 6.283303
416.926331 378.010529     40.656250 -47.343750 206.375000     0.093690 -0.995601 0.995601 0.093690     10.278010 10.278010 4.712936
417.951324 375.574219     39.796875 2.843750 358.187500     0.080456 -0.996758 0.996758 0.080456     12.759764 12.759764 4.698444
425.598267 284.541473     5.390625 -5.539062 84.625000     0.083428 -0.996514 0.996514 0.083428     9.187810 9.187810 1.643902
409.762054 448.306885     3.031250 -33.156250 499.250000     0.111267 -0.993791 0.993791 0.111267     9.427897 9.427897 1.569420
418.426483 374.205872     41.546875 -38.781250 205.015625     0.073236 -0.997315 0.997315 0.073236     13.715677 13.715677 4.696349
418.787994 372.733582     606.968750 12.085938 0.816406     0.072790 -0.997347 0.997347 0.072790     14.496441 14.496441 4.702208
410.225006 451.943176     155.023438 -55.859375 421.140625     0.132411 -0.991195 0.991195 0.132411     11.845838 11.845838 1.570718
589.281494 227.989273     116.312500 -5.179688 32.480469     -0.999577 0.029087 -0.029087 -0.999577     32.704881 32.704881 0.687949
589.281494 227.989273     12.367188 20.007812 91.109375     -0.999577 0.029087 -0.029087 -0.999577     32.704881 32.704881 1.567956
419.845123 366.694305     686.125000 9.960938 1.058594     0.074302 -0.997236 0.997236 0.074302     15.883464 15.883464 1.581196
419.845123 366.694305     14.304688 -2.687500 36.945312     0.074302 -0.997236 0.997236 0.074302     15.883464 15.883464 4.703994
410.833649 453.802551     81.195312 11.640625 54.929688     0.114172 -0.993461 0.993461 0.114172     14.140546 14.140546 1.571856
460.240662 376.190857     308.812500 -41.921875 445.234375     0.064982 -0.997886 0.997886 0.064982     3.935408 3.935408 1.562802
460.240662 376.190857     12.765625 15.820312 87.960938     0.064982 -0.997886 0.997886 0.064982     3.935408 3.935408 4.650515
314.140839 344.000000     130.140625 32.757812 82.125000     -0.263133 -0.964760 0.964760 -0.263133     10.844114 10.844114 4.747818
413.656036 452.476746     23.671875 -1.953125 67.945312     0.256648 -0.966505 0.966505 0.256648     23.847649 23.847649 5.806788
423.823883 367.637726     3.250000 -33.500000 507.796875     -0.008931 -0.999960 0.999960 -0.008931     28.379084 28.379084 0.332832
423.823883 367.637726     13.984375 12.484375 85.398438     -0.008931 -0.999960 0.999960 -0.008931     28.379084 28.379084 1.633365
425.660065 284.944672     43.468750 -30.812500 211.921875     0.069401 -0.997589 0.997589 0.069401     10.067615 10.067615 1.646051
460.250000 377.110291     17.531250 1.070312 39.867188     0.066375 -0.997795 0.997795 0.066375     4.088878 4.088878 1.567937
460.250000 377.110291     145.335938 -66.839844 246.277344     0.066375 -0.997795 0.997795 0.066375     4.088878 4.088878 4.651810
414.407196 453.617157     2.843750 -23.343750 299.671875     0.219705 -0.975566 0.975566 0.219705     25.777208 25.777208 5.919296
588.694336 133.371185     94.562500 67.414062 122.765625     -0.999801 -0.019927 0.019927 -0.999801     3.413846 3.413846 1.675681
588.694336 133.371185     489.992188 -137.625000 1179.460938     -0.999801 -0.019927 0.019927 -0.999801     3.413846 3.413846 4.705217
297.596893 265.928131     32.859375 7.832031 21.523438     0.197428 -0.980317 0.980317 0.197428     53.957575 53.957575 1.546907
307.707672 191.802414     16.617188 9.039062 83.335938     -0.998111 0.061436 -0.061436 -0.998111     25.520058 25.520058 6.189265
314.234619 342.576935     44.375000 -0.453125 370.921875     -0.232928 -0.972494 0.972494 -0.232928     12.385221 12.385221 4.767254
591.741333 133.514191     28.539062 -7.542969 17.710938     -0.999894 -0.014535 0.014535 -0.999894     4.301659 4.301659 1.680712
591.741333 133.514191     318.304688 -88.347656 388.832031     -0.999894 -0.014535 0.014535 -0.999894     4.301659 4.301659 4.704209
320.614288 270.653564     61.843750 21.910156 42.664062     0.116281 -0.993216 0.993216 0.116281     16.831472 16.831472 4.940715
282.714935 337.105591     260.289062 54.523438 243.718750     -0.934971 -0.354724 0.354724 -0.934971     31.982715 31.982715 4.778157
289.533325 266.385223     22.757812 7.187500 43.921875     0.272066 -0.962278 0.962278 0.272066     77.546356 77.546356 1.464026
314.665527 341.965515     712.742188 -99.023438 1196.726562     -0.197831 -0.980236 0.980236 -0.197831     13.922950 13.922950 4.776332
276.697845 336.260223     139.906250 -2.351562 37.628906     -0.891945 -0.452145 0.452145 -0.891945     36.424824 36.424824 4.729069
478.495728 302.055542     21.921875 -30.447266 83.648438     0.043987 -0.999032 0.999032 0.043987     21.854383 21.854383 6.296869
460.305725 376.745209     298.062500 70.234375 352.312500     0.065962 -0.997822 0.997822 0.065962     4.579061 4.579061 1.557012
460.305725 376.745209     36.742188 -11.664062 21.958984     0.065962 -0.997822 0.997822 0.065962     4.579061 4.579061 4.651960
315.103119 341.587494     35.312500 26.132812 99.179688     -0.167383 -0.985892 0.985892 -0.167383     15.500397 15.500397 4.773315
321.436523 271.318878     4.515625 -5.250000 132.296875     -0.047755 -0.998859 0.998859 -0.047755     18.814133 18.814133 5.118956
313.778625 137.612366     3.031250 -23.203125 301.046875     0.445757 -0.895154 0.895154 0.445757     47.634557 47.634557 4.015748
454.668274 450.264435     6.062500 -30.953125 502.015625     0.077926 -0.996959 0.996959 0.077926     4.542817 4.542817 4.686480
284.061218 392.122406     849.187500 -152.796875 1195.140625     -0.630576 -0.776127 0.776127 -0.630576     28.386020 28.386020 2.019502
276.759430 282.398407     146.441406 25.742188 53.734375     0.188777 -0.982020 0.982020 0.188777     96.884488 96.884488 1.511844
262.288727 203.007050     5.843750 -6.171875 128.546875     -0.890582 -0.454823 0.454823 -0.890582     18.837537 18.837537 3.948072
315.753418 341.030151     67.640625 -20.140625 386.796875     -0.131918 -0.991261 0.991261 -0.131918     17.667451 17.667451 4.766731
424.457214 367.623016     2.921875 -18.265625 307.875000     0.001388 -0.999999 0.999999 0.001388     29.976341 29.976341 0.303131
424.457214 367.623016     9.046875 -32.578125 519.609375     0.001388 -0.999999 0.999999 0.001388     29.976341 29.976341 1.629000
333.952576 161.901184     442.296875 82.429688 790.812500     -0.889693 0.456559 -0.456559 -0.889693     16.741058 16.741058 3.341235
311.488068 126.939354     44.148438 -15.609375 25.619141     0.560933 -0.827861 0.827861 0.560933     72.342730 72.342730 1.118881
311.488068 126.939354     30.156250 12.828125 46.156250     0.560933 -0.827861 0.827861 0.560933     72.342730 72.342730 1.483691
257.190277 200.083496     86.171875 71.625000 135.945312     -0.836948 -0.547282 0.547282 -0.836948     23.954614 23.954614 3.810204
257.190277 200.083496     2111.937500 -803.062500 10614.898438     -0.836948 -0.547282 0.547282 -0.836948     23.954614 23.954614 5.416181
283.757446 397.101746     9.062500 -7.750000 120.734375     -0.758364 -0.651832 0.651832 -0.758364     63.137193 63.137193 4.322082
322.503998 272.205322     31.984375 0.750000 11.023438     -0.293915 -0.955831 0.955831 -0.293915     20.398295 20.398295 5.311581
267.283386 283.159027     3.359375 -12.781250 293.031250     0.192988 -0.981201 0.981201 0.192988     118.484728 118.484728 1.496497
309.751129 190.447647     10.703125 -31.203125 526.468750     -0.999736 0.022974 -0.022974 -0.999736     27.584254 27.584254 6.116665
92.768471 237.305420     573.632812 130.460938 858.515625     0.379547 -0.925173 0.925173 0.379547     13.819510 13.819510 1.235714
281.354706 402.076324     8.359375 0.828125 110.179688     -0.565565 -0.824704 0.824704 -0.565565     71.136614 71.136614 4.082662
334.809204 161.986847     1218.578125 -161.617188 460.599609     -0.876150 0.482039 -0.482039 -0.876150     17.740317 17.740317 0.737420
334.809204 161.986847     36.117188 0.664062 11.468750     -0.876150 0.482039 -0.482039 -0.876150     17.740317 17.740317 3.407158
315.375000 339.465149     95.531250 81.531250 147.781250     -0.336234 -0.941779 0.941779 -0.336234     22.937896 22.937896 0.601272
315.375000 339.465149     1258.960938 -153.390625 1266.601562     -0.336234 -0.941779 0.941779 -0.336234     22.937896 22.937896 3.073932
389.288544 351.885559     13.515625 -8.093750 115.523438     0.208609 -0.977999 0.977999 0.208609     12.972688 12.972688 1.599250
389.288544 351.885559     13.593750 -30.437500 522.000000     0.208609 -0.977999 0.977999 0.208609     12.972688 12.972688 5.890434
464.037292 300.233887     197.492188 21.904297 31.216064     0.040982 -0.999160 0.999160 0.040982     9.331710 9.331710 1.581540
464.037292 300.233887     237.375000 -57.607422 30.075195     0.040982 -0.999160 0.999160 0.040982     9.331710 9.331710 4.709565
454.641907 450.253265     4.328125 -7.890625 271.046875     0.077162 -0.997019 0.997019 0.077162     5.001896 5.001896 4.697982
458.888519 374.501678     52.218750 -20.734375 29.792969     0.062050 -0.998073 0.998073 0.062050     9.154087 9.154087 6.417862
262.505920 285.123169     1271.488281 509.148438 5194.476562     0.353927 -0.935273 0.935273 0.353927     126.590522 126.590522 1.302936
248.693390 198.718307     538.664062 29.937500 52.148438     -0.968048 -0.250763 0.250763 -0.968048     30.872137 30.872137 1.633420
248.693390 198.718307     17.125000 -34.078125 523.671875     -0.968048 -0.250763 0.250763 -0.968048     30.872137 30.872137 2.753599
463.593384 300.533142     1615.304688 -170.265625 494.754883     0.050110 -0.998744 0.998744 0.050110     10.586092 10.586092 1.564322
463.593384 300.533142     6.343750 -5.875000 89.171875     0.050110 -0.998744 0.998744 0.050110     10.586092 10.586092 4.710315
478.518860 375.081268     6.562500 -3.875000 263.375000     0.062733 -0.998030 0.998030 0.062733     36.661789 36.661789 6.348267
454.509491 448.064636     37.484375 19.039062 50.273438     0.059577 -0.998224 0.998224 0.059577     6.090356 6.090356 4.709465
458.126343 373.916229     32.312500 -0.680664 16.582520     0.063423 -0.997987 0.997987 0.063423     11.885893 11.885893 6.385148
335.742950 161.824860     13.890625 -15.250000 75.515625     -0.869022 0.494773 -0.494773 -0.869022     18.407163 18.407163 0.781840
335.742950 161.824860     1721.460938 -519.966797 1882.788086     -0.869022 0.494773 -0.494773 -0.869022     18.407163 18.407163 3.455401
323.525940 272.952820     821.601562 39.167969 53.914062     -0.485200 -0.874403 0.874403 -0.485200     21.599073 21.599073 5.405743
313.775940 337.356384     49.328125 -30.640625 222.390625     -0.579564 -0.814927 0.814927 -0.579564     26.710905 26.710905 0.806765
313.775940 337.356384     26.093750 -7.750000 105.335938     -0.579564 -0.814927 0.814927 -0.579564     26.710905 26.710905 3.766474
462.736176 300.809052     9.234375 1.140625 108.320312     0.068905 -0.997623 0.997623 0.068905     13.140630 13.140630 1.523760
462.736176 300.809052     195.140625 -10.421875 445.890625     0.068905 -0.997623 0.997623 0.068905     13.140630 13.140630 6.237069
304.138397 308.267853     1931.703125 -641.179688 2070.051758     -0.999362 -0.035712 0.035712 -0.999362     14.922529 14.922529 0.384812
304.138397 308.267853     1017.886719 37.765625 61.390625     -0.999362 -0.035712 0.035712 -0.999362     14.922529 14.922529 4.805260
454.177979 446.724915     10.656250 -1.593750 260.656250     0.043995 -0.999032 0.999032 0.043995     7.525258 7.525258 4.714034
457.683319 373.370239     65.648438 -27.570312 33.683594     0.060170 -0.998188 0.998188 0.060170     13.366013 13.366013 6.406567
435.971436 287.561890     13.515625 -0.078125 264.984375     -0.008132 -0.999967 0.999967 -0.008132     13.005421 13.005421 1.632236
287.297333 123.999260     23.578125 -32.259766 86.777344     -0.979758 0.200184 -0.200184 -0.979758     93.050814 93.050814 5.490549
303.724701 308.303650     28.140625 -73.375000 438.019531     -0.999638 -0.026912 0.026912 -0.999638     15.227612 15.227612 0.491070
303.724701 308.303650     3034.218750 -1232.625000 10037.796875     -0.999638 -0.026912 0.026912 -0.999638     15.227612 15.227612 4.812367
313.414642 336.524384     26.750000 -3.015625 72.984375     -0.589429 -0.807820 0.807820 -0.589429     27.015613 27.015613 0.840061
313.414642 336.524384     2949.015625 -1355.365234 3160.966797     -0.589429 -0.807820 0.807820 -0.589429     27.015613 27.015613 4.299553
250.243057 287.038513     9.781250 1.835938 110.351562     0.698249 -0.715855 0.715855 0.698249     149.880609 149.880609 0.917983
461.788574 300.864685     303.015625 -79.437500 275.062500     0.078607 -0.996906 0.996906 0.078607     16.148308 16.148308 6.219839
457.024048 373.264374     2613.835938 403.421875 5079.367188     0.059550 -0.998225 0.998225 0.059550     15.443583 15.443583 6.401143
289.085144 58.708633     13.390625 -12.031250 84.195312     -0.991716 -0.128451 0.128451 -0.991716     23.972342 23.972342 4.856596
307.682190 29.036606     48.781250 10.023438 11.031250     -0.968006 0.250927 -0.250927 -0.968006     17.510808 17.510808 4.734703
453.642487 445.892487     16.015625 7.871094 26.118408     0.029545 -0.999563 0.999563 0.029545     9.106128 9.106128 0.352533
453.642487 445.892487     49.476562 27.710938 54.718750     0.029545 -0.999563 0.999563 0.029545     9.106128 9.106128 4.723753
336.693878 161.482147     4.031250 -2.289062 88.654297     -0.858978 0.512013 -0.512013 -0.858978     18.789197 18.789197 0.799813
336.693878 161.482147     43.777344 7.283203 12.160156     -0.858978 0.512013 -0.512013 -0.858978     18.789197 18.789197 3.527936
234.029083 197.961914     116.375000 44.546875 135.359375     -0.998126 -0.061188 0.061188 -0.998126     31.919300 31.919300 1.632104
234.029083 197.961914     81.796875 -34.062500 36.808594     -0.998126 -0.061188 0.061188 -0.998126     31.919300 31.919300 4.451932
456.287445 373.782318     3191.437500 386.156250 5044.218750     0.066824 -0.997765 0.997765 0.066824     17.336781 17.336781 6.337697
278.864655 122.866982     54.640625 8.695312 10.808594     -0.989140 0.146979 -0.146979 -0.989140     97.501050 97.501050 5.395634
425.636047 284.851593     29.031250 -7.718750 13.830078     0.070402 -0.997519 0.997519 0.070402     10.957395 10.957395 1.657022
452.823029 445.603424     4.265625 -4.371094 144.667969     0.015084 -0.999886 0.999886 0.015084     11.476362 11.476362 0.388306
324.456116 273.706635     65.210938 14.548828 13.761719     -0.583787 -0.811907 0.811907 -0.583787     21.950908 21.950908 5.460480
316.923370 47.877396     31.125000 -33.062500 98.351562     -0.999069 0.043151 -0.043151 -0.999069     18.308487 18.308487 4.968976
455.189117 373.130035     25.218750 9.683594 25.599854     0.056447 -0.998406 0.998406 0.056447     20.523582 20.523582 6.385757
388.973206 351.781250     4268.472656 -1493.617188 3318.935547     0.227774 -0.973714 0.973714 0.227774     14.458449 14.458449 5.901181
223.979935 197.338394     69.187500 14.179688 12.953125     -0.998708 -0.050823 0.050823 -0.998708     32.425259 32.425259 1.548920
223.979935 197.338394     17.423828 -4.255859 29.785156     -0.998708 -0.050823 0.050823 -0.998708     32.425259 32.425259 4.612968
459.666656 300.954468     5.593750 -6.628906 208.078125     0.096432 -0.995340 0.995340 0.096432     22.653781 22.653781 6.187845
452.162354 445.891144     34.375000 16.341797 30.462402     0.010404 -0.999946 0.999946 0.010404     13.110494 13.110494 0.378158
436.185333 287.831909     94.523438 -39.792969 41.339844     -0.011509 -0.999934 0.999934 -0.011509     13.664927 13.664927 1.664117
468.560669 374.592194     71.169922 25.634766 25.789062     0.041456 -0.999140 0.999140 0.041456     62.792047 62.792047 6.375945
216.745178 196.984848     13.953125 25.703125 99.492188     -0.999224 -0.039391 0.039391 -0.999224     34.828323 34.828323 1.562502
451.566986 446.112732     199.390625 79.218750 149.851562     0.006375 -0.999980 0.999980 0.006375     14.682756 14.682756 0.416638
337.957306 161.047195     22.664062 -5.019531 30.785156     -0.866465 0.499239 -0.499239 -0.866465     18.984542 18.984542 0.828473
337.957306 161.047195     5244.015625 -1266.990234 3296.980469     -0.866465 0.499239 -0.499239 -0.866465     18.984542 18.984542 3.534770
458.333344 300.843964     39.453125 17.406250 31.730225     0.112236 -0.993682 0.993682 0.112236     27.182695 27.182695 6.176889
450.891632 446.394501     99.460938 -41.824219 47.904297     0.000311 -1.000000 1.000000 0.000311     16.543606 16.543606 0.376218
93.048462 236.581497     32.265625 -7.789062 14.460938     0.387454 -0.921889 0.921889 0.387454     14.244419 14.244419 1.272569
473.086761 184.831055     7.718750 -12.085938 256.112305     0.171061 -0.985260 0.985260 0.171061     17.659995 17.659995 1.455241
473.086761 184.831055     5329.593750 192.890625 4935.851562     0.171061 -0.985260 0.985260 0.171061     17.659995 17.659995 2.431363
478.177948 302.003876     178.656250 89.546875 79.316406     0.064813 -0.997897 0.997897 0.064813     23.188818 23.188818 6.256019
436.276276 288.315186     15.890625 -0.507812 23.351562     -0.018246 -0.999834 0.999834 -0.018246     14.049621 14.049621 1.653930
388.812012 350.855988     52.734375 -11.015625 79.107422     0.163068 -0.986615 0.986615 0.163068     15.195149 15.195149 3.946831
388.812012 350.855988     32.062500 -31.093750 97.703125     0.163068 -0.986615 0.986615 0.163068     15.195149 15.195149 6.053216
478.463959 254.977478     9.078125 -12.125000 262.644531     -0.970359 -0.241670 0.241670 -0.970359     13.146542 13.146542 1.474296
352.831818 60.836365     106.656250 -37.500000 62.189453     -0.479527 -0.877527 0.877527 -0.479527     15.401864 15.401864 1.928524
352.831818 60.836365     82.382812 45.750000 62.796875     -0.479527 -0.877527 0.877527 -0.479527     15.401864 15.401864 5.137654
325.643982 274.558380     25.734375 3.833984 30.706055     -0.672991 -0.739651 0.739651 -0.672991     22.165885 22.165885 5.504143
438.414734 133.101379     15.687500 24.921875 93.593750     0.027020 -0.999635 0.999635 0.027020     8.965482 8.965482 4.607362
141.067200 227.695648     46.625000 -23.453125 35.064453     -0.976792 -0.214190 0.214190 -0.976792     14.625415 14.625415 0.884853
141.067200 227.695648     171.578125 87.523438 79.375000     -0.976792 -0.214190 0.214190 -0.976792     14.625415 14.625415 4.441346
310.222992 190.567719     21.125000 -20.542969 184.714844     -0.999460 0.032855 -0.032855 -0.999460     28.834049 28.834049 6.128217
141.427933 248.144150     6676.222656 200.093750 4928.031250     -0.930983 0.365063 -0.365063 -0.930983     13.315455 13.315455 3.852903
451.124146 296.630096     161.359375 -65.921875 47.236328     -0.629125 -0.777304 0.777304 -0.629125     40.329698 40.329698 0.897991
339.360565 160.498001     25.718750 4.585938 24.460938     -0.880642 0.473782 -0.473782 -0.880642     19.346404 19.346404 3.507426
339.360565 160.498001     172.609375 64.164062 78.839844     -0.880642 0.473782 -0.473782 -0.880642     19.346404 19.346404 4.977524
479.284546 254.886185     26.000000 24.516602 46.286987     -0.982220 -0.187733 0.187733 -0.982220     13.609543 13.609543 1.486907
441.602936 168.485291     7580.417969 -957.750000 3210.520508     -0.922397 0.386244 -0.386244 -0.922397     14.649512 14.649512 3.361600
441.602936 168.485291     10.062500 -13.929688 100.443359     -0.922397 0.386244 -0.386244 -0.922397     14.649512 14.649512 4.886062
438.793579 129.227753     94.765625 19.609375 12.152344     0.031087 -0.999517 0.999517 0.031087     9.144719 9.144719 4.615406
139.573425 227.202805     35.812500 -33.265625 100.320312     -0.967066 -0.254524 0.254524 -0.967066     14.182199 14.182199 0.999072
139.573425 227.202805     197.390625 -23.919922 49.245605     -0.967066 -0.254524 0.254524 -0.967066     14.182199 14.182199 2.477462
390.780579 348.739807     466.218750 -212.648438 135.445312     0.378864 -0.925452 0.925452 0.378864     18.873075 18.873075 5.621036
353.881470 61.007408     8316.607422 360.832031 4925.593750     -0.700116 -0.714029 0.714029 -0.700116     17.843980 17.843980 5.367336
468.338104 244.071426     21.187500 7.968750 57.359375     -0.880827 0.473438 -0.473438 -0.880827     14.696456 14.696456 1.726379
468.338104 244.071426     40.367188 6.062500 12.625000     -0.880827 0.473438 -0.473438 -0.880827     14.696456 14.696456 2.052438
480.520142 255.164841     368.171875 -150.121094 166.968750     -0.972852 -0.231426 0.231426 -0.972852     13.928209 13.928209 1.541159
480.520142 255.164841     241.546875 124.054688 126.820312     -0.972852 -0.231426 0.231426 -0.972852     13.928209 13.928209 4.304245
114.121948 235.552841     70.609375 -32.734375 33.230469     0.296961 -0.954889 0.954889 0.296961     18.056329 18.056329 1.163130
114.121948 235.552841     26.213867 -4.710938 31.878906     0.296961 -0.954889 0.954889 0.296961     18.056329 18.056329 2.255433
326.959503 275.311615     24.859375 14.109375 303.752930     -0.737154 -0.675725 0.675725 -0.737154     22.587416 22.587416 4.386146
326.959503 275.311615     295.039062 140.789062 101.335938     -0.737154 -0.675725 0.675725 -0.737154     22.587416 22.587416 5.536387
439.466156 125.625000     72.837891 26.017578 26.839844     0.032685 -0.999466 0.999466 0.032685     10.434728 10.434728 4.601924
353.890320 60.583870     417.531250 -32.121094 78.659668     -0.747951 -0.663753 0.663753 -0.747951     17.977613 17.977613 0.794893
353.890320 60.583870     4098.062500 -1374.671875 10290.687500     -0.747951 -0.663753 0.663753 -0.747951     17.977613 17.977613 2.179914
340.687378 160.170517     173.039062 -10.949219 54.093750     -0.881933 0.471374 -0.471374 -0.881933     20.160495 20.160495 3.510475
340.687378 160.170517     76.421875 40.207520 51.877373     -0.881933 0.471374 -0.471374 -0.881933     20.160495 20.160495 4.945702
138.017288 225.682999     466.250000 -228.609375 164.734375     -0.911810 -0.410612 0.410612 -0.911810     16.984179 16.984179 2.341948
138.017288 225.682999     470.062500 535.664062 833.507812     -0.911810 -0.410612 0.410612 -0.911810     16.984179 16.984179 5.465100
397.636749 303.252136     78.296875 23.539062 26.152344     -0.267276 -0.963620 0.963620 -0.267276     11.755189 11.755189 1.043352
397.636749 303.252136     105.703125 47.745605 54.279587     -0.267276 -0.963620 0.963620 -0.267276     11.755189 11.755189 4.683838
445.758179 294.282867     91.937500 21.500000 74.828125     -0.805737 -0.592273 0.592273 -0.805737     43.073310 43.073310 1.147267
113.195206 235.496582     200.093750 -3.898438 26.660156     0.430739 -0.902477 0.902477 0.430739     20.259156 20.259156 0.942232
113.195206 235.496582     19.984375 -9.992188 64.722656     0.430739 -0.902477 0.902477 0.430739     20.259156 20.259156 2.222700
354.383026 60.394737     153.312500 -50.421875 41.292969     -0.779929 -0.625868 0.625868 -0.779929     18.965379 18.965379 2.238139
354.383026 60.394737     404.000000 176.226562 112.601562     -0.779929 -0.625868 0.625868 -0.779929     18.965379 18.965379 4.292070
341.407990 160.391998     19.812500 -2.054688 28.000000     -0.873125 0.487497 -0.487497 -0.873125     22.297629 22.297629 3.522664
341.407990 160.391998     447.671875 -209.789062 152.535156     -0.873125 0.487497 -0.487497 -0.873125     22.297629 22.297629 4.999980
441.777771 168.533340     340.140625 6.453125 31.062500     -0.936108 0.351712 -0.351712 -0.936108     15.283083 15.283083 3.293495
441.777771 168.533340     1541.906250 -796.500000 471.646484     -0.936108 0.351712 -0.351712 -0.936108     15.283083 15.283083 4.871760
440.190979 122.648872     407.531250 34.578125 45.406250     0.048485 -0.998824 0.998824 0.048485     12.017677 12.017677 4.581916
439.713715 169.007843     22.093750 -2.546875 34.320312     -0.960496 0.278295 -0.278295 -0.960496     15.598497 15.598497 4.781293
378.490143 249.973740     488.937500 72.718750 59.289062     -0.861701 -0.507416 0.507416 -0.861701     23.202903 23.202903 1.446820
389.210266 78.873833     77.628906 8.548828 36.996094     -0.394370 -0.918952 0.918952 -0.394370     21.366312 21.366312 1.599402
389.210266 78.873833     476.890625 57.156250 79.308594     -0.394370 -0.918952 0.918952 -0.394370     21.366312 21.366312 5.139513
363.679413 292.818176     18.320312 -3.757812 41.406250     0.067595 -0.997713 0.997713 0.067595     17.918942 17.918942 1.716394
363.679413 292.818176     16.394043 0.564453 69.082031     0.067595 -0.997713 0.997713 0.067595     17.918942 17.918942 4.977178
141.886185 247.951218     1309.265625 609.966797 370.224121     -0.929406 0.369058 -0.369058 -0.929406     13.876937 13.876937 3.835297
439.375549 175.868896     104.893066 12.966797 77.523438     0.340990 -0.940067 0.940067 0.340990     31.415894 31.415894 0.896139
439.375549 175.868896     143.875000 11.463257 4.902598     0.340990 -0.940067 0.940067 0.340990     31.415894 31.415894 4.258322
391.105835 348.919220     1332.906250 610.330078 366.959229     0.370173 -0.928963 0.928963 0.370173     19.959039 19.959039 5.633963
440.551178 121.709160     392.218750 -47.368652 22.109394     0.047655 -0.998864 0.998864 0.047655     13.119374 13.119374 1.524143
440.551178 121.709160     6.171875 -3.601562 104.880859     0.047655 -0.998864 0.998864 0.047655     13.119374 13.119374 4.564576
342.802673 161.445328     326.846191 34.023438 69.902344     -0.868905 0.494979 -0.494979 -0.868905     28.753302 28.753302 0.703353
342.802673 161.445328     27.187500 15.035156 43.051758     -0.868905 0.494979 -0.494979 -0.868905     28.753302 28.753302 3.492710
328.309906 276.086273     1332.453125 624.248047 385.427979     -0.777596 -0.628764 0.628764 -0.777596     22.858702 22.858702 4.512213
328.309906 276.086273     7.023438 -5.179688 115.544922     -0.777596 -0.628764 0.628764 -0.777596     22.858702 22.858702 5.579092
389.125977 78.917320     11.003662 -9.771484 317.175781     -0.477480 -0.878643 0.878643 -0.477480     21.884476 21.884476 1.753275
389.125977 78.917320     27.843750 15.878906 52.868408     -0.477480 -0.878643 0.878643 -0.477480     21.884476 21.884476 5.172708
398.003662 303.461548     1358.937500 632.642578 396.815430     -0.280757 -0.959779 0.959779 -0.280757     13.040137 13.040137 0.990338
398.003662 303.461548     21.812500 5.632812 101.570312     -0.280757 -0.959779 0.959779 -0.280757     13.040137 13.040137 4.685588
495.019043 134.623810     1377.718750 697.656250 515.079590     -0.787178 0.616725 -0.616725 -0.787178     18.383916 18.383916 3.997739
378.353760 249.717392     60.656250 30.296875 43.339844     -0.856165 -0.516703 0.516703 -0.856165     23.188686 23.188686 1.424163
379.936218 147.624771     357.107910 19.958984 190.570312     0.122721 -0.992441 0.992441 0.122721     19.399510 19.399510 0.832151
490.464569 136.326767     24.843750 11.015625 114.720703     -0.909524 0.415652 -0.415652 -0.909524     18.613939 18.613939 2.440066
362.034119 291.822540     77.226562 32.757812 42.554688     -0.753613 -0.657318 0.657318 -0.753613     20.355218 20.355218 2.582706
376.784637 250.746246     304.484375 -31.734375 12.753906     -0.891622 -0.452780 0.452780 -0.891622     30.605401 30.605401 1.420446
355.172485 375.186493     28.187500 -35.753906 184.986328     0.339821 -0.940490 0.940490 0.339821     20.892368 20.892368 2.483952
355.172485 375.186493     22.316406 7.660156 34.484375     0.339821 -0.940490 0.940490 0.339821     20.892368 20.892368 4.536569
430.976624 318.638947     1408.312500 677.937500 526.007324     -0.957842 -0.287297 0.287297 -0.957842     18.489719 18.489719 1.461868
378.160339 109.752190     28.078125 0.576172 142.327148     0.148945 -0.988845 0.988845 0.148945     12.699520 12.699520 0.893271
413.671814 251.200775     361.260254 1.349609 229.851562     -0.975544 -0.219803 0.219803 -0.975544     12.514603 12.514603 4.697448
391.542999 349.267822     325.625000 73.062500 616.445312     0.389804 -0.920898 0.920898 0.389804     20.977713 20.977713 5.627502
399.748688 78.126541     23.898438 7.171875 35.015625     -0.987829 0.155543 -0.155543 -0.987829     30.347215 30.347215 1.837626
399.748688 78.126541     2901.031250 85.891602 222.462585     -0.987829 0.155543 -0.155543 -0.987829     30.347215 30.347215 4.789832
484.133942 137.747025     40.421875 6.882812 135.005859     -0.898311 0.439360 -0.439360 -0.898311     25.232079 25.232079 2.524945
484.133942 137.747025     83.414062 -11.921875 140.941406     -0.898311 0.439360 -0.439360 -0.898311     25.232079 25.232079 3.632079
383.308258 405.696747     589.146973 96.464844 261.746094     -0.991674 -0.128778 0.128778 -0.991674     19.041108 19.041108 1.304408
383.308258 405.696747     154.257812 18.148438 14.113281     -0.991674 -0.128778 0.128778 -0.991674     19.041108 19.041108 4.765732
406.029205 76.390511     359.500000 113.953125 577.972656     -0.985908 0.167289 -0.167289 -0.985908     32.068085 32.068085 4.753731
521.086975 219.188400     22.304688 1.121094 38.383789     -0.206021 -0.978548 0.978548 -0.206021     19.876445 19.876445 3.812398
344.152893 262.933899     83.359375 -27.132812 195.093750     -0.978853 -0.204566 0.204566 -0.978853     15.165751 15.165751 4.636484
359.283600 155.692505     32.390625 -13.882812 31.226562     -0.882240 0.470800 -0.470800 -0.882240     41.938886 41.938886 0.804412
359.283600 155.692505     606.968750 89.859375 38.031250     -0.882240 0.470800 -0.470800 -0.882240     41.938886 41.938886 5.006491
414.096313 310.004486     389.421875 121.945312 555.347656     -0.842527 -0.538653 0.538653 -0.842527     31.016848 31.016848 1.327478
370.401337 189.214050     219.988281 15.031250 12.292969     -0.864818 0.502085 -0.502085 -0.864818     16.972791 16.972791 1.977993
112.839508 235.527771     4203.187500 -370.550781 641.485229     0.492294 -0.870429 0.870429 0.492294     21.837508 21.837508 0.919331
112.839508 235.527771     156.812500 22.312500 17.138672     0.492294 -0.870429 0.870429 0.492294     21.837508 21.837508 4.120351
440.645020 119.748619     42.402344 13.609375 39.542969     -0.050398 -0.998729 0.998729 -0.050398     22.112998 22.112998 0.561355
440.645020 119.748619     4537.593750 -1419.771484 2968.935791     -0.050398 -0.998729 0.998729 -0.050398     22.112998 22.112998 4.539330
340.423187 281.729492     41.351562 4.074219 150.626953     -0.885089 -0.465423 0.465423 -0.885089     23.513179 23.513179 4.641941
137.604172 225.687500     93.250000 -22.140625 202.585938     -0.911676 -0.410909 0.410909 -0.911676     17.494086 17.494086 2.333142
137.604172 225.687500     407.808594 6.492188 29.273438     -0.911676 -0.410909 0.410909 -0.911676     17.494086 17.494086 5.465837
406.307556 74.787773     820.890625 126.140625 100.765625     -0.995616 0.093540 -0.093540 -0.995616     39.137542 39.137542 4.759184
309.532776 191.232422     25.148438 -1.376953 40.659668     -0.995859 0.090907 -0.090907 -0.995859     32.789609 32.789609 6.262436
485.035034 136.733154     172.867188 -25.687500 191.218750     -0.880490 0.474064 -0.474064 -0.880490     29.041170 29.041170 2.627616
485.035034 136.733154     55.171875 -19.039062 30.705078     -0.880490 0.474064 -0.474064 -0.880490     29.041170 29.041170 3.745927
399.798889 286.030823     38.500000 -7.593750 44.394531     -0.582553 -0.812793 0.812793 -0.582553     41.764236 41.764236 1.169737
521.177002 219.191742     2738.023438 109.695312 257.367188     -0.163283 -0.986579 0.986579 -0.163283     20.091781 20.091781 3.768225
414.910950 250.012726     4635.687500 -1477.451172 3424.146973     -0.974496 -0.224404 0.224404 -0.974496     16.574849 16.574849 2.523058
414.910950 250.012726     41.367188 2.785156 200.476562     -0.974496 -0.224404 0.224404 -0.974496     16.574849 16.574849 3.455516
369.988434 189.939301     832.062500 99.375000 107.515625     -0.838524 0.544865 -0.544865 -0.838524     18.813089 18.813089 2.076820
412.204437 204.583740     143.296875 -100.578125 128.852539     -0.933340 -0.358995 0.358995 -0.933340     18.607596 18.607596 4.706268
515.962952 219.246918     29.546875 23.203125 129.531250     -0.827557 -0.561381 0.561381 -0.827557     34.927478 34.927478 1.350035
515.962952 219.246918     181.085938 11.347656 42.855469     -0.827557 -0.561381 0.561381 -0.827557     34.927478 34.927478 4.776684
405.920135 205.148087     11.640625 2.828125 79.718750     -0.999748 0.022461 -0.022461 -0.999748     23.196866 23.196866 4.814046
411.000000 175.565567     858.453125 117.296875 122.101562     0.208510 -0.978020 0.978020 0.208510     19.014341 19.014341 0.866631
484.187073 137.434174     38.671875 -1.328125 158.796875     -0.885918 0.463843 -0.463843 -0.885918     28.709069 28.709069 2.563697
484.187073 137.434174     4693.125000 -1735.843750 3798.249512     -0.885918 0.463843 -0.463843 -0.885918     28.709069 28.709069 3.723239
401.309143 204.759705     367.367188 -46.929688 246.312500     -0.999508 -0.031370 0.031370 -0.999508     22.538380 22.538380 4.804540
376.267029 188.872604     88.734375 30.953125 63.718750     -0.933597 0.358324 -0.358324 -0.933597     21.078332 21.078332 1.875985
376.267029 188.872604     351.226562 -19.011719 54.335938     -0.933597 0.358324 -0.358324 -0.933597     21.078332 21.078332 4.918759
345.059509 283.325409     295.382812 132.703125 65.343750     -0.904764 -0.425914 0.425914 -0.904764     24.500710 24.500710 4.621235
369.427521 321.802979     324.984375 -11.867188 48.703125     0.230495 -0.973073 0.973073 0.230495     19.782503 19.782503 2.578579
369.427521 321.802979     60.843750 -13.953125 31.726562     0.230495 -0.973073 0.973073 0.230495     19.782503 19.782503 3.136717
484.826080 137.973541     506.531250 222.291016 190.696777     -0.887506 0.460796 -0.460796 -0.887506     29.717739 29.717739 2.602923
484.826080 137.973541     44.531250 -0.875000 217.662109     -0.887506 0.460796 -0.460796 -0.887506     29.717739 29.717739 4.075467
399.285431 206.013870     9.312500 6.304688 60.000000     -0.999782 -0.020865 0.020865 -0.999782     25.025756 25.025756 1.543653
399.285431 206.013870     997.109375 33.203125 151.625000     -0.999782 -0.020865 0.020865 -0.999782     25.025756 25.025756 4.790069
465.266541 147.828964     136.765625 3.203125 74.375000     -0.882518 0.470279 -0.470279 -0.882518     30.917818 30.917818 1.483566
465.266541 147.828964     9.687500 -1.406250 47.632812     -0.882518 0.470279 -0.470279 -0.882518     30.917818 30.917818 4.347741
401.589111 207.158310     2819.568359 112.488281 275.371094     -0.995552 -0.094211 0.094211 -0.995552     29.209842 29.209842 1.309084
401.589111 207.158310     395.054688 -30.429688 63.718750     -0.995552 -0.094211 0.094211 -0.995552     29.209842 29.209842 4.779629
343.763428 262.720428     7049.890625 -3939.707031 5638.339844     -0.970555 -0.240881 0.240881 -0.970555     16.228642 16.228642 4.610981
369.402954 321.917633     11.343750 7.406250 64.226562     0.196094 -0.980585 0.980585 0.196094     20.906573 20.906573 3.192854
404.866669 208.576035     67.062500 -15.976562 42.441406     -0.986713 -0.162475 0.162475 -0.986713     30.953654 30.953654 1.651539
404.866669 208.576035     381.312500 -27.765625 67.250000     -0.986713 -0.162475 0.162475 -0.986713     30.953654 30.953654 4.790308
139.277664 223.605820     7316.203125 -4733.226562 7690.479492     -0.980236 -0.197834 0.197834 -0.980236     26.725131 26.725131 2.779511
139.277664 223.605820     90.765625 -21.148438 222.109375     -0.980236 -0.197834 0.197834 -0.980236     26.725131 26.725131 5.789006
404.502045 211.113190     375.593750 -136.593750 57.896484     -0.990218 -0.139527 0.139527 -0.990218     37.985697 37.985697 1.582781
404.502045 211.113190     496.984375 150.070312 1053.127930     -0.990218 -0.139527 0.139527 -0.990218     37.985697 37.985697 4.825623
340.408081 230.316177     67.750000 -15.390625 45.625000     0.156716 -0.987644 0.987644 0.156716     18.944966 18.944966 2.379853
69.112404 208.658920     14.828125 -0.984375 63.378906     -0.010711 -0.999943 0.999943 -0.010711     18.216941 18.216941 5.170081
480.226288 62.654434     3566.907227 136.705078 273.035156     -0.865410 -0.501065 0.501065 -0.865410     40.207167 40.207167 1.946718
480.226288 62.654434     15.687500 12.117188 74.511719     -0.865410 -0.501065 0.501065 -0.865410     40.207167 40.207167 4.516715
77.562843 211.945358     136.156250 4.796875 73.531250     -0.920872 -0.389865 0.389865 -0.920872     34.068752 34.068752 1.603001
77.562843 211.945358     336.578125 -28.367188 107.015625     -0.920872 -0.389865 0.389865 -0.920872     34.068752 34.068752 2.298165
464.728333 56.045277     9196.468750 -4899.968750 7670.989258     -0.897209 -0.441606 0.441606 -0.897209     37.649341 37.649341 4.696598
77.135468 213.363770     68.125000 -15.320312 50.078125     -0.928949 -0.370207 0.370207 -0.928949     38.278017 38.278017 1.594086
77.135468 213.363770     142.796875 3.203125 95.156250     -0.928949 -0.370207 0.370207 -0.928949     38.278017 38.278017 2.466792
462.905273 55.419300     138.468750 5.640625 332.765625     -0.900150 -0.435579 0.435579 -0.900150     38.083639 38.083639 4.658421
273.714996 167.585007     111.437500 -95.468750 253.261719     0.036414 -0.999337 0.999337 0.036414     11.059971 11.059971 4.597347
85.224197 214.286346     68.953125 54.062500 154.203125     -0.991634 -0.129083 0.129083 -0.991634     36.412047 36.412047 1.591714
85.224197 214.286346     383.648438 -34.039062 104.609375     -0.991634 -0.129083 0.129083 -0.991634     36.412047 36.412047 4.691243
400.267944 51.220097     19260.343750 -7294.871094 7820.826172     -0.516422 -0.856334 0.856334 -0.516422     19.155616 19.155616 1.018782
400.267944 51.220097     59.761635 -46.006050 124.443527     -0.516422 -0.856334 0.856334 -0.516422     19.155616 19.155616 2.063719
461.864868 54.912560     551.390625 -279.046875 474.578125     -0.895640 -0.444780 0.444780 -0.895640     39.080883 39.080883 4.638892
273.911774 167.747894     18145.109375 -6685.945312 9130.158203     0.047567 -0.998868 0.998868 0.047567     11.714507 11.714507 4.639564
61.067192 214.075104     103.393951 -79.994186 237.586365     0.031866 -0.999492 0.999492 0.031866     14.714465 14.714465 1.838875
61.067192 214.075104     444.265625 -37.484375 121.937500     0.031866 -0.999492 0.999492 0.031866     14.714465 14.714465 4.513248
399.991943 50.552418     61.844780 56.070801 211.015625     -0.436507 -0.899701 0.899701 -0.436507     20.194824 20.194824 2.025554
399.991943 50.552418     13.445312 -40.437500 422.015625     -0.436507 -0.899701 0.899701 -0.436507     20.194824 20.194824 3.911172
461.174011 55.081818     169.023651 -132.770691 437.363647     -0.895903 -0.444249 0.444249 -0.895903     41.023702 41.023702 4.620274
276.324188 169.651093     19124.375000 -7045.566406 14240.632812     -0.070102 -0.997540 0.997540 -0.070102     20.825158 20.825158 4.031603
276.324188 169.651093     23.492188 -4.468750 17.859375     -0.070102 -0.997540 0.997540 -0.070102     20.825158 20.825158 4.707501
462.537445 57.592178     137.510406 191.855957 1078.312500     -0.873458 -0.486899 0.486899 -0.873458     50.548279 50.548279 1.976925
462.537445 57.592178     29421.234375 -3339.242188 15366.072266     -0.873458 -0.486899 0.486899 -0.873458     50.548279 50.548279 4.604033
357.467133 221.200699     39115.859375 -7831.707031 18342.058594     -0.798367 -0.602172 0.602172 -0.798367     20.368794 20.368794 0.961448
357.467133 221.200699     38990.187500 -7766.230469 18823.433594     -0.798367 -0.602172 0.602172 -0.798367     20.368794 20.368794 1.405693
80.415932 217.100769     48.613281 -3.853516 27.689453     -0.993090 -0.117356 0.117356 -0.993090     61.735621 61.735621 1.484575
80.415932 217.100769     8.453125 2.187500 114.562500     -0.993090 -0.117356 0.117356 -0.993090     61.735621 61.735621 1.832605
461.307678 80.495193     56.355469 -0.617188 28.300781     0.074827 -0.997197 0.997197 0.074827     15.637261 15.637261 0.210851
461.307678 80.495193     37925.976562 -7583.953125 19257.136719     0.074827 -0.997197 0.997197 0.074827     15.637261 15.637261 1.628825
399.901825 50.119999     12.265625 1.109375 139.796875     -0.383286 -0.923630 0.923630 -0.383286     20.469939 20.469939 1.584155
399.901825 50.119999     59.695312 16.015625 64.468750     -0.383286 -0.923630 0.923630 -0.383286     20.469939 20.469939 1.952501
276.752747 170.902863     66.753906 -1.167969 33.257812     -0.119904 -0.992785 0.992785 -0.119904     21.820746 21.820746 4.080334
356.643951 221.204330     58.078125 14.781250 60.773438     -0.856666 -0.515872 0.515872 -0.856666     21.500581 21.500581 1.321614
356.643951 221.204330     19.375000 -2.765625 186.031250     -0.856666 -0.515872 0.515872 -0.856666     21.500581 21.500581 4.475233
434.256866 239.417435     23.906250 -3.640625 199.234375     -0.994269 0.106906 -0.106906 -0.994269     13.753930 13.753930 1.721703
434.256866 239.417435     71.976562 20.968750 61.945312     -0.994269 0.106906 -0.106906 -0.994269     13.753930 13.753930 4.246392
464.084167 69.675743     71.828125 113.921875 224.468750     0.212308 -0.977203 0.977203 0.212308     20.334612 20.334612 1.611349
218.360168 217.131363     24.679688 -2.921875 23.546875     -0.434776 -0.900539 0.900539 -0.434776     19.416923 19.416923 1.940516
459.612640 57.293121     76.203125 20.375000 61.968750     -0.879038 -0.476751 0.476751 -0.879038     56.622164 56.622164 2.021836
338.649109 72.478073     87.812500 19.703125 62.750000     -0.166559 -0.986032 0.986032 -0.166559     21.100743 21.100743 0.443579
338.649109 72.478073     65.035156 1.554688 36.039062     -0.166559 -0.986032 0.986032 -0.166559     21.100743 21.100743 1.611818
467.014648 69.224388     103.539062 20.429688 61.835938     0.241320 -0.970446 0.970446 0.241320     30.486071 30.486071 1.207742
467.014648 69.224388     60.031250 2.281250 10.687500     0.241320 -0.970446 0.970446 0.241320     30.486071 30.486071 1.486591
401.014465 45.303616     72.843750 -8.375000 28.015625     -0.005043 -0.999987 0.999987 -0.005043     23.843724 23.843724 1.588808
401.014465 45.303616     149.968750 8.968750 41.921875     -0.005043 -0.999987 0.999987 -0.005043     23.843724 23.843724 4.713846
81.457664 215.700043     181.250000 -2.500000 42.062500     -0.999947 -0.010269 0.010269 -0.999947     68.221796 68.221796 0.689613
81.457664 215.700043     36.437500 3.281250 16.054688     -0.999947 -0.010269 0.010269 -0.999947     68.221796 68.221796 1.656081
435.439117 213.003693     83.093750 6.343750 18.742188     -0.230709 -0.973023 0.973023 -0.230709     79.013324 79.013324 0.712304
435.439117 213.003693     181.937500 -7.437500 46.328125     -0.230709 -0.973023 0.973023 -0.230709     79.013324 79.013324 1.399776
218.519226 216.861542     5.562500 -23.703125 196.281250     -0.440114 -0.897942 0.897942 -0.440114     20.316509 20.316509 1.972203
278.683868 172.054779     151.218750 12.109375 25.312500     -0.072199 -0.997390 0.997390 -0.072199     28.433321 28.433321 0.742109
278.683868 172.054779     617.718750 -845.171875 1717.578125     -0.072199 -0.997390 0.997390 -0.072199     28.433321 28.433321 4.027737
353.728943 226.217453     36.812500 119.250000 408.203125     0.195201 -0.980763 0.980763 0.195201     40.510314 40.510314 0.213284
353.728943 226.217453     199.750000 -9.750000 64.468750     0.195201 -0.980763 0.980763 0.195201     40.510314 40.510314 1.571456
406.969849 326.783569     632.468750 -887.890625 1803.656250     -0.987355 -0.158522 0.158522 -0.987355     19.050125 19.050125 1.555277
85.706757 217.495544     223.562500 -17.375000 70.718750     -0.964765 -0.263114 0.263114 -0.964765     69.047929 69.047929 1.284004
85.706757 217.495544     71.625000 289.203125 1334.914062     -0.964765 -0.263114 0.263114 -0.964765     69.047929 69.047929 1.548097
340.522522 180.716217     4.281250 -8.156250 118.742188     -0.991983 -0.126375 0.126375 -0.991983     15.458818 15.458818 1.560748
340.522522 180.716217     21.031250 17.337891 49.461426     -0.991983 -0.126375 0.126375 -0.991983     15.458818 15.458818 4.779176
438.290680 215.013885     38.125000 27.070312 92.242188     -0.392423 -0.919785 0.919785 -0.392423     79.343348 79.343348 0.853946
438.290680 215.013885     236.062500 -63.020508 146.044769     -0.392423 -0.919785 0.919785 -0.392423     79.343348 79.343348 1.432029
338.500000 72.775192     74.523438 -18.906250 311.308594     -0.069222 -0.997601 0.997601 -0.069222     21.215435 21.215435 1.694701
338.500000 72.775192     210.656250 -72.421875 575.803833     -0.069222 -0.997601 0.997601 -0.069222     21.215435 21.215435 6.409014
353.074738 228.561859     9241.085938 1731.929688 21370.792969     0.224137 -0.974558 0.974558 0.224137     39.517876 39.517876 0.161009
353.074738 228.561859     28.974609 12.824219 45.242188     0.224137 -0.974558 0.974558 0.224137     39.517876 39.517876 1.595037
403.222656 228.320312     754.562500 -725.828125 1454.312500     -0.721764 0.692139 -0.692139 -0.721764     19.046000 19.046000 0.947865
403.222656 228.320312     263.187500 -92.533203 692.853271     -0.721764 0.692139 -0.692139 -0.721764     19.046000 19.046000 1.388773
407.161774 326.622559     17.603516 -17.476562 56.203125     -0.988321 -0.152387 0.152387 -0.988321     22.126118 22.126118 1.548794
440.116638 215.798813     286.125000 -83.822266 996.308594     -0.467709 -0.883882 0.883882 -0.467709     81.111684 81.111684 0.886400
440.116638 215.798813     50.789062 44.398438 125.792969     -0.467709 -0.883882 0.883882 -0.467709     81.111684 81.111684 1.432623
184.142181 217.819901     24.906250 13.609375 22.664062     -0.997418 -0.071811 0.071811 -0.997418     15.067120 15.067120 4.767864
340.794342 180.995972     27.456940 -17.943886 41.894127     -0.988070 -0.154007 0.154007 -0.988070     16.632299 16.632299 1.552704
220.151169 216.976746     80.472656 61.773438 130.746094     -0.743127 -0.669150 0.669150 -0.743127     23.507232 23.507232 2.251044
278.946014 172.009445     412.968750 -160.806641 1491.206055     -0.037206 -0.999308 0.999308 -0.037206     28.884206 28.884206 0.699028
278.946014 172.009445     850.187500 -757.109375 1718.843750     -0.037206 -0.999308 0.999308 -0.037206     28.884206 28.884206 4.009502
352.274078 227.915070     215.585938 108.425781 130.867188     0.191220 -0.981547 0.981547 0.191220     42.437807 42.437807 0.180995
352.274078 227.915070     465.968750 -222.703125 1774.528320     0.191220 -0.981547 0.981547 0.191220     42.437807 42.437807 1.661240
206.426620 217.341293     12780.359375 2717.828125 20384.761719     -0.999853 -0.017143 0.017143 -0.999853     24.300885 24.300885 4.816249
411.315094 324.166046     38.765625 25.023438 95.351562     -0.985840 -0.167688 0.167688 -0.985840     40.075147 40.075147 1.547115
88.483437 217.593735     117.781693 -56.681763 192.186829     -0.962552 -0.271098 0.271098 -0.962552     72.415524 72.415524 1.401968
88.483437 217.593735     616.187500 -367.519531 2134.048828     -0.962552 -0.271098 0.271098 -0.962552     72.415524 72.415524 1.862576
338.761230 72.681664     72.531250 31.875000 132.234375     0.087743 -0.996143 0.996143 0.087743     22.512215 22.512215 0.168385
338.761230 72.681664     220.673828 103.148438 126.253906     0.087743 -0.996143 0.996143 0.087743     22.512215 22.512215 0.960094
430.971832 412.934265     232.736145 -95.545471 356.474792     -0.790159 -0.612902 0.612902 -0.790159     25.944095 25.944095 1.103467
341.334351 179.910217     44.187500 -12.906250 19.855469     -0.995842 -0.091095 0.091095 -0.995842     25.978215 25.978215 1.686761
341.334351 179.910217     113.750000 90.250000 493.296875     -0.995842 -0.091095 0.091095 -0.995842     25.978215 25.978215 4.786253
354.531128 227.309372     27.000000 39.484375 155.500000     0.576025 -0.817432 0.817432 0.576025     55.982211 55.982211 0.965929
354.531128 227.309372     314.158508 -147.330017 705.703979     0.576025 -0.817432 0.817432 0.576025     55.982211 55.982211 1.383450
478.206482 95.911507     353.395508 -65.927734 14.515625     -0.877659 0.479286 -0.479286 -0.877659     20.278941 20.278941 4.854162
478.206482 95.911507     125.281250 43.187500 746.140625     -0.877659 0.479286 -0.479286 -0.877659     20.278941 20.278941 5.299146
402.413696 227.318451     54.218750 75.429688 191.265625     0.564880 -0.825173 0.825173 0.564880     25.968403 25.968403 0.940035
110.032570 217.413132     326.388672 97.312500 109.722656     -0.999028 -0.044091 0.044091 -0.999028     71.509783 71.509783 4.697309
278.963806 174.272629     374.469727 -69.123047 15.476562     -0.017497 -0.999847 0.999847 -0.017497     28.925743 28.925743 4.680981
411.189972 324.998474     366.944702 -157.392822 1377.339600     -0.991054 -0.133463 0.133463 -0.991054     43.659986 43.659986 1.569410
475.073822 104.936241     13.312500 17.343750 134.152344     -0.731991 0.681314 -0.681314 -0.731991     26.712576 26.712576 5.046001
339.671478 72.726227     314.174194 134.289062 114.437500     0.612720 -0.790300 0.790300 0.612720     27.437664 27.437664 0.434332
339.671478 72.726227     303.161377 122.851562 108.765625     0.612720 -0.790300 0.790300 0.612720     27.437664 27.437664 0.988831
349.851837 225.924530     37.889160 26.884766 44.257812     -0.978580 -0.205868 0.205868 -0.978580     63.523090 63.523090 2.758893
349.851837 225.924530     357.605469 93.935547 104.730469     -0.978580 -0.205868 0.205868 -0.978580     63.523090 63.523090 3.319705
364.110626 330.694702     399.059937 -390.434814 3000.131836     -0.215568 -0.976489 0.976489 -0.215568     22.239563 22.239563 0.575149
364.110626 330.694702     33.660156 -27.726562 44.539062     -0.215568 -0.976489 0.976489 -0.215568     22.239563 22.239563 1.633909
341.190704 180.242050     370.654297 -68.992188 15.812500     -0.996692 -0.081277 0.081277 -0.996692     29.139058 29.139058 1.691575
341.190704 180.242050     398.316833 -420.354980 4033.158203     -0.996692 -0.081277 0.081277 -0.996692     29.139058 29.139058 3.560463
413.066345 416.862549     24.020588 7.237793 41.585938     -0.041435 -0.999141 0.999141 -0.041435     15.275721 15.275721 1.625418
410.825317 323.998627     417.052673 -534.572510 5813.555664     -0.988133 -0.153601 0.153601 -0.988133     45.862105 45.862105 1.562789
366.035706 328.207794     7.915039 48.254883 350.095520     0.011054 -0.999939 0.999939 0.011054     27.978709 27.978709 1.860285
366.035706 328.207794     957.891602 161.685547 103.988281     0.011054 -0.999939 0.999939 0.011054     27.978709 27.978709 4.677625
351.855255 223.850479     12.687500 -14.093750 106.476562     -0.946119 0.323819 -0.323819 -0.946119     68.283007 68.283007 3.861073
351.855255 223.850479     16.848633 110.117188 797.298218     -0.946119 0.323819 -0.323819 -0.946119     68.283007 68.283007 4.693268
430.868042 412.725708     25.274902 166.325195 1191.474121     -0.829053 -0.559171 0.559171 -0.829053     29.454147 29.454147 1.115010
350.155029 178.537704     402.638672 -84.136719 23.843750     -0.997973 0.063646 -0.063646 -0.997973     32.798627 32.798627 1.728427
350.155029 178.537704     45.485352 306.789062 2209.342285     -0.997973 0.063646 -0.063646 -0.997973     32.798627 32.798627 4.829998
352.119843 275.623962     47.822754 315.795898 2261.672852     -0.909660 -0.415353 0.415353 -0.909660     9.808735 9.808735 4.644162
316.794861 363.641022     16.149414 4.368408 265.910797     -0.999082 0.042835 -0.042835 -0.999082     31.239960 31.239960 4.779850
520.609680 249.284897     47.796387 310.465332 2275.823242     -0.927890 0.372854 -0.372854 -0.927890     22.998382 22.998382 1.895668
520.609680 249.284897     49.745117 32.175781 33.234375     -0.927890 0.372854 -0.372854 -0.927890     22.998382 22.998382 4.099801
346.355835 79.506493     25.464844 20.148438 48.375000     -0.888578 -0.458725 0.458725 -0.888578     39.214587 39.214587 4.568667
278.872650 173.890427     57.130859 36.832031 38.906250     0.005054 -0.999987 0.999987 0.005054     30.027792 30.027792 4.666336
536.629150 220.770828     23.687500 19.636719 52.875000     -0.121607 -0.992578 0.992578 -0.121607     13.150531 13.150531 4.898653
396.783691 325.576538     71.354492 45.640625 47.406250     -0.999232 -0.039181 0.039181 -0.999232     55.172841 55.172841 1.607723
423.295746 414.308685     93.166992 20.578125 57.156250     -0.998692 -0.051138 0.051138 -0.998692     38.765609 38.765609 1.581854
486.688995 227.358856     22.808594 19.019531 56.636719     0.036984 -0.999316 0.999316 0.036984     13.968464 13.968464 1.600946
486.688995 227.358856     50.308594 -9.515625 17.285156     0.036984 -0.999316 0.999316 0.036984     13.968464 13.968464 1.952181
110.750671 217.030380     54.695312 -8.699219 17.433594     -0.999028 -0.044085 0.044085 -0.999028     73.998291 73.998291 4.696155
309.666168 364.815399     0.906250 9.855469 445.781250     -0.995878 0.090702 -0.090702 -0.995878     35.130935 35.130935 4.800835
536.860229 220.806458     485.794922 -52.628906 83.468750     -0.136127 -0.990691 0.990691 -0.136127     14.460403 14.460403 4.904981
521.456116 248.901321     143.937500 -63.496094 52.636719     -0.897319 0.441384 -0.441384 -0.897319     26.463163 26.463163 4.107454
308.772095 364.718231     616.780273 -74.058594 88.484375     -0.996174 0.087392 -0.087392 -0.996174     36.228267 36.228267 4.804765
276.365387 173.032547     26.628906 7.878906 45.308594     0.155143 -0.987892 0.987892 0.155143     42.080263 42.080263 1.479387
276.365387 173.032547     30.843750 10.570312 64.484375     0.155143 -0.987892 0.987892 0.155143     42.080263 42.080263 4.639055
444.636078 160.190170     303.767578 67.718750 433.863281     -0.937609 0.347690 -0.347690 -0.937609     12.111561 12.111561 3.797039
444.636078 160.190170     570.305664 -117.837891 2191.687500     -0.937609 0.347690 -0.347690 -0.937609     12.111561 12.111561 4.789432
347.347015 96.515564     7601.359375 -744.703125 485.476562     -0.244926 -0.969542 0.969542 -0.244926     96.417007 96.417007 4.324704
521.630981 248.952377     151.218750 -82.523438 83.136719     -0.889846 0.456260 -0.456260 -0.889846     27.642457 27.642457 3.840471
521.630981 248.952377     33.847656 15.738281 62.119141     -0.889846 0.456260 -0.456260 -0.889846     27.642457 27.642457 4.080299
487.057831 226.476196     26.492188 14.960938 61.716797     0.020263 -0.999795 0.999795 0.020263     17.316626 17.316626 1.585744
487.057831 226.476196     872.115234 -97.937500 90.351562     0.020263 -0.999795 0.999795 0.020263     17.316626 17.316626 1.943846
117.626198 216.934616     304.115234 -4.113281 178.820312     -0.999143 -0.041396 0.041396 -0.999143     73.581708 73.581708 4.695641
537.008789 221.377197     112.406250 17.398438 228.371094     -0.194154 -0.980971 0.980971 -0.194154     16.404496 16.404496 1.129010
537.008789 221.377197     146.234375 -57.031250 134.113281     -0.194154 -0.980971 0.980971 -0.194154     16.404496 16.404496 4.890939
423.004761 414.133118     54.101562 0.226562 82.044922     -0.997113 -0.075933 0.075933 -0.997113     38.491695 38.491695 1.555134
307.614960 366.928406     59.671875 -89.046875 459.054688     -0.992671 0.120847 -0.120847 -0.992671     45.794487 45.794487 4.836337
522.019531 248.567383     343.218750 6.578125 180.718750     -0.868188 0.496236 -0.496236 -0.868188     28.926773 28.926773 2.665080
522.019531 248.567383     624.775391 -142.980469 2230.695312     -0.868188 0.496236 -0.496236 -0.868188     28.926773 28.926773 3.914348
421.918823 415.658508     6572.921875 -3522.937500 7233.660156     -0.997767 -0.066785 0.066785 -0.997767     43.847149 43.847149 1.569472
527.967590 237.384079     138.953125 -55.316406 189.378906     0.466620 -0.884458 0.884458 0.466620     31.863638 31.863638 1.477141
527.669861 236.866547     1513.264648 -135.601562 92.109375     0.449287 -0.893388 0.893388 0.449287     35.838217 35.838217 1.487759
375.262848 381.398865     352.021484 63.914062 471.894531     -0.436381 -0.899762 0.899762 -0.436381     29.416734 29.416734 0.872651
375.262848 381.398865     248.621094 -58.304688 20.406250     -0.436381 -0.899762 0.899762 -0.436381     29.416734 29.416734 4.150990
308.742432 365.989624     364.839844 95.628906 1174.250000     -0.992851 0.119364 -0.119364 -0.992851     45.116192 45.116192 4.843213
306.447418 364.884735     57.015625 -79.062500 448.292969     -0.993479 0.114013 -0.114013 -0.993479     48.807008 48.807008 4.824958
332.634308 449.574432     56.410156 0.160156 118.666016     0.097555 -0.995230 0.995230 0.097555     13.856449 13.856449 1.560246
348.219818 402.724152     102.906250 -39.468750 29.796875     -0.875553 0.483122 -0.483122 -0.875553     17.655582 17.655582 0.808536
348.219818 402.724152     8.656250 15.273438 178.013672     -0.875553 0.483122 -0.483122 -0.875553     17.655582 17.655582 3.953321
185.307190 174.016342     25.335938 -17.066406 192.871094     -0.984472 0.175544 -0.175544 -0.984472     23.383691 23.383691 3.722432
431.358368 463.552032     29.929688 52.148438 101.628906     -0.020602 -0.999788 0.999788 -0.020602     13.048485 13.048485 1.558621
431.358368 463.552032     33.585938 5.070312 17.294922     -0.020602 -0.999788 0.999788 -0.020602     13.048485 13.048485 3.614566
186.615936 174.659424     43.710938 -92.007812 1531.695312     -0.999758 0.021983 -0.021983 -0.999758     23.933575 23.933575 3.627670
186.615936 174.659424     9.470703 26.240234 1913.457031     -0.999758 0.021983 -0.021983 -0.999758     23.933575 23.933575 5.858610
432.546997 461.615387     73.027344 -127.621094 633.648438     -0.008698 -0.999962 0.999962 -0.008698     15.753841 15.753841 1.572705
432.546997 461.615387     116.046875 -21.406250 702.535156     -0.008698 -0.999962 0.999962 -0.008698     15.753841 15.753841 3.546810
277.322968 313.754669     13.269531 14.031250 1905.496094     -0.652918 -0.757429 0.757429 -0.652918     30.483819 30.483819 2.518680
277.322968 313.754669     29600.843750 -4199.375000 7318.398438     -0.652918 -0.757429 0.757429 -0.652918     30.483819 30.483819 5.178010
187.954987 174.651657     51.664062 78.003906 284.091797     -0.999394 0.034805 -0.034805 -0.999394     25.935439 25.935439 3.536880
277.929108 313.904633     134.031250 -35.218750 40.828125     -0.674242 -0.738511 0.738511 -0.674242     30.046801 30.046801 2.487711
277.929108 313.904633     139.445312 -42.398438 239.246094     -0.674242 -0.738511 0.738511 -0.674242     30.046801 30.046801 5.178087
434.392181 458.542694     131.910156 -54.050781 1639.351562     0.016588 -0.999862 0.999862 0.016588     19.784202 19.784202 1.554673
434.392181 458.542694     119.781250 27.812500 283.679688     0.016588 -0.999862 0.999862 0.016588     19.784202 19.784202 4.044917
435.272156 457.748108     211.949219 269.332031 2301.449219     0.020751 -0.999785 0.999785 0.020751     21.967508 21.967508 1.596205
435.272156 457.748108     141.000000 -40.406250 47.296875     0.020751 -0.999785 0.999785 0.020751     21.967508 21.967508 3.448576
278.929474 314.192932     43.585938 -90.742188 1507.230469     -0.785058 -0.619422 0.619422 -0.785058     30.321010 30.321010 2.682111
278.929474 314.192932     30135.257812 -3505.265625 6982.449219     -0.785058 -0.619422 0.619422 -0.785058     30.321010 30.321010 5.305370
490.270264 351.411407     35.812500 5.093750 17.253906     -0.470861 -0.882207 0.882207 -0.470861     14.941400 14.941400 1.454198
215.834747 359.368652     144.281250 -29.519531 240.175781     -0.771462 0.636275 -0.636275 -0.771462     20.688754 20.688754 0.717543
279.555359 314.142578     144.250000 -41.781250 52.156250     -0.815405 -0.578891 0.578891 -0.815405     31.015302 31.015302 5.339107
216.352066 359.573029     10.320312 24.476562 128.277344     -0.925467 0.378829 -0.378829 -0.925467     22.347318 22.347318 6.366356
216.921051 359.467102     154.320312 -54.214844 299.683594     -0.970654 0.240479 -0.240479 -0.970654     22.679184 22.679184 1.606055
216.921051 359.467102     124.656250 51.601562 328.187500     -0.970654 0.240479 -0.240479 -0.970654     22.679184 22.679184 6.296546
280.346649 314.054321     147.250000 -40.750000 81.828125     -0.876544 -0.481322 0.481322 -0.876544     32.428350 32.428350 5.420056
220.471985 359.982758     61.703125 82.121094 116.341797     -0.998574 -0.053388 0.053388 -0.998574     26.983474 26.983474 1.623423
220.471985 359.982758     60.484375 -110.171875 1596.769531     -0.998574 -0.053388 0.053388 -0.998574     26.983474 26.983474 3.463767
281.580139 314.063843     210.062500 271.542969 2326.832031     -0.925823 -0.377958 0.377958 -0.925823     32.913347 32.913347 3.135906
281.580139 314.063843     30582.296875 -3606.757812 7636.800781     -0.925823 -0.377958 0.377958 -0.925823     32.913347 32.913347 5.483106
589.038940 361.505829     30343.406250 -3553.648438 8945.226562     0.121513 -0.992590 0.992590 0.121513     7.340314 7.340314 2.826567
589.038940 361.505829     214.656250 34.640625 52.277344     0.121513 -0.992590 0.992590 0.121513     7.340314 7.340314 5.102288
588.936890 361.787384     182.851562 1.960938 71.265625     0.111319 -0.993785 0.993785 0.111319     7.352483 7.352483 2.955290
588.936890 361.787384     47.890625 -64.714844 100.554688     0.111319 -0.993785 0.993785 0.111319     7.352483 7.352483 5.095167
569.545105 281.953064     30684.328125 -1931.671875 10960.480469     -0.281570 -0.959541 0.959541 -0.281570     6.070072 6.070072 1.562084
572.197571 299.635437     331.890625 -76.726562 104.278320     -0.206798 -0.978384 0.978384 -0.206798     11.719926 11.719926 1.548750
572.532776 301.086884     129.546875 67.117188 363.093750     -0.213039 -0.977044 0.977044 -0.213039     13.170332 13.170332 1.537656
548.381165 349.584167     135.595734 -29.689453 27.515625     0.070722 -0.997496 0.997496 0.070722     8.659401 8.659401 5.474263
