1.0
905
505.160278 322.892334     58.078125 -13.484375 37.117188     -0.898240 0.439505 -0.439505 -0.898240     24.859944 24.859944 2.064010
547.704651 325.860748     34.468750 10.343750 17.554688     -0.903595 -0.428388 0.428388 -0.903595     16.005574 16.005574 0.483178
605.816101 335.712891     69.406250 15.375000 17.070312     -0.964933 -0.262496 0.262496 -0.964933     16.154796 16.154796 4.603502
567.358948 332.290588     23.406250 -11.000000 40.203125     0.443372 -0.896338 0.896338 0.443372     19.073374 19.073374 4.458033
573.330200 316.503143     78.437500 10.218750 12.757812     -0.988646 -0.150265 0.150265 -0.988646     15.063013 15.063013 3.068920
544.096985 320.371704     64.281250 47.234375 70.820312     -0.682256 -0.731114 0.731114 -0.682256     20.226679 20.226679 2.107191
509.575775 319.984741     80.687500 -7.640625 107.656250     0.254915 -0.966963 0.966963 0.254915     39.914073 39.914073 1.475939
509.575775 319.984741     262.875000 63.796875 107.539062     0.254915 -0.966963 0.966963 0.254915     39.914073 39.914073 6.196401
563.018127 324.825104     864.875000 98.921875 117.742188     -0.941471 -0.337094 0.337094 -0.941471     41.413831 41.413831 2.728400
541.918457 323.053558     82.375000 28.734375 72.031250     -0.991635 -0.129070 0.129070 -0.991635     46.081982 46.081982 1.597597
605.467773 338.716492     14.593750 2.031250 22.000000     -0.767184 -0.641427 0.641427 -0.767184     31.179194 31.179194 5.551278
555.405518 326.452393     17.218750 2.218750 50.601562     -0.981182 -0.193083 0.193083 -0.981182     46.000453 46.000453 1.578085
555.405518 326.452393     1726.906250 242.984375 156.984375     -0.981182 -0.193083 0.193083 -0.981182     46.000453 46.000453 4.655732
565.521606 327.886261     25.859375 2.671875 15.046875     -0.988757 -0.149534 0.149534 -0.988757     49.343619 49.343619 4.665611
461.530792 343.881531     16.468750 -12.265625 36.453125     0.404250 -0.914649 0.914649 0.404250     12.957166 12.957166 1.493747
461.530792 343.881531     32.507812 4.046875 16.171875     0.404250 -0.914649 0.914649 0.404250     12.957166 12.957166 4.602839
615.791138 371.906677     101.515625 21.640625 23.031250     0.143559 -0.989642 0.989642 0.143559     15.064023 15.064023 2.894795
615.791138 371.906677     39.906250 6.156250 17.968750     0.143559 -0.989642 0.989642 0.143559     15.064023 15.064023 4.724999
348.792358 380.423737     23.296875 -17.078125 39.578125     -0.973779 -0.227497 0.227497 -0.973779     17.089732 17.089732 1.723767
348.792358 380.423737     52.484375 -103.843750 239.265625     -0.973779 -0.227497 0.227497 -0.973779     17.089732 17.089732 6.378362
461.785706 343.621857     100.656250 18.578125 23.218750     0.429188 -0.903215 0.903215 0.429188     14.678833 14.678833 1.453261
461.785706 343.621857     46.593750 7.156250 23.750000     0.429188 -0.903215 0.903215 0.429188     14.678833 14.678833 4.568196
348.612305 380.442017     1823.031250 193.515625 180.250000     -0.973666 -0.227981 0.227981 -0.973666     17.558255 17.558255 1.715140
433.319824 356.567566     52.437500 -105.015625 245.968750     -0.968420 -0.249325 0.249325 -0.968420     18.803194 18.803194 4.707450
348.523224 380.430328     32.703125 -22.578125 46.140625     -0.967481 -0.252943 0.252943 -0.967481     18.200945 18.200945 1.678616
462.703003 342.909760     25.000000 6.906250 31.734375     0.533720 -0.845661 0.845661 0.533720     15.921612 15.921612 1.362927
462.703003 342.909760     120.765625 -2.687500 36.367188     0.533720 -0.845661 0.845661 0.533720     15.921612 15.921612 4.486189
397.111603 406.227478     12.968750 -4.078125 34.328125     0.407006 -0.913426 0.913426 0.407006     11.217106 11.217106 1.565912
397.111603 406.227478     10.875000 -9.015625 33.898438     0.407006 -0.913426 0.913426 0.407006     11.217106 11.217106 4.709696
433.634552 356.574310     51.851562 8.078125 26.859375     -0.975086 -0.221827 0.221827 -0.975086     19.611081 19.611081 4.742914
348.851105 380.781647     52.421875 -101.312500 788.343750     -0.961096 -0.276214 0.276214 -0.961096     20.959245 20.959245 1.663649
564.401306 328.583710     26.187500 8.281250 35.765625     -0.993316 -0.115430 0.115430 -0.993316     56.521534 56.521534 4.677541
397.260376 406.188690     86.296875 -15.078125 671.406250     0.401479 -0.915868 0.915868 0.401479     11.386892 11.386892 1.569866
397.260376 406.188690     52.703125 8.953125 34.656250     0.401479 -0.915868 0.915868 0.401479     11.386892 11.386892 4.697147
463.413788 342.504700     88.906250 -62.546875 918.250000     0.597822 -0.801629 0.801629 0.597822     17.924058 17.924058 1.318397
463.413788 342.504700     40.968750 -24.656250 46.640625     0.597822 -0.801629 0.801629 0.597822     17.924058 17.924058 5.647661
537.898560 442.608704     16.625000 17.031250 38.265625     -0.529980 -0.848010 0.848010 -0.529980     20.465757 20.465757 2.130142
432.284698 357.725983     227.171875 -451.414062 926.882812     -0.999494 0.031795 -0.031795 -0.999494     27.105430 27.105430 1.804881
432.284698 357.725983     116.406250 -4.312500 34.804688     -0.999494 0.031795 -0.031795 -0.999494     27.105430 27.105430 4.837717
615.638550 372.012054     34.484375 30.531250 35.828125     0.181375 -0.983414 0.983414 0.181375     15.728516 15.728516 2.828352
615.638550 372.012054     28.500000 8.218750 38.171875     0.181375 -0.983414 0.983414 0.181375     15.728516 15.728516 4.709869
385.057983 357.623199     108.421875 -109.015625 938.281250     0.326121 -0.945328 0.945328 0.326121     12.539408 12.539408 0.158172
385.057983 357.623199     10.187500 11.796875 43.265625     0.326121 -0.945328 0.945328 0.326121     12.539408 12.539408 4.711472
349.059723 380.840698     73.101562 -1.093750 48.296875     -0.959115 -0.283017 0.283017 -0.959115     22.262800 22.262800 1.673426
400.395233 378.607941     15.156250 -5.546875 36.265625     0.133935 -0.990990 0.990990 0.133935     28.004758 28.004758 1.527952
400.395233 378.607941     281.421875 -588.429688 1275.242188     0.133935 -0.990990 0.990990 0.133935     28.004758 28.004758 4.759030
537.695251 442.798279     14.296875 15.968750 37.812500     -0.499691 -0.866204 0.866204 -0.499691     20.822048 20.822048 2.070654
396.504547 373.555542     12.562500 12.578125 41.406250     0.025744 -0.999669 0.999669 0.025744     41.709095 41.709095 0.902028
396.504547 373.555542     23.781250 20.390625 51.687500     0.025744 -0.999669 0.999669 0.025744     41.709095 41.709095 3.586955
349.341949 380.429413     98.250000 -105.171875 1005.609375     -0.924626 -0.380876 0.380876 -0.924626     25.042102 25.042102 1.586156
395.536865 379.194702     54.296875 -11.054688 70.593750     0.074783 -0.997200 0.997200 0.074783     41.296091 41.296091 1.490308
395.536865 379.194702     31.875000 7.843750 38.500000     0.074783 -0.997200 0.997200 0.074783     41.296091 41.296091 3.973501
463.997223 342.236115     18.984375 19.171875 42.546875     0.665483 -0.746413 0.746413 0.665483     19.607755 19.607755 5.565187
440.275238 461.275238     49.125000 -26.953125 47.750000     -0.481535 -0.876427 0.876427 -0.481535     12.131266 12.131266 4.942625
333.137848 350.991241     36.515625 22.968750 44.984375     0.440124 -0.897937 0.897937 0.440124     10.940949 10.940949 1.519470
333.137848 350.991241     37.734375 33.437500 40.375000     0.440124 -0.897937 0.897937 0.440124     10.940949 10.940949 4.735737
431.946899 358.008850     9.625000 9.703125 42.687500     -0.998614 0.052628 -0.052628 -0.998614     26.461153 26.461153 4.930193
466.822113 462.538452     120.921875 -5.984375 35.671875     -0.699285 -0.714843 0.714843 -0.699285     9.669879 9.669879 4.949071
537.671631 442.932831     57.671875 36.375000 57.343750     -0.496423 -0.868081 0.868081 -0.496423     21.953359 21.953359 2.052066
396.964935 376.747070     78.429688 -4.265625 55.500000     0.128110 -0.991760 0.991760 0.128110     43.707916 43.707916 0.904635
396.964935 376.747070     276.867188 -566.312500 1213.796875     0.128110 -0.991760 0.991760 0.128110     43.707916 43.707916 1.534299
533.620850 461.383881     95.781250 -147.625000 1301.875000     -0.304858 -0.952398 0.952398 -0.304858     11.394312 11.394312 4.870444
351.086487 378.746582     56.453125 -7.054688 71.468750     -0.999033 0.043967 -0.043967 -0.999033     31.257591 31.257591 2.046275
351.086487 378.746582     100.781250 0.343750 54.031250     -0.999033 0.043967 -0.043967 -0.999033     31.257591 31.257591 5.013113
615.848938 371.856110     27.343750 -6.890625 123.640625     0.239581 -0.970876 0.970876 0.239581     16.709163 16.709163 2.739780
615.848938 371.856110     16.296875 17.968750 41.906250     0.239581 -0.970876 0.970876 0.239581     16.709163 16.709163 4.673685
337.325714 343.068481     14.562500 10.890625 52.718750     0.421194 -0.906971 0.906971 0.421194     12.852401 12.852401 1.544062
337.325714 343.068481     29.945312 -26.312500 69.609375     0.421194 -0.906971 0.906971 0.421194     12.852401 12.852401 4.718251
492.339905 461.807892     33.085938 -23.109375 48.312500     -0.451156 -0.892445 0.892445 -0.451156     11.226781 11.226781 1.793123
415.200012 460.928558     301.460938 -599.921875 1254.835938     -0.350972 -0.936386 0.936386 -0.350972     12.606451 12.606451 3.141417
415.200012 460.928558     17.156250 -7.562500 42.171875     -0.350972 -0.936386 0.936386 -0.350972     12.606451 12.606451 4.831492
373.142853 457.074677     28.937500 -21.046875 64.984375     -0.466514 -0.884514 0.884514 -0.466514     16.241658 16.241658 1.931943
373.142853 457.074677     115.953125 -9.125000 44.078125     -0.466514 -0.884514 0.884514 -0.466514     16.241658 16.241658 5.056867
397.515320 370.612671     30.703125 43.132812 93.437500     0.113652 -0.993521 0.993521 0.113652     41.784400 41.784400 3.992499
397.515320 370.612671     44.125000 7.250000 12.250000     0.113652 -0.993521 0.993521 0.113652     41.784400 41.784400 4.730107
364.784973 347.474396     55.718750 -8.140625 112.039062     0.450924 -0.892562 0.892562 0.450924     31.407301 31.407301 6.234325
537.423828 443.052979     142.812500 -170.671875 1209.859375     -0.552702 -0.833379 0.833379 -0.552702     23.240650 23.240650 2.101538
440.351227 461.107452     18.156250 -4.476562 42.835938     -0.488080 -0.872799 0.872799 -0.488080     12.935611 12.935611 4.945420
464.882355 341.985291     55.906250 33.500000 48.703125     -0.716065 0.698033 -0.698033 -0.716065     20.853802 20.853802 2.364834
466.813263 462.535278     27.976562 -8.375000 31.421875     -0.693017 -0.720921 0.720921 -0.693017     10.640507 10.640507 4.952797
554.908630 460.245178     67.343750 -28.234375 60.859375     -0.262282 -0.964991 0.964991 -0.262282     11.895426 11.895426 4.810408
431.225006 358.570007     60.343750 36.156250 59.937500     -0.997569 0.069686 -0.069686 -0.997569     26.718723 26.718723 4.920966
375.067200 458.061829     8.343750 6.468750 35.390625     -0.708700 -0.705510 0.705510 -0.708700     20.686516 20.686516 0.982357
375.067200 458.061829     31.578125 -21.531250 66.062500     -0.708700 -0.705510 0.705510 -0.708700     20.686516 20.686516 3.921296
351.595947 378.185150     42.734375 36.453125 43.218750     -0.984183 0.177156 -0.177156 -0.984183     33.291538 33.291538 2.166117
338.536530 342.013855     40.218750 -24.500000 47.593750     0.425793 -0.904820 0.904820 0.425793     14.491132 14.491132 1.535473
338.536530 342.013855     110.921875 -11.203125 53.859375     0.425793 -0.904820 0.904820 0.425793     14.491132 14.491132 4.726250
397.516846 370.879211     43.906250 25.531250 47.312500     0.119751 -0.992804 0.992804 0.119751     39.736540 39.736540 4.732662
364.887268 347.517334     47.875000 22.187500 33.125000     0.368269 -0.929719 0.929719 0.368269     32.963448 32.963448 6.375232
469.896271 343.923462     29.828125 3.171875 54.656250     -0.999973 -0.007352 0.007352 -0.999973     33.076905 33.076905 1.828971
469.896271 343.923462     24.312500 -15.781250 58.273438     -0.999973 -0.007352 0.007352 -0.999973     33.076905 33.076905 5.006431
535.660156 451.112091     8.968750 -7.484375 50.015625     0.071014 -0.997475 0.997475 0.071014     23.319026 23.319026 1.535689
492.115570 461.457764     81.093750 -0.984375 78.500000     -0.458076 -0.888913 0.888913 -0.458076     11.937476 11.937476 1.814971
355.914886 457.464539     7.656250 -2.859375 50.812500     -0.256455 -0.966556 0.966556 -0.256455     15.374537 15.374537 1.711761
331.661804 445.363647     113.156250 -29.828125 75.773438     0.446153 -0.894957 0.894957 0.446153     18.459893 18.459893 4.695259
340.333710 339.231903     30.429688 -8.656250 32.656250     0.434681 -0.900585 0.900585 0.434681     15.523131 15.523131 1.513557
340.333710 339.231903     110.218750 31.781250 113.640625     0.434681 -0.900585 0.900585 0.434681     15.523131 15.523131 4.690129
615.650513 372.291260     701.765625 -331.914062 160.316406     0.268568 -0.963261 0.963261 0.268568     17.456140 17.456140 2.660284
615.650513 372.291260     59.625000 39.187500 81.921875     0.268568 -0.963261 0.963261 0.268568     17.456140 17.456140 4.653883
331.151062 444.848938     73.687500 -31.937500 59.203125     0.418065 -0.908417 0.908417 0.418065     19.744418 19.744418 4.731981
431.074615 357.908325     301.640625 -608.710938 1296.304688     -0.992281 0.124009 -0.124009 -0.992281     29.487103 29.487103 1.741593
431.074615 357.908325     28.390625 -0.070312 66.039062     -0.992281 0.124009 -0.124009 -0.992281     29.487103 29.487103 4.965584
289.467651 329.442780     189.835938 -84.437500 42.718750     -0.453792 -0.891108 0.891108 -0.453792     13.302017 13.302017 1.279628
603.191895 436.752777     43.390625 -15.664062 16.375000     -0.977303 -0.211844 0.211844 -0.977303     14.705062 14.705062 1.439111
603.191895 436.752777     53.015625 -17.250000 66.234375     -0.977303 -0.211844 0.211844 -0.977303     14.705062 14.705062 4.597065
364.940033 345.901367     42.968750 -22.921875 44.765625     0.140242 -0.990117 0.990117 0.140242     33.240869 33.240869 0.508561
395.089081 372.646149     81.937500 1.015625 79.375000     0.154187 -0.988042 0.988042 0.154187     48.503798 48.503798 1.449734
395.089081 372.646149     16.484375 16.593750 44.453125     0.154187 -0.988042 0.988042 0.154187     48.503798 48.503798 4.630646
411.471008 297.623199     26.343750 -12.484375 26.906250     0.173127 -0.984899 0.984899 0.173127     18.754449 18.754449 0.367285
411.471008 297.623199     133.671875 -25.320312 10.134766     0.173127 -0.984899 0.984899 0.173127     18.754449 18.754449 4.711691
438.233612 310.504089     102.140625 -2.406250 54.796875     0.591094 -0.806603 0.806603 0.591094     15.733513 15.733513 1.383797
438.233612 310.504089     42.953125 7.460938 10.265625     0.591094 -0.806603 0.806603 0.591094     15.733513 15.733513 4.542892
349.703552 404.086945     46.375000 24.906250 42.343750     0.631873 -0.775072 0.775072 0.631873     20.694564 20.694564 1.291758
349.703552 404.086945     94.601562 -13.265625 61.625000     0.631873 -0.775072 0.775072 0.631873     20.694564 20.694564 2.791368
607.660400 431.094330     439.679688 -45.140625 8.412109     -0.746352 0.665552 -0.665552 -0.746352     26.880352 26.880352 1.040318
607.660400 431.094330     1683.390625 -404.726562 109.230469     -0.746352 0.665552 -0.665552 -0.746352     26.880352 26.880352 2.016578
401.635010 459.179993     294.523438 -387.195312 1256.757812     -0.221238 -0.975220 0.975220 -0.221238     11.800176 11.800176 1.053279
401.635010 459.179993     19.031250 -9.828125 47.281250     -0.221238 -0.975220 0.975220 -0.221238     11.800176 11.800176 1.713247
330.761780 444.973816     54.250000 -7.515625 59.195312     0.432969 -0.901409 0.901409 0.432969     20.737198 20.737198 4.723252
467.390320 463.085510     62.546875 36.656250 50.875000     -0.704754 -0.709452 0.709452 -0.704754     11.492751 11.492751 4.981719
431.452118 357.204987     185.515625 -2.722656 9.250977     -0.982551 0.185993 -0.185993 -0.982551     32.368319 32.368319 2.070152
431.452118 357.204987     304.468750 -27.277344 26.548828     -0.982551 0.185993 -0.185993 -0.982551     32.368319 32.368319 5.108993
410.605682 299.236603     123.250000 -35.765625 20.234375     0.365719 -0.930725 0.930725 0.365719     19.150882 19.150882 4.549955
410.605682 299.236603     341.257812 -139.953125 58.632812     0.365719 -0.930725 0.930725 0.365719     19.150882 19.150882 6.281705
520.541870 384.482758     455.500000 -229.890625 2040.703125     0.173954 -0.984754 0.984754 0.173954     12.443662 12.443662 6.295493
546.287109 388.039612     309.238281 -170.195312 97.734375     0.065825 -0.997831 0.997831 0.065825     12.297128 12.297128 1.511792
546.287109 388.039612     494.968750 -154.953125 134.523438     0.065825 -0.997831 0.997831 0.065825     12.297128 12.297128 4.805807
432.817444 355.297699     462.687500 -125.664062 35.189453     -0.874927 0.484254 -0.484254 -0.874927     34.642459 34.642459 2.248614
432.817444 355.297699     562.531250 -217.851562 85.070312     -0.874927 0.484254 -0.484254 -0.874927     34.642459 34.642459 5.437238
381.002960 371.868744     117.218750 -33.398438 25.359375     0.069726 -0.997566 0.997566 0.069726     97.050252 97.050252 1.324975
381.002960 371.868744     468.578125 -191.882812 79.390625     0.069726 -0.997566 0.997566 0.069726     97.050252 97.050252 3.884039
349.398590 403.992889     167.500000 -76.593750 39.968750     0.660470 -0.750853 0.750853 0.660470     21.494472 21.494472 1.292103
349.398590 403.992889     106.718750 -25.906250 97.421875     0.660470 -0.750853 0.750853 0.660470     21.494472 21.494472 2.785066
370.577454 255.164993     186.429688 -135.203125 185.062500     -0.903344 0.428917 -0.428917 -0.903344     7.421803 7.421803 1.651828
327.131836 445.903961     351.656250 -144.867188 61.613281     -0.781392 0.624041 -0.624041 -0.781392     26.122096 26.122096 1.241803
327.131836 445.903961     1871.953125 -458.000000 117.785156     -0.781392 0.624041 -0.624041 -0.781392     26.122096 26.122096 5.291844
340.514557 339.042114     1074.015625 -469.554688 212.175781     0.428543 -0.903521 0.903521 0.428543     16.179210 16.179210 1.482756
340.514557 339.042114     527.437500 -228.984375 100.765625     0.428543 -0.903521 0.903521 0.428543     16.179210 16.179210 4.682790
381.795624 297.500000     76.500000 28.046875 23.484375     0.001868 -0.999998 0.999998 0.001868     23.977229 23.977229 1.636163
381.795624 297.500000     31.125000 -23.109375 46.062500     0.001868 -0.999998 0.999998 0.001868     23.977229 23.977229 1.974779
335.311462 289.118042     13.218750 14.218750 46.234375     -0.910182 0.414208 -0.414208 -0.910182     9.323486 9.323486 1.582313
335.311462 289.118042     30.906250 43.125000 96.125000     -0.910182 0.414208 -0.414208 -0.910182     9.323486 9.323486 4.827643
320.028351 342.566803     31.218750 -44.234375 196.218750     -0.909137 0.416498 -0.416498 -0.909137     13.648367 13.648367 2.139496
492.305206 461.457825     277.656250 -14.402344 3.995117     -0.421649 -0.906759 0.906759 -0.421649     13.324991 13.324991 1.818094
540.088501 357.986725     4495.109375 -1231.031250 344.000000     0.699099 -0.715025 0.715025 0.699099     16.919915 16.919915 4.401496
394.270538 176.671494     626.046875 -272.210938 133.734375     -0.981141 0.193291 -0.193291 -0.981141     10.208658 10.208658 2.770933
394.270538 176.671494     75.953125 -17.375000 64.476562     -0.981141 0.193291 -0.193291 -0.981141     10.208658 10.208658 3.109643
364.003204 160.217041     8.187500 -13.781250 57.171875     -0.962188 0.272388 -0.272388 -0.962188     10.160672 10.160672 1.592791
520.795532 383.906677     8.250000 -4.984375 61.281250     0.177857 -0.984056 0.984056 0.177857     13.073411 13.073411 6.284280
470.143066 343.790771     48.250000 25.984375 49.078125     -0.998718 0.050629 -0.050629 -0.998718     33.274112 33.274112 1.887499
470.143066 343.790771     185.031250 -2.582031 20.543945     -0.998718 0.050629 -0.050629 -0.998718     33.274112 33.274112 5.067631
376.168213 313.976624     3679.953125 -409.203125 658.828125     -0.977163 -0.212491 0.212491 -0.977163     13.229687 13.229687 1.694357
376.168213 313.976624     1438.031250 -632.265625 304.726562     -0.977163 -0.212491 0.212491 -0.977163     13.229687 13.229687 4.839258
324.052704 444.312073     5395.546875 -2997.000000 2851.816406     -0.943169 0.332312 -0.332312 -0.943169     33.959662 33.959662 5.363643
341.649536 127.200935     1921.406250 332.593750 653.718750     -0.994682 0.102997 -0.102997 -0.994682     8.700161 8.700161 1.586025
424.539154 170.324860     107.359375 -31.234375 100.179688     -0.971935 0.235251 -0.235251 -0.971935     15.106161 15.106161 1.582207
574.652466 413.460999     171.204590 -5.658203 4.386719     -0.916854 -0.399224 0.399224 -0.916854     14.153052 14.153052 4.547783
335.748291 327.859192     71.687500 -29.781250 31.140625     0.332380 -0.943146 0.943146 0.332380     56.576582 56.576582 1.361930
335.748291 327.859192     9.265625 7.515625 40.703125     0.332380 -0.943146 0.943146 0.332380     56.576582 56.576582 4.248957
615.222900 372.697937     227.437500 50.093750 49.734375     0.299291 -0.954162 0.954162 0.299291     17.970991 17.970991 2.603156
615.222900 372.697937     342.265625 -187.726562 109.484375     0.299291 -0.954162 0.954162 0.299291     17.970991 17.970991 4.634232
384.029755 296.657745     132.421875 -2.476562 16.631348     0.586292 -0.810100 0.810100 0.586292     31.439103 31.439103 0.991592
384.029755 296.657745     634.906250 -180.953125 58.250000     0.586292 -0.810100 0.810100 0.586292     31.439103 31.439103 1.530737
567.092834 430.485229     457.109375 -211.171875 2025.546875     -0.980509 -0.196476 0.196476 -0.980509     9.916717 9.916717 1.533500
398.531464 107.881119     27.312500 -54.750000 372.218750     -0.999881 0.015441 -0.015441 -0.999881     13.655799 13.655799 2.157811
365.708557 114.139999     74.890625 -40.031250 26.281250     -0.995307 0.096764 -0.096764 -0.995307     21.998010 21.998010 1.659276
365.708557 114.139999     580.199219 -288.757812 145.171875     -0.995307 0.096764 -0.096764 -0.995307     21.998010 21.998010 2.364736
410.762848 299.397156     1918.312500 534.140625 1048.359375     0.417873 -0.908505 0.908505 0.417873     20.030285 20.030285 4.507231
563.005554 330.256195     97.062500 1.671875 89.156250     -0.994572 -0.104048 0.104048 -0.994572     66.525278 66.525278 3.250977
563.005554 330.256195     4.570312 24.269531 297.896484     -0.994572 -0.104048 0.104048 -0.994572     66.525278 66.525278 4.663897
521.810791 375.396393     19.125000 6.312500 117.718750     0.136502 -0.990640 0.990640 0.136502     12.052888 12.052888 4.708748
416.577911 236.189865     15.085938 -14.039062 39.406250     -0.922937 0.384950 -0.384950 -0.922937     10.220862 10.220862 1.602242
402.847046 261.062744     37.398438 -4.265625 37.921875     -0.940780 0.339017 -0.339017 -0.940780     10.660749 10.660749 1.450529
402.847046 261.062744     220.531250 12.671875 106.812500     -0.940780 0.339017 -0.339017 -0.940780     10.660749 10.660749 4.776046
462.655609 134.506226     63.773438 19.578125 14.203125     -0.954305 0.298833 -0.298833 -0.954305     13.525966 13.525966 3.136569
462.655609 134.506226     77.062500 51.625000 65.171875     -0.954305 0.298833 -0.298833 -0.954305     13.525966 13.525966 3.854362
346.004333 275.285706     351.721191 -97.810547 34.003906     -0.924802 0.380450 -0.380450 -0.924802     4.629008 4.629008 1.660491
348.623810 403.695923     125.838867 -39.431641 16.562500     0.684989 -0.728553 0.728553 0.684989     24.123712 24.123712 1.286418
348.623810 403.695923     170.554688 -110.156250 206.609375     0.684989 -0.728553 0.728553 0.684989     24.123712 24.123712 2.746996
249.451782 460.954315     215.000000 49.921875 49.437500     -0.874006 0.485916 -0.485916 -0.874006     7.938233 7.938233 1.446072
249.451782 460.954315     89.250000 -45.179688 29.125000     -0.874006 0.485916 -0.485916 -0.874006     7.938233 7.938233 4.864026
364.749512 229.260620     831.046875 -419.875000 214.078125     -0.937621 0.347660 -0.347660 -0.937621     39.504879 39.504879 1.762192
531.690491 161.538101     75.771484 -18.789062 33.683594     -0.964899 0.262623 -0.262623 -0.964899     4.469892 4.469892 2.263048
531.690491 161.538101     48.781250 -6.468750 44.609375     -0.964899 0.262623 -0.262623 -0.964899     4.469892 4.469892 4.213120
544.059082 200.565399     46.429688 61.210938 146.375000     -0.932381 0.361476 -0.361476 -0.932381     3.517914 3.517914 5.453326
429.926483 282.691162     47.093750 2.250000 39.187500     -0.950994 0.309211 -0.309211 -0.950994     17.135520 17.135520 0.890645
429.926483 282.691162     122.906250 -40.882812 21.640625     -0.950994 0.309211 -0.309211 -0.950994     17.135520 17.135520 1.842794
473.048309 260.019318     364.761719 -196.890625 115.765625     -0.925216 0.379441 -0.379441 -0.925216     3.758117 3.758117 4.727539
538.737671 265.144501     136.963867 -43.535156 18.417969     -0.905487 0.424374 -0.424374 -0.905487     9.080256 9.080256 0.257094
538.737671 265.144501     352.783203 -91.437500 34.515625     -0.905487 0.424374 -0.424374 -0.905487     9.080256 9.080256 3.160527
433.715240 355.683441     224.578125 -19.755859 11.164062     -0.767011 0.641634 -0.641634 -0.767011     39.165598 39.165598 2.438189
433.715240 355.683441     50.187500 23.593750 49.515625     -0.767011 0.641634 -0.641634 -0.767011     39.165598 39.165598 5.643519
376.151886 314.367096     107.343750 45.125000 253.953125     -0.971748 -0.236020 0.236020 -0.971748     14.623147 14.623147 1.728691
376.151886 314.367096     364.199585 -62.029785 52.625000     -0.971748 -0.236020 0.236020 -0.971748     14.623147 14.623147 4.851997
441.030823 100.325989     92.187500 -45.156250 29.140625     -0.998657 0.051811 -0.051811 -0.998657     7.576406 7.576406 1.965032
441.030823 100.325989     196.248047 -30.017578 23.457031     -0.998657 0.051811 -0.051811 -0.998657     7.576406 7.576406 2.364215
479.380066 198.819183     325.976562 -134.773438 65.062500     -0.923981 0.382438 -0.382438 -0.923981     5.784716 5.784716 4.384544
417.020966 194.958099     8321.875000 -916.218750 8552.492188     -0.971191 0.238304 -0.238304 -0.971191     10.461391 10.461391 1.572929
432.190887 247.964386     5.351562 28.566406 313.384766     -0.915463 0.402401 -0.402401 -0.915463     10.817061 10.817061 1.543718
455.996796 260.418518     87.335938 -32.500000 102.718750     -0.916969 0.398958 -0.398958 -0.916969     4.800891 4.800891 1.576449
573.907715 413.344604     415.906250 39.359375 50.531250     -0.918391 -0.395673 0.395673 -0.918391     15.194315 15.194315 4.531820
438.578766 310.194153     772.515625 -481.656250 321.531250     0.588418 -0.808557 0.808557 0.588418     17.021322 17.021322 1.362706
438.578766 310.194153     378.406250 -2.398438 10.556152     0.588418 -0.808557 0.808557 0.588418     17.021322 17.021322 5.704507
605.776794 459.811157     913.109375 -459.414062 233.687500     -0.348077 -0.937466 0.937466 -0.348077     12.679618 12.679618 4.901305
289.382874 329.400909     557.573730 -149.947266 140.804688     -0.445455 -0.895304 0.895304 -0.445455     13.833078 13.833078 1.277451
520.501221 377.601440     1146.038086 -327.701172 185.476562     0.243607 -0.969874 0.969874 0.243607     20.178989 20.178989 4.664707
567.810059 430.365601     602.890625 -365.750000 291.515625     -0.981601 -0.190943 0.190943 -0.981601     11.220665 11.220665 1.538790
452.206146 254.720383     349.154297 -143.214844 59.710938     -0.913875 0.405996 -0.405996 -0.913875     6.379781 6.379781 1.570703
442.848602 100.105637     805.000000 -333.984375 173.296875     -0.998626 0.052411 -0.052411 -0.998626     8.099041 8.099041 1.954965
442.848602 100.105637     753.859375 27.157593 16.100895     -0.998626 0.052411 -0.052411 -0.998626     8.099041 8.099041 2.359907
445.670654 186.484192     1471.843750 377.600586 384.226318     -0.964390 0.264484 -0.264484 -0.964390     11.375046 11.375046 1.565844
485.236450 270.440338     156.031250 102.765625 297.000000     -0.913980 0.405759 -0.405759 -0.913980     16.154282 16.154282 1.557885
385.625000 295.742493     898.236816 -126.806641 558.492188     -0.810432 0.585832 -0.585832 -0.810432     32.423990 32.423990 0.893872
385.625000 295.742493     8793.343750 -1207.328125 8705.460938     -0.810432 0.585832 -0.585832 -0.810432     32.423990 32.423990 4.521436
517.609985 409.994995     2138.671875 -99.765625 91.015625     0.253467 -0.967344 0.967344 0.253467     9.626722 9.626722 5.986036
546.268738 388.925110     18.484375 -8.046875 23.812500     0.092772 -0.995687 0.995687 0.092772     12.556200 12.556200 1.514721
546.268738 388.925110     408.462891 -105.033203 48.945312     0.092772 -0.995687 0.995687 0.092772     12.556200 12.556200 4.794256
471.019226 86.800003     50.593750 3.046875 5.703125     -0.999877 0.015692 -0.015692 -0.999877     20.376318 20.376318 2.376718
412.965027 147.550858     38.325684 -21.738281 39.110352     -0.991265 0.131887 -0.131887 -0.991265     110.628986 110.628986 1.604353
473.215332 258.548676     58.019531 -14.043945 23.457520     -0.913075 0.407793 -0.407793 -0.913075     21.272810 21.272810 1.620343
611.461548 384.581726     31.218750 -55.953125 362.968750     0.315938 -0.948780 0.948780 0.315938     20.894423 20.894423 4.655146
446.213684 312.433746     162.742188 -103.343750 208.859375     -0.991331 -0.131388 0.131388 -0.991331     32.949172 32.949172 1.748165
396.159637 255.029037     288.062500 -60.902344 15.830566     -0.833864 0.551971 -0.551971 -0.833864     132.576083 132.576083 1.728615
433.531250 355.908661     888.117188 -386.367188 169.890625     -0.746385 0.665515 -0.665515 -0.746385     38.271048 38.271048 2.449194
433.531250 355.908661     5.453125 29.597656 331.451172     -0.746385 0.665515 -0.665515 -0.746385     38.271048 38.271048 5.597545
377.387085 314.899628     140.328125 -104.203125 228.585938     -0.976768 -0.214300 0.214300 -0.976768     15.134641 15.134641 1.756354
377.387085 314.899628     527.484863 -160.029297 78.960938     -0.976768 -0.214300 0.214300 -0.976768     15.134641 15.134641 4.817056
83.062225 190.431107     61.167969 -15.405273 27.950195     -0.999427 0.033860 -0.033860 -0.999427     9.216788 9.216788 4.699708
562.084656 389.987915     131.484375 -117.437500 315.289062     -0.883949 0.467584 -0.467584 -0.883949     17.651932 17.651932 5.114074
401.626678 459.457764     921.407715 -158.126953 686.824219     -0.221156 -0.975238 0.975238 -0.221156     12.374014 12.374014 1.071244
401.626678 459.457764     296.636719 -87.896484 27.023438     -0.221156 -0.975238 0.975238 -0.221156     12.374014 12.374014 1.716731
250.877548 460.403076     552.005859 -228.658203 97.062500     -0.873768 0.486343 -0.486343 -0.873768     10.057124 10.057124 1.416780
250.877548 460.403076     212.846191 -84.046875 34.750000     -0.873768 0.486343 -0.486343 -0.873768     10.057124 10.057124 4.906065
497.240875 81.120438     1750.902344 -490.937500 233.187500     -0.999772 0.021374 -0.021374 -0.999772     18.322463 18.322463 2.558985
542.408752 168.835983     145.468750 79.375000 372.359375     -0.960991 0.276578 -0.276578 -0.960991     11.178500 11.178500 4.909331
428.274414 142.616119     38.594727 -21.598633 40.784668     -0.986830 0.161759 -0.161759 -0.986830     114.825794 114.825794 1.610485
423.303253 253.455841     41.565430 0.730469 8.062500     -0.895606 0.444848 -0.444848 -0.895606     145.030808 145.030808 1.651087
519.662537 387.828979     513.496582 -151.535156 45.929688     0.153102 -0.988210 0.988210 0.153102     19.527179 19.527179 4.700314
258.513397 470.638397     991.199219 -189.262695 755.238281     -0.871487 0.490419 -0.490419 -0.871487     8.719002 8.719002 1.108540
226.728470 447.417206     2496.937500 -93.984375 89.125000     -0.894894 0.446278 -0.446278 -0.894894     4.868124 4.868124 1.551608
226.728470 447.417206     808.414795 -271.425781 133.296875     -0.894894 0.446278 -0.446278 -0.894894     4.868124 4.868124 4.418223
571.284302 421.196259     275.350586 -159.242188 118.281250     -0.980055 -0.198724 0.198724 -0.980055     42.409306 42.409306 0.623218
571.284302 421.196259     238.650879 -96.474609 41.171875     -0.980055 -0.198724 0.198724 -0.980055     42.409306 42.409306 3.169808
265.584351 179.534973     58.742188 -16.190430 38.041016     -0.081904 -0.996640 0.996640 -0.081904     7.222235 7.222235 3.214802
301.450226 425.095245     132.343750 56.625000 61.843750     0.415503 -0.909592 0.909592 0.415503     13.252381 13.252381 1.445526
348.096954 403.797791     671.599609 -281.275391 120.812500     0.685113 -0.728437 0.728437 0.685113     26.001477 26.001477 1.258234
348.096954 403.797791     315.380859 -86.218750 28.312500     0.685113 -0.728437 0.728437 0.685113     26.001477 26.001477 2.733017
335.321167 419.288330     773.745117 -290.183594 119.296875     -0.944647 -0.328089 0.328089 -0.944647     12.244106 12.244106 1.638041
87.870003 237.087997     432.696289 -261.500000 204.562500     -0.962168 0.272456 -0.272456 -0.962168     11.301187 11.301187 4.727654
540.627747 169.403473     796.161133 -321.066406 140.539062     -0.960793 0.277268 -0.277268 -0.960793     11.958120 11.958120 4.881296
422.829254 395.907318     241.338867 -97.316406 42.906250     0.628280 -0.777988 0.777988 0.628280     15.164121 15.164121 4.455194
90.790794 320.723846     13891.031250 2559.679688 13019.164062     -0.951548 0.307502 -0.307502 -0.951548     8.794923 8.794923 4.793173
219.895691 451.072571     1.539062 5.437500 302.328125     -0.892211 0.451618 -0.451618 -0.892211     5.596208 5.596208 1.555000
103.820984 216.750000     3868.976562 -480.203125 249.125000     -0.934329 0.356412 -0.356412 -0.934329     23.172272 23.172272 4.844918
292.319458 333.291656     41.721191 -20.394531 46.802734     -0.428713 -0.903441 0.903441 -0.428713     18.761855 18.761855 1.204828
346.960205 403.223877     195.068359 23.933594 11.914062     -0.966718 -0.255844 0.255844 -0.966718     27.955118 27.955118 0.297515
346.960205 403.223877     348.163086 -133.714844 59.921875     -0.966718 -0.255844 0.255844 -0.966718     27.955118 27.955118 1.747825
193.322113 452.798065     577.930908 -332.921875 335.281250     -0.942878 0.333138 -0.333138 -0.942878     12.071328 12.071328 2.521578
250.439224 460.711334     3146.015625 -862.921875 685.609375     -0.875911 0.482472 -0.482472 -0.875911     12.169747 12.169747 1.423885
250.439224 460.711334     1058.104736 -290.235352 1617.125000     -0.875911 0.482472 -0.482472 -0.875911     12.169747 12.169747 4.930148
92.727661 172.523407     4124.636719 -496.460938 259.046875     -0.950253 0.311479 -0.311479 -0.950253     9.164751 9.164751 4.710005
86.831871 237.333328     585.491699 -288.792969 397.500000     -0.966193 0.257820 -0.257820 -0.966193     14.312807 14.312807 4.733486
80.801285 190.967941     15.156250 34.195312 346.597656     -0.995814 0.091406 -0.091406 -0.995814     13.760482 13.760482 4.702017
568.210205 412.844666     1501.428711 -333.300781 274.351562     -0.272412 -0.962181 0.962181 -0.272412     43.760734 43.760734 1.732268
568.210205 412.844666     16.601562 -2.867188 95.941406     -0.272412 -0.962181 0.962181 -0.272412     43.760734 43.760734 3.856357
30.617441 206.056259     51.062500 -13.651123 13.077250     -0.982105 0.188332 -0.188332 -0.982105     28.719002 28.719002 1.613097
448.128296 311.465210     45.015625 -18.056152 50.510742     -0.971276 0.237956 -0.237956 -0.971276     33.993687 33.993687 2.082512
448.128296 311.465210     16644.203125 4071.640625 16331.800781     -0.971276 0.237956 -0.237956 -0.971276     33.993687 33.993687 5.224260
378.037628 315.272736     85.822266 32.496094 21.406250     -0.976963 -0.213410 0.213410 -0.976963     15.528097 15.528097 1.735744
378.037628 315.272736     19.296875 -12.164062 148.734375     -0.976963 -0.213410 0.213410 -0.976963     15.528097 15.528097 4.822459
93.077896 174.355789     141.250000 59.718750 64.343750     -0.986055 0.166420 -0.166420 -0.986055     19.298055 19.298055 4.690123
201.075562 448.785889     86.480469 33.812500 22.640625     -0.920735 0.390188 -0.390188 -0.920735     12.686835 12.686835 2.855714
201.075562 448.785889     1254.650879 -242.684570 1656.132812     -0.920735 0.390188 -0.390188 -0.920735     12.686835 12.686835 5.938049
265.334534 178.283630     1303.928711 -602.501953 1422.734375     -0.091568 -0.995799 0.995799 -0.091568     7.428094 7.428094 0.770257
265.334534 178.283630     5701.792969 -446.671875 271.937500     -0.091568 -0.995799 0.995799 -0.091568     7.428094 7.428094 3.326012
342.001373 410.508179     5.640625 28.601562 286.132812     0.620364 -0.784314 0.784314 0.620364     35.327042 35.327042 4.503310
264.052490 451.681335     209.070312 -96.320312 2034.576172     -0.843800 0.536658 -0.536658 -0.843800     17.542439 17.542439 1.481763
563.539612 71.637733     163.750000 57.242188 23.453125     -0.999979 0.006520 -0.006520 -0.999979     14.609772 14.609772 2.258011
218.850433 451.629578     5581.234375 3330.460938 8927.531250     -0.892904 0.450248 -0.450248 -0.892904     6.407490 6.407490 1.556543
81.809242 229.665680     253.703125 -43.906250 14.281250     -0.951761 0.306839 -0.306839 -0.951761     43.270982 43.270982 4.782529
65.062248 193.768600     787.015625 -18.189209 27.544781     -0.955520 0.294926 -0.294926 -0.955520     41.324129 41.324129 4.735621
255.407837 65.003922     3.929688 -4.351562 334.246094     -0.936700 0.350134 -0.350134 -0.936700     16.408436 16.408436 5.363283
470.450775 343.567261     250.867188 -39.468750 14.406250     -0.984679 0.174379 -0.174379 -0.984679     34.678659 34.678659 2.025515
470.450775 343.567261     252.320312 -114.421875 2003.621094     -0.984679 0.174379 -0.174379 -0.984679     34.678659 34.678659 5.150758
109.245003 329.140015     74.375000 -54.628906 70.505371     -0.924878 0.380265 -0.380265 -0.924878     4.094656 4.094656 4.647954
209.503876 450.597534     832.031250 -49.242676 46.615166     -0.918452 0.395532 -0.395532 -0.918452     24.427244 24.427244 4.346651
564.312378 407.675598     836.000000 -62.410645 59.085861     -0.466037 -0.884765 0.884765 -0.466037     45.425697 45.425697 1.659578
564.312378 407.675598     164.523438 58.906250 25.695312     -0.466037 -0.884765 0.884765 -0.466037     45.425697 45.425697 4.197254
422.720520 395.506561     843.359375 -132.574707 148.028839     0.585538 -0.810645 0.810645 0.585538     16.019010 16.019010 4.149820
422.720520 395.506561     47.843750 -7.640625 15.187500     0.585538 -0.810645 0.810645 0.585538     16.019010 16.019010 4.524897
74.204933 325.869080     23.281250 8.562500 33.937500     -0.965250 0.261328 -0.261328 -0.965250     20.379094 20.379094 4.345672
74.204933 325.869080     57.265625 -8.671875 21.421875     -0.965250 0.261328 -0.261328 -0.965250     20.379094 20.379094 4.797883
241.202179 450.076508     60.257812 -19.812500 21.562500     -0.881755 0.471707 -0.471707 -0.881755     5.538819 5.538819 4.590302
563.654053 440.772522     154.375000 -38.664062 27.390625     -0.997725 -0.067410 0.067410 -0.997725     10.550814 10.550814 4.736450
83.327866 70.842621     160.257812 -33.421875 30.523438     0.700698 -0.713458 0.713458 0.700698     18.540981 18.540981 3.299441
83.327866 70.842621     4.804688 3.007812 67.974609     0.700698 -0.713458 0.713458 0.700698     18.540981 18.540981 3.705199
254.919464 64.298660     338.882812 -217.769531 174.117188     -0.942350 0.334630 -0.334630 -0.942350     19.339787 19.339787 5.396946
519.958130 387.600555     102.421875 -27.007812 19.953125     0.161951 -0.986799 0.986799 0.161951     21.124062 21.124062 4.698425
610.777466 57.960365     438.484375 -29.531250 18.562500     -0.977956 0.208809 -0.208809 -0.977956     7.566083 7.566083 4.694206
203.639496 452.413330     1377.623047 -516.539062 258.554688     -0.923265 0.384163 -0.384163 -0.923265     24.188728 24.188728 4.355525
146.870422 456.954926     245.303711 -13.679688 83.296875     -0.916734 0.399499 -0.399499 -0.916734     5.543333 5.543333 4.669435
265.205872 177.000000     48.273438 -61.671875 101.789062     -0.089692 -0.995970 0.995970 -0.089692     7.513410 7.513410 0.318916
265.205872 177.000000     1323.126953 -523.382812 304.523438     -0.089692 -0.995970 0.995970 -0.089692     7.513410 7.513410 0.792577
466.510101 350.275238     2303.294922 -68.390625 351.031250     0.552285 -0.833655 0.833655 0.552285     37.996358 37.996358 4.498222
466.510101 350.275238     73.039062 15.691406 402.113281     0.552285 -0.833655 0.833655 0.552285     37.996358 37.996358 5.595647
69.150726 327.528259     123.242188 -182.031250 300.429688     -0.952367 0.304955 -0.304955 -0.952367     23.691663 23.691663 4.407920
69.150726 327.528259     22.919922 95.313477 622.088867     -0.952367 0.304955 -0.304955 -0.952367     23.691663 23.691663 4.761512
102.074829 346.578217     115.984375 1.636719 474.632812     -0.919768 0.392464 -0.392464 -0.919768     6.018540 6.018540 5.134952
78.603714 304.037140     2156.505859 -32.242188 805.468750     -0.966796 0.255550 -0.255550 -0.966796     6.637551 6.637551 4.731982
254.287003 64.036255     7.750000 30.386719 466.445312     -0.930906 0.365258 -0.365258 -0.930906     21.061567 21.061567 2.419432
254.287003 64.036255     264.148438 -26.414062 8.781250     -0.930906 0.365258 -0.365258 -0.930906     21.061567 21.061567 5.466241
465.715485 354.080231     781.667969 32.119141 732.752930     0.438015 -0.898968 0.898968 0.438015     38.779434 38.779434 1.513399
465.715485 354.080231     9.601562 38.558594 500.464844     0.438015 -0.898968 0.898968 0.438015     38.779434 38.779434 4.125932
72.344498 292.239227     2183.722656 -29.343750 1293.640625     -0.958559 0.284895 -0.284895 -0.958559     4.268100 4.268100 4.802515
109.012459 330.588959     1453.207031 858.972656 3726.593750     -0.938385 0.345593 -0.345593 -0.938385     10.989522 10.989522 4.576075
94.386696 349.551727     2428.488281 -148.195312 1338.406250     -0.923381 0.383885 -0.383885 -0.923381     6.364844 6.364844 5.048639
76.895241 373.038086     75.953125 15.171875 11.671875     -0.929310 0.369301 -0.369301 -0.929310     5.229283 5.229283 4.811445
563.667358 412.056915     7.684082 23.879883 122.125000     -0.300536 -0.953771 0.953771 -0.300536     49.388902 49.388902 1.485696
563.667358 412.056915     66.078125 26.859375 47.312500     -0.300536 -0.953771 0.953771 -0.300536     49.388902 49.388902 4.960504
83.394661 71.192879     2661.835938 -222.484375 1320.625000     0.688973 -0.724787 0.724787 0.688973     19.125438 19.125438 3.244058
83.394661 71.192879     165.421875 35.546875 18.937500     0.688973 -0.724787 0.724787 0.688973     19.125438 19.125438 3.738584
127.440002 259.320007     11.598633 43.922852 221.716797     -0.999763 -0.021788 0.021788 -0.999763     12.764923 12.764923 3.946955
292.393951 333.696960     187.015625 37.671875 19.281250     -0.423140 -0.906064 0.906064 -0.423140     19.181441 19.181441 1.188787
67.013603 293.914978     120.453125 -8.265625 67.578125     -0.958942 0.283603 -0.283603 -0.958942     4.749097 4.749097 4.794990
59.915962 330.697174     13.804199 51.531250 267.056641     -0.943216 0.332179 -0.332179 -0.943216     27.632672 27.632672 4.437558
59.915962 330.697174     207.539062 -28.628906 7631.718750     -0.943216 0.332179 -0.332179 -0.943216     27.632672 27.632672 4.762620
70.613029 304.596436     190.328125 37.812500 20.531250     -0.956549 0.291573 -0.291573 -0.956549     13.720780 13.720780 4.722803
73.177475 399.242310     1.906250 6.705078 229.871338     -0.849209 0.528057 -0.528057 -0.849209     19.749282 19.749282 4.914227
75.141792 373.809692     14.399902 52.309570 274.539062     -0.926084 0.377318 -0.377318 -0.926084     6.145202 6.145202 4.824579
253.945175 63.428200     150.609375 -31.109375 83.203125     -0.877108 0.480293 -0.480293 -0.877108     24.306392 24.306392 2.643156
253.945175 63.428200     1609.750000 982.796875 4304.962891     -0.877108 0.480293 -0.480293 -0.877108     24.306392 24.306392 5.629815
265.195953 177.020172     169.062500 -55.140625 58.046875     -0.093842 -0.995587 0.995587 -0.093842     7.747919 7.747919 0.832424
265.195953 177.020172     2.140625 5.039062 248.749268     -0.093842 -0.995587 0.995587 -0.093842     7.747919 7.747919 3.349786
90.611633 351.039398     24.421875 20.687500 100.734375     -0.921845 0.387559 -0.387559 -0.921845     7.199573 7.199573 4.632018
90.611633 351.039398     259.750000 -12.906250 58.687500     -0.921845 0.387559 -0.387559 -0.921845     7.199573 7.199573 5.038357
43.731117 291.519623     22.031250 22.781250 89.718750     -0.963648 0.267176 -0.267176 -0.963648     9.447786 9.447786 1.580803
43.731117 291.519623     2.718750 6.640625 250.622559     -0.963648 0.267176 -0.267176 -0.963648     9.447786 9.447786 2.577015
65.144508 302.656067     269.843750 -11.781250 61.984375     -0.958989 0.283444 -0.283444 -0.958989     25.189603 25.189603 4.729099
377.190704 316.616150     18.890625 -15.507812 43.226562     -0.997700 -0.067780 0.067780 -0.997700     21.152271 21.152271 1.854762
377.190704 316.616150     96.062500 -3.625000 76.296875     -0.997700 -0.067780 0.067780 -0.997700     21.152271 21.152271 3.851424
106.501053 332.678284     19.650879 59.866211 311.433594     -0.934929 0.354836 -0.354836 -0.934929     13.621594 13.621594 4.551569
136.491180 260.808838     35.953125 10.125000 106.359375     -0.991319 -0.131482 0.131482 -0.991319     12.123099 12.123099 1.334988
136.491180 260.808838     141.140625 -38.656250 159.328125     -0.991319 -0.131482 0.131482 -0.991319     12.123099 12.123099 4.167294
55.237347 332.208435     3.828125 8.986328 245.182617     -0.945264 0.326306 -0.326306 -0.945264     29.103491 29.103491 4.454910
55.237347 332.208435     5.281250 10.126953 230.979980     -0.945264 0.326306 -0.326306 -0.945264     29.103491 29.103491 4.773155
69.877663 398.354248     1633.515625 961.380859 5063.154297     -0.836606 0.547805 -0.547805 -0.836606     25.980992 25.980992 4.930915
86.908745 353.709747     24.972656 72.291016 521.404297     -0.925856 0.377877 -0.377877 -0.925856     13.869693 13.869693 5.142115
75.272728 374.027557     295.390625 -35.750000 78.312500     -0.925718 0.378213 -0.378213 -0.925718     7.982206 7.982206 4.872791
72.633484 449.520355     61.437500 -121.015625 309.609375     -0.929163 0.369671 -0.369671 -0.929163     11.341336 11.341336 4.770471
520.453857 387.447632     218.203125 7.843750 7559.005859     0.164457 -0.986384 0.986384 0.164457     23.327030 23.327030 4.684197
254.026001 62.742317     300.062500 -35.062500 78.093750     -0.802457 0.596710 -0.596710 -0.802457     25.237929 25.237929 2.797437
254.026001 62.742317     131.937500 -5.218750 81.500000     -0.802457 0.596710 -0.596710 -0.802457     25.237929 25.237929 5.842288
69.539131 425.228973     9.875000 14.826172 235.974121     -0.898623 0.438722 -0.438722 -0.898623     13.945545 13.945545 4.820673
265.956940 252.363632     35.692383 77.899414 507.144531     -0.018069 -0.999837 0.999837 -0.018069     5.401497 5.401497 4.764246
281.252167 31.900000     2845.808594 -160.046875 1389.812500     -0.889741 0.456465 -0.456465 -0.889741     10.024105 10.024105 2.145942
83.680191 72.467781     348.156250 -41.671875 82.093750     0.661957 -0.749542 0.749542 0.661957     21.911708 21.911708 3.365634
135.984161 261.095001     47.890625 1.937500 39.742188     -0.991843 -0.127468 0.127468 -0.991843     13.378105 13.378105 1.283613
135.984161 261.095001     12.515625 16.347656 235.002930     -0.991843 -0.127468 0.127468 -0.991843     13.378105 13.378105 4.140316
69.415283 450.965118     270.132812 -191.760742 150.561523     -0.930880 0.365324 -0.365324 -0.930880     12.278825 12.278825 4.769044
62.707081 399.100006     64.085938 -124.906250 314.812500     -0.819267 0.573412 -0.573412 -0.819267     45.507058 45.507058 5.005433
266.427338 176.970581     21.265625 -17.164062 46.750000     -0.101568 -0.994829 0.994829 -0.101568     15.369356 15.369356 3.291507
69.529297 339.967621     361.750000 52.203125 36.687500     -0.969204 0.246261 -0.246261 -0.969204     61.973436 61.973436 4.853391
69.529297 339.967621     42.156250 -6.421875 162.375000     -0.969204 0.246261 -0.246261 -0.969204     61.973436 61.973436 5.304161
302.333344 216.590240     454.781250 90.656250 173.390625     0.036067 -0.999349 0.999349 0.036067     18.278024 18.278024 4.049735
83.958504 73.284233     167.906250 -76.156250 207.343750     0.651753 -0.758431 0.758431 0.651753     24.440918 24.440918 2.224216
83.958504 73.284233     131.218750 -7.187500 91.031250     0.651753 -0.758431 0.758431 0.651753     24.440918 24.440918 3.695458
175.449158 277.398315     131.062500 -247.500000 573.328125     -0.923025 -0.384739 0.384739 -0.923025     12.616940 12.616940 0.750486
175.449158 277.398315     44.765625 0.531250 47.679688     -0.923025 -0.384739 0.384739 -0.923025     12.616940 12.616940 4.898721
301.814941 216.334412     6.343750 -1.500000 262.421875     0.092759 -0.995689 0.995689 0.092759     19.178482 19.178482 4.078572
270.359894 183.387909     445.437500 44.531250 276.843750     -0.124775 -0.992185 0.992185 -0.124775     22.604437 22.604437 4.508266
266.090912 253.404953     5.031250 10.718750 104.515625     -0.018837 -0.999823 0.999823 -0.018837     5.988712 5.988712 4.754805
175.358215 277.544769     3045.824219 576.109375 14657.640625     -0.918276 -0.395940 0.395940 -0.918276     12.776707 12.776707 0.746712
175.358215 277.544769     82.562500 -101.328125 328.312500     -0.918276 -0.395940 0.395940 -0.918276     12.776707 12.776707 4.907057
265.837646 254.313660     45.421875 23.359375 98.968750     0.001751 -0.999998 0.999998 0.001751     8.081969 8.081969 4.752827
256.342987 198.471069     85.000000 -142.234375 683.765625     -0.100420 -0.994945 0.994945 -0.100420     7.467637 7.467637 3.881373
256.342987 198.471069     88.817261 21.074219 18.703125     -0.100420 -0.994945 0.994945 -0.100420     7.467637 7.467637 5.232000
287.647797 172.337936     160.132812 -294.734375 653.343750     0.052545 -0.998619 0.998619 0.052545     64.273198 64.273198 1.132480
287.647797 172.337936     1172.390625 -21.218750 648.000000     0.052545 -0.998619 0.998619 0.052545     64.273198 64.273198 4.231847
229.801880 295.311310     222.250000 -424.953125 1227.390625     -0.942014 -0.335575 0.335575 -0.942014     7.873939 7.873939 1.357846
229.801880 295.311310     87.895874 20.775391 18.796875     -0.942014 -0.335575 0.335575 -0.942014     7.873939 7.873939 4.743581
268.722015 368.465698     72.757812 -114.976562 187.343750     -0.984593 0.174864 -0.174864 -0.984593     11.458216 11.458216 1.513853
265.984650 253.291412     128.875000 -7.343750 102.046875     0.013170 -0.999913 0.999913 0.013170     8.855253 8.855253 4.768553
265.984650 253.291412     389.812500 -250.812500 948.171875     0.013170 -0.999913 0.999913 0.013170     8.855253 8.855253 5.202272
268.643311 368.885345     75.476562 -119.484375 196.140625     -0.987052 0.160402 -0.160402 -0.987052     12.721812 12.721812 1.503370
285.758820 173.026215     2103.000000 -412.917969 267.992676     0.064922 -0.997890 0.997890 0.064922     70.418337 70.418337 1.080356
285.758820 173.026215     80.484375 -79.609375 270.296875     0.064922 -0.997890 0.997890 0.064922     70.418337 70.418337 4.169169
267.815643 369.229065     106.156250 -25.890625 114.812500     -0.989229 0.146377 -0.146377 -0.989229     13.549500 13.549500 1.464875
267.815643 369.229065     24.046875 -19.007812 52.937500     -0.989229 0.146377 -0.146377 -0.989229     13.549500 13.549500 1.763425
284.409180 176.972839     26.250000 -32.359375 99.484375     0.089223 -0.996012 0.996012 0.089223     70.818403 70.818403 1.086788
284.409180 176.972839     1116.171875 -94.625000 630.703125     0.089223 -0.996012 0.996012 0.089223     70.818403 70.818403 4.176949
202.779907 297.349274     17.000000 11.565918 42.337440     -0.779189 -0.626789 0.626789 -0.779189     12.650186 12.650186 5.913702
229.800842 295.228821     168.937500 -4.406250 3.453125     -0.940062 -0.341004 0.341004 -0.940062     8.443042 8.443042 1.329795
229.800842 295.228821     3545.871094 750.242188 15183.710938     -0.940062 -0.341004 0.341004 -0.940062     8.443042 8.443042 4.742815
285.000000 58.372833     456.281250 -159.078125 868.781250     -0.719512 0.694480 -0.694480 -0.719512     18.973265 18.973265 6.420101
293.611115 286.240753     24.453125 -38.132812 160.843750     0.533957 -0.845512 0.845512 0.533957     7.845566 7.845566 4.713264
267.102875 369.698578     571.093750 17.375000 3.031250     -0.989394 0.145258 -0.145258 -0.989394     14.134591 14.134591 1.457345
203.193283 297.172272     32.968750 -49.765625 154.515625     -0.784398 -0.620258 0.620258 -0.784398     13.372297 13.372297 5.935743
229.840302 295.193909     188.375122 29.049805 20.609375     -0.938738 -0.344632 0.344632 -0.938738     9.077854 9.077854 0.990654
229.840302 295.193909     28.375000 -21.093750 64.062500     -0.938738 -0.344632 0.344632 -0.938738     9.077854 9.077854 1.392787
238.904114 317.417816     2065.781250 -361.064453 274.718750     -0.984338 -0.176293 0.176293 -0.984338     14.107243 14.107243 0.941506
238.904114 317.417816     36.312500 9.310547 93.873978     -0.984338 -0.176293 0.176293 -0.984338     14.107243 14.107243 5.406691
282.537048 167.484528     62.992188 -115.906250 306.750000     0.039985 -0.999200 0.999200 0.039985     75.540217 75.540217 1.166679
282.537048 167.484528     90.062500 -88.031250 275.703125     0.039985 -0.999200 0.999200 0.039985     75.540217 75.540217 4.235952
229.911118 295.022217     155.500000 -4.187500 7.281250     -0.943189 -0.332258 0.332258 -0.943189     9.753602 9.753602 1.006471
229.911118 295.022217     34.437500 -44.093750 126.046875     -0.943189 -0.332258 0.332258 -0.943189     9.753602 9.753602 1.458405
457.302185 404.757019     78.187500 8.593750 23.640625     -0.976151 0.217095 -0.217095 -0.976151     16.526849 16.526849 2.116013
487.149139 408.325409     204.285034 29.988281 21.140625     -0.485630 -0.874164 0.874164 -0.485630     19.368028 19.368028 2.074705
457.805359 405.554749     588.750000 17.390625 3.078125     -0.974720 0.223429 -0.223429 -0.974720     19.837845 19.837845 2.180338
249.129303 344.313232     75.187500 -3.518555 125.318115     -0.921592 0.388160 -0.388160 -0.921592     16.360328 16.360328 1.617180
253.717621 342.658264     28.562500 -46.867188 184.890625     -0.962834 0.270093 -0.270093 -0.962834     18.303783 18.303783 1.589371
254.847488 342.648926     85.536728 -15.791992 116.328125     -0.971840 0.235644 -0.235644 -0.971840     21.307192 21.307192 1.603704
235.166672 143.495239     447.218750 -158.500000 876.875000     -0.047454 -0.998873 0.998873 -0.047454     9.716035 9.716035 6.386806
135.498962 350.211456     59.531250 14.984375 17.031250     -0.822749 0.568406 -0.568406 -0.822749     21.892638 21.892638 5.064273
285.404999 393.358246     211.984375 -62.656250 132.132812     -0.958262 0.285890 -0.285890 -0.958262     15.520471 15.520471 1.611412
117.138580 414.636719     46.731583 -44.581062 170.932129     -0.991259 0.131929 -0.131929 -0.991259     14.248381 14.248381 4.762908
290.315155 81.334900     9.218750 0.640625 44.203125     0.688355 -0.725374 0.725374 0.688355     22.256831 22.256831 5.027391
272.322479 394.801544     4590.628906 1012.531250 15004.097656     -0.997560 0.069810 -0.069810 -0.997560     18.276798 18.276798 1.582604
163.170700 341.075470     78.320312 -166.046875 467.531250     -0.931336 0.364161 -0.364161 -0.931336     33.849769 33.849769 1.394660
163.170700 341.075470     266.346802 18.439453 29.578125     -0.931336 0.364161 -0.364161 -0.931336     33.849769 33.849769 4.955301
126.698586 404.236694     44.734375 -18.546875 139.828125     -0.996503 0.083552 -0.083552 -0.996503     40.786461 40.786461 4.764380
302.223724 249.962708     197.112183 -34.535156 116.375000     0.548623 -0.836070 0.836070 0.548623     12.571652 12.571652 5.082265
164.255005 339.410278     496.918457 -148.560547 45.578125     -0.921249 0.388973 -0.388973 -0.921249     41.129865 41.129865 1.366810
179.276688 385.740234     93.687500 -91.218750 278.046875     -0.999388 0.034967 -0.034967 -0.999388     84.023371 84.023371 4.744723
234.674774 253.245468     49.126923 -46.097595 273.032166     -0.047522 -0.998870 0.998870 -0.047522     38.261258 38.261258 1.783889
294.605743 263.202423     192.468750 5.687500 136.500000     0.530275 -0.847826 0.847826 0.530275     13.789632 13.789632 4.960443
117.011330 110.435272     1272.515625 -151.656250 675.343750     -0.153405 -0.988163 0.988163 -0.153405     12.825578 12.825578 4.705626
231.024002 252.136154     34.078125 -61.664062 226.585938     -0.004563 -0.999990 0.999990 -0.004563     48.461658 48.461658 1.788610
253.077682 247.579681     75.874329 -66.734283 416.870056     -0.065815 -0.997832 0.997832 -0.065815     10.786641 10.786641 1.655347
253.077682 247.579681     186.843750 -16.937500 27.406250     -0.065815 -0.997832 0.997832 -0.065815     10.786641 10.786641 4.743148
264.955231 380.562195     568.653442 -240.795898 103.671875     -0.994803 0.101820 -0.101820 -0.994803     11.093862 11.093862 1.911648
253.367966 249.344116     62.562500 17.359375 21.671875     -0.077837 -0.996966 0.996966 -0.077837     11.552953 11.552953 1.643185
253.367966 249.344116     687.515625 31.218750 10.031250     -0.077837 -0.996966 0.996966 -0.077837     11.552953 11.552953 4.720845
294.765472 263.810272     30.968750 -29.445312 56.328125     0.524657 -0.851314 0.851314 0.524657     14.733018 14.733018 4.975541
291.218445 80.502563     316.198608 7.613281 53.593750     0.685618 -0.727961 0.727961 0.685618     23.385721 23.385721 5.024254
297.279480 253.719452     157.781250 -4.437500 8.265625     0.296283 -0.955100 0.955100 0.296283     31.280649 31.280649 0.925819
297.279480 253.719452     1206.671875 -73.343750 1384.953125     0.296283 -0.955100 0.955100 0.296283     31.280649 31.280649 4.073831
184.713013 169.387787     2250.906250 -54.281250 21.812500     -0.317946 -0.948109 0.948109 -0.317946     153.604503 153.604503 4.980330
416.063416 416.639038     62.515625 -70.226562 201.429688     -0.975784 -0.218735 0.218735 -0.975784     12.941625 12.941625 1.646741
416.063416 416.639038     49.468750 -17.703125 144.250000     -0.975784 -0.218735 0.218735 -0.975784     12.941625 12.941625 4.343684
294.617279 157.556778     27.984375 -17.492188 90.148438     0.000726 -1.000000 1.000000 0.000726     63.352442 63.352442 1.397266
493.188293 367.748962     841.062500 449.484375 1466.093750     -0.971572 -0.236744 0.236744 -0.971572     13.749229 13.749229 1.571578
67.582939 151.123230     48.458794 -23.451904 34.484375     -0.196394 -0.980525 0.980525 -0.196394     7.664645 7.664645 1.573763
414.778168 413.122864     101.492188 -140.914062 233.757812     -0.815410 -0.578884 0.578884 -0.815410     23.915392 23.915392 1.240261
414.778168 413.122864     85.429688 -184.046875 520.125000     -0.815410 -0.578884 0.578884 -0.815410     23.915392 23.915392 1.753358
493.143372 367.584229     94.890625 -93.953125 286.484375     -0.974588 -0.224006 0.224006 -0.974588     14.766013 14.766013 1.577784
66.837944 147.494064     4053.843750 415.406250 1482.687500     -0.196705 -0.980463 0.980463 -0.196705     7.511919 7.511919 1.576594
494.024323 367.829773     172.925964 -62.678711 34.328125     -0.977804 -0.209524 0.209524 -0.977804     15.065875 15.065875 1.573065
414.830994 411.614075     130.445312 -214.625000 509.562500     -0.617863 -0.786286 0.786286 -0.617863     27.394538 27.394538 1.009848
414.830994 411.614075     459.234375 -284.093750 303.632812     -0.617863 -0.786286 0.786286 -0.617863     27.394538 27.394538 1.593761
66.561058 145.442245     9.625000 1.328125 52.734375     -0.191891 -0.981416 0.981416 -0.191891     8.141814 8.141814 1.576386
420.585052 409.528961     3245.031250 -378.777344 336.659180     -0.988544 0.150931 -0.150931 -0.988544     36.645623 36.645623 1.795594
420.585052 409.528961     191.668945 3.561523 6.259648     -0.988544 0.150931 -0.150931 -0.988544     36.645623 36.645623 2.161598
424.216003 309.011993     32.372963 -12.167236 16.164062     0.405221 -0.914219 0.914219 0.405221     14.411304 14.411304 1.487471
424.216003 309.011993     2252.312500 -52.906250 22.203125     0.405221 -0.914219 0.914219 0.405221     14.411304 14.411304 4.533398
452.504822 52.562500     4944.843750 1275.453125 2062.953125     -0.035201 -0.999380 0.999380 -0.035201     5.521710 5.521710 1.564588
66.477745 144.670624     393.472656 -216.539062 121.484375     -0.192044 -0.981386 0.981386 -0.192044     8.679582 8.679582 1.574089
295.478394 157.691788     229.661133 -92.171875 43.890625     0.003856 -0.999993 0.999993 0.003856     64.810728 64.810728 1.424619
494.612244 367.668365     8608.656250 -160.617188 18535.464844     -0.978134 -0.207976 0.207976 -0.978134     15.904413 15.904413 1.582640
452.506287 51.820084     91.796875 -89.921875 353.953125     -0.029375 -0.999568 0.999568 -0.029375     5.883147 5.883147 1.564670
66.408974 144.108185     4826.609375 1146.015625 2389.359375     -0.190024 -0.981780 0.981780 -0.190024     9.304645 9.304645 1.573892
422.616577 408.298920     185.046875 -84.500000 49.296875     -0.931348 0.364131 -0.364131 -0.931348     37.928409 37.928409 1.949844
422.616577 408.298920     537.656250 -1.863281 35.791504     -0.931348 0.364131 -0.364131 -0.931348     37.928409 37.928409 2.325373
183.551071 163.591812     145.896484 -46.237549 138.679688     -0.309871 -0.950779 0.950779 -0.309871     161.589714 161.589714 4.968739
496.652832 420.979218     715.515625 -381.164062 205.406250     -0.924513 0.381150 -0.381150 -0.924513     26.741511 26.741511 1.903752
452.582703 50.808270     142.187500 -81.906250 54.085938     -0.020421 -0.999791 0.999791 -0.020421     6.423665 6.423665 1.563595
493.470978 367.479919     38.562500 5.500000 46.149841     -0.978806 -0.204788 0.204788 -0.978806     16.654504 16.654504 1.579844
66.438385 143.459717     3843.718750 -7.333984 482.583130     -0.189070 -0.981964 0.981964 -0.189070     9.982875 9.982875 1.571043
483.752319 366.046143     363.187500 -152.101562 74.531250     -0.986598 -0.163173 0.163173 -0.986598     19.066030 19.066030 1.573449
483.752319 366.046143     161.937500 -83.500000 55.441406     -0.986598 -0.163173 0.163173 -0.986598     19.066030 19.066030 4.736628
382.872192 398.127808     58.195068 -15.825195 21.281250     -0.245862 -0.969305 0.969305 -0.245862     19.704929 19.704929 3.975721
502.358215 422.130066     287.593750 -93.507812 43.792969     -0.997963 0.063798 -0.063798 -0.997963     34.230311 34.230311 1.760894
452.644531 50.338871     219.263672 -103.523438 51.562500     -0.026758 -0.999642 0.999642 -0.026758     7.173224 7.173224 1.560834
502.685944 421.913300     69.562500 -15.273438 8.513672     -0.998408 0.056408 -0.056408 -0.998408     35.237833 35.237833 1.742475
423.992737 309.109100     5153.953125 1499.968750 2703.421875     0.437438 -0.899249 0.899249 0.437438     15.158308 15.158308 1.469126
423.992737 309.109100     140.281250 -73.406250 68.859375     0.437438 -0.899249 0.899249 0.437438     15.158308 15.158308 4.514242
66.877510 142.352829     605.125000 -341.625000 196.195312     -0.193470 -0.981106 0.981106 -0.193470     12.604442 12.604442 1.566262
381.983246 398.273743     466.250000 -222.328125 146.281250     -0.139572 -0.990212 0.990212 -0.139572     26.441471 26.441471 3.731075
422.871002 411.099609     755.750000 -270.281250 97.542969     0.620888 -0.783899 0.783899 0.620888     47.308441 47.308441 0.904788
422.871002 411.099609     377.250000 -144.328125 56.960938     0.620888 -0.783899 0.783899 0.620888     47.308441 47.308441 1.852320
452.860809 50.147728     68.953125 -2.312500 35.781250     -0.037156 -0.999309 0.999309 -0.037156     8.411511 8.411511 1.553171
453.230194 50.173267     217.718750 -98.562500 46.070312     -0.044735 -0.998999 0.998999 -0.044735     9.887486 9.887486 1.545835
67.382271 137.764542     446.906250 -218.867188 117.078125     -0.141228 -0.989977 0.989977 -0.141228     17.229644 17.229644 1.556693
505.573822 420.391174     323.781250 -124.140625 51.623047     -0.987372 0.158421 -0.158421 -0.987372     38.336328 38.336328 1.876904
453.648346 50.360439     216.218750 -72.773438 43.593750     -0.053223 -0.998583 0.998583 -0.053223     11.167115 11.167115 1.540589
623.296631 396.397125     243.312500 -103.968750 49.433594     0.153922 -0.988083 0.988083 0.153922     15.062315 15.062315 1.652487
623.296631 396.397125     840.531250 -237.953125 71.394531     0.153922 -0.988083 0.988083 0.153922     15.062315 15.062315 4.711407
310.453430 420.060730     514.406250 -259.250000 205.257812     0.376890 -0.926258 0.926258 0.376890     15.715803 15.715803 1.545581
310.453430 420.060730     685.250000 -295.484375 218.507812     0.376890 -0.926258 0.926258 0.376890     15.715803 15.715803 4.683656
294.828400 157.530594     877.937500 -513.859375 430.519531     -0.001069 -0.999999 0.999999 -0.001069     66.471374 66.471374 1.391901
294.828400 157.530594     1227.953125 -422.242188 147.976562     -0.001069 -0.999999 0.999999 -0.001069     66.471374 66.471374 4.600092
505.899994 420.316010     84.593750 -29.140625 22.046875     -0.988318 0.152404 -0.152404 -0.988318     38.365483 38.365483 1.891141
454.326447 50.615383     461.281250 -183.320312 107.439453     -0.065155 -0.997875 0.997875 -0.065155     13.430021 13.430021 1.529466
483.785339 365.769928     1560.203125 -545.539062 193.652344     -0.985176 -0.171545 0.171545 -0.985176     21.835088 21.835088 1.581508
483.785339 365.769928     6159.468750 -1821.625000 579.128906     -0.985176 -0.171545 0.171545 -0.985176     21.835088 21.835088 4.724795
68.534126 138.835327     5928.843750 -1862.015625 6826.851562     -0.158907 -0.987294 0.987294 -0.158907     21.653503 21.653503 1.548931
381.695770 398.441406     354.687500 -167.789062 81.222656     -0.084025 -0.996464 0.996464 -0.084025     28.129436 28.129436 0.670865
381.695770 398.441406     59.460938 -28.285156 29.143555     -0.084025 -0.996464 0.996464 -0.084025     28.129436 28.129436 3.578512
422.361450 412.385529     232.750000 9.203125 5.443359     0.629432 -0.777055 0.777055 0.629432     46.215401 46.215401 1.223869
422.361450 412.385529     82.718750 -28.671875 23.351562     0.629432 -0.777055 0.777055 0.629432     46.215401 46.215401 1.842643
508.154541 419.902283     465.265625 -220.945312 107.394531     -0.988503 0.151201 -0.151201 -0.988503     39.157661 39.157661 1.832102
480.890533 308.184082     177.828125 -53.664062 21.992188     -0.975470 -0.220131 0.220131 -0.975470     28.212150 28.212150 1.509288
454.766052 50.718288     214.140625 -36.820312 15.605469     -0.072890 -0.997340 0.997340 -0.072890     15.140923 15.140923 1.522247
287.607269 47.138615     17.718750 -0.781250 27.921875     -0.805494 0.592604 -0.592604 -0.805494     13.857349 13.857349 1.583761
310.823120 419.983002     21.031250 -0.625000 26.921875     0.381840 -0.924229 0.924229 0.381840     15.898215 15.898215 1.556419
310.823120 419.983002     713.781250 -267.359375 100.687500     0.381840 -0.924229 0.924229 0.381840     15.898215 15.898215 4.689953
455.251801 50.784172     391.093750 -106.953125 238.210938     -0.076242 -0.997089 0.997089 -0.076242     17.465715 17.465715 1.515472
589.288452 385.663452     31469.058594 -2585.835938 19667.675781     0.024858 -0.999691 0.999691 0.024858     8.863216 8.863216 4.760170
622.834717 397.156769     622.625000 -159.875000 126.703125     0.184939 -0.982750 0.982750 0.184939     16.859202 16.859202 1.646293
622.834717 397.156769     264.093750 -60.523438 20.234375     0.184939 -0.982750 0.982750 0.184939     16.859202 16.859202 4.720304
70.461258 139.851608     778.593750 -359.250000 188.906250     -0.223585 -0.974684 0.974684 -0.223585     33.273644 33.273644 1.531310
381.385620 398.407410     1421.031250 -515.421875 198.843750     0.030247 -0.999542 0.999542 0.030247     30.302815 30.302815 3.422128
423.921814 309.094452     634.423828 -171.171875 135.875000     0.449402 -0.893329 0.893329 0.449402     15.993049 15.993049 1.462199
423.921814 309.094452     182.375000 18.187500 10.763672     0.449402 -0.893329 0.893329 0.449402     15.993049 15.993049 4.485790
455.607635 50.267517     339.139648 -51.468750 10.375000     -0.065147 -0.997876 0.997876 -0.065147     19.563214 19.563214 1.509346
310.730896 420.345551     140.601562 -27.460449 12.610870     0.387260 -0.921970 0.921970 0.387260     15.991114 15.991114 1.565826
310.730896 420.345551     1582.582031 -561.593750 200.500000     0.387260 -0.921970 0.921970 0.387260     15.991114 15.991114 4.663678
288.317017 46.533142     1684.187500 203.335938 1043.046875     -0.808118 0.589021 -0.589021 -0.808118     14.612890 14.612890 1.569427
288.317017 46.533142     166.296875 -131.687500 326.484375     -0.808118 0.589021 -0.589021 -0.808118     14.612890 14.612890 5.169250
484.365417 365.698364     706.812500 -268.171875 103.046875     -0.987951 -0.154766 0.154766 -0.987951     24.027522 24.027522 1.594854
484.365417 365.698364     44.800781 -29.859375 32.843750     -0.987951 -0.154766 0.154766 -0.987951     24.027522 24.027522 4.724803
381.696136 400.246765     88.312500 5.359375 30.589844     0.053191 -0.998584 0.998584 0.053191     29.098747 29.098747 1.671514
381.696136 400.246765     109.312500 11.953125 66.671875     0.053191 -0.998584 0.998584 0.053191     29.098747 29.098747 3.425417
502.117432 414.135162     718.683594 -191.269531 140.734375     -0.959325 -0.282304 0.282304 -0.959325     54.506299 54.506299 1.409954
502.117432 414.135162     184.500000 18.882812 12.332031     -0.959325 -0.282304 0.282304 -0.959325     54.506299 54.506299 1.870296
72.154640 139.354156     297.906250 13.484375 142.671875     -0.257278 -0.966337 0.966337 -0.257278     38.981847 38.981847 1.543432
422.990326 412.374634     1029.000000 -203.500000 220.562500     0.612103 -0.790778 0.790778 0.612103     46.972181 46.972181 1.207514
422.990326 412.374634     936.781250 -429.875000 264.468750     0.612103 -0.790778 0.790778 0.612103     46.972181 46.972181 1.786807
455.789185 50.560383     1182.718750 -246.960938 62.750000     -0.041134 -0.999154 0.999154 -0.041134     24.114920 24.114920 1.473598
308.698364 427.048737     181.968750 14.921875 21.283203     0.408492 -0.912762 0.912762 0.408492     20.273877 20.273877 4.689096
480.732208 308.937225     539.250000 -120.109375 120.285156     -0.173927 -0.984759 0.984759 -0.173927     30.076633 30.076633 0.385520
589.683105 386.539093     473.406250 -51.992188 105.132812     0.005857 -0.999983 0.999983 0.005857     11.326209 11.326209 4.794738
310.099792 423.810577     1258.156250 -586.945312 391.378906     0.400050 -0.916493 0.916493 0.400050     20.427018 20.427018 4.674974
455.796997 50.869946     201.687500 -61.882812 24.125000     -0.032722 -0.999464 0.999464 -0.032722     29.438905 29.438905 1.455663
596.428223 378.985657     80.796875 -115.898438 184.132812     0.338003 -0.941145 0.941145 0.338003     30.577331 30.577331 4.630413
482.144501 313.228333     152.765625 -35.648438 16.890625     -0.351059 -0.936353 0.936353 -0.351059     27.247846 27.247846 0.760025
298.882080 288.797180     95.648438 -6.234375 51.101562     0.525807 -0.850604 0.850604 0.525807     5.085766 5.085766 4.724861
378.666656 405.160919     21.902344 -0.257812 12.546875     0.346857 -0.937918 0.937918 0.346857     32.660166 32.660166 1.456051
378.666656 405.160919     23.207031 -0.062500 15.343750     0.346857 -0.937918 0.937918 0.346857     32.660166 32.660166 2.816013
594.626221 387.127167     75.593750 -73.812500 91.785156     0.219949 -0.975511 0.975511 0.219949     32.738984 32.738984 4.683645
36.037209 390.013947     66.906250 23.253906 29.135742     -0.963603 -0.267337 0.267337 -0.963603     16.135117 16.135117 2.703924
36.037209 390.013947     209.093750 -70.531250 34.573242     -0.963603 -0.267337 0.267337 -0.963603     16.135117 16.135117 6.271678
308.707489 426.054413     906.687500 25.562500 1202.812500     0.423256 -0.906010 0.906010 0.423256     21.318477 21.318477 4.692312
587.994141 401.465698     420.343750 -286.296875 212.593750     0.343795 -0.939045 0.939045 0.343795     36.743214 36.743214 4.635196
36.060242 390.112457     392.625000 -266.093750 183.847656     -0.963585 -0.267402 0.267402 -0.963585     16.244660 16.244660 0.295556
36.060242 390.112457     83.929688 -85.445312 132.406250     -0.963585 -0.267402 0.267402 -0.963585     16.244660 16.244660 2.728343
476.783722 315.185120     20429.695312 -7846.546875 20260.933594     0.009198 -0.999958 0.999958 0.009198     41.647623 41.647623 3.546646
476.783722 315.185120     283.179688 -142.039062 72.312500     0.009198 -0.999958 0.999958 0.009198     41.647623 41.647623 6.415499
298.862335 288.659912     150.437500 -4.343750 48.786133     0.526309 -0.850293 0.850293 0.526309     5.674827 5.674827 4.721128
33.357594 390.446198     35.953125 -2.156250 29.783203     -0.990080 -0.140504 0.140504 -0.990080     16.939500 16.939500 0.581761
299.046112 288.439728     145.687500 -72.078125 40.234375     0.524054 -0.851685 0.851685 0.524054     6.293851 6.293851 4.719843
378.623505 405.867310     144.421875 -36.109375 20.488281     0.341943 -0.939721 0.939721 0.341943     32.298685 32.298685 1.473018
378.623505 405.867310     567.625000 -286.671875 181.197266     0.341943 -0.939721 0.939721 0.341943     32.298685 32.298685 2.810864
34.043362 390.804871     570.187500 -318.750000 252.132812     -0.985366 -0.170451 0.170451 -0.985366     17.422944 17.422944 0.479893
475.426392 316.646423     404.062500 -271.640625 187.371094     0.646188 -0.763178 0.763178 0.646188     41.300704 41.300704 5.629452
423.597687 309.290222     93.960938 -147.210938 722.578125     0.444372 -0.895842 0.895842 0.444372     17.205230 17.205230 1.470264
423.597687 309.290222     1484.953125 -799.437500 432.093750     0.444372 -0.895842 0.895842 0.444372     17.205230 17.205230 4.463377
348.743286 441.708801     338.500000 -116.203125 54.474609     0.354027 -0.935235 0.935235 0.354027     16.837793 16.837793 1.470008
348.743286 441.708801     170.593750 -113.984375 124.195312     0.354027 -0.935235 0.935235 0.354027     16.837793 16.837793 4.736774
394.018738 311.438202     294.218750 -128.710938 81.906250     0.252176 -0.967681 0.967681 0.252176     17.144812 17.144812 4.671840
348.877899 440.333344     36.820312 8.828125 63.250000     0.336381 -0.941726 0.941726 0.336381     17.539994 17.539994 4.745133
470.858002 318.481354     1182.046875 -517.000000 228.300781     -0.874565 0.484908 -0.484908 -0.874565     43.798372 43.798372 2.172078
34.675999 391.135986     1085.062500 -55.234375 684.234375     -0.986139 -0.165923 0.165923 -0.986139     17.842714 17.842714 0.564926
422.977386 310.442200     301.984375 -157.601562 84.125000     0.420808 -0.907150 0.907150 0.420808     19.402275 19.402275 1.479160
422.977386 310.442200     30.000000 -22.265625 83.203125     0.420808 -0.907150 0.907150 0.420808     19.402275 19.402275 4.500579
345.480286 447.970428     180.406250 -58.613281 23.626953     0.371053 -0.928612 0.928612 0.371053     18.377730 18.377730 1.476214
345.480286 447.970428     149.437500 -27.929688 13.197266     0.371053 -0.928612 0.928612 0.371053     18.377730 18.377730 4.695501
379.218842 405.742157     229.390625 -77.605469 31.068359     0.370421 -0.928864 0.928864 0.370421     33.359729 33.359729 1.440672
379.218842 405.742157     168.265625 -30.593750 14.728516     0.370421 -0.928864 0.928864 0.370421     33.359729 33.359729 5.506454
421.477142 314.526825     239.188293 -68.472656 26.960938     0.373876 -0.927479 0.927479 0.373876     18.369087 18.369087 1.548541
421.477142 314.526825     216.338959 -41.324707 11.646484     0.373876 -0.927479 0.927479 0.373876     18.369087 18.369087 4.572366
369.870819 291.569366     357.683594 -5.988281 60.156250     0.348422 -0.937338 0.937338 0.348422     23.797867 23.797867 0.742966
369.870819 291.569366     686.697754 -163.013184 105.992188     0.348422 -0.937338 0.937338 0.348422     23.797867 23.797867 1.301502
35.024097 391.242676     335.855469 1.640625 244.796875     -0.987507 -0.157578 0.157578 -0.987507     18.198782 18.198782 0.531138
393.553040 312.909973     265.560669 -85.903320 31.953125     0.266792 -0.963754 0.963754 0.266792     17.767000 17.767000 4.672772
537.039001 369.965851     2543.221436 -391.373047 565.593750     -0.953218 -0.302282 0.302282 -0.953218     15.768916 15.768916 1.500265
537.039001 369.965851     1105.664062 -221.691406 46.093750     -0.953218 -0.302282 0.302282 -0.953218     15.768916 15.768916 4.476462
470.143311 318.791351     488.978516 -170.589844 60.796875     -0.876752 0.480942 -0.480942 -0.876752     44.493769 44.493769 2.163974
346.604645 444.279083     1550.437500 -1063.093750 1739.453125     0.345891 -0.938275 0.938275 0.345891     18.612695 18.612695 1.463107
346.604645 444.279083     1065.640625 43.906250 247.113281     0.345891 -0.938275 0.938275 0.345891     18.612695 18.612695 4.656468
33.974323 391.186493     737.814453 -191.328125 178.796875     -0.997017 -0.077182 0.077182 -0.997017     23.875744 23.875744 4.698460
422.603210 317.418732     378.552734 -80.453125 18.578125     0.184891 -0.982759 0.982759 0.184891     28.900045 28.900045 0.375188
422.603210 317.418732     461.935547 -177.312500 68.859375     0.184891 -0.982759 0.982759 0.184891     28.900045 28.900045 1.614527
38.696430 321.424988     561.027344 -197.414062 70.875000     -0.957930 0.287003 -0.287003 -0.957930     4.651007 4.651007 4.744281
379.297241 405.853088     964.421875 50.453125 569.984375     0.380262 -0.924879 0.924879 0.380262     33.729933 33.729933 1.401599
379.297241 405.853088     1152.172852 -226.789062 46.765625     0.380262 -0.924879 0.924879 0.380262     33.729933 33.729933 2.690493
392.917847 314.906525     116.250000 10.875000 110.835938     0.281046 -0.959694 0.959694 0.281046     18.011171 18.011171 1.746781
392.917847 314.906525     775.187500 -308.625000 123.593750     0.281046 -0.959694 0.959694 0.281046     18.011171 18.011171 4.643045
35.612717 354.514465     392.687500 -151.203125 101.097656     -0.920487 0.390774 -0.390774 -0.920487     5.412950 5.412950 1.066456
35.612717 354.514465     101.296875 -70.375000 59.546875     -0.920487 0.390774 -0.390774 -0.920487     5.412950 5.412950 4.714290
370.207642 290.864410     704.497070 -153.500000 34.937500     0.265503 -0.964110 0.964110 0.265503     23.512959 23.512959 0.880132
370.207642 290.864410     46.242188 -32.367188 42.906250     0.265503 -0.964110 0.964110 0.265503     23.512959 23.512959 1.399674
536.919128 369.804260     491.656250 -207.453125 90.609375     -0.938694 -0.344753 0.344753 -0.938694     17.599732 17.599732 1.487418
536.919128 369.804260     671.687500 -145.839844 39.634277     -0.938694 -0.344753 0.344753 -0.938694     17.599732 17.599732 4.550652
345.138763 344.759186     1159.281250 -457.578125 181.421875     0.549770 -0.835316 0.835316 0.549770     15.319247 15.319247 1.515316
33.870438 389.562958     1052.796875 93.796875 35.164062     -0.999581 -0.028955 0.028955 -0.999581     32.875639 32.875639 4.719417
40.652840 352.419220     2850.312500 -566.453125 117.116211     -0.921492 0.388397 -0.388397 -0.921492     6.383084 6.383084 4.669170
390.178802 316.838867     717.406250 -113.179688 58.677734     0.385227 -0.922822 0.922822 0.385227     25.928725 25.928725 1.789385
390.178802 316.838867     1030.312500 -419.890625 172.824219     0.385227 -0.922822 0.922822 0.385227     25.928725 25.928725 4.550985
422.567627 317.842163     413.890625 -129.500000 41.500000     0.177802 -0.984066 0.984066 0.177802     30.609967 30.609967 0.377717
371.261292 286.741943     150.390625 -66.494141 46.501953     0.253502 -0.967335 0.967335 0.253502     21.768247 21.768247 1.440850
371.261292 286.741943     612.453125 -85.281250 15.619141     0.253502 -0.967335 0.967335 0.253502     21.768247 21.768247 3.781025
350.243317 336.609619     1123.218750 -478.968750 213.500000     0.536259 -0.844053 0.844053 0.536259     15.565109 15.565109 1.536399
350.243317 336.609619     704.406250 -298.140625 127.957031     0.536259 -0.844053 0.844053 0.536259     15.565109 15.565109 2.502544
346.559265 443.274078     1336.125000 -392.296875 115.843750     0.344130 -0.938922 0.938922 0.344130     19.077800 19.077800 4.648913
379.483612 405.611542     737.937500 -312.773438 134.824219     0.378191 -0.925728 0.925728 0.378191     33.827208 33.827208 1.399317
379.483612 405.611542     2034.593750 -792.179688 309.152344     0.378191 -0.925728 0.925728 0.378191     33.827208 33.827208 5.520772
18.222221 306.709869     896.312500 -255.820312 73.603516     -0.933178 0.359413 -0.359413 -0.933178     14.362991 14.362991 0.576447
343.572540 446.226196     501.875000 -132.937500 63.865234     0.411107 -0.911587 0.911587 0.411107     26.105375 26.105375 4.695688
372.539764 325.731232     677.671875 -202.687500 61.773438     -0.795025 0.606576 -0.606576 -0.795025     41.944084 41.944084 2.252524
379.403290 284.501831     989.474609 -219.972656 50.875000     -0.935498 0.353333 -0.353333 -0.935498     34.924273 34.924273 5.005094
379.403290 284.501831     93.460938 -80.804688 92.281250     -0.935498 0.353333 -0.353333 -0.935498     34.924273 34.924273 5.517229
234.155273 460.509308     1150.687500 -334.875000 98.064453     -0.875170 0.483815 -0.483815 -0.875170     5.997675 5.997675 1.613212
112.347168 466.154724     174.468750 -83.218750 52.816406     -0.924615 0.380902 -0.380902 -0.924615     10.948747 10.948747 1.120359
379.599030 407.625244     1081.328125 21.593750 256.921875     0.296132 -0.955147 0.955147 0.296132     35.976850 35.976850 1.491521
379.599030 407.625244     608.062500 -109.296875 64.539062     0.296132 -0.955147 0.955147 0.296132     35.976850 35.976850 5.690885
147.164139 464.078278     1745.593750 -502.210938 204.992188     -0.901732 0.432296 -0.432296 -0.901732     13.339348 13.339348 0.258436
147.164139 464.078278     523.531250 -170.000000 265.164062     -0.901732 0.432296 -0.432296 -0.901732     13.339348 13.339348 3.175997
611.242065 68.375000     754.750000 -318.062500 136.519531     -0.999993 0.003713 -0.003713 -0.999993     26.919099 26.919099 4.699022
214.410126 459.711395     4083.468750 -905.578125 227.515625     -0.882079 0.471102 -0.471102 -0.882079     6.093650 6.093650 4.625431
620.904785 277.544220     6035.281250 -1346.574219 329.624023     -0.858388 0.513000 -0.513000 -0.858388     10.198388 10.198388 3.657145
620.904785 277.544220     778.781250 -307.992188 122.355469     -0.858388 0.513000 -0.513000 -0.858388     10.198388 10.198388 4.713949
420.230774 30.911539     1028.093750 -409.078125 173.546875     -0.464871 -0.885379 0.885379 -0.464871     26.877739 26.877739 3.766467
144.903183 464.585480     9056.562500 -2426.367188 1309.566406     -0.918784 0.394761 -0.394761 -0.918784     13.634238 13.634238 1.346154
144.903183 464.585480     561.156250 -150.875000 41.976562     -0.918784 0.394761 -0.394761 -0.918784     13.634238 13.634238 2.381177
620.971558 240.964417     401.074219 -11.726562 232.968750     -0.876835 0.480792 -0.480792 -0.876835     13.983422 13.983422 4.851574
46.238094 199.724487     109.253906 -92.390625 108.078125     -0.937858 0.347019 -0.347019 -0.937858     17.674020 17.674020 3.485204
606.153320 151.465240     1782.062500 -600.531250 204.031250     -0.946955 0.321367 -0.321367 -0.946955     15.626943 15.626943 4.842755
46.503895 199.166229     122.015625 -91.523438 106.000000     -0.910490 0.413532 -0.413532 -0.910490     19.019724 19.019724 3.658362
176.032257 467.946228     23.867188 -0.859375 15.953125     -0.902609 0.430461 -0.430461 -0.902609     6.661490 6.661490 1.423534
626.979980 131.985001     28.296875 -0.664062 19.312500     -0.973215 0.229896 -0.229896 -0.973215     9.966997 9.966997 4.747322
626.979980 131.985001     33.158203 -60.953125 471.179688     -0.973215 0.229896 -0.229896 -0.973215     9.966997 9.966997 5.490381
614.486755 206.529800     999.500000 -124.448242 19.135227     -0.891715 0.452597 -0.452597 -0.891715     11.050506 11.050506 4.757872
603.540527 271.519531     140.199219 -78.909180 109.460938     -0.869929 0.493177 -0.493177 -0.869929     7.147214 7.147214 4.651241
605.688660 284.974915     1369.656250 -100.125000 9.375000     -0.889967 0.456024 -0.456024 -0.889967     25.598269 25.598269 4.316045
591.636353 201.878784     57.002197 165.232422 520.968750     -0.941485 0.337055 -0.337055 -0.941485     3.977834 3.977834 4.722954
600.389099 235.723740     20.343750 -21.460938 144.177734     -0.933498 0.358582 -0.358582 -0.933498     5.548886 5.548886 4.746797
614.014587 298.029114     9901.906250 -242.937500 9789.701172     -0.910135 0.414312 -0.414312 -0.910135     4.934981 4.934981 4.614070
598.997498 154.041351     1380.312500 -104.468750 11.125000     -0.940341 0.340234 -0.340234 -0.940341     17.725797 17.725797 3.902893
598.997498 154.041351     1424.416016 -119.181641 607.248535     -0.940341 0.340234 -0.340234 -0.940341     17.725797 17.725797 4.833095
611.060791 207.229416     58.396240 202.728516 830.148438     -0.894925 0.446216 -0.446216 -0.894925     12.687542 12.687542 4.740333
601.650574 172.164658     16470.875000 -1950.796875 10389.625000     -0.932408 0.361407 -0.361407 -0.932408     8.425304 8.425304 4.740963
454.976349 196.692673     56.276367 207.024414 971.593750     -0.939287 0.343131 -0.343131 -0.939287     18.558809 18.558809 3.114026
454.976349 196.692673     137.559052 -297.885254 650.390625     -0.939287 0.343131 -0.343131 -0.939287     18.558809 18.558809 6.363132
615.990601 221.756256     1018.562500 -126.932617 19.513100     -0.917047 0.398780 -0.398780 -0.917047     9.247000 9.247000 4.762314
604.341858 138.517853     1353.031250 -93.718750 13.453125     -0.961867 0.273517 -0.273517 -0.961867     8.691040 8.691040 4.683078
604.341858 138.517853     25.406250 44.246094 105.963867     -0.961867 0.273517 -0.273517 -0.961867     8.691040 8.691040 5.012950
604.019104 281.886139     186.015625 -33.953125 75.648438     -0.869516 0.493905 -0.493905 -0.869516     34.270403 34.270403 4.280991
594.579346 250.524643     137.281250 -11.687500 3.593750     -0.836410 0.548104 -0.548104 -0.836410     43.579147 43.579147 4.327816
501.973267 196.728287     104.521484 324.054688 1218.390625     -0.945452 0.325762 -0.325762 -0.945452     7.100831 7.100831 2.086582
593.008789 137.675140     1418.500000 -47.812500 25.406250     -0.950403 0.311021 -0.311021 -0.950403     20.846701 20.846701 4.744825
613.714294 298.174591     63.500000 88.363281 153.679688     -0.911321 0.411697 -0.411697 -0.911321     5.847080 5.847080 4.593931
605.113647 171.344696     9.312500 -8.074219 115.537109     -0.920444 0.390873 -0.390873 -0.920444     24.478991 24.478991 4.802502
496.339050 198.815063     431.312500 -8.578125 1.500000     -0.943788 0.330551 -0.330551 -0.943788     7.232741 7.232741 2.071155
496.339050 198.815063     1264.468750 -35.031250 79.281250     -0.943788 0.330551 -0.330551 -0.943788     7.232741 7.232741 5.189357
499.376495 182.897583     93.399414 286.371094 1805.921875     -0.958473 0.285182 -0.285182 -0.958473     27.419549 27.419549 1.595137
416.611115 240.310181     142.062500 -23.968750 11.750000     -0.903249 0.429118 -0.429118 -0.903249     5.527777 5.527777 1.140091
416.611115 240.310181     424.015625 -3.734375 6.000000     -0.903249 0.429118 -0.429118 -0.903249     5.527777 5.527777 4.073263
336.062195 119.057419     1180.031250 -93.125000 137.281250     -0.858011 0.513632 -0.513632 -0.858011     15.725030 15.725030 1.931089
424.874390 103.801933     108.343750 -4.343750 37.937500     -0.999184 -0.040389 0.040389 -0.999184     10.133851 10.133851 2.029250
336.728333 119.118111     114.912598 342.803711 1907.265625     -0.884218 0.467075 -0.467075 -0.884218     18.408206 18.408206 1.885301
413.483185 241.923553     78.062500 -61.546875 95.906250     -0.902596 0.430489 -0.430489 -0.902596     6.388625 6.388625 1.083611
471.439697 169.280151     54.468750 -2.828125 53.640625     -0.954874 0.297010 -0.297010 -0.954874     10.359986 10.359986 6.285147
402.514893 185.425476     136.924164 -293.918945 641.687500     -0.984272 0.176662 -0.176662 -0.984272     13.497572 13.497572 0.279525
402.514893 185.425476     111.031250 24.906250 29.328125     -0.984272 0.176662 -0.176662 -0.984272     13.497572 13.497572 2.402801
396.957947 359.247650     89.515625 -4.078125 60.984375     0.075906 -0.997115 0.997115 0.075906     18.910324 18.910324 1.743352
396.957947 359.247650     54.062500 -7.250000 20.562500     0.075906 -0.997115 0.997115 0.075906     18.910324 18.910324 4.984708
397.218262 359.345245     476.671875 1.906250 5.906250     0.104360 -0.994540 0.994540 0.104360     20.604727 20.604727 1.741870
397.218262 359.345245     21128.093750 3974.625000 15967.632812     0.104360 -0.994540 0.994540 0.104360     20.604727 20.604727 5.075679
