1.0
620
255.089905 96.866234     355.683594 6.433594 218.744141     -0.998903 -0.046827 0.046827 -0.998903     66.509109 66.509109 4.641453
236.773438 55.385418     102.082031 11.227539 12.257812     -0.992508 -0.122178 0.122178 -0.992508     14.840245 14.840245 1.089080
256.078278 43.325439     487.148438 30.976562 16.958862     -0.997855 -0.065457 0.065457 -0.997855     17.385892 17.385892 4.757276
253.731873 98.768021     551.140625 12.849609 282.772461     -0.998861 -0.047717 0.047717 -0.998861     75.589100 75.589100 4.647389
267.127716 236.527527     389.796875 -156.578125 261.886719     -0.830099 0.557616 -0.557616 -0.830099     56.331997 56.331997 5.129530
250.228104 47.043186     536.546875 -9.568359 48.238525     -0.999808 0.019584 -0.019584 -0.999808     31.193507 31.193507 1.546659
250.228104 47.043186     688.417969 0.558594 50.159912     -0.999808 0.019584 -0.019584 -0.999808     31.193507 31.193507 3.323983
249.824234 46.980637     906.679688 480.656250 5560.386719     -1.000000 -0.000875 0.000875 -1.000000     31.870493 31.870493 1.546319
249.824234 46.980637     843.464844 14.862305 59.936279     -1.000000 -0.000875 0.000875 -1.000000     31.870493 31.870493 4.741131
261.105408 166.911697     1200.710938 143.500000 6855.175781     -0.101676 -0.994818 0.994818 -0.101676     131.778095 131.778095 1.643063
261.105408 166.911697     396.789062 -9.929688 80.609375     -0.101676 -0.994818 0.994818 -0.101676     131.778095 131.778095 4.767344
249.735336 47.420757     1360.796875 150.894531 8332.562500     -0.999820 -0.018958 0.018958 -0.999820     34.756337 34.756337 1.544058
249.735336 47.420757     1480.128906 251.398438 10146.289062     -0.999820 -0.018958 0.018958 -0.999820     34.756337 34.756337 4.735727
257.325256 191.190430     127.007812 7.726562 14.750000     -0.025354 -0.999679 0.999679 -0.025354     155.694246 155.694246 1.590049
257.325256 191.190430     1552.339844 152.054688 12039.484375     -0.025354 -0.999679 0.999679 -0.025354     155.694246 155.694246 3.268671
272.425293 364.536865     44.335938 -18.636719 28.810547     -0.999508 0.031359 -0.031359 -0.999508     40.324077 40.324077 4.736309
254.918304 179.242676     312.460938 -58.464844 75.337891     -0.021628 -0.999766 0.999766 -0.021628     165.801185 165.801185 1.585533
254.918304 179.242676     1597.511719 14.613281 12409.039062     -0.021628 -0.999766 0.999766 -0.021628     165.801185 165.801185 3.294185
254.496338 194.212082     10.304688 -15.226562 64.656250     -0.028973 -0.999580 0.999580 -0.028973     172.699316 172.699316 1.561668
254.496338 194.212082     13.109375 -19.531250 90.609375     -0.028973 -0.999580 0.999580 -0.028973     172.699316 172.699316 3.331131
257.647430 414.039185     119.292969 3.398438 4.308838     -0.997662 -0.068346 0.068346 -0.997662     16.969646 16.969646 3.141833
253.145020 207.810730     1684.371094 62.945312 12689.191406     -0.014495 -0.999895 0.999895 -0.014495     177.172929 177.172929 1.576661
253.145020 207.810730     158.128906 -0.031738 4.869263     -0.014495 -0.999895 0.999895 -0.014495     177.172929 177.172929 4.732389
266.893036 143.725586     214.968750 0.759766 6.410278     -0.832017 0.554750 -0.554750 -0.832017     18.214978 18.214978 0.875320
256.188873 151.500992     285.085938 4.541016 7.886597     -0.973879 0.227066 -0.227066 -0.973879     35.349061 35.349061 1.639053
256.188873 151.500992     342.171875 10.173828 8.254395     -0.973879 0.227066 -0.227066 -0.973879     35.349061 35.349061 4.791257
251.928848 213.617996     440.386719 12.843750 8.324768     -0.001352 -0.999999 0.999999 -0.001352     179.858868 179.858868 1.572126
251.928848 213.617996     451.042969 14.813721 4.901413     -0.001352 -0.999999 0.999999 -0.001352     179.858868 179.858868 4.752514
297.040802 409.493866     542.230469 9.639648 23.382233     0.252592 -0.967573 0.967573 0.252592     11.321490 11.321490 4.443692
297.740509 407.803802     1760.281250 126.789062 13264.070312     0.231320 -0.972878 0.972878 0.231320     13.092955 13.092955 4.454615
252.136185 26.101168     571.070312 10.533203 23.555511     -0.999564 -0.029517 0.029517 -0.999564     9.231564 9.231564 5.819882
252.136185 26.101168     571.867188 11.084961 24.427704     -0.999564 -0.029517 0.029517 -0.999564     9.231564 9.231564 6.300708
250.721817 216.147049     1714.265625 125.480469 14200.093750     -0.005720 -0.999984 0.999984 -0.005720     184.665168 184.665168 1.557446
250.721817 216.147049     1699.914062 136.796875 14506.703125     -0.005720 -0.999984 0.999984 -0.005720     184.665168 184.665168 4.752962
253.448593 25.744549     38.046875 39.781250 78.031250     -1.000000 0.000207 -0.000207 -1.000000     9.929876 9.929876 0.285900
253.448593 25.744549     21.890625 33.929688 121.671875     -1.000000 0.000207 -0.000207 -1.000000     9.929876 9.929876 3.342411
253.215775 25.199535     89.492188 24.937500 23.265625     -0.999993 -0.003643 0.003643 -0.999993     11.390877 11.390877 0.231813
253.215775 25.199535     19.554688 3.734375 41.031250     -0.999993 -0.003643 0.003643 -0.999993     11.390877 11.390877 0.604111
252.121002 24.647686     47.679688 45.765625 82.140625     -0.999866 -0.016375 0.016375 -0.999866     12.577662 12.577662 3.256830
252.121002 24.647686     163.292969 71.742188 62.625000     -0.999866 -0.016375 0.016375 -0.999866     12.577662 12.577662 4.593632
250.302032 24.345854     88.031250 23.125000 23.171875     -0.999537 -0.030426 0.030426 -0.999537     12.683859 12.683859 4.635363
249.499313 24.231293     53.429688 -17.921875 25.203125     -0.999559 -0.029687 0.029687 -0.999559     12.682740 12.682740 1.649962
249.499313 24.231293     62.328125 25.984375 80.296875     -0.999559 -0.029687 0.029687 -0.999559     12.682740 12.682740 4.637016
253.262497 14.583333     116.789062 30.617188 153.046875     -0.999450 -0.033149 0.033149 -0.999450     9.450084 9.450084 1.966378
253.262497 14.583333     83.375000 47.312500 49.375000     -0.999450 -0.033149 0.033149 -0.999450     9.450084 9.450084 4.481517
249.370819 21.686293     19.478516 10.593750 95.359375     -0.999828 -0.018569 0.018569 -0.999828     21.676365 21.676365 2.297327
249.370819 21.686293     32.359375 -5.093750 50.218750     -0.999828 -0.018569 0.018569 -0.999828     21.676365 21.676365 3.211713
250.367691 220.961243     36.718750 -35.015625 64.546875     -0.011019 -0.999939 0.999939 -0.011019     188.725730 188.725730 1.555821
250.367691 220.961243     60.156250 -19.718750 28.578125     -0.011019 -0.999939 0.999939 -0.011019     188.725730 188.725730 4.748389
250.402756 216.674805     54.830078 46.632812 60.359375     -0.010048 -0.999950 0.999950 -0.010048     186.248074 186.248074 1.554966
250.402756 216.674805     86.681641 51.554688 53.109375     -0.010048 -0.999950 0.999950 -0.010048     186.248074 186.248074 4.747863
249.865875 213.430084     55.374023 -6.285156 39.687500     -0.010680 -0.999943 0.999943 -0.010680     185.455314 185.455314 1.558095
249.865875 213.430084     144.687500 8.625000 18.656250     -0.010680 -0.999943 0.999943 -0.010680     185.455314 185.455314 4.760907
242.793427 451.563385     2282.648438 816.054688 18681.503906     -0.294198 -0.955745 0.955745 -0.294198     15.224616 15.224616 4.862961
317.286865 439.521912     38.335938 32.941406 88.953125     -0.948370 -0.317166 0.317166 -0.948370     17.385207 17.385207 5.101635
196.253662 458.468292     31.000000 11.796875 90.640625     -0.166560 -0.986031 0.986031 -0.166560     19.575712 19.575712 1.684843
196.253662 458.468292     45.109375 29.166016 36.859375     -0.166560 -0.986031 0.986031 -0.166560     19.575712 19.575712 2.445956
185.847626 453.311890     142.266602 -79.093750 152.796875     -0.887226 -0.461336 0.461336 -0.887226     22.643900 22.643900 1.379422
317.372772 439.372772     80.615234 -26.335938 52.828125     -0.952417 -0.304797 0.304797 -0.952417     17.870890 17.870890 5.076254
344.381195 410.648529     166.296875 21.296875 42.437500     -0.899634 0.436644 -0.436644 -0.899634     18.281637 18.281637 0.814617
344.381195 410.648529     147.937500 -20.625000 54.984375     -0.899634 0.436644 -0.436644 -0.899634     18.281637 18.281637 1.373965
164.767181 422.522888     81.562500 68.640625 97.109375     -0.817969 -0.575262 0.575262 -0.817969     18.056737 18.056737 1.287030
164.767181 422.522888     20.398438 6.617188 39.375000     -0.817969 -0.575262 0.575262 -0.817969     18.056737 18.056737 1.967838
155.736618 459.312744     66.093750 31.593750 49.765625     -0.135723 -0.990747 0.990747 -0.135723     19.106342 19.106342 1.613006
358.404175 453.923340     48.557617 -37.445312 91.140625     0.256304 -0.966596 0.966596 0.256304     25.058460 25.058460 1.566468
358.404175 453.923340     128.515625 58.562500 62.656250     0.256304 -0.966596 0.966596 0.256304     25.058460 25.058460 1.883977
291.302032 440.551025     118.171875 18.062500 18.125000     0.561569 -0.827430 0.827430 0.561569     16.196231 16.196231 4.112155
344.030029 411.437775     252.875000 -34.203125 47.921875     -0.901397 0.432993 -0.432993 -0.901397     19.669726 19.669726 1.381352
344.030029 411.437775     103.937500 48.281250 36.335938     -0.901397 0.432993 -0.432993 -0.901397     19.669726 19.669726 4.388243
366.714294 428.420929     161.765625 21.031250 50.656250     -0.854988 -0.518647 0.518647 -0.854988     30.535043 30.535043 3.148390
366.714294 428.420929     29.242188 4.281250 35.578125     -0.854988 -0.518647 0.518647 -0.854988     30.535043 30.535043 4.214065
412.755920 444.230499     131.515625 63.343750 77.093750     -0.919923 0.392099 -0.392099 -0.919923     25.357942 25.357942 0.223482
412.755920 444.230499     53.609375 12.125000 53.546875     -0.919923 0.392099 -0.392099 -0.919923     25.357942 25.357942 0.843640
177.884796 403.944702     113.906250 -23.906250 20.109375     -0.685864 -0.727730 0.727730 -0.685864     14.843204 14.843204 0.493773
177.884796 403.944702     81.925781 -27.218750 52.546875     -0.685864 -0.727730 0.727730 -0.685864     14.843204 14.843204 1.461022
164.558929 422.303040     54.281250 -7.125000 31.093750     -0.809197 -0.587537 0.587537 -0.809197     17.817316 17.817316 1.330839
164.558929 422.303040     113.015625 55.390625 45.765625     -0.809197 -0.587537 0.587537 -0.809197     17.817316 17.817316 1.973895
114.502007 414.004028     66.843750 5.453125 26.625000     -0.943493 0.331394 -0.331394 -0.943493     27.549371 27.549371 4.222097
449.987061 409.223297     278.671875 124.890625 230.718750     -0.997688 -0.067960 0.067960 -0.997688     19.128300 19.128300 0.490145
449.987061 409.223297     32.368652 4.425781 29.296875     -0.997688 -0.067960 0.067960 -0.997688     19.128300 19.128300 0.905170
365.700592 387.430237     49.024414 8.808594 24.562500     -0.887839 0.460154 -0.460154 -0.887839     31.976796 31.976796 1.068524
365.700592 387.430237     66.585938 39.664062 44.632812     -0.887839 0.460154 -0.460154 -0.887839     31.976796 31.976796 3.756059
133.365646 427.806152     142.500000 25.000000 23.078125     0.694662 -0.719336 0.719336 0.694662     15.363357 15.363357 1.090519
133.365646 427.806152     119.796875 -26.453125 34.531250     0.694662 -0.719336 0.719336 0.694662     15.363357 15.363357 1.593039
253.076782 241.473206     28.269531 -18.105469 83.375000     -0.049579 -0.998770 0.998770 -0.049579     213.080548 213.080548 1.577850
253.076782 241.473206     96.484375 -5.640625 129.062500     -0.049579 -0.998770 0.998770 -0.049579     213.080548 213.080548 4.751152
331.827332 381.392090     81.203125 18.406250 41.359375     -0.187241 -0.982314 0.982314 -0.187241     24.129135 24.129135 3.497009
71.485001 449.839996     133.875000 9.421875 30.343750     -0.754996 -0.655729 0.655729 -0.754996     15.278876 15.278876 1.975617
71.485001 449.839996     126.390625 61.953125 49.945312     -0.754996 -0.655729 0.655729 -0.754996     15.278876 15.278876 4.566418
340.448273 351.197052     49.934082 6.398438 28.015625     -0.990366 -0.138473 0.138473 -0.990366     15.711522 15.711522 4.663898
366.792297 387.161530     103.843750 68.781250 202.000000     -0.916398 0.400268 -0.400268 -0.916398     30.990161 30.990161 0.819042
366.792297 387.161530     152.079102 99.781250 77.195312     -0.916398 0.400268 -0.400268 -0.916398     30.990161 30.990161 1.449110
116.631577 413.082245     54.070312 17.656250 63.500000     -0.856330 0.516429 -0.516429 -0.856330     27.352317 27.352317 0.644156
116.631577 413.082245     160.421875 -14.367188 62.390625     -0.856330 0.516429 -0.516429 -0.856330     27.352317 27.352317 1.056134
450.079651 410.900452     121.031250 -74.671875 236.468750     -0.986318 -0.164854 0.164854 -0.986318     28.058475 28.058475 0.873862
450.079651 410.900452     6424.507812 1290.343750 20218.906250     -0.986318 -0.164854 0.164854 -0.986318     28.058475 28.058475 1.475538
333.879456 383.024658     62.093750 46.859375 72.828125     -0.403822 -0.914838 0.914838 -0.403822     25.219388 25.219388 3.808864
507.489441 435.514771     52.468750 8.640625 85.375000     0.691692 -0.722193 0.722193 0.691692     28.498665 28.498665 1.207510
507.489441 435.514771     154.187500 127.109375 163.773438     0.691692 -0.722193 0.722193 0.691692     28.498665 28.498665 4.296059
389.400787 410.330750     131.843750 38.968750 23.718750     -0.666135 -0.745831 0.745831 -0.666135     20.253275 20.253275 2.225800
389.400787 410.330750     19.426514 3.727539 38.390625     -0.666135 -0.745831 0.745831 -0.666135     20.253275 20.253275 2.889613
350.409760 371.009766     84.375000 -11.359375 10.218750     -0.299808 -0.954000 0.954000 -0.299808     19.260258 19.260258 2.208754
350.409760 371.009766     64.101562 20.398438 60.125000     -0.299808 -0.954000 0.954000 -0.299808     19.260258 19.260258 5.225159
532.894897 433.656036     26.599609 -2.089844 51.289062     -0.790629 -0.612295 0.612295 -0.790629     22.633772 22.633772 1.054080
532.894897 433.656036     52.155273 -23.144531 34.148438     -0.790629 -0.612295 0.612295 -0.790629     22.633772 22.633772 2.725741
113.838287 386.735962     45.413818 8.199219 45.015625     0.502849 -0.864374 0.864374 0.502849     23.284551 23.284551 4.695583
468.463867 451.284393     122.937500 39.218750 26.140625     -0.863171 -0.504912 0.504912 -0.863171     23.981304 23.981304 1.535159
468.463867 451.284393     60.312500 0.570312 39.324219     -0.863171 -0.504912 0.504912 -0.863171     23.981304 23.981304 2.329145
340.371307 350.759491     145.296875 99.843750 110.664062     -0.985029 -0.172391 0.172391 -0.985029     17.407423 17.407423 4.637600
416.259247 320.230438     170.125000 14.328125 74.554688     -0.886991 -0.461786 0.461786 -0.886991     15.059680 15.059680 0.449163
416.259247 320.230438     259.125000 1.390625 13.703125     -0.886991 -0.461786 0.461786 -0.886991     15.059680 15.059680 2.489757
450.641876 410.951080     9590.742188 2263.210938 19381.687500     -0.983674 -0.179962 0.179962 -0.983674     30.787567 30.787567 0.902454
450.641876 410.951080     90.795807 49.276855 96.625000     -0.983674 -0.179962 0.179962 -0.983674     30.787567 30.787567 1.468680
350.745819 371.158325     37.081055 -33.804688 221.007812     -0.450098 -0.892979 0.892979 -0.450098     23.419145 23.419145 1.799110
350.745819 371.158325     29.941406 17.505859 70.312500     -0.450098 -0.892979 0.892979 -0.450098     23.419145 23.419145 2.764221
138.261795 391.510742     104.125000 25.312500 53.625000     -0.996116 -0.088056 0.088056 -0.996116     15.646208 15.646208 0.448529
138.261795 391.510742     304.478027 118.582031 390.562500     -0.996116 -0.088056 0.088056 -0.996116     15.646208 15.646208 1.478329
384.265320 409.862244     68.843750 10.578125 82.437500     -0.835074 -0.550137 0.550137 -0.835074     26.760307 26.760307 0.245616
384.265320 409.862244     893.750000 560.875000 421.453125     -0.835074 -0.550137 0.550137 -0.835074     26.760307 26.760307 2.722990
506.258545 434.410645     34.864990 41.840332 77.000000     -0.708017 -0.706195 0.706195 -0.708017     28.972832 28.972832 1.113278
506.258545 434.410645     203.968750 14.203125 18.281250     -0.708017 -0.706195 0.706195 -0.708017     28.972832 28.972832 1.884008
533.885315 435.967987     62.500000 -24.531250 36.000000     -0.639318 -0.768942 0.768942 -0.639318     24.241219 24.241219 2.355035
533.885315 435.967987     74.765625 24.367188 34.492188     -0.639318 -0.768942 0.768942 -0.639318     24.241219 24.241219 5.484013
366.948303 387.487640     337.500000 -30.812500 23.375000     -0.920910 0.389775 -0.389775 -0.920910     31.337968 31.337968 0.879753
366.948303 387.487640     27.593750 6.078125 41.250000     -0.920910 0.389775 -0.389775 -0.920910     31.337968 31.337968 3.088427
509.708160 453.101166     122.500000 23.828125 24.125000     -0.972350 0.233530 -0.233530 -0.972350     17.057189 17.057189 4.271934
117.401688 413.132019     49.406250 23.234375 30.671875     -0.858758 0.512381 -0.512381 -0.858758     27.114778 27.114778 0.377295
117.401688 413.132019     97.054688 -29.984375 75.808594     -0.858758 0.512381 -0.512381 -0.858758     27.114778 27.114778 4.383766
578.156860 400.078430     195.250000 -0.578125 15.718750     -0.962282 0.272054 -0.272054 -0.962282     24.266389 24.266389 0.546289
578.156860 400.078430     197.312500 -1.046875 30.328125     -0.962282 0.272054 -0.272054 -0.962282     24.266389 24.266389 3.667357
415.942383 319.193207     13654.460938 2467.242188 18107.562500     -0.871470 -0.490448 0.490448 -0.871470     17.190218 17.190218 2.775998
415.942383 319.193207     87.062500 23.523438 106.953125     -0.871470 -0.490448 0.490448 -0.871470     17.190218 17.190218 4.632077
405.130127 385.239716     100.390625 -9.937500 25.789062     -0.991248 -0.132016 0.132016 -0.991248     22.900864 22.900864 1.470938
405.130127 385.239716     67.843750 20.875000 22.500000     -0.991248 -0.132016 0.132016 -0.991248     22.900864 22.900864 4.008108
441.325073 404.752411     78.187500 -6.875000 37.328125     -0.770888 -0.636970 0.636970 -0.770888     50.816935 50.816935 1.564685
441.325073 404.752411     129.375000 -21.609375 28.296875     -0.770888 -0.636970 0.636970 -0.770888     50.816935 50.816935 3.056619
76.412621 433.466034     134.593750 -5.265625 8.750000     -0.814816 -0.579719 0.579719 -0.814816     23.010826 23.010826 2.667628
76.412621 433.466034     40.921875 -14.359375 41.484375     -0.814816 -0.579719 0.579719 -0.814816     23.010826 23.010826 2.936469
82.271111 408.982208     84.750000 8.343750 15.312500     -0.951699 -0.307033 0.307033 -0.951699     20.972468 20.972468 1.500885
82.271111 408.982208     38.562500 20.078125 32.648438     -0.951699 -0.307033 0.307033 -0.951699     20.972468 20.972468 2.524198
344.951233 310.121948     77.343750 -0.265625 45.796875     -0.795837 -0.605511 0.605511 -0.795837     17.108590 17.108590 4.448531
379.994110 340.351044     49.784180 -3.429688 21.109375     -0.980412 -0.196958 0.196958 -0.980412     19.121449 19.121449 0.233716
379.994110 340.351044     145.892578 64.994141 159.218750     -0.980412 -0.196958 0.196958 -0.980412     19.121449 19.121449 1.222383
418.416046 359.581451     135.281250 -24.140625 29.515625     -0.961696 0.274119 -0.274119 -0.961696     23.378839 23.378839 0.788009
418.416046 359.581451     80.218750 -8.265625 24.437500     -0.961696 0.274119 -0.274119 -0.961696     23.378839 23.378839 3.752590
121.973801 356.890839     151.531250 30.343750 52.062500     0.286606 -0.958049 0.958049 0.286606     21.512246 21.512246 1.134793
121.973801 356.890839     127.843750 -9.843750 18.710938     0.286606 -0.958049 0.958049 0.286606     21.512246 21.512246 1.492748
468.907715 378.222229     21.988224 -7.401611 97.500000     0.165909 -0.986141 0.986141 0.165909     43.983994 43.983994 2.789341
21.153465 451.678223     26.953125 -9.515625 24.359375     -0.999977 -0.006725 0.006725 -0.999977     14.612195 14.612195 4.645220
502.474457 433.304138     19681.632812 3172.992188 16193.554688     -0.931261 -0.364353 0.364353 -0.931261     26.300177 26.300177 2.316160
502.474457 433.304138     44.164062 8.568359 19.304688     -0.931261 -0.364353 0.364353 -0.931261     26.300177 26.300177 5.103411
415.110168 318.158203     51.679688 21.046875 29.648438     -0.873233 -0.487304 0.487304 -0.873233     17.643576 17.643576 2.297143
415.110168 318.158203     67.515625 31.109375 66.640625     -0.873233 -0.487304 0.487304 -0.873233     17.643576 17.643576 2.706985
82.195221 408.537842     52.870895 36.758789 45.351562     -0.965295 -0.261162 0.261162 -0.965295     23.070792 23.070792 0.215217
82.195221 408.537842     44.148682 42.917969 131.460938     -0.965295 -0.261162 0.261162 -0.965295     23.070792 23.070792 1.428028
538.912231 440.990692     147.197266 -17.287109 92.957031     -0.457801 -0.889054 0.889054 -0.457801     37.224053 37.224053 1.883617
84.167786 360.134216     123.640625 33.031250 136.285156     -0.821985 -0.569508 0.569508 -0.821985     12.777450 12.777450 1.775977
84.167786 360.134216     51.273598 35.676025 85.179688     -0.821985 -0.569508 0.569508 -0.821985     12.777450 12.777450 4.632359
462.591522 318.781250     203.593750 -35.546875 26.507812     -0.973703 -0.227820 0.227820 -0.973703     21.400005 21.400005 0.710954
462.591522 318.781250     45.062500 -7.468750 27.085938     -0.973703 -0.227820 0.227820 -0.973703     21.400005 21.400005 1.486304
360.367340 271.265320     50.781250 -3.421875 29.906250     -0.609100 -0.793094 0.793094 -0.609100     28.641441 28.641441 2.217706
360.367340 271.265320     100.875000 -20.312500 14.714844     -0.609100 -0.793094 0.793094 -0.609100     28.641441 28.641441 2.749766
376.508911 318.768677     89.078125 10.554688 11.523438     -0.989855 0.142081 -0.142081 -0.989855     34.952109 34.952109 0.243108
376.508911 318.768677     38.343750 -17.359375 41.476562     -0.989855 0.142081 -0.142081 -0.989855     34.952109 34.952109 3.687409
344.397186 319.908051     49.093750 -21.343750 43.117188     0.440701 -0.897654 0.897654 0.440701     41.334228 41.334228 2.476520
51.075829 427.445496     41.625000 23.609375 84.859375     -0.659367 -0.751821 0.751821 -0.659367     16.192726 16.192726 0.890325
51.075829 427.445496     109.681152 21.661133 155.460938     -0.659367 -0.751821 0.751821 -0.659367     16.192726 16.192726 2.126548
355.015747 239.807083     46.662842 11.027344 43.734375     -0.997934 -0.064250 0.064250 -0.997934     24.561148 24.561148 4.708642
561.361450 422.436737     67.843750 13.460938 25.148438     -0.665660 -0.746255 0.746255 -0.665660     20.272582 20.272582 2.685755
561.361450 422.436737     22.375000 1.500000 28.972656     -0.665660 -0.746255 0.746255 -0.665660     20.272582 20.272582 5.787201
579.912903 406.485474     18.531250 -21.328125 241.748291     -0.239440 -0.970911 0.970911 -0.239440     31.927130 31.927130 2.356783
579.912903 406.485474     40.875000 3.980713 17.247730     -0.239440 -0.970911 0.970911 -0.239440     31.927130 31.927130 5.077173
419.813690 325.326996     68.843750 1.865723 16.696053     -0.693657 -0.720306 0.720306 -0.693657     25.368492 25.368492 1.258684
419.813690 325.326996     105.500000 9.587891 21.841984     -0.693657 -0.720306 0.720306 -0.693657     25.368492 25.368492 2.298581
615.394470 447.266052     206.890564 -10.637802 38.336906     -0.951636 -0.307227 0.307227 -0.951636     15.018166 15.018166 1.452743
546.580017 363.285004     2096.812500 172.289062 170.280670     -0.988973 0.148095 -0.148095 -0.988973     13.133311 13.133311 1.223467
546.580017 363.285004     13.164062 -3.439453 62.333984     -0.988973 0.148095 -0.148095 -0.988973     13.133311 13.133311 3.767610
361.114990 271.282227     21.796875 -10.476562 149.942871     -0.740612 -0.671933 0.671933 -0.740612     29.030466 29.030466 1.585039
361.114990 271.282227     7990.578125 704.017578 485.255249     -0.740612 -0.671933 0.671933 -0.740612     29.030466 29.030466 2.294367
163.847168 285.554596     2553.808594 -375.456787 513.729004     0.083752 -0.996487 0.996487 0.083752     23.131910 23.131910 5.988424
41.900944 354.820740     118.953125 45.015625 27.070312     -0.825392 0.564560 -0.564560 -0.825392     19.259679 19.259679 1.471808
41.900944 354.820740     2632.978027 -424.124756 706.915161     -0.825392 0.564560 -0.564560 -0.825392     19.259679 19.259679 2.097173
56.337303 332.412689     45.070312 -18.998047 261.868164     -0.715638 -0.698471 0.698471 -0.715638     27.377271 27.377271 2.167629
56.337303 332.412689     4.390625 -44.019531 1396.546875     -0.715638 -0.698471 0.698471 -0.715638     27.377271 27.377271 5.668265
614.587769 446.561066     8296.390625 878.244141 809.091675     -0.942586 -0.333962 0.333962 -0.942586     15.746946 15.746946 1.476389
355.101898 240.875793     109.812500 2.867188 17.082031     -0.999632 -0.027143 0.027143 -0.999632     28.213505 28.213505 4.719195
488.345825 349.141205     43880.945312 -8.429688 1391.364746     -0.765142 -0.643862 0.643862 -0.765142     23.228984 23.228984 1.954128
561.168701 420.328278     94.328125 -18.062500 12.141602     -0.825030 -0.565089 0.565089 -0.825030     23.027744 23.027744 0.770564
561.168701 420.328278     113.312500 54.156250 64.158203     -0.825030 -0.565089 0.565089 -0.825030     23.027744 23.027744 4.440841
579.633240 406.756256     44060.218750 429.962891 1941.418457     -0.180206 -0.983629 0.983629 -0.180206     33.980797 33.980797 1.928112
579.633240 406.756256     75.625000 -7.179688 28.605469     -0.180206 -0.983629 0.983629 -0.180206     33.980797 33.980797 2.254409
460.715424 322.378937     144.656250 19.203125 24.882812     -0.989411 -0.145143 0.145143 -0.989411     38.303647 38.303647 3.296239
460.715424 322.378937     44040.945312 478.359375 2412.602539     -0.989411 -0.145143 0.145143 -0.989411     38.303647 38.303647 4.547224
558.811462 383.413940     48.110596 -19.100586 59.402344     -0.999984 -0.005666 0.005666 -0.999984     16.653190 16.653190 0.893028
558.811462 383.413940     43379.085938 941.990234 3069.360352     -0.999984 -0.005666 0.005666 -0.999984     16.653190 16.653190 2.842320
108.387405 338.779663     43962.726562 713.746094 3734.656250     0.175219 -0.984529 0.984529 0.175219     25.081089 25.081089 0.429525
108.387405 338.779663     87.437500 10.828125 59.414062     0.175219 -0.984529 0.984529 0.175219     25.081089 25.081089 1.973678
72.766670 319.777771     44060.328125 1439.617188 4931.825195     -0.349663 -0.936876 0.936876 -0.349663     21.771739 21.771739 1.998467
72.766670 319.777771     33.641907 21.554688 56.976562     -0.349663 -0.936876 0.936876 -0.349663     21.771739 21.771739 2.313010
364.317841 271.894043     46.593750 42.828125 82.382812     -0.923643 -0.383254 0.383254 -0.923643     29.550266 29.550266 4.527078
68.106606 364.388000     37.794922 14.087891 86.871094     -0.573937 -0.818900 0.818900 -0.573937     66.953020 66.953020 0.838847
68.106606 364.388000     18.700623 10.096191 122.437500     -0.573937 -0.818900 0.818900 -0.573937     66.953020 66.953020 1.654165
579.487366 406.033020     46.437500 -31.000000 60.476562     -0.479286 -0.877659 0.877659 -0.479286     35.736651 35.736651 2.246629
579.487366 406.033020     47.733887 6.293945 113.875000     -0.479286 -0.877659 0.877659 -0.479286     35.736651 35.736651 2.753877
581.475647 432.057556     166.328125 149.539062 269.593750     -0.833080 -0.553153 0.553153 -0.833080     31.512940 31.512940 1.428089
15.845410 396.497589     362.312500 -26.937500 44.789062     -0.524534 -0.851389 0.851389 -0.524534     13.565470 13.565470 1.791313
15.845410 396.497589     93.655273 4.076172 17.539062     -0.524534 -0.851389 0.851389 -0.524534     13.565470 13.565470 4.166006
556.575684 365.571106     188.562500 76.187500 61.218750     -0.997121 -0.075828 0.075828 -0.997121     18.663418 18.663418 0.242461
556.575684 365.571106     181.471436 -34.949219 145.187500     -0.997121 -0.075828 0.075828 -0.997121     18.663418 18.663418 3.837848
417.567871 288.971436     275.187500 -42.593750 162.429688     -0.904715 -0.426017 0.426017 -0.904715     21.589701 21.589701 1.588909
417.567871 288.971436     120.078125 2.226562 69.796875     -0.904715 -0.426017 0.426017 -0.904715     21.589701 21.589701 2.741881
552.832031 385.774292     311.437500 109.937500 76.984375     -0.995313 0.096708 -0.096708 -0.995313     20.315463 20.315463 0.500211
552.832031 385.774292     285.750000 99.015625 120.765625     -0.995313 0.096708 -0.096708 -0.995313     20.315463 20.315463 0.869824
390.303955 293.057281     44153.468750 1563.968750 7719.910156     -0.355712 -0.934596 0.934596 -0.355712     22.625820 22.625820 2.154254
134.421051 315.695496     42.643280 10.600586 53.609375     -0.974669 -0.223651 0.223651 -0.974669     19.437349 19.437349 1.155136
134.421051 315.695496     97.418945 -2.480469 26.023438     -0.974669 -0.223651 0.223651 -0.974669     19.437349 19.437349 2.957275
579.400940 452.377869     60.441406 103.652344 372.992188     -0.828829 -0.559501 0.559501 -0.828829     17.421166 17.421166 1.484358
579.400940 452.377869     71.625000 -2.765625 24.703125     -0.828829 -0.559501 0.559501 -0.828829     17.421166 17.421166 2.139652
351.735931 243.545151     114.187500 8.062500 20.476562     -0.816685 0.577084 -0.577084 -0.816685     33.257734 33.257734 5.247146
603.963196 370.368103     89.281250 19.593750 21.625000     -0.999995 0.003220 -0.003220 -0.999995     17.840039 17.840039 1.579391
558.108521 365.225983     67.125000 -19.234375 111.890625     -0.999980 0.006269 -0.006269 -0.999980     24.779258 24.779258 0.791102
558.108521 365.225983     55.045898 -35.753906 60.460938     -0.999980 0.006269 -0.006269 -0.999980     24.779258 24.779258 1.860832
444.162750 289.998199     41.327393 -6.058594 142.132812     -0.552535 -0.833490 0.833490 -0.552535     38.042545 38.042545 2.262467
444.162750 289.998199     80.015625 -32.617188 78.781250     -0.552535 -0.833490 0.833490 -0.552535     38.042545 38.042545 5.072774
510.375519 335.928284     39.893730 -0.911621 28.000000     -0.991538 0.129816 -0.129816 -0.991538     22.268409 22.268409 0.285638
510.375519 335.928284     92.203125 -19.371094 55.890625     -0.991538 0.129816 -0.129816 -0.991538     22.268409 22.268409 1.096446
531.108215 320.502167     45.974609 31.175781 76.000000     -0.999129 0.041733 -0.041733 -0.999129     13.142818 13.142818 4.343849
388.684875 257.147064     161.906250 -14.515625 33.015625     0.700149 -0.713997 0.713997 0.700149     23.313733 23.313733 1.287767
388.684875 257.147064     254.812500 2.406250 52.421875     0.700149 -0.713997 0.713997 0.700149     23.313733 23.313733 2.529296
584.362793 340.427917     44744.890625 476.367188 10666.048828     -0.993055 -0.117653 0.117653 -0.993055     17.031160 17.031160 0.718811
584.362793 340.427917     75.315430 -6.648438 23.375000     -0.993055 -0.117653 0.117653 -0.993055     17.031160 17.031160 1.448905
522.709351 287.561584     682.781250 82.062500 141.046875     -0.756870 -0.653565 0.653565 -0.756870     17.608036 17.608036 2.293334
522.709351 287.561584     110.359375 -17.562500 29.687500     -0.756870 -0.653565 0.653565 -0.756870     17.608036 17.608036 5.138630
152.976898 262.825073     60.906250 -24.531250 48.281250     -0.999965 0.008419 -0.008419 -0.999965     30.452281 30.452281 1.511984
126.098518 279.068970     52.156250 15.906250 42.187500     -0.993117 0.117131 -0.117131 -0.993117     20.476171 20.476171 1.776865
126.098518 279.068970     60.688965 36.427734 41.687500     -0.993117 0.117131 -0.117131 -0.993117     20.476171 20.476171 3.368192
100.527298 290.418121     48.296875 6.976562 41.593750     -0.670081 -0.742288 0.742288 -0.670081     42.026452 42.026452 1.844037
100.527298 290.418121     42.281250 8.273438 50.140625     -0.670081 -0.742288 0.742288 -0.670081     42.026452 42.026452 2.956125
580.223328 341.663422     59.761719 37.496094 50.984375     -0.996021 0.089122 -0.089122 -0.996021     19.001589 19.001589 0.798848
580.223328 341.663422     105.199707 13.103516 51.156250     -0.996021 0.089122 -0.089122 -0.996021     19.001589 19.001589 3.076483
483.668304 301.921936     165.312500 46.546875 54.484375     -0.753339 0.657632 -0.657632 -0.753339     18.029595 18.029595 1.138691
483.668304 301.921936     140.671875 109.890625 147.617188     -0.753339 0.657632 -0.657632 -0.753339     18.029595 18.029595 1.653429
98.740196 249.093140     172.312500 -47.906250 229.109375     -0.954812 -0.297211 0.297211 -0.954812     18.355123 18.355123 1.287863
98.740196 249.093140     43.203125 8.320312 48.593750     -0.954812 -0.297211 0.297211 -0.954812     18.355123 18.355123 2.929638
507.751862 307.029633     77.140625 2.640625 41.640625     -0.979738 -0.200283 0.200283 -0.979738     20.241895 20.241895 1.618584
507.751862 307.029633     93.718750 60.281250 77.640625     -0.979738 -0.200283 0.200283 -0.979738     20.241895 20.241895 2.837557
26.420601 260.781128     177.109375 31.812500 54.968750     -0.231431 -0.972851 0.972851 -0.231431     21.755873 21.755873 1.368632
26.420601 260.781128     75.798828 -33.355469 42.828125     -0.231431 -0.972851 0.972851 -0.231431     21.755873 21.755873 1.790283
353.234222 203.459457     114.218750 -19.171875 22.265625     -0.855486 -0.517826 0.517826 -0.855486     18.504112 18.504112 4.407812
477.199463 248.420212     217.133850 53.746094 63.359375     -0.712061 -0.702118 0.702118 -0.712061     26.987125 26.987125 1.604145
477.199463 248.420212     415.624023 49.496094 69.328125     -0.712061 -0.702118 0.702118 -0.712061     26.987125 26.987125 1.994158
24.597174 258.795044     212.359375 29.000000 39.437500     -0.378741 -0.925503 0.925503 -0.378741     23.202488 23.202488 1.527382
24.597174 258.795044     62.984375 12.031250 24.218750     -0.378741 -0.925503 0.925503 -0.378741     23.202488 23.202488 2.847837
102.565559 244.597351     91.625000 -0.234375 69.312500     -0.960014 0.279951 -0.279951 -0.960014     42.193569 42.193569 2.100785
102.565559 244.597351     61.640625 61.734375 100.406250     -0.960014 0.279951 -0.279951 -0.960014     42.193569 42.193569 3.144792
474.482849 239.772552     35.906250 -6.265625 46.968750     -0.637185 -0.770711 0.770711 -0.637185     44.166998 44.166998 1.847612
474.482849 239.772552     112.500000 3.343750 91.156250     -0.637185 -0.770711 0.770711 -0.637185     44.166998 44.166998 2.947216
555.020386 277.221375     67.531250 54.000000 87.828125     -0.981837 0.189727 -0.189727 -0.981837     19.942081 19.942081 1.462912
555.020386 277.221375     91.250000 55.781250 142.296875     -0.981837 0.189727 -0.189727 -0.981837     19.942081 19.942081 3.040694
588.463745 281.236725     62.859375 46.875000 87.593750     -0.940512 0.339761 -0.339761 -0.940512     22.222821 22.222821 3.852174
588.463745 281.236725     43.171875 7.359375 77.125000     -0.940512 0.339761 -0.339761 -0.940512     22.222821 22.222821 6.361936
601.421692 260.208832     91.281250 -13.375000 71.875000     -0.987481 0.157740 -0.157740 -0.987481     24.383042 24.383042 1.015761
601.421692 260.208832     50.703125 10.562500 46.734375     -0.987481 0.157740 -0.157740 -0.987481     24.383042 24.383042 1.564549
522.770508 237.897537     97.957031 26.847656 45.281250     -0.975833 0.218519 -0.218519 -0.975833     14.348048 14.348048 0.452932
522.770508 237.897537     96.781250 54.976562 56.109375     -0.975833 0.218519 -0.218519 -0.975833     14.348048 14.348048 2.825696
474.722229 197.769836     91.103516 -16.281250 22.421875     -0.991185 -0.132484 0.132484 -0.991185     14.310195 14.310195 1.928006
474.722229 197.769836     24.458008 -4.042969 29.796875     -0.991185 -0.132484 0.132484 -0.991185     14.310195 14.310195 5.173206
548.659912 248.129547     63.617188 -17.656250 36.437500     0.674585 -0.738197 0.738197 0.674585     21.336005 21.336005 1.158264
548.659912 248.129547     45.640625 7.171875 26.656250     0.674585 -0.738197 0.738197 0.674585     21.336005 21.336005 3.855889
569.135193 254.270447     371.062500 -67.890625 71.156250     -0.754538 0.656256 -0.656256 -0.754538     22.298189 22.298189 0.906570
569.135193 254.270447     57.460938 1.218750 32.656250     -0.754538 0.656256 -0.656256 -0.754538     22.298189 22.298189 3.826092
521.363037 237.752472     215.429688 33.671875 24.218750     -0.987727 0.156191 -0.156191 -0.987727     14.872130 14.872130 2.620401
521.363037 237.752472     147.585938 -14.453125 52.125000     -0.987727 0.156191 -0.156191 -0.987727     14.872130 14.872130 5.000489
583.711548 226.045944     87.171875 12.906250 63.375000     -0.939750 -0.341862 0.341862 -0.939750     39.881279 39.881279 1.360164
54.304764 186.416321     56.000000 -18.781250 21.859375     -0.369910 -0.929068 0.929068 -0.369910     45.237140 45.237140 1.589459
54.304764 186.416321     251.078125 -72.718750 231.593750     -0.369910 -0.929068 0.929068 -0.369910     45.237140 45.237140 2.352000
28.352175 190.808701     191.445312 -17.179688 117.500000     -0.752206 -0.658928 0.658928 -0.752206     26.268007 26.268007 1.828578
28.352175 190.808701     300.410156 -21.003906 23.312500     -0.752206 -0.658928 0.658928 -0.752206     26.268007 26.268007 4.052145
465.304993 149.529999     651.382812 33.628906 29.759766     -0.960697 -0.277598 0.277598 -0.960697     20.748287 20.748287 1.892130
465.304993 149.529999     834.035156 54.445312 38.234375     -0.960697 -0.277598 0.277598 -0.960697     20.748287 20.748287 2.998584
618.736389 145.589951     887.078125 133.085938 94.910156     -0.211765 -0.977321 0.977321 -0.211765     21.130833 21.130833 0.458300
618.736389 145.589951     903.074219 167.199219 121.326172     -0.211765 -0.977321 0.977321 -0.211765     21.130833 21.130833 2.278928
328.768066 77.219879     145.089844 14.242188 5.843750     0.069443 -0.997586 0.997586 0.069443     16.177883 16.177883 3.039347
329.747650 80.468849     135.558594 10.179688 8.515625     0.080949 -0.996718 0.996718 0.080949     20.595067 20.595067 2.968777
407.882080 78.240562     45.394531 7.703125 18.820312     -0.925815 -0.377977 0.377977 -0.925815     13.267030 13.267030 1.790874
332.699463 84.158691     46.761719 6.394531 20.199219     0.086640 -0.996240 0.996240 0.086640     29.651586 29.651586 2.929984
327.858398 184.489517     147.343750 7.234375 18.109375     0.031572 -0.999501 0.999501 0.031572     7.794398 7.794398 2.725134
562.115356 121.468529     418.582031 13.745605 2.586273     -0.999523 -0.030875 0.030875 -0.999523     18.550408 18.550408 1.578991
562.115356 121.468529     30.332031 -1.859375 27.390625     -0.999523 -0.030875 0.030875 -0.999523     18.550408 18.550408 2.181951
435.258698 108.587067     154.093750 14.664062 27.171875     -0.978639 0.205588 -0.205588 -0.978639     13.001117 13.001117 4.463628
613.553162 153.062668     152.230469 9.265625 36.312500     -0.840611 -0.541639 0.541639 -0.840611     24.342966 24.342966 1.205433
527.341675 167.574997     156.832031 9.835938 41.062500     -0.989039 0.147656 -0.147656 -0.989039     23.612609 23.612609 1.046760
527.341675 167.574997     39.925781 2.742188 29.859375     -0.989039 0.147656 -0.147656 -0.989039     23.612609 23.612609 3.643650
606.232300 203.791336     220.281250 23.367188 4.625000     -0.987988 -0.154528 0.154528 -0.987988     21.048899 21.048899 1.502229
37.810715 190.885712     162.023438 11.562500 12.953125     0.598556 -0.801081 0.801081 0.598556     26.177058 26.177058 1.071706
37.810715 190.885712     206.746094 20.515625 6.546875     0.598556 -0.801081 0.801081 0.598556     26.177058 26.177058 1.607545
55.630596 212.462692     686.601562 39.542969 530.816406     -0.764983 -0.644051 0.644051 -0.764983     21.358847 21.358847 0.478233
55.630596 212.462692     39.718750 2.031250 30.859375     -0.764983 -0.644051 0.644051 -0.764983     21.358847 21.358847 0.913463
551.909363 265.600555     48.058594 -31.703125 29.585938     -0.946377 -0.323063 0.323063 -0.946377     33.589927 33.589927 2.098063
551.909363 265.600555     41.058594 2.062500 31.742188     -0.946377 -0.323063 0.323063 -0.946377     33.589927 33.589927 2.450597
441.295654 248.891312     259.437500 16.625000 29.000000     -0.554291 -0.832323 0.832323 -0.554291     19.130078 19.130078 1.813600
441.295654 248.891312     43.777344 2.195312 36.843750     -0.554291 -0.832323 0.832323 -0.554291     19.130078 19.130078 5.186754
136.953735 229.814941     329.613281 -3.039062 37.554688     -0.257648 -0.966239 0.966239 -0.257648     26.254087 26.254087 1.206075
136.953735 229.814941     259.109375 13.792969 5.011719     -0.257648 -0.966239 0.966239 -0.257648     26.254087 26.254087 2.050962
27.426710 286.019531     132.625000 -12.632812 47.253906     -0.095975 -0.995384 0.995384 -0.095975     18.946628 18.946628 0.877025
27.426710 286.019531     48.816467 -15.980957 67.589844     -0.095975 -0.995384 0.995384 -0.095975     18.946628 18.946628 1.478756
602.568542 358.899200     3177.091797 -1060.736328 2646.319336     0.624161 -0.781296 0.781296 0.624161     20.949047 20.949047 1.235024
602.568542 358.899200     15.593750 -120.351562 1367.890625     0.624161 -0.781296 0.781296 0.624161     20.949047 20.949047 4.309598
49.744743 291.066071     48.199219 -1.867188 96.019531     -0.093896 -0.995582 0.995582 -0.093896     30.896453 30.896453 1.286621
49.744743 291.066071     134.286133 -13.480469 60.912109     -0.093896 -0.995582 0.995582 -0.093896     30.896453 30.896453 2.107420
452.736664 258.993530     51.437500 -32.164062 55.021484     -0.580357 -0.814363 0.814363 -0.580357     34.786752 34.786752 0.975102
452.736664 258.993530     5108.000000 -265.644531 2638.739258     -0.580357 -0.814363 0.814363 -0.580357     34.786752 34.786752 1.821014
605.846985 312.971222     153.375000 -10.000000 55.726562     -0.996471 0.083937 -0.083937 -0.996471     29.343313 29.343313 1.596562
95.176704 261.706818     30.363434 -16.928223 63.484375     -0.998577 -0.053323 0.053323 -0.998577     18.728543 18.728543 0.195742
95.176704 261.706818     106.026367 -18.038086 17.261719     -0.998577 -0.053323 0.053323 -0.998577     18.728543 18.728543 1.372383
548.066162 335.832062     146.473511 -99.960449 78.773438     -0.905888 -0.423517 0.423517 -0.905888     22.768366 22.768366 1.831333
548.066162 335.832062     116.250000 -4.570312 8.398438     -0.905888 -0.423517 0.423517 -0.905888     22.768366 22.768366 2.365033
60.423798 287.419800     72.060638 -51.710205 64.523438     -0.854611 0.519269 -0.519269 -0.854611     50.100195 50.100195 2.055949
60.423798 287.419800     54.703293 14.315918 21.312500     -0.854611 0.519269 -0.519269 -0.854611     50.100195 50.100195 3.041378
104.276718 263.364502     32.250000 -16.437500 94.125000     -0.983935 -0.178525 0.178525 -0.983935     33.972295 33.972295 0.976384
104.276718 263.364502     76.375000 -68.875000 241.171875     -0.983935 -0.178525 0.178525 -0.983935     33.972295 33.972295 1.888656
412.989105 250.204361     64.937500 -4.016602 32.171875     -0.999025 -0.044153 0.044153 -0.999025     37.568524 37.568524 0.404772
412.989105 250.204361     642.593750 -244.851562 156.140625     -0.999025 -0.044153 0.044153 -0.999025     37.568524 37.568524 1.766070
551.918640 337.427521     5066.187500 -695.429688 3994.669922     -0.929898 -0.367818 0.367818 -0.929898     26.045252 26.045252 1.679732
551.918640 337.427521     65.307785 12.726318 75.070312     -0.929898 -0.367818 0.367818 -0.929898     26.045252 26.045252 2.515308
551.592407 341.734253     67.312500 -23.953125 73.601562     -0.905563 -0.424212 0.424212 -0.905563     38.810169 38.810169 1.827292
551.592407 341.734253     206.070801 -45.882812 68.546875     -0.905563 -0.424212 0.424212 -0.905563     38.810169 38.810169 2.604563
127.969429 289.759827     94.500000 -79.468750 240.109375     -0.999398 0.034680 -0.034680 -0.999398     22.917932 22.917932 1.400926
127.969429 289.759827     108.363281 -46.982422 47.986328     -0.999398 0.034680 -0.034680 -0.999398     22.917932 22.917932 2.999134
151.176468 325.205872     221.963989 24.459961 30.726562     -0.288656 -0.957433 0.957433 -0.288656     24.313045 24.313045 0.218110
151.176468 325.205872     66.839813 1.582031 89.140625     -0.288656 -0.957433 0.957433 -0.288656     24.313045 24.313045 0.758196
547.270203 375.094727     3353.872070 -765.769043 3159.578613     -0.998279 0.058637 -0.058637 -0.998279     22.292347 22.292347 0.375821
547.270203 375.094727     63.672661 23.087158 38.578125     -0.998279 0.058637 -0.058637 -0.998279     22.292347 22.292347 0.792339
511.648865 345.396942     184.093750 -22.531250 78.453125     -0.996373 -0.085098 0.085098 -0.996373     20.017646 20.017646 0.696722
511.648865 345.396942     45.474365 -13.428711 45.402344     -0.996373 -0.085098 0.085098 -0.996373     20.017646 20.017646 3.212474
582.553772 387.450195     104.029297 -13.097656 74.570312     -0.965745 -0.259494 0.259494 -0.965745     18.201483 18.201483 0.152881
582.553772 387.450195     31.034012 9.998291 71.695312     -0.965745 -0.259494 0.259494 -0.965745     18.201483 18.201483 0.561935
124.314011 331.816437     4946.593750 323.398438 6112.849609     0.679886 -0.733318 0.733318 0.679886     21.057472 21.057472 1.034900
124.314011 331.816437     567.783447 -29.732422 373.921875     0.679886 -0.733318 0.733318 0.679886     21.057472 21.057472 4.629955
558.501465 401.691406     48.031250 2.031250 39.593750     -0.732897 -0.680339 0.680339 -0.732897     26.939025 26.939025 2.005697
558.501465 401.691406     269.281250 -13.468750 40.796875     -0.732897 -0.680339 0.680339 -0.732897     26.939025 26.939025 2.331075
31.410469 345.322327     194.985474 22.951172 56.609375     0.059779 -0.998212 0.998212 0.059779     28.801605 28.801605 0.304785
31.410469 345.322327     107.849609 16.964844 37.937500     0.059779 -0.998212 0.998212 0.059779     28.801605 28.801605 1.389534
368.106018 295.696106     74.765610 2.515137 86.000000     -0.713764 0.700386 -0.700386 -0.713764     30.776648 30.776648 0.519842
368.106018 295.696106     80.656250 -2.421875 33.140625     -0.713764 0.700386 -0.700386 -0.713764     30.776648 30.776648 1.468505
46.071224 377.529907     137.541016 -9.861328 25.996094     -0.917567 0.397581 -0.397581 -0.917567     31.013174 31.013174 1.555987
46.071224 377.529907     69.078125 10.609375 44.578125     -0.917567 0.397581 -0.397581 -0.917567     31.013174 31.013174 2.171173
123.866470 335.118683     53.312500 -3.890625 38.437500     -0.724877 0.688878 -0.688878 -0.724877     23.683146 23.683146 4.269847
100.186668 367.657776     268.231567 131.946289 170.539062     -0.532041 -0.846719 0.846719 -0.532041     23.114907 23.114907 2.160959
100.186668 367.657776     68.249756 4.212891 79.265625     -0.532041 -0.846719 0.846719 -0.532041     23.114907 23.114907 2.656151
527.563293 419.272156     91.041016 3.234375 39.703125     -0.993871 0.110545 -0.110545 -0.993871     25.216509 25.216509 0.862740
527.563293 419.272156     295.016968 -12.874023 34.187500     -0.993871 0.110545 -0.110545 -0.993871     25.216509 25.216509 4.095966
65.500000 398.942627     56.375000 -28.921875 102.765625     -0.992159 0.124982 -0.124982 -0.992159     21.363153 21.363153 1.259563
65.500000 398.942627     85.625000 -36.296875 69.265625     -0.992159 0.124982 -0.124982 -0.992159     21.363153 21.363153 2.296306
485.879028 394.959686     177.312500 24.140625 42.890625     -0.978995 0.203886 -0.203886 -0.978995     22.958788 22.958788 4.044408
68.306664 424.346680     423.836914 -102.224609 64.453125     -0.790318 0.612696 -0.612696 -0.790318     24.343019 24.343019 1.631666
68.306664 424.346680     179.973633 13.710938 195.250000     -0.790318 0.612696 -0.612696 -0.790318     24.343019 24.343019 4.446909
488.657135 433.047607     75.156036 -5.166016 82.671875     -0.805922 -0.592021 0.592021 -0.805922     24.853268 24.853268 4.941402
83.941177 383.936646     57.110352 -32.960938 70.226562     -0.791318 -0.611405 0.611405 -0.791318     16.559715 16.559715 1.152119
83.941177 383.936646     197.125000 -39.281250 293.234375     -0.791318 -0.611405 0.611405 -0.791318     16.559715 16.559715 2.104694
362.896545 351.452576     162.417969 -32.056641 18.949219     -0.846471 -0.532435 0.532435 -0.846471     27.448323 27.448323 3.625335
371.558960 328.419220     227.906250 36.515625 115.820312     -0.534304 -0.845293 0.845293 -0.534304     27.391537 27.391537 1.049370
371.558960 328.419220     40.039062 7.181641 42.617188     -0.534304 -0.845293 0.845293 -0.534304     27.391537 27.391537 2.388296
528.117798 418.600006     134.111328 -32.613281 68.070312     -0.990372 0.138429 -0.138429 -0.990372     27.570830 27.570830 1.000710
528.117798 418.600006     109.406250 24.156250 52.187500     -0.990372 0.138429 -0.138429 -0.990372     27.570830 27.570830 3.270912
489.216339 394.476807     904.553955 -158.469727 159.812500     -0.938690 0.344763 -0.344763 -0.938690     33.534899 33.534899 0.375954
489.216339 394.476807     94.062500 39.750000 581.125000     -0.938690 0.344763 -0.344763 -0.938690     33.534899 33.534899 3.926396
65.912918 396.693817     3381.958496 -1693.578125 6710.867188     -0.908138 0.418670 -0.418670 -0.908138     31.704409 31.704409 1.539409
65.912918 396.693817     174.500000 16.921875 33.468750     -0.908138 0.418670 -0.418670 -0.908138     31.704409 31.704409 4.671415
156.037918 380.777252     82.529297 -17.812500 98.953125     -0.747078 -0.664737 0.664737 -0.747078     18.889816 18.889816 1.269442
156.037918 380.777252     35.437500 -31.406250 82.664062     -0.747078 -0.664737 0.664737 -0.747078     18.889816 18.889816 2.151694
67.534721 424.263885     82.410156 -28.898438 88.078125     -0.872513 0.488591 -0.488591 -0.872513     29.443566 29.443566 1.483084
67.534721 424.263885     49.750000 -25.453125 67.718750     -0.872513 0.488591 -0.488591 -0.872513     29.443566 29.443566 3.937332
407.326355 400.330536     43.059570 4.839844 41.562500     0.680744 -0.732521 0.732521 0.680744     25.273408 25.273408 0.463012
407.326355 400.330536     65.202148 -11.312500 133.093750     0.680744 -0.732521 0.732521 0.680744     25.273408 25.273408 0.877520
479.807922 430.064972     111.535156 -20.492188 159.812500     -0.939604 -0.342264 0.342264 -0.939604     27.567427 27.567427 1.891044
479.807922 430.064972     285.875000 15.937500 36.367188     -0.939604 -0.342264 0.342264 -0.939604     27.567427 27.567427 4.691212
417.396240 335.457550     53.718750 -38.484375 48.476562     -0.695850 -0.718187 0.718187 -0.695850     26.315979 26.315979 1.255255
417.396240 335.457550     129.875000 -9.347656 62.648438     -0.695850 -0.718187 0.718187 -0.695850     26.315979 26.315979 2.643748
459.111115 358.095795     62.343750 -25.140625 36.312500     -0.947747 0.319024 -0.319024 -0.947747     27.368513 27.368513 0.292933
459.111115 358.095795     211.008789 -116.757812 88.265625     -0.947747 0.319024 -0.319024 -0.947747     27.368513 27.368513 0.918861
371.492188 328.707031     115.656250 -8.171875 280.921875     -0.588142 -0.808757 0.808757 -0.588142     27.428764 27.428764 2.659897
434.000000 425.496033     82.375000 -9.062500 34.511719     -0.997275 -0.073775 0.073775 -0.997275     28.970104 28.970104 1.082380
434.000000 425.496033     146.359375 30.578125 27.707031     -0.997275 -0.073775 0.073775 -0.997275     28.970104 28.970104 3.672007
442.592102 377.450653     546.499878 -59.114258 663.796875     -0.752393 -0.658715 0.658715 -0.752393     22.439059 22.439059 2.393339
442.592102 377.450653     210.062500 -61.031250 68.750000     -0.752393 -0.658715 0.658715 -0.752393     22.439059 22.439059 3.060927
480.391479 431.263702     3295.151855 -1760.176758 9392.468750     -0.971309 -0.237819 0.237819 -0.971309     30.909351 30.909351 1.594075
480.391479 431.263702     43.691406 -11.222656 59.304688     -0.971309 -0.237819 0.237819 -0.971309     30.909351 30.909351 3.533223
116.327103 399.976624     132.841797 -26.820312 95.968750     -0.849433 0.527697 -0.527697 -0.849433     21.157930 21.157930 0.892826
116.327103 399.976624     640.042480 -152.130859 83.765625     -0.849433 0.527697 -0.527697 -0.849433     21.157930 21.157930 1.172603
82.909416 425.920074     36.363281 -0.640625 139.218750     -0.990325 -0.138768 0.138768 -0.990325     35.545030 35.545030 0.362499
82.909416 425.920074     107.334961 -27.806641 50.992188     -0.990325 -0.138768 0.138768 -0.990325     35.545030 35.545030 1.720415
375.374451 358.088104     166.073242 1.453125 8.140625     -0.964166 -0.265300 0.265300 -0.964166     37.151202 37.151202 3.980947
375.374451 358.088104     165.750000 29.210938 91.234375     -0.964166 -0.265300 0.265300 -0.964166     37.151202 37.151202 4.539720
382.209930 330.300232     162.796875 -54.843750 70.531250     -0.986937 -0.161105 0.161105 -0.986937     26.509402 26.509402 1.569111
382.209930 330.300232     124.955078 -7.695312 164.472656     -0.986937 -0.161105 0.161105 -0.986937     26.509402 26.509402 2.261369
337.054047 358.783783     936.031250 416.171875 2253.234375     -0.961673 -0.274199 0.274199 -0.961673     20.517391 20.517391 4.531629
436.049225 424.870239     234.375000 62.304688 32.531250     -0.999945 0.010502 -0.010502 -0.999945     37.463693 37.463693 0.235377
436.049225 424.870239     465.515625 -5.265625 108.625000     -0.999945 0.010502 -0.010502 -0.999945     37.463693 37.463693 0.962151
454.521942 448.790253     205.131836 -3.988281 69.515625     -0.591797 -0.806087 0.806087 -0.591797     18.177854 18.177854 1.933749
350.434998 387.450012     135.244141 -39.144531 100.171875     0.411213 -0.911539 0.911539 0.411213     25.881730 25.881730 1.163630
350.434998 387.450012     543.906250 124.921875 439.312500     0.411213 -0.911539 0.911539 0.411213     25.881730 25.881730 1.640301
403.003967 397.017853     260.115234 25.437500 21.296875     -0.988498 -0.151235 0.151235 -0.988498     42.843373 42.843373 1.184040
403.003967 397.017853     3220.922363 -2013.423828 14907.089844     -0.988498 -0.151235 0.151235 -0.988498     42.843373 42.843373 3.187555
389.597076 421.186798     4778.531250 114.390625 7823.613281     -0.731029 -0.682347 0.682347 -0.731029     19.449533 19.449533 1.526025
389.597076 421.186798     187.205078 26.226562 83.656250     -0.731029 -0.682347 0.682347 -0.731029     19.449533 19.449533 2.270932
452.939514 448.540314     354.578125 -105.312500 172.625000     -0.638475 -0.769643 0.769643 -0.638475     21.456245 21.456245 0.560508
452.939514 448.540314     72.750000 9.734375 68.765625     -0.638475 -0.769643 0.769643 -0.638475     21.456245 21.456245 1.520528
389.415527 428.646606     307.050781 -134.070312 87.625000     -0.540335 -0.841450 0.841450 -0.540335     33.503155 33.503155 1.712908
389.415527 428.646606     184.927734 -124.730469 397.195312     -0.540335 -0.841450 0.841450 -0.540335     33.503155 33.503155 2.490029
453.108307 447.870026     144.375000 -27.039062 93.062500     -0.610285 -0.792182 0.792182 -0.610285     23.273123 23.273123 2.031640
453.108307 447.870026     170.015625 -34.265625 30.546875     -0.610285 -0.792182 0.792182 -0.610285     23.273123 23.273123 2.499431
329.664551 406.322693     54.675781 -2.750000 128.953125     -0.203102 -0.979158 0.979158 -0.203102     29.039945 29.039945 3.472021
143.467743 444.241943     158.437500 64.421875 131.234375     -0.922035 -0.387106 0.387106 -0.922035     26.242969 26.242969 1.192834
143.467743 444.241943     248.687500 -99.367188 110.015625     -0.922035 -0.387106 0.387106 -0.922035     26.242969 26.242969 1.539457
150.913864 427.441956     110.031250 -56.250000 45.250000     -0.975600 0.219557 -0.219557 -0.975600     19.489631 19.489631 1.333914
150.913864 427.441956     946.359375 -157.218750 223.156250     -0.975600 0.219557 -0.219557 -0.975600     19.489631 19.489631 3.679496
370.919037 446.904755     186.015625 17.421875 152.515625     -0.948121 -0.317909 0.317909 -0.948121     22.160610 22.160610 3.195188
370.919037 446.904755     33.886719 3.890625 75.765625     -0.948121 -0.317909 0.317909 -0.948121     22.160610 22.160610 4.582940
351.370056 434.748901     146.500000 -30.156250 47.734375     -0.998801 -0.048957 0.048957 -0.998801     25.692010 25.692010 1.552433
351.370056 434.748901     90.281250 31.039062 30.640625     -0.998801 -0.048957 0.048957 -0.998801     25.692010 25.692010 3.816502
310.371552 432.035583     49.218750 0.734375 21.375000     -0.985700 -0.168507 0.168507 -0.985700     19.335598 19.335598 5.154942
167.511719 456.421875     59.085938 33.070312 33.054688     -0.827765 0.561074 -0.561074 -0.827765     19.922569 19.922569 1.420598
167.511719 456.421875     46.296875 -36.156250 66.578125     -0.827765 0.561074 -0.561074 -0.827765     19.922569 19.922569 1.820190
254.690994 174.869095     30.867188 -7.554688 95.070312     -0.997172 0.075156 -0.075156 -0.997172     20.976689 20.976689 1.570820
254.690994 174.869095     66.148438 35.468750 117.367188     -0.997172 0.075156 -0.075156 -0.997172     20.976689 20.976689 4.726592
240.917007 173.136047     33.296875 -8.421875 102.269531     -0.998548 -0.053863 0.053863 -0.998548     23.788697 23.788697 1.564216
243.493073 172.351044     7.570312 9.804688 63.039062     -0.997689 -0.067941 0.067941 -0.997689     26.441753 26.441753 1.553248
243.493073 172.351044     7.546875 -1.695312 58.808594     -0.997689 -0.067941 0.067941 -0.997689     26.441753 26.441753 4.696942
240.315079 170.117767     73.820312 40.234375 133.171875     -0.986894 -0.161368 0.161368 -0.986894     38.487289 38.487289 1.518890
240.315079 170.117767     8.406250 10.671875 73.519531     -0.986894 -0.161368 0.161368 -0.986894     38.487289 38.487289 4.653183
239.082870 168.983246     9.265625 -4.203125 69.218750     -0.979647 -0.200729 0.200729 -0.979647     41.989408 41.989408 1.502468
239.082870 168.983246     33.656250 -9.109375 113.691406     -0.979647 -0.200729 0.200729 -0.979647     41.989408 41.989408 4.632550
240.093887 170.085495     130.765625 -81.687500 53.703125     -0.973790 -0.227451 0.227451 -0.973790     43.744150 43.744150 1.488163
240.093887 170.085495     34.937500 -15.007812 113.390625     -0.973790 -0.227451 0.227451 -0.973790     43.744150 43.744150 4.623087
240.215088 172.128357     80.140625 49.234375 140.859375     -0.966608 -0.256261 0.256261 -0.966608     52.399646 52.399646 1.465058
240.215088 172.128357     9.750000 10.406250 75.355469     -0.966608 -0.256261 0.256261 -0.966608     52.399646 52.399646 4.604211
241.389069 172.585159     128.664062 -83.375000 58.093750     -0.971287 -0.237913 0.237913 -0.971287     58.918001 58.918001 1.457766
241.389069 172.585159     41.601562 -21.679688 111.730469     -0.971287 -0.237913 0.237913 -0.971287     58.918001 58.918001 4.597564
239.155121 174.076752     13.015625 -18.664062 140.792969     -0.993556 -0.113345 0.113345 -0.993556     70.127977 70.127977 1.506029
241.724884 177.041473     48.015625 -29.179688 118.472656     -0.976269 -0.216561 0.216561 -0.976269     75.016230 75.016230 1.436314
241.724884 177.041473     12.859375 10.546875 75.242188     -0.976269 -0.216561 0.216561 -0.976269     75.016230 75.016230 4.587536
240.541809 178.774597     130.312500 -85.375000 61.265625     -0.982987 -0.183678 0.183678 -0.982987     77.021969 77.021969 1.447867
240.320618 179.786728     54.906250 -32.679688 119.367188     -0.983924 -0.178587 0.178587 -0.983924     79.413714 79.413714 1.445452
244.208511 389.127655     36.593750 -23.804688 27.472656     -0.995529 -0.094455 0.094455 -0.995529     8.294871 8.294871 4.699471
244.490417 388.888885     132.492188 -88.703125 67.640625     -0.995754 -0.092051 0.092051 -0.995754     8.869875 8.869875 1.554319
244.490417 388.888885     88.679688 54.000000 144.539062     -0.995754 -0.092051 0.092051 -0.995754     8.869875 8.869875 4.700312
240.096222 177.452972     22.468750 1.046875 131.164062     -0.967961 -0.251099 0.251099 -0.967961     84.710925 84.710925 1.373780
244.359589 388.592468     15.546875 -22.906250 155.863281     -0.994915 -0.100718 0.100718 -0.994915     9.441400 9.441400 1.550260
244.359589 388.592468     40.773438 -24.250000 28.914062     -0.994915 -0.100718 0.100718 -0.994915     9.441400 9.441400 4.700484
245.094742 387.647369     17.812500 6.953125 73.566406     -0.996845 -0.079369 0.079369 -0.996845     12.491143 12.491143 1.541362
245.094742 387.647369     133.367188 -89.218750 69.687500     -0.996845 -0.079369 0.079369 -0.996845     12.491143 12.491143 4.697116
245.589798 386.977814     23.976562 1.210938 129.015625     -0.997442 -0.071485 0.071485 -0.997442     14.331927 14.331927 1.538198
245.589798 386.977814     94.695312 43.914062 143.078125     -0.997442 -0.071485 0.071485 -0.997442     14.331927 14.331927 4.699858
241.833878 176.033768     24.531250 0.773438 80.210938     -0.988137 -0.153572 0.153572 -0.988137     88.762918 88.762918 1.455318
241.833878 176.033768     27.437500 -9.445312 151.046875     -0.988137 -0.153572 0.153572 -0.988137     88.762918 88.762918 4.589031
250.325577 142.524918     140.789062 -89.703125 69.625000     -0.965693 -0.259685 0.259685 -0.965693     18.416417 18.416417 5.982164
246.075500 386.051575     321.476562 -220.429688 340.574219     -0.998391 -0.056711 0.056711 -0.998391     17.431947 17.431947 1.533619
246.075500 386.051575     44.492188 -25.296875 30.546875     -0.998391 -0.056711 0.056711 -0.998391     17.431947 17.431947 3.121246
250.631577 142.058487     143.015625 -93.843750 79.328125     -0.974937 -0.222480 0.222480 -0.974937     19.480371 19.480371 6.091576
246.193130 385.399353     467.757812 -470.679688 729.250000     -0.998447 -0.055718 0.055718 -0.998447     18.935145 18.935145 1.522734
246.193130 385.399353     52.687500 25.125000 131.414062     -0.998447 -0.055718 0.055718 -0.998447     18.935145 18.935145 3.128904
245.824921 384.719574     16.140625 -5.992188 27.941406     -0.997049 -0.076762 0.076762 -0.997049     20.859207 20.859207 1.515476
245.824921 384.719574     144.195312 -91.687500 79.515625     -0.997049 -0.076762 0.076762 -0.997049     20.859207 20.859207 3.094016
250.668228 17.485981     27.734375 -2.445312 85.523438     -0.999456 -0.032989 0.032989 -0.999456     6.571505 6.571505 1.768968
250.668228 17.485981     850.765625 -674.234375 819.613281     -0.999456 -0.032989 0.032989 -0.999456     6.571505 6.571505 4.578713
244.427887 284.514435     57.765625 21.578125 92.664062     -0.900101 0.435680 -0.435680 -0.900101     23.161069 23.161069 1.445374
244.427887 284.514435     51.085938 -26.421875 32.093750     -0.900101 0.435680 -0.435680 -0.900101     23.161069 23.161069 3.652282
243.043533 172.372314     145.625000 -90.437500 82.156250     -0.997573 -0.069629 0.069629 -0.997573     97.281654 97.281654 1.513070
243.043533 172.372314     19.750000 -6.484375 31.019531     -0.997573 -0.069629 0.069629 -0.997573     97.281654 97.281654 4.651026
244.203461 284.484863     9.953125 9.842773 116.278564     -0.981664 -0.190619 0.190619 -0.981664     23.426553 23.426553 0.732497
244.203461 284.484863     1029.007812 -547.585938 719.191406     -0.981664 -0.190619 0.190619 -0.981664     23.426553 23.426553 1.954002
245.174942 383.894257     34.132812 -19.585938 30.648438     -0.993561 -0.113299 0.113299 -0.993561     22.723742 22.723742 1.485738
245.174942 383.894257     54.746094 54.935547 251.717773     -0.993561 -0.113299 0.113299 -0.993561     22.723742 22.723742 2.964478
245.834869 382.718231     34.796875 -19.968750 31.828125     -0.996860 -0.079179 0.079179 -0.996860     26.840735 26.840735 3.086735
244.224808 284.344971     55.453125 -25.812500 31.296875     -0.982910 -0.184087 0.184087 -0.982910     23.686647 23.686647 0.662466
244.224808 284.344971     151.898438 -90.906250 83.953125     -0.982910 -0.184087 0.184087 -0.982910     23.686647 23.686647 2.042318
243.245117 171.229141     68.929688 36.174805 348.391846     -1.000000 0.000054 -0.000054 -1.000000     98.570803 98.570803 1.575898
243.245117 171.229141     83.085938 38.329102 373.364502     -1.000000 0.000054 -0.000054 -1.000000     98.570803 98.570803 4.718791
246.039505 382.109161     59.429688 -28.945312 34.753906     -0.996461 -0.084058 0.084058 -0.996461     28.543189 28.543189 3.076174
244.152771 284.458344     35.507812 -20.359375 32.515625     -0.969054 -0.246850 0.246850 -0.969054     24.300353 24.300353 0.730155
244.152771 284.458344     24.453125 -11.289062 39.117188     -0.969054 -0.246850 0.246850 -0.969054     24.300353 24.300353 2.165595
230.389420 353.908661     38.070312 -21.921875 34.539062     -0.994313 -0.106502 0.106502 -0.994313     6.555379 6.555379 1.542686
266.244446 345.119995     51.023438 -7.570312 40.464844     -0.977526 -0.210816 0.210816 -0.977526     13.693055 13.693055 5.633514
245.564011 381.841370     1069.156250 -556.984375 716.250000     -0.995199 -0.097869 0.097869 -0.995199     30.713355 30.713355 3.042084
259.014252 345.299133     40.640625 -23.125000 35.343750     -0.997041 -0.076875 0.076875 -0.997041     15.628431 15.628431 3.056506
259.014252 345.299133     79.507812 -33.343750 36.757812     -0.997041 -0.076875 0.076875 -0.997041     15.628431 15.628431 6.024843
236.262192 401.551819     42.210938 -24.101562 36.804688     -0.994896 -0.100904 0.100904 -0.994896     9.509960 9.509960 1.537189
221.073807 344.154846     44.312500 -25.445312 39.375000     -0.872107 -0.489316 0.489316 -0.872107     25.681847 25.681847 1.267341
244.287460 284.406738     266.859375 -162.382812 122.281250     -0.984455 -0.175635 0.175635 -0.984455     24.659096 24.659096 0.682360
244.287460 284.406738     49.265625 -26.968750 42.968750     -0.984455 -0.175635 0.175635 -0.984455     24.659096 24.659096 2.063971
241.276382 171.349258     59.859375 -64.156250 75.242188     -0.997287 -0.073615 0.073615 -0.997287     101.613894 101.613894 1.502509
241.987137 172.043457     104.593750 -65.789062 44.726562     -0.972543 -0.232725 0.232725 -0.972543     102.749295 102.749295 1.334561
241.987137 172.043457     64.328125 -67.906250 79.445312     -0.972543 -0.232725 0.232725 -0.972543     102.749295 102.749295 4.515084
244.346664 284.424011     237.867188 -136.765625 82.742188     -0.976982 -0.213320 0.213320 -0.976982     24.817759 24.817759 0.658795
244.346664 284.424011     249.750000 -146.851562 91.312500     -0.976982 -0.213320 0.213320 -0.976982     24.817759 24.817759 1.204384
243.366684 171.877258     61.351562 6.769531 22.315430     -0.969822 -0.243815 0.243815 -0.969822     103.822595 103.822595 1.328503
243.366684 171.877258     265.785156 82.609375 53.796875     -0.969822 -0.243815 0.243815 -0.969822     103.822595 103.822595 4.494710
244.226364 301.481384     64.765625 7.429688 25.588867     -0.998088 -0.061810 0.061810 -0.998088     22.458514 22.458514 1.507978
227.415848 268.539612     230.382812 45.402344 75.109375     -0.799909 0.600121 -0.600121 -0.799909     10.838456 10.838456 1.293494
244.359344 284.425537     1092.510742 -525.658203 614.890625     -0.978361 -0.206906 0.206906 -0.978361     25.178296 25.178296 0.629342
244.359344 284.425537     21.515625 -7.953125 25.148438     -0.978361 -0.206906 0.206906 -0.978361     25.178296 25.178296 2.164654
243.299026 301.389709     77.074219 2.015625 74.709961     -0.996111 -0.088111 0.088111 -0.996111     22.988131 22.988131 1.499829
242.621262 224.830566     59.273438 -6.281250 37.168945     -0.998464 -0.055407 0.055407 -0.998464     8.545429 8.545429 1.580834
259.198029 269.524750     2439.143555 -216.304688 520.414062     -0.781758 -0.623582 0.623582 -0.781758     10.143303 10.143303 1.528789
259.198029 269.524750     66.109375 2.281250 91.749023     -0.781758 -0.623582 0.623582 -0.781758     10.143303 10.143303 2.229191
243.284836 301.217224     179.890625 -5.625000 5.054199     -0.997434 -0.071590 0.071590 -0.997434     23.729453 23.729453 1.495724
244.228683 284.340942     255.281250 15.992188 20.500488     -0.960431 -0.278518 0.278518 -0.960431     27.077560 27.077560 0.655778
244.228683 284.340942     13559.734375 5241.632812 4810.132812     -0.960431 -0.278518 0.278518 -0.960431     27.077560 27.077560 2.042485
240.146851 269.527985     195.164062 -21.539062 6.089844     -0.999946 0.010404 -0.010404 -0.999946     27.565234 27.565234 1.542789
243.296707 224.898346     229.171875 44.675781 77.264648     -0.998539 -0.054044 0.054044 -0.998539     9.293562 9.293562 1.577103
