1.0
891
569.383118 16.757576     147.218750 -81.017578 57.387115     -0.861646 0.507510 -0.507510 -0.861646     13.991847 13.991847 1.487161
574.294617 22.928572     251.812500 -150.142578 90.798462     -0.858067 0.513538 -0.513538 -0.858067     4.364432 4.364432 1.556456
587.082520 22.247572     479.250000 -278.165039 161.953308     -0.864704 0.502282 -0.502282 -0.864704     2.755810 2.755810 1.567186
471.110504 79.230072     230.828125 -144.496094 108.123047     -0.833914 0.551894 -0.551894 -0.833914     15.906009 15.906009 4.640404
465.996674 80.334808     289.765625 -178.710938 141.364746     -0.831703 0.555221 -0.555221 -0.831703     21.136812 21.136812 4.622908
587.204712 22.145670     491.468750 -284.152344 165.053558     -0.865465 0.500970 -0.500970 -0.865465     3.407500 3.407500 1.566153
514.828247 302.064026     141.281250 -16.828125 103.632812     -0.934219 0.356701 -0.356701 -0.934219     44.367247 44.367247 4.252148
503.978973 341.994202     811.437500 -183.406250 928.195312     0.590208 -0.807251 0.807251 0.590208     117.116178 117.116178 0.966922
503.978973 341.994202     67.421875 40.078125 46.812500     0.590208 -0.807251 0.807251 0.590208     117.116178 117.116178 1.586170
415.745209 406.630585     11.250000 1.445312 34.777115     -0.790258 -0.612774 0.612774 -0.790258     17.850608 17.850608 1.916770
390.744904 328.754150     10.453125 -4.109375 67.853516     -0.968079 -0.250644 0.250644 -0.968079     31.408723 31.408723 5.006334
481.484863 161.627701     494.437500 -285.585938 166.030334     0.071048 -0.997473 0.997473 0.071048     14.343937 14.343937 4.599823
586.845093 22.259260     519.718750 -216.753906 169.735352     -0.865578 0.500773 -0.500773 -0.865578     4.042301 4.042301 1.564149
451.076355 85.122299     46.218750 -9.781250 26.472656     -0.902265 0.431181 -0.431181 -0.902265     36.600101 36.600101 4.619831
428.851349 150.897293     320.218750 43.757812 70.070312     -0.924771 0.380525 -0.380525 -0.924771     21.320630 21.320630 1.272185
378.238342 329.636353     64.859375 76.390625 121.921875     -0.985876 -0.167480 0.167480 -0.985876     35.614528 35.614528 1.072584
378.238342 329.636353     1661.890625 -721.250000 1430.671875     -0.985876 -0.167480 0.167480 -0.985876     35.614528 35.614528 5.032446
382.550598 402.000000     181.656250 20.625000 120.435547     -0.570138 -0.821549 0.821549 -0.570138     15.487972 15.487972 1.778393
484.090576 151.552292     27.578125 -10.617188 46.550781     -0.956377 -0.292136 0.292136 -0.956377     48.075379 48.075379 4.970978
377.374268 261.961029     2041.921875 -833.453125 1446.312500     -0.131866 -0.991268 0.991268 -0.131866     43.385198 43.385198 0.970977
336.647247 223.941788     106.468750 -49.414062 45.738281     0.408487 -0.912764 0.912764 0.408487     21.499759 21.499759 3.318176
376.416290 185.114532     49.218750 24.218750 1061.062500     -0.872798 0.488081 -0.488081 -0.872798     19.147627 19.147627 4.577392
469.021271 149.043610     52.687500 -6.421875 1416.671875     -0.999567 -0.029412 0.029412 -0.999567     47.291565 47.291565 4.964833
448.798798 85.491531     101.531250 1.562500 40.078125     -0.912702 0.408627 -0.408627 -0.912702     39.167008 39.167008 4.624783
352.196411 206.133636     257.375000 -19.906250 28.593750     0.697843 -0.716251 0.716251 0.697843     29.628998 29.628998 1.477155
352.196411 206.133636     2994.609375 -1009.265625 1429.687500     0.697843 -0.716251 0.716251 0.697843     29.628998 29.628998 4.699171
377.907776 131.602310     516.687500 -302.839844 178.105469     -0.923497 -0.383607 0.383607 -0.923497     18.335231 18.335231 5.564442
610.998047 431.125732     235.281250 -502.093750 3016.875000     -0.999677 -0.025401 0.025401 -0.999677     28.474165 28.474165 2.024586
587.771484 452.267822     399.109375 -368.367188 436.097656     -0.996939 0.078181 -0.078181 -0.996939     19.342753 19.342753 2.190426
302.272034 277.544067     179.828125 38.359375 14.703125     0.604217 -0.796820 0.796820 0.604217     22.992642 22.992642 1.498965
302.272034 277.544067     2421.421875 310.429688 191.492188     0.604217 -0.796820 0.796820 0.604217     22.992642 22.992642 3.145220
463.949768 94.337898     27.906250 9.539062 21.328125     -0.862539 0.505991 -0.505991 -0.862539     3.020838 3.020838 4.709234
352.167175 205.074921     372.585938 -353.171875 462.765625     0.689151 -0.724618 0.724618 0.689151     31.426746 31.426746 1.466459
352.167175 205.074921     140.031250 -241.351562 431.744141     0.689151 -0.724618 0.724618 0.689151     31.426746 31.426746 4.694837
441.836243 139.958450     450.000000 -260.787109 152.290771     -0.990797 -0.135355 0.135355 -0.990797     54.944913 54.944913 1.844354
441.836243 139.958450     475.781250 -183.636719 144.526581     -0.990797 -0.135355 0.135355 -0.990797     54.944913 54.944913 4.800257
366.066040 327.253387     643.632812 96.281250 52.750000     -0.903553 -0.428477 0.428477 -0.903553     51.405673 51.405673 0.769980
366.066040 327.253387     52.859375 4.390625 20.609375     -0.903553 -0.428477 0.428477 -0.903553     51.405673 51.405673 1.669912
267.379456 308.379456     467.250000 -275.289062 163.567200     -0.814238 -0.580531 0.580531 -0.814238     17.151443 17.151443 4.948604
302.370941 277.188721     431.781250 -246.798828 142.513672     0.596546 -0.802579 0.802579 0.596546     23.455025 23.455025 1.508653
302.370941 277.188721     290.781250 -106.562500 150.906250     0.596546 -0.802579 0.802579 0.596546     23.455025 23.455025 3.154971
377.524506 261.750000     469.531250 -270.791016 157.741577     -0.113168 -0.993576 0.993576 -0.113168     46.010356 46.010356 0.971787
352.626556 202.557968     410.000000 -228.767578 129.041992     0.660816 -0.750548 0.750548 0.660816     35.329215 35.329215 1.463490
352.626556 202.557968     608.718750 -839.000000 3788.359375     0.660816 -0.750548 0.750548 0.660816     35.329215 35.329215 4.686722
539.302124 154.553192     55.015625 -38.320312 38.617188     0.491315 -0.870982 0.870982 0.491315     8.871383 8.871383 1.891910
539.302124 154.553192     827.257812 128.187500 70.875000     0.491315 -0.870982 0.870982 0.491315     8.871383 8.871383 4.354412
590.506653 41.595554     3386.390625 -548.699219 741.364258     -0.867348 0.497702 -0.497702 -0.867348     4.238727 4.238727 1.555846
587.397461 37.079498     382.921875 -161.623047 215.413086     -0.864789 0.502135 -0.502135 -0.864789     4.188051 4.188051 1.556731
263.911835 308.603302     29.640625 -1.480469 41.991508     -0.991179 -0.132530 0.132530 -0.991179     20.135832 20.135832 1.695599
263.911835 308.603302     55.257812 5.148438 22.078125     -0.991179 -0.132530 0.132530 -0.991179     20.135832 20.135832 3.878965
442.676056 121.180511     131.484375 -155.398438 215.296875     -0.996449 0.084201 -0.084201 -0.996449     112.942221 112.942221 2.293833
585.469727 31.903915     584.031250 -122.751953 232.774353     -0.861097 0.508442 -0.508442 -0.861097     4.545886 4.545886 1.566179
592.175415 40.859650     882.070312 135.500000 88.734375     -0.867644 0.497186 -0.497186 -0.867644     4.699179 4.699179 1.556265
272.619019 101.093437     282.250000 -402.632812 608.414062     -0.879968 0.475032 -0.475032 -0.879968     43.485168 43.485168 5.827943
589.658081 36.012905     450.671875 -340.187500 308.851562     -0.865716 0.500536 -0.500536 -0.865716     4.881738 4.881738 1.557777
594.540955 45.718861     6129.937500 -1990.468750 1397.810547     -0.872721 0.488219 -0.488219 -0.872721     4.642593 4.642593 1.549863
260.074921 266.915314     2496.625000 141.164062 1184.167969     -0.777570 0.628797 -0.628797 -0.777570     12.429075 12.429075 1.603338
260.074921 266.915314     680.718750 -104.835938 236.822815     -0.777570 0.628797 -0.628797 -0.777570     12.429075 12.429075 3.543166
231.135132 24.454546     12.625000 30.453125 169.351562     0.669084 -0.743187 0.743187 0.669084     23.385813 23.385813 1.105936
433.946411 123.604553     8147.828125 -3106.035156 1966.261719     -0.980729 0.195374 -0.195374 -0.980729     113.133279 113.133279 2.280969
270.900635 99.062401     3246.519531 163.055664 1166.092285     -0.854430 0.519567 -0.519567 -0.854430     48.702454 48.702454 5.934415
534.914185 160.009903     14.218750 32.734375 179.007812     0.545597 -0.838047 0.838047 0.545597     13.508280 13.508280 1.976348
534.914185 160.009903     101.375000 40.210938 52.746094     0.545597 -0.838047 0.838047 0.545597     13.508280 13.508280 4.259095
263.303314 308.559235     32.535156 -17.683594 122.320312     -0.988703 -0.149889 0.149889 -0.988703     20.767201 20.767201 1.687882
263.303314 308.559235     194.937500 4.652344 74.566406     -0.988703 -0.149889 0.149889 -0.988703     20.767201 20.767201 3.845361
460.649536 274.649536     11592.937500 -661.953125 1167.390625     0.608125 -0.793841 0.793841 0.608125     15.872259 15.872259 1.060306
460.649536 274.649536     27.648438 17.234375 22.093750     0.608125 -0.793841 0.793841 0.608125     15.872259 15.872259 4.125284
533.725647 161.150436     834.406250 -65.661133 238.413147     0.558832 -0.829281 0.829281 0.558832     14.874266 14.874266 1.983004
533.725647 161.150436     45.718750 -78.187500 140.839844     0.558832 -0.829281 0.829281 0.558832     14.874266 14.874266 4.223546
472.793884 266.306396     620.593750 -670.023438 804.927734     -0.775905 0.630849 -0.630849 -0.775905     25.559995 25.559995 2.058336
472.793884 266.306396     196.445312 -72.140625 64.406250     -0.775905 0.630849 -0.630849 -0.775905     25.559995 25.559995 4.137304
413.637054 132.111420     231.375000 108.828125 112.607422     -0.939476 0.342614 -0.342614 -0.939476     116.645792 116.645792 1.225572
413.637054 132.111420     363.912109 41.199219 146.587891     -0.939476 0.342614 -0.342614 -0.939476     116.645792 116.645792 2.328453
302.508820 276.982391     67.718750 8.750000 8.500000     0.611030 -0.791608 0.791608 0.611030     24.548930 24.548930 1.495472
302.508820 276.982391     2830.718750 965.484375 998.585938     0.611030 -0.791608 0.791608 0.611030     24.548930 24.548930 3.129642
197.269073 305.678711     22.656250 -2.843750 40.296875     0.565377 -0.824832 0.824832 0.565377     20.524003 20.524003 2.336591
594.238831 311.970154     306.218750 -138.937500 112.203125     -0.184268 -0.982876 0.982876 -0.184268     11.833985 11.833985 2.006216
399.317261 138.989502     351.968750 199.281250 248.141602     -0.923408 0.383820 -0.383820 -0.923408     116.932426 116.932426 1.371736
399.317261 138.989502     536.074219 61.117188 211.701172     -0.923408 0.383820 -0.383820 -0.923408     116.932426 116.932426 2.301297
526.418579 167.671951     177.781250 -239.437500 461.156250     0.643969 -0.765051 0.765051 0.643969     25.042038 25.042038 5.319655
593.983826 312.364380     39.843750 5.312500 32.710938     -0.187959 -0.982177 0.982177 -0.187959     12.691592 12.691592 2.022428
259.997040 266.920105     659.189453 82.187500 234.714844     -0.773929 0.633272 -0.633272 -0.773929     12.932898 12.932898 1.605631
259.997040 266.920105     412.406250 -121.578125 107.140625     -0.773929 0.633272 -0.633272 -0.773929     12.932898 12.932898 3.556211
494.473358 262.476562     379.351562 -358.421875 489.476562     -0.955219 0.295900 -0.295900 -0.955219     51.343902 51.343902 1.330655
494.473358 262.476562     12.876953 -2.585938 90.265625     -0.955219 0.295900 -0.295900 -0.955219     51.343902 51.343902 4.041806
194.547867 305.231232     10948.093750 -4592.628906 2711.634766     0.186523 -0.982451 0.982451 0.186523     24.307429 24.307429 1.164627
194.547867 305.231232     354.375000 173.093750 315.052734     0.186523 -0.982451 0.982451 0.186523     24.307429 24.307429 2.202023
191.302307 160.631332     677.843750 -728.031250 878.541016     -0.999256 -0.038564 0.038564 -0.999256     38.811518 38.811518 3.927456
305.500000 337.792084     315.843750 -397.750000 635.765625     -0.761281 -0.648422 0.648422 -0.761281     12.253201 12.253201 1.550982
587.812134 314.078278     496.914062 -154.625000 122.640625     -0.096595 -0.995324 0.995324 -0.096595     36.750508 36.750508 2.124565
587.812134 314.078278     7767.730469 28.514648 1047.964111     -0.096595 -0.995324 0.995324 -0.096595     36.750508 36.750508 5.310392
561.793457 145.887329     9.517578 6.921875 46.070312     0.490055 -0.871692 0.871692 0.490055     5.974472 5.974472 1.791972
524.802856 168.654465     29.929688 17.515625 23.390625     0.657163 -0.753749 0.753749 0.657163     27.159975 27.159975 5.328531
208.704651 448.218140     22.488281 -0.601562 91.062500     -0.915182 0.403041 -0.403041 -0.915182     25.707553 25.707553 3.835352
208.704651 448.218140     704.156250 -768.148438 953.150391     -0.915182 0.403041 -0.403041 -0.915182     25.707553 25.707553 5.451973
177.764465 157.600266     573.226562 -158.812500 126.000000     -0.983628 -0.180212 0.180212 -0.983628     53.061797 53.061797 5.430125
625.351868 219.351852     1265.111328 273.718750 289.281250     -0.989697 -0.143175 0.143175 -0.989697     12.103395 12.103395 4.657401
625.351868 219.351852     42.484375 -32.140625 49.546875     -0.989697 -0.143175 0.143175 -0.989697     12.103395 12.103395 6.257922
583.912903 364.448395     64.070312 -43.804688 44.125000     0.155312 -0.987865 0.987865 0.155312     21.206966 21.206966 1.186390
583.912903 364.448395     56.406250 -98.750000 190.744141     0.155312 -0.987865 0.987865 0.155312     21.206966 21.206966 3.189728
561.642883 145.743698     736.007812 -194.476562 131.046875     0.485370 -0.874309 0.874309 0.485370     6.564567 6.564567 1.805259
561.642883 145.743698     2806.656250 664.171875 887.101562     0.485370 -0.874309 0.874309 0.485370     6.564567 6.564567 4.747450
263.270203 308.529785     1574.003906 396.349609 336.615234     -0.990642 -0.136488 0.136488 -0.990642     22.096540 22.096540 1.697742
263.270203 308.529785     11.113281 12.304688 174.449219     -0.990642 -0.136488 0.136488 -0.990642     22.096540 22.096540 3.844614
193.122253 304.845459     46.359375 -32.812500 52.640625     0.139276 -0.990254 0.990254 0.139276     27.536035 27.536035 1.128016
193.122253 304.845459     27.197266 -1.546875 122.687500     0.139276 -0.990254 0.990254 0.139276     27.536035 27.536035 4.637411
564.834900 402.429260     722.968750 -778.890625 959.011719     0.568021 -0.823014 0.823014 0.568021     29.179971 29.179971 2.589384
564.834900 402.429260     44.531250 -15.304688 52.539062     0.568021 -0.823014 0.823014 0.568021     29.179971 29.179971 5.682291
166.740051 156.539352     53.484375 -27.281250 50.015625     -0.983810 -0.179215 0.179215 -0.983810     63.729886 63.729886 3.289734
166.740051 156.539352     13.474609 -0.960938 111.609375     -0.983810 -0.179215 0.179215 -0.983810     63.729886 63.729886 5.420609
569.705688 392.809631     487.093750 -598.375000 918.406250     0.495345 -0.868696 0.868696 0.495345     28.901779 28.901779 1.121449
569.705688 392.809631     2024.599609 507.628906 371.279297     0.495345 -0.868696 0.868696 0.495345     28.901779 28.901779 2.339217
467.290039 297.021637     58.609375 -26.578125 50.765625     -0.882432 -0.470439 0.470439 -0.882432     24.597659 24.597659 0.977317
467.290039 297.021637     839.158203 -217.156250 135.968750     -0.882432 -0.470439 0.470439 -0.882432     24.597659 24.597659 4.786682
161.139587 155.961105     56.156250 26.484375 28.289062     -0.982986 -0.183682 0.183682 -0.982986     66.648206 66.648206 3.251161
161.139587 155.961105     125.718750 -312.687500 863.375000     -0.982986 -0.183682 0.183682 -0.982986     66.648206 66.648206 5.400746
352.812012 201.869339     1236.750000 757.080078 1609.103516     0.651213 -0.758895 0.758895 0.651213     38.127342 38.127342 4.678790
155.674606 386.230164     57.250000 -103.015625 209.123047     0.033359 -0.999443 0.999443 0.033359     16.093802 16.093802 2.962630
379.669312 148.147049     1402.593750 -345.617188 148.179688     -0.913129 0.407671 -0.407671 -0.913129     115.714727 115.714727 1.298451
379.669312 148.147049     736.250000 -822.265625 1072.080078     -0.913129 0.407671 -0.407671 -0.913129     115.714727 115.714727 2.224430
523.917664 168.495712     52.031250 -22.785156 114.270508     0.657060 -0.753838 0.753838 0.657060     29.603661 29.603661 2.234315
523.917664 168.495712     18.482422 3.218750 116.742188     0.657060 -0.753838 0.753838 0.657060     29.603661 29.603661 5.364690
625.169983 219.236664     18.328125 4.304688 83.335938     -0.989933 -0.141534 0.141534 -0.989933     13.133923 13.133923 6.226873
377.929840 261.522003     129.625000 -92.562500 76.951172     -0.092764 -0.995688 0.995688 -0.092764     48.100722 48.100722 0.950209
566.002502 397.052338     32.500000 18.531250 25.078125     0.559857 -0.828590 0.828590 0.559857     30.881391 30.881391 1.093530
566.002502 397.052338     2776.937500 647.984375 885.492188     0.559857 -0.828590 0.828590 0.559857     30.881391 30.881391 2.305526
561.664429 144.854233     296.281250 -426.125000 680.546875     0.474565 -0.880220 0.880220 0.474565     7.812262 7.812262 1.846709
561.664429 144.854233     24.408203 6.867188 126.203125     0.474565 -0.880220 0.880220 0.474565     7.812262 7.812262 4.763082
155.112183 154.948303     1553.734375 -558.335938 206.953125     -0.980385 -0.197094 0.197094 -0.980385     66.742036 66.742036 3.222078
155.112183 154.948303     20.046875 12.851562 113.570312     -0.980385 -0.197094 0.197094 -0.980385     66.742036 66.742036 5.350326
154.771774 386.561554     312.843750 -591.531250 1250.906250     0.023409 -0.999726 0.999726 0.023409     19.678774 19.678774 3.042564
151.009094 232.490906     28.853516 7.839844 133.632812     -0.180033 -0.983661 0.983661 -0.180033     12.925824 12.925824 3.309741
305.598267 337.917023     391.000000 -501.437500 728.484375     -0.769251 -0.638947 0.638947 -0.769251     13.380970 13.380970 1.556133
305.598267 337.917023     1701.171875 -371.343750 101.128906     -0.769251 -0.638947 0.638947 -0.769251     13.380970 13.380970 3.623005
154.431870 387.051422     2995.892578 770.589844 458.630859     0.008771 -0.999962 0.999962 0.008771     21.337311 21.337311 3.097295
524.353455 167.027191     59.062500 -107.929688 225.394531     0.648079 -0.761573 0.761573 0.648079     31.972618 31.972618 2.261891
524.353455 167.027191     78.714844 -46.476562 302.515625     0.648079 -0.761573 0.761573 0.648079     31.972618 31.972618 5.402264
562.276672 403.521454     1836.734375 -496.226562 166.687500     0.542707 -0.839922 0.839922 0.542707     32.204027 32.204027 1.107618
562.276672 403.521454     40.746094 7.527344 158.898438     0.542707 -0.839922 0.839922 0.542707     32.204027 32.204027 3.956374
142.216965 151.516296     85.484375 -3.132812 51.345703     -0.967506 -0.252849 0.252849 -0.967506     66.403202 66.403202 3.097499
142.216965 151.516296     20.125000 13.539062 120.601562     -0.967506 -0.252849 0.252849 -0.967506     66.403202 66.403202 5.233829
489.925385 461.929108     364.906250 -660.359375 1347.906250     0.667379 -0.744719 0.744719 0.667379     16.644888 16.644888 0.996171
489.925385 461.929108     65.843750 3.476562 26.492188     0.667379 -0.744719 0.744719 0.667379     16.644888 16.644888 4.155122
153.947784 387.640564     1395.421875 -353.601562 152.453125     0.035643 -0.999365 0.999365 0.035643     22.225613 22.225613 3.031930
260.266144 266.747314     247.031250 -171.210938 130.234375     -0.781659 0.623706 -0.623706 -0.781659     13.628473 13.628473 1.601004
561.044556 144.841232     55.312500 -22.433594 109.234375     0.467751 -0.883860 0.883860 0.467751     9.163254 9.163254 1.870349
561.044556 144.841232     33.443359 8.937500 140.265625     0.467751 -0.883860 0.883860 0.467751     9.163254 9.163254 4.106994
134.995880 149.291443     34779.531250 867.633789 1162.421875     -0.959696 -0.281040 0.281040 -0.959696     66.828747 66.828747 3.025996
134.995880 149.291443     441.031250 -538.781250 750.171875     -0.959696 -0.281040 0.281040 -0.959696     66.828747 66.828747 5.117474
151.182480 239.992706     90.000000 -25.210938 26.332031     -0.074702 -0.997206 0.997206 -0.074702     14.365877 14.365877 2.645761
151.182480 239.992706     152.468750 -168.195312 194.796875     -0.074702 -0.997206 0.997206 -0.074702     14.365877 14.365877 2.958609
490.328308 461.545166     55.267578 7.968750 229.910156     0.672578 -0.740027 0.740027 0.672578     18.299869 18.299869 0.949757
490.328308 461.545166     72.341797 -42.164062 1716.734375     0.672578 -0.740027 0.740027 0.672578     18.299869 18.299869 4.117347
153.619598 387.792358     1634.515625 -359.242188 98.792969     0.016193 -0.999869 0.999869 0.016193     23.457138 23.457138 3.042660
523.848083 167.121536     1310.406250 -1144.468750 1252.421875     0.651991 -0.758227 0.758227 0.651991     32.824946 32.824946 2.260099
523.848083 167.121536     58.718750 -108.046875 235.937500     0.651991 -0.758227 0.758227 0.651991     32.824946 32.824946 5.413038
302.369446 277.051514     67.042969 17.832031 246.910156     0.611107 -0.791548 0.791548 0.611107     25.738819 25.738819 1.495130
302.369446 277.051514     3228.458008 785.100586 484.640625     0.611107 -0.791548 0.791548 0.611107     25.738819 25.738819 3.140208
150.235779 308.044708     101.587891 -38.214844 1584.992188     0.089655 -0.995973 0.995973 0.089655     14.310839 14.310839 1.899977
150.235779 308.044708     102.125000 10.109375 12.613281     0.089655 -0.995973 0.995973 0.089655     14.310839 14.310839 2.648646
624.522400 219.310455     26.171875 -19.890625 277.757812     -0.991669 -0.128815 0.128815 -0.991669     14.007105 14.007105 6.323682
193.044022 304.464355     422.625000 -731.468750 1433.468750     0.145416 -0.989371 0.989371 0.145416     29.216432 29.216432 1.122861
193.044022 304.464355     8.312500 -1.804688 76.281250     0.145416 -0.989371 0.989371 0.145416     29.216432 29.216432 4.621700
151.191208 240.556046     2778.156250 632.906250 882.351562     -0.069335 -0.997593 0.997593 -0.069335     14.479701 14.479701 2.653017
151.191208 240.556046     1860.093750 -448.914062 152.601562     -0.069335 -0.997593 0.997593 -0.069335     14.479701 14.479701 2.921022
150.025558 307.456879     257.218750 -178.531250 136.841797     0.009791 -0.999952 0.999952 0.009791     16.512732 16.512732 3.122845
473.863861 251.375580     820.330078 351.664062 3128.187500     -0.878287 0.478134 -0.478134 -0.878287     20.447095 20.447095 2.418865
473.863861 251.375580     2987.360352 1081.681641 1400.736328     -0.878287 0.478134 -0.478134 -0.878287     20.447095 20.447095 5.499418
153.196487 387.834320     82.171875 -5.960938 52.296875     0.045094 -0.998983 0.998983 0.045094     24.673998 24.673998 2.970217
558.210632 408.336029     27.937500 -24.328125 292.460938     0.574867 -0.818247 0.818247 0.574867     36.751388 36.751388 1.087409
558.210632 408.336029     155.343750 -173.992188 207.271484     0.574867 -0.818247 0.818247 0.574867     36.751388 36.751388 2.352222
125.191948 147.189621     700.875000 -695.109375 823.625000     -0.962330 -0.271885 0.271885 -0.962330     67.927647 67.927647 3.041530
125.191948 147.189621     12966.390625 -1514.890625 1761.031250     -0.962330 -0.271885 0.271885 -0.962330     67.927647 67.927647 5.099462
470.364258 231.192444     68.875000 31.218750 33.792969     -0.957661 0.287899 -0.287899 -0.957661     7.455833 7.455833 1.604603
470.364258 231.192444     112.062500 -32.054688 29.289062     -0.957661 0.287899 -0.287899 -0.957661     7.455833 7.455833 4.731872
611.946411 249.568359     12.812500 -3.585938 75.546875     -0.856038 -0.516913 0.516913 -0.856038     15.779947 15.779947 1.296758
611.946411 249.568359     131.093750 12.843750 13.089844     -0.856038 -0.516913 0.516913 -0.856038     15.779947 15.779947 2.017270
590.966125 387.125427     19.921875 -45.945312 148.273438     0.344404 -0.938822 0.938822 0.344404     14.931770 14.931770 1.379747
590.966125 387.125427     1801.718750 -448.664062 186.796875     0.344404 -0.938822 0.938822 0.344404     14.931770 14.931770 4.913903
561.075623 143.919510     152.687500 -174.953125 216.332031     0.450914 -0.892567 0.892567 0.450914     10.269191 10.269191 4.091752
561.075623 143.919510     83.343750 -125.078125 194.017578     0.450914 -0.892567 0.892567 0.450914     10.269191 10.269191 4.770573
496.846619 247.874237     2488.045898 3299.968750 15969.101562     -0.968460 0.249168 -0.249168 -0.968460     34.640738 34.640738 1.026518
496.846619 247.874237     1428.015625 -492.851562 187.839844     -0.968460 0.249168 -0.249168 -0.968460     34.640738 34.640738 1.333793
524.868225 164.472839     61.953125 -5.757812 47.662109     0.632424 -0.774623 0.774623 0.632424     36.260491 36.260491 2.252613
524.868225 164.472839     911.062500 -803.500000 867.359375     0.632424 -0.774623 0.774623 0.632424     36.260491 36.260491 4.779129
150.949997 240.898071     208.218750 15.453125 12.750000     -0.059817 -0.998209 0.998209 -0.059817     15.191139 15.191139 2.650263
150.949997 240.898071     1678.593750 -415.281250 171.429688     -0.059817 -0.998209 0.998209 -0.059817     15.191139 15.191139 4.556915
531.089294 97.336311     268.750000 -186.890625 144.820312     0.310766 -0.950486 0.950486 0.310766     30.046231 30.046231 2.234236
531.089294 97.336311     1242.921875 -383.898438 168.101562     0.310766 -0.950486 0.950486 0.310766     30.046231 30.046231 4.300860
150.018784 308.680756     51.085938 -16.062500 140.875000     -0.032705 -0.999465 0.999465 -0.032705     19.290832 19.290832 3.251889
429.904938 289.368835     273.875000 -79.062500 41.660156     -0.065787 -0.997834 0.997834 -0.065787     19.115371 19.115371 0.769151
429.904938 289.368835     641.718750 -856.734375 4005.593750     -0.065787 -0.997834 0.997834 -0.065787     19.115371 19.115371 2.432786
610.036926 164.714279     23.218750 -52.265625 166.410156     -0.798019 0.602632 -0.602632 -0.798019     11.949734 11.949734 0.812084
305.698425 338.083344     1657.812500 -427.257812 186.730469     -0.773419 -0.633895 0.633895 -0.773419     14.151696 14.151696 1.553083
305.698425 338.083344     1082.250000 -1313.640625 1899.546875     -0.773419 -0.633895 0.633895 -0.773419     14.151696 14.151696 3.620369
541.979614 397.147583     70.539062 -47.687500 47.812500     0.542663 -0.839951 0.839951 0.542663     20.610229 20.610229 1.177344
541.979614 397.147583     1381.859375 -483.765625 192.214844     0.542663 -0.839951 0.839951 0.542663     20.610229 20.610229 2.211985
149.600800 309.169342     748.890625 -77.640625 1141.429688     -0.067006 -0.997753 0.997753 -0.067006     22.021064 22.021064 3.316141
365.549347 326.907928     1116.093750 -897.796875 907.515625     -0.907344 -0.420389 0.420389 -0.907344     54.744818 54.744818 0.762913
365.549347 326.907928     36.968750 9.695312 27.562500     -0.907344 -0.420389 0.420389 -0.907344     54.744818 54.744818 1.670066
623.436523 219.018524     64.328125 -8.187500 49.609375     -0.992445 -0.122692 0.122692 -0.992445     14.734991 14.734991 6.321856
489.413208 223.880188     82.375000 -123.554688 192.464844     -0.940693 0.339259 -0.339259 -0.940693     10.639524 10.639524 1.571607
489.413208 223.880188     30.265625 -63.242188 186.421875     -0.940693 0.339259 -0.339259 -0.940693     10.639524 10.639524 4.762353
430.137573 291.107391     1372.437500 -358.296875 157.445312     -0.133703 -0.991021 0.991021 -0.133703     19.257170 19.257170 0.868828
430.137573 291.107391     66.062500 -120.937500 274.437500     -0.133703 -0.991021 0.991021 -0.133703     19.257170 19.257170 4.124983
545.479797 418.174194     154.062500 -180.414062 231.060547     0.692481 -0.721436 0.721436 0.692481     47.844405 47.844405 1.973592
545.479797 418.174194     1298.359375 -382.492188 165.234375     0.692481 -0.721436 0.721436 0.692481     47.844405 47.844405 4.897698
149.277725 389.859283     35.296875 8.546875 28.476562     0.262202 -0.965013 0.965013 0.262202     35.578981 35.578981 2.534194
585.208984 396.539795     13.019531 0.285156 121.546875     0.435143 -0.900362 0.900362 0.435143     23.364534 23.364534 1.299347
585.208984 396.539795     2190.540039 2517.125000 14809.632812     0.435143 -0.900362 0.900362 0.435143     23.364534 23.364534 4.866226
531.010132 97.174683     230.093750 15.968750 13.574219     0.324829 -0.945773 0.945773 0.324829     30.363432 30.363432 2.187381
531.010132 97.174683     1693.296875 -442.789062 191.261719     0.324829 -0.945773 0.945773 0.324829     30.363432 30.363432 4.285288
148.984161 308.968323     79.656250 35.000000 37.378906     -0.074203 -0.997243 0.997243 -0.074203     23.926364 23.926364 3.367477
539.467102 399.383209     44.500000 8.484375 16.257812     0.583549 -0.812078 0.812078 0.583549     24.922718 24.922718 2.241046
539.467102 399.383209     39.101562 22.023438 31.570312     0.583549 -0.812078 0.812078 0.583549     24.922718 24.922718 4.400094
495.341309 238.692825     402.093750 33.609375 15.945312     -0.976486 0.215581 -0.215581 -0.976486     19.690611 19.690611 4.735934
107.115051 143.135605     11491.250000 -4228.085938 2733.525391     -0.962986 -0.269552 0.269552 -0.962986     70.138327 70.138327 5.045476
561.310425 142.937912     1123.562500 -1348.296875 1931.453125     0.441378 -0.897321 0.897321 0.441378     10.998422 10.998422 4.086011
561.310425 142.937912     1661.968750 -426.273438 233.550781     0.441378 -0.897321 0.897321 0.441378     10.998422 10.998422 4.767405
148.506058 388.483429     84.812500 46.683594 58.342529     0.195561 -0.980692 0.980692 0.195561     37.500660 37.500660 2.572947
502.562500 222.568008     1084.492188 110.406250 98.140625     -0.964277 0.264896 -0.264896 -0.964277     24.798680 24.798680 4.728661
148.098679 241.278946     49.804688 -17.523438 58.835938     -0.063325 -0.997993 0.997993 -0.063325     28.555848 28.555848 2.991402
443.810944 170.582092     765.750000 -108.773438 1367.757812     -0.995884 0.090633 -0.090633 -0.995884     32.155513 32.155513 0.678112
443.810944 170.582092     35.750000 -57.804688 226.074219     -0.995884 0.090633 -0.090633 -0.995884     32.155513 32.155513 0.950992
430.060242 290.924713     247.156250 97.750000 57.761719     -0.131242 -0.991350 0.991350 -0.131242     19.267467 19.267467 0.897726
430.060242 290.924713     144.156250 126.796875 125.257812     -0.131242 -0.991350 0.991350 -0.131242     19.267467 19.267467 4.113363
583.927002 398.132751     269.343750 -188.085938 148.492188     0.448851 -0.893607 0.893607 0.448851     25.933913 25.933913 1.283751
583.927002 398.132751     1385.828125 -397.476562 161.410156     0.448851 -0.893607 0.893607 0.448851     25.933913 25.933913 4.856058
263.239380 308.509644     2145.737305 2209.804688 14421.039062     -0.996179 -0.087332 0.087332 -0.996179     23.028135 23.028135 1.730166
263.239380 308.509644     2143.312500 -1460.312500 1324.625000     -0.996179 -0.087332 0.087332 -0.996179     23.028135 23.028135 3.900518
496.813202 247.857147     334.687500 86.171875 24.562500     -0.966738 0.255769 -0.255769 -0.966738     34.536206 34.536206 1.013075
496.813202 247.857147     401.843750 -382.453125 531.960938     -0.966738 0.255769 -0.255769 -0.966738     34.536206 34.536206 1.359654
611.606812 249.422333     90.562500 -31.716797 20.319336     -0.856724 -0.515776 0.515776 -0.856724     16.636159 16.636159 1.292787
611.606812 249.422333     1404.031250 -369.757812 161.261719     -0.856724 -0.515776 0.515776 -0.856724     16.636159 16.636159 2.009927
606.053772 166.960159     372.687500 8.953125 48.132812     -0.813274 0.581882 -0.581882 -0.813274     12.516360 12.516360 0.853144
531.242126 97.429474     311.906250 -90.882812 45.921875     0.340077 -0.940398 0.940398 0.340077     30.915958 30.915958 2.223087
531.242126 97.429474     669.812500 322.380859 197.426514     0.340077 -0.940398 0.940398 0.340077     30.915958 30.915958 4.261486
148.161697 309.197174     59.062500 22.906250 394.894531     -0.082804 -0.996566 0.996566 -0.082804     25.733056 25.733056 3.372003
147.776154 388.745453     1718.328125 -474.390625 265.656250     0.195316 -0.980740 0.980740 0.195316     38.686494 38.686494 2.591832
525.495667 161.122467     69.437500 -126.046875 289.613281     0.620845 -0.783934 0.783934 0.620845     41.272475 41.272475 2.250680
525.495667 161.122467     155.375000 -184.062500 242.306641     0.620845 -0.783934 0.783934 0.620845     41.272475 41.272475 4.797354
145.679626 240.410431     87.875000 -130.773438 203.757812     -0.054796 -0.998498 0.998498 -0.054796     32.862166 32.862166 2.865451
537.573120 401.339172     12845.765625 -1589.218750 1946.593750     0.601762 -0.798675 0.798675 0.601762     26.655209 26.655209 2.258011
537.573120 401.339172     73.570312 3.101562 29.281250     0.601762 -0.798675 0.798675 0.601762     26.655209 26.655209 4.472147
582.511719 153.810394     1689.937500 -433.421875 394.691406     0.661496 -0.749949 0.749949 0.661496     9.124231 9.124231 4.706971
145.216675 240.265686     57.695312 70.492188 104.304688     -0.045487 -0.998965 0.998965 -0.045487     33.343976 33.343976 2.851643
147.353638 361.708923     2140.798828 1980.517578 13699.609375     0.025616 -0.999672 0.999672 0.025616     37.987403 37.987403 1.552561
496.362274 238.179642     261.750000 104.359375 61.781250     -0.976159 0.217057 -0.217057 -0.976159     19.569884 19.569884 4.712057
540.591431 421.360046     7861.718750 -3661.921875 6900.751953     -0.716004 0.698096 -0.698096 -0.716004     52.589995 52.589995 1.769564
540.591431 421.360046     1132.906250 -1353.078125 1941.234375     -0.716004 0.698096 -0.698096 -0.716004     52.589995 52.589995 5.112086
561.422058 141.880234     341.031250 -197.507812 172.523438     0.427711 -0.903915 0.903915 0.427711     12.400387 12.400387 4.055158
561.422058 141.880234     342.593750 87.796875 25.390625     0.427711 -0.903915 0.903915 0.427711     12.400387 12.400387 4.785704
144.158340 239.494537     35.687500 -40.886719 99.113281     -0.097714 -0.995214 0.995214 -0.097714     36.361599 36.361599 2.963000
101.097694 143.212509     25.414062 16.687500 70.421875     -0.966418 -0.256974 0.256974 -0.966418     74.743322 74.743322 3.058933
101.097694 143.212509     44.015625 23.562500 33.468750     -0.966418 -0.256974 0.256974 -0.966418     74.743322 74.743322 5.072498
145.037964 361.321259     19.484375 -21.593750 38.605469     0.025736 -0.999669 0.999669 0.025736     45.135711 45.135711 1.552169
145.037964 361.321259     2818.093750 -1687.796875 1450.203125     0.025736 -0.999669 0.999669 0.025736     45.135711 45.135711 2.908860
622.494080 218.942993     41.000000 -26.406250 29.554688     -0.993838 -0.110847 0.110847 -0.993838     15.250778 15.250778 2.362627
622.494080 218.942993     55.976562 67.070312 100.601562     -0.993838 -0.110847 0.110847 -0.993838     15.250778 15.250778 6.365707
428.844940 299.095428     22078.937500 4196.210938 18891.677734     0.078331 -0.996927 0.996927 0.078331     22.323362 22.323362 0.900270
428.844940 299.095428     35.742188 -43.007812 107.296875     0.078331 -0.996927 0.996927 0.078331     22.323362 22.323362 4.024710
582.411987 400.040619     2192.115234 1788.060547 13287.156250     0.464508 -0.885569 0.885569 0.464508     28.083548 28.083548 1.251437
582.411987 400.040619     43.002563 -36.904297 56.476562     0.464508 -0.885569 0.885569 0.464508     28.083548 28.083548 4.838141
415.766052 303.087158     30.656250 16.796875 31.203125     0.026524 -0.999648 0.999648 0.026524     12.936710 12.936710 1.492869
415.766052 303.087158     41.890625 -24.226562 36.507812     0.026524 -0.999648 0.999648 0.026524     12.936710 12.936710 4.258465
506.633026 222.610092     76.070312 -50.507812 51.953125     -0.970850 0.239687 -0.239687 -0.970850     29.084062 29.084062 4.719862
415.213715 302.862915     88.339355 -36.449219 219.171875     0.020666 -0.999786 0.999786 0.020666     14.032032 14.032032 1.469031
415.213715 302.862915     341.531250 88.953125 26.410156     0.020666 -0.999786 0.999786 0.020666     14.032032 14.032032 4.205143
524.821289 160.460327     168.593750 198.132812 260.992188     0.629648 -0.776880 0.776880 0.629648     45.734617 45.734617 2.162683
524.821289 160.460327     272.531250 108.312500 66.085938     0.629648 -0.776880 0.776880 0.629648     45.734617 45.734617 4.815742
605.223389 167.306732     316.445312 209.921875 206.945312     -0.812239 0.583325 -0.583325 -0.812239     13.216748 13.216748 0.838689
443.617188 170.941406     44.625000 -26.281250 29.484375     -0.982033 0.188709 -0.188709 -0.982033     32.184097 32.184097 0.806655
443.617188 170.941406     34.210938 -58.609375 144.003906     -0.982033 0.188709 -0.188709 -0.982033     32.184097 32.184097 1.048253
428.665497 300.816895     21.500000 -25.585938 50.253906     0.090828 -0.995867 0.995867 0.090828     22.821107 22.821107 1.136469
428.665497 300.816895     298.531250 101.421875 101.183594     0.090828 -0.995867 0.995867 0.090828     22.821107 22.821107 4.149791
583.089905 152.611237     181.125000 156.656250 154.812500     0.652844 -0.757493 0.757493 0.652844     10.446278 10.446278 4.704167
532.032349 405.234619     2502.881836 1125.933594 12537.398438     0.675295 -0.737548 0.737548 0.675295     36.122506 36.122506 2.342576
532.032349 405.234619     87.648438 -16.867188 65.281250     0.675295 -0.737548 0.737548 0.675295     36.122506 36.122506 4.363824
305.577057 338.272400     200.343750 144.031250 181.398438     -0.775303 -0.631590 0.631590 -0.775303     15.042165 15.042165 1.554603
385.990723 144.696869     23.492188 -29.375000 60.414062     -0.912017 0.410152 -0.410152 -0.912017     119.934422 119.934422 1.372884
385.990723 144.696869     4.492188 8.710938 133.609375     -0.912017 0.410152 -0.410152 -0.912017     119.934422 119.934422 4.734680
572.945251 409.649445     2706.971680 835.386719 12251.085938     0.582756 -0.812647 0.812647 0.582756     47.134690 47.134690 4.883011
498.548584 200.153610     57.578125 -18.027344 155.882812     -0.945139 0.326668 -0.326668 -0.945139     28.576898 28.576898 2.142896
498.548584 200.153610     5.230469 9.039062 129.992188     -0.945139 0.326668 -0.326668 -0.945139     28.576898 28.576898 5.510299
497.163940 247.576111     85.398438 2.976562 31.500000     -0.965242 0.261357 -0.261357 -0.965242     34.701006 34.701006 1.367248
497.163940 247.576111     83.101562 -50.648438 56.625000     -0.965242 0.261357 -0.261357 -0.965242     34.701006 34.701006 4.716291
610.989136 249.073746     41.234375 -54.390625 107.011719     -0.863089 -0.505051 0.505051 -0.863089     17.730686 17.730686 2.057764
414.600006 302.929993     6.707031 5.437500 126.562500     0.056883 -0.998381 0.998381 0.056883     15.978606 15.978606 1.474452
620.978577 218.910065     7.804688 5.531250 128.867188     -0.994263 -0.106965 0.106965 -0.994263     15.397687 15.397687 2.336834
620.978577 218.910065     76.886719 -19.324219 159.671875     -0.994263 -0.106965 0.106965 -0.994263     15.397687 15.397687 6.331989
419.259918 220.969162     8.949219 4.148438 125.656250     0.305695 -0.952129 0.952129 0.305695     10.232388 10.232388 1.475743
419.259918 220.969162     22.664062 -8.093750 17.609375     0.305695 -0.952129 0.952129 0.305695     10.232388 10.232388 1.820594
504.216827 227.834396     29.917969 -11.351562 20.187500     -0.968019 0.250876 -0.250876 -0.968019     37.789130 37.789130 4.734476
428.556610 301.223297     9.937500 4.375000 134.609375     0.096442 -0.995339 0.995339 0.096442     22.710804 22.710804 1.060160
428.556610 301.223297     38.882812 -15.054688 23.546875     0.096442 -0.995339 0.995339 0.096442     22.710804 22.710804 4.126275
561.391479 141.049576     91.402344 6.468750 24.539062     0.414374 -0.910107 0.910107 0.414374     13.599289 13.599289 4.048645
561.391479 141.049576     86.277344 -18.710938 168.609375     0.414374 -0.910107 0.910107 0.414374     13.599289 13.599289 4.801918
423.384003 301.972351     12.527344 2.984375 137.117188     0.148353 -0.988934 0.988934 0.148353     37.374861 37.374861 0.447011
423.384003 301.972351     32.386719 -4.515625 14.703125     0.148353 -0.988934 0.988934 0.148353     37.374861 37.374861 3.924996
583.412964 151.751007     12.941406 1.453125 32.328125     0.640721 -0.767774 0.767774 0.640721     11.635881 11.635881 4.695882
570.311096 149.444443     25.126953 3.203125 34.109375     0.545623 -0.838031 0.838031 0.545623     6.216166 6.216166 1.692900
570.311096 149.444443     41.626953 5.726562 37.171875     0.545623 -0.838031 0.838031 0.545623     6.216166 6.216166 4.705188
497.950500 209.198013     304.967712 66.757324 33.023926     -0.944152 0.329509 -0.329509 -0.944152     17.906678 17.906678 1.925491
497.950500 209.198013     12.097656 -6.425781 61.984375     -0.944152 0.329509 -0.329509 -0.944152     17.906678 17.906678 4.715684
443.450775 172.505188     80.835938 -4.976562 47.468750     -0.943044 0.332669 -0.332669 -0.943044     30.397818 30.397818 0.806549
443.450775 172.505188     134.093750 36.593750 24.593750     -0.943044 0.332669 -0.332669 -0.943044     30.397818 30.397818 5.658032
528.238586 407.355713     923.915771 252.656982 86.281250     -0.716654 0.697429 -0.697429 -0.716654     41.588829 41.588829 1.218860
528.238586 407.355713     27.425781 -22.099609 94.847656     -0.716654 0.697429 -0.697429 -0.716654     41.588829 41.588829 5.062455
618.266907 218.742752     1606.945312 435.867676 134.831055     -0.996928 -0.078327 0.078327 -0.996928     15.284022 15.284022 2.251097
503.925018 227.858185     53.892578 13.167969 924.820312     -0.968457 0.249181 -0.249181 -0.968457     36.162488 36.162488 4.760528
604.794189 167.318329     34.640625 -25.914062 110.242188     -0.810774 0.585359 -0.585359 -0.810774     14.151685 14.151685 0.820967
495.523560 200.584488     73.236328 7.707031 997.984375     -0.952289 0.305197 -0.305197 -0.952289     30.209265 30.209265 2.164309
192.935242 304.632385     29.515625 40.515625 203.804688     0.170952 -0.985279 0.985279 0.170952     31.273866 31.273866 1.066009
192.935242 304.632385     27.710938 4.742188 154.554688     0.170952 -0.985279 0.985279 0.170952     31.273866 31.273866 4.651301
619.017944 189.890701     923.875000 -522.535156 369.246094     -0.955658 0.294479 -0.294479 -0.955658     18.715677 18.715677 0.857640
418.928070 220.690643     5460.228516 2645.244141 1965.948242     0.310094 -0.950706 0.950706 0.310094     11.178784 11.178784 1.514472
418.928070 220.690643     1032.964844 -315.601562 1018.343750     0.310094 -0.950706 0.950706 0.310094     11.178784 11.178784 4.503952
511.068634 225.462051     5531.070312 2771.139648 2216.910156     -0.965583 0.260094 -0.260094 -0.965583     38.088828 38.088828 4.716455
571.001343 411.725677     5067.078125 6323.933594 17248.523438     0.592857 -0.805307 0.805307 0.592857     48.291521 48.291521 4.874263
259.982941 266.782928     61.500000 -59.078125 66.125000     -0.784792 0.619759 -0.619759 -0.784792     14.338779 14.338779 1.581905
259.982941 266.782928     1892.390625 -342.032227 119.279602     -0.784792 0.619759 -0.619759 -0.784792     14.338779 14.338779 3.459456
498.774750 211.300339     42.070312 -0.269531 19.601562     -0.942288 0.334804 -0.334804 -0.942288     20.289012 20.289012 2.150130
498.774750 211.300339     870.500000 -362.375000 172.468750     -0.942288 0.334804 -0.334804 -0.942288     20.289012 20.289012 5.511149
380.397278 300.312347     101.257812 49.117188 50.351562     0.187234 -0.982315 0.982315 0.187234     121.923589 121.923589 1.589381
380.397278 300.312347     6073.593750 4857.917969 17056.867188     0.187234 -0.982315 0.982315 0.187234     121.923589 121.923589 5.225355
524.945496 408.828888     1035.281250 -427.531250 206.968750     -0.746788 0.665062 -0.665062 -0.746788     46.759080 46.759080 1.206673
524.945496 408.828888     82.031250 -81.078125 92.515625     -0.746788 0.665062 -0.665062 -0.746788     46.759080 46.759080 5.124384
401.114288 271.133331     107.625000 -107.390625 121.187500     -0.847482 -0.530824 0.530824 -0.847482     20.860690 20.860690 4.161051
443.121552 172.490829     6721.882812 4419.726562 16807.507812     -0.913371 0.407128 -0.407128 -0.913371     30.507167 30.507167 0.985000
443.121552 172.490829     4090.125000 -446.546875 154.031250     -0.913371 0.407128 -0.407128 -0.913371     30.507167 30.507167 5.649063
570.270935 149.474106     179.593750 -193.046875 282.937500     0.544540 -0.838735 0.838735 0.544540     6.611031 6.611031 1.692772
570.270935 149.474106     146.875000 -151.328125 173.781250     0.544540 -0.838735 0.838735 0.544540     6.611031 6.611031 4.706228
419.180969 219.656448     38.690224 16.152588 56.093750     0.333864 -0.942621 0.942621 0.333864     12.620917 12.620917 1.533135
419.180969 219.656448     18.218750 -3.566406 14.999268     0.333864 -0.942621 0.942621 0.333864     12.620917 12.620917 4.290574
497.658386 247.513458     213.750000 4.359375 12.632812     -0.964714 0.263299 -0.263299 -0.964714     34.756649 34.756649 1.375120
497.658386 247.513458     77.747345 25.105957 157.390625     -0.964714 0.263299 -0.263299 -0.964714     34.756649 34.756649 4.707039
560.838440 141.346039     5418.562500 -670.609375 297.468750     0.416718 -0.909036 0.909036 0.416718     14.666533 14.666533 4.046509
560.838440 141.346039     7566.062500 4011.347656 16762.437500     0.416718 -0.909036 0.909036 0.416718     14.666533 14.666533 4.797547
583.490906 151.052917     97.187500 -0.468750 13.601562     0.629010 -0.777398 0.777398 0.629010     12.795744 12.795744 4.665482
493.458649 200.964905     31.867188 2.703125 20.320312     -0.956244 0.292569 -0.292569 -0.956244     31.244489 31.244489 2.159771
401.068085 271.399994     29.484375 -38.464844 86.078125     -0.827824 -0.560988 0.560988 -0.827824     21.432778 21.432778 4.118858
103.724892 423.764191     20.750000 1.890625 27.406250     -0.002627 -0.999997 0.999997 -0.002627     16.236697 16.236697 1.393823
103.724892 423.764191     186.812500 -209.640625 319.210938     -0.002627 -0.999997 0.999997 -0.002627     16.236697 16.236697 4.204459
616.826660 218.513000     207.781250 126.765625 165.820312     -0.997320 -0.073159 0.073159 -0.997320     15.847942 15.847942 2.263706
509.947845 225.915833     347.968750 341.031250 358.804688     -0.964735 0.263225 -0.263225 -0.964735     37.770027 37.770027 4.710118
610.595398 248.847336     36.625000 -10.703125 35.742188     -0.870915 -0.491433 0.491433 -0.870915     18.894318 18.894318 2.074074
527.630249 62.155460     78.320312 -114.164062 175.101562     -0.963633 -0.267227 0.267227 -0.963633     16.780228 16.780228 0.981337
527.630249 62.155460     61.968002 -19.463867 239.765625     -0.963633 -0.267227 0.267227 -0.963633     16.780228 16.780228 4.021341
305.823914 338.786163     298.968750 288.421875 353.343750     -0.764375 -0.644773 0.644773 -0.764375     16.220544 16.220544 1.540702
305.823914 338.786163     524.781250 -636.562500 1004.171875     -0.764375 -0.644773 0.644773 -0.764375     16.220544 16.220544 3.587508
611.900452 218.003021     195.031250 120.015625 178.882812     -0.996289 -0.086067 0.086067 -0.996289     16.251088 16.251088 2.181645
396.995392 146.056488     191.500000 -217.640625 333.070312     -0.927196 0.374577 -0.374577 -0.927196     144.099982 144.099982 1.262967
396.995392 146.056488     9189.019531 4137.652344 16892.000000     -0.927196 0.374577 -0.374577 -0.927196     144.099982 144.099982 2.351207
570.376221 412.052704     395.156250 -88.671875 113.695312     0.597079 -0.802182 0.802182 0.597079     49.295173 49.295173 1.957224
570.376221 412.052704     36.625000 -10.867188 36.234375     0.597079 -0.802182 0.802182 0.597079     49.295173 49.295173 4.854495
506.373657 222.022156     25.266052 -12.495605 43.265625     -0.964024 0.265815 -0.265815 -0.964024     48.469094 48.469094 4.760399
525.784241 62.045643     419.843750 225.968750 175.828125     -0.797733 -0.603011 0.603011 -0.797733     21.606604 21.606604 0.753827
525.784241 62.045643     85.984375 -128.664062 204.269531     -0.797733 -0.603011 0.603011 -0.797733     21.606604 21.606604 3.670815
301.993683 277.275330     63.649811 -33.479004 44.476562     0.612561 -0.790423 0.790423 0.612561     27.084023 27.084023 1.499381
301.993683 277.275330     1056.718750 423.609375 392.507812     0.612561 -0.790423 0.790423 0.612561     27.084023 27.084023 3.136712
405.185364 165.448776     267.937500 98.171875 74.863281     -0.999557 0.029772 -0.029772 -0.999557     21.870554 21.870554 0.970816
383.613831 296.704102     33.812500 -27.867188 62.203125     0.172516 -0.985007 0.985007 0.172516     122.966088 122.966088 1.573832
383.613831 296.704102     34.869629 20.090332 60.320312     0.172516 -0.985007 0.985007 0.172516     122.966088 122.966088 4.845591
419.541748 220.782928     305.406250 287.328125 350.281250     0.269558 -0.962984 0.962984 0.269558     19.906769 19.906769 1.761458
419.541748 220.782928     36.406250 -8.218750 49.713867     0.269558 -0.962984 0.962984 0.269558     19.906769 19.906769 3.954961
604.587341 246.476044     45.056190 42.810059 193.187500     -0.920816 -0.389998 0.389998 -0.920816     18.201984 18.201984 0.962495
604.587341 246.476044     536.781250 -672.671875 1087.546875     -0.920816 -0.389998 0.389998 -0.920816     18.201984 18.201984 1.962602
590.729431 273.232941     165.351562 -155.046875 190.265625     -0.732911 -0.680325 0.680325 -0.732911     12.371771 12.371771 1.625332
604.573303 167.227859     104.255127 -11.868652 270.187500     -0.808044 0.589122 -0.589122 -0.808044     15.169698 15.169698 0.801237
498.986847 199.152252     334.593750 117.453125 79.765625     -0.958835 0.283962 -0.283962 -0.958835     29.746405 29.746405 2.045989
604.159180 230.669388     124.375000 -196.156250 358.992188     -0.968012 -0.250903 0.250903 -0.968012     6.715749 6.715749 1.671476
604.159180 230.669388     31.097366 5.745850 63.320312     -0.968012 -0.250903 0.250903 -0.968012     6.715749 6.715749 4.400231
352.323761 202.241272     169.070312 -153.765625 213.062500     0.645097 -0.764101 0.764101 0.645097     39.985524 39.985524 4.691838
429.734833 34.357826     463.640625 -160.398438 68.351562     -0.933318 0.359051 -0.359051 -0.933318     12.821262 12.821262 3.339430
429.734833 34.357826     60.843750 -92.664062 291.677734     -0.933318 0.359051 -0.359051 -0.933318     12.821262 12.821262 3.936275
497.190399 247.783737     1181.968750 447.140625 406.406250     -0.964200 0.265177 -0.265177 -0.964200     34.731668 34.731668 1.378600
497.190399 247.783737     91.890350 53.921387 199.851562     -0.964200 0.265177 -0.265177 -0.964200     34.731668 34.731668 4.699808
617.304382 190.201477     110.125381 21.834473 388.656250     -0.955414 0.295270 -0.295270 -0.955414     19.003940 19.003940 0.831088
502.219421 48.755276     103.437500 132.226562 201.511719     -0.891910 -0.452213 0.452213 -0.891910     26.229241 26.229241 1.370424
502.219421 48.755276     92.104538 -16.942383 223.921875     -0.891910 -0.452213 0.452213 -0.891910     26.229241 26.229241 4.929240
419.552063 225.894012     315.703125 16.687500 55.429688     -0.067737 -0.997703 0.997703 -0.067737     34.125113 34.125113 0.587545
419.552063 225.894012     53.031250 -36.320312 201.045898     -0.067737 -0.997703 0.997703 -0.067737     34.125113 34.125113 1.447097
504.642548 223.135712     76.856445 -42.109375 61.109375     -0.958448 0.285268 -0.285268 -0.958448     50.202941 50.202941 4.780434
560.548706 141.547318     52.937500 -65.726562 147.431641     0.413632 -0.910444 0.910444 0.413632     15.699775 15.699775 4.038342
560.548706 141.547318     11.093750 38.500000 317.004883     0.413632 -0.910444 0.910444 0.413632     15.699775 15.699775 4.808828
583.378479 150.769989     402.718750 -21.054688 3.851562     0.620554 -0.784164 0.784164 0.620554     14.026565 14.026565 4.034309
583.378479 150.769989     125.187500 -212.156250 448.632812     0.620554 -0.784164 0.784164 0.620554     14.026565 14.026565 4.662387
570.124146 149.582764     31.909431 5.107666 72.109375     0.545396 -0.838179 0.838179 0.545396     7.505428 7.505428 4.701493
319.318726 182.864548     17.385315 -3.333984 24.906250     0.446337 -0.894865 0.894865 0.446337     17.865854 17.865854 4.016088
324.077637 337.639282     213.468750 -229.523438 328.095703     -0.585627 -0.810581 0.810581 -0.585627     10.976153 10.976153 1.625189
262.660828 308.587402     10524.445312 3690.765625 16947.523438     -0.997580 -0.069521 0.069521 -0.997580     24.260427 24.260427 1.763874
262.660828 308.587402     34.536705 -16.069824 48.343750     -0.997580 -0.069521 0.069521 -0.997580     24.260427 24.260427 3.930414
589.877869 272.452637     102.673325 92.617188 396.929688     -0.733273 -0.679935 0.679935 -0.733273     12.767326 12.767326 1.623957
500.888824 222.886688     558.312500 -713.937500 1176.890625     -0.956833 0.290639 -0.290639 -0.956833     72.983156 72.983156 1.417584
500.888824 222.886688     64.468750 -98.554688 304.300781     -0.956833 0.290639 -0.290639 -0.956833     72.983156 72.983156 4.811703
324.571991 338.247986     76.956055 -42.324219 80.734375     -0.585709 -0.810522 0.810522 -0.585709     11.696040 11.696040 1.633937
603.698181 246.059799     6.826172 -5.038086 94.351562     -0.919731 -0.392550 0.392550 -0.919731     18.684302 18.684302 1.982290
603.698181 246.059799     30.798096 -10.841797 57.734375     -0.919731 -0.392550 0.392550 -0.919731     18.684302 18.684302 4.743478
569.964050 412.452057     20.354797 -3.043945 25.367188     0.597409 -0.801937 0.801937 0.597409     50.295392 50.295392 1.955681
569.964050 412.452057     1283.500000 453.296875 399.507812     0.597409 -0.801937 0.801937 0.597409     50.295392 50.295392 4.855720
605.458862 171.003876     408.156250 -193.906250 95.515625     -0.834379 0.551192 -0.551192 -0.834379     29.180506 29.180506 0.539155
605.458862 171.003876     177.866180 126.277344 7627.304688     -0.834379 0.551192 -0.551192 -0.834379     29.180506 29.180506 2.619649
603.916687 230.590271     1068.671875 239.242188 176.871094     -0.968219 -0.250106 0.250106 -0.968219     7.409762 7.409762 1.671951
603.916687 230.590271     14.125000 31.382812 439.478516     -0.968219 -0.250106 0.250106 -0.968219     7.409762 7.409762 4.361076
319.240143 183.297485     602.531250 -279.562500 8214.156250     0.439954 -0.898021 0.898021 0.439954     17.805728 17.805728 4.024273
62.648220 386.162048     444.234375 -41.367188 65.570312     -0.313647 -0.949540 0.949540 -0.313647     20.075210 20.075210 1.024665
305.678070 339.111115     75.000000 -115.734375 330.255859     -0.780514 -0.625139 0.625139 -0.780514     17.192582 17.192582 1.556313
305.678070 339.111115     118.031250 -175.312500 427.042969     -0.780514 -0.625139 0.625139 -0.780514     17.192582 17.192582 3.622250
293.737610 223.381195     405.375000 -21.492188 4.285156     0.545508 -0.838105 0.838105 0.545508     10.485458 10.485458 0.472018
293.737610 223.381195     48.218750 -13.046875 14.437500     0.545508 -0.838105 0.838105 0.545508     10.485458 10.485458 2.513593
503.142212 264.351105     553.515625 -196.203125 91.597656     -0.778396 0.627774 -0.627774 -0.778396     12.931620 12.931620 1.165465
503.142212 264.351105     25.295898 -20.548828 54.765625     -0.778396 0.627774 -0.627774 -0.778396     12.931620 12.931620 4.142263
324.442169 338.408173     122.406250 83.507812 736.962891     -0.584951 -0.811068 0.811068 -0.584951     12.409506 12.409506 1.612866
319.462952 183.126541     120.656250 -176.835938 467.154297     0.424544 -0.905407 0.905407 0.424544     17.759840 17.759840 4.059753
33.745163 334.529022     51.484375 -15.953125 18.421875     0.640474 -0.767980 0.767980 0.640474     15.734162 15.734162 1.923812
33.745163 334.529022     36.250000 -22.382812 59.816406     0.640474 -0.767980 0.767980 0.640474     15.734162 15.734162 5.078365
346.303925 365.421570     561.298950 512.215820 6667.539062     -0.701328 -0.712838 0.712838 -0.701328     16.915803 16.915803 2.223351
480.124115 271.421997     93.031250 70.398438 74.499512     -0.745122 0.666928 -0.666928 -0.745122     17.325652 17.325652 5.371653
588.729248 271.167877     20375.679688 1800.687500 16425.804688     -0.735445 -0.677584 0.677584 -0.735445     13.677442 13.677442 1.626696
259.653687 266.593079     1411.750000 436.093750 397.656250     -0.784927 0.619588 -0.619588 -0.784927     15.643166 15.643166 1.586374
259.653687 266.593079     578.002075 428.276367 7240.664062     -0.784927 0.619588 -0.619588 -0.784927     15.643166 15.643166 3.458412
603.657593 230.560608     409.625000 -21.843750 4.824219     -0.967162 -0.254159 0.254159 -0.967162     7.838650 7.838650 1.693990
603.657593 230.560608     44.343750 38.851562 69.281250     -0.967162 -0.254159 0.254159 -0.967162     7.838650 7.838650 4.319642
333.955933 350.010162     9.278320 1.566406 72.156250     -0.621658 -0.783288 0.783288 -0.621658     15.157212 15.157212 1.750433
602.926270 245.557739     48.875000 -45.132812 167.046875     -0.919210 -0.393768 0.393768 -0.919210     19.966697 19.966697 1.972324
323.443604 345.856598     46.957520 -22.507812 20.796875     -0.791318 -0.611404 0.611404 -0.791318     30.103346 30.103346 1.547722
323.443604 345.856598     23.513184 -2.650391 131.289062     -0.791318 -0.611404 0.611404 -0.791318     30.103346 30.103346 2.095344
589.686829 162.096161     52.781250 -16.937500 20.968750     -0.727725 0.685869 -0.685869 -0.727725     8.487398 8.487398 1.568930
480.125763 271.230072     387.562500 -13.976562 5.308594     -0.729297 0.684197 -0.684197 -0.729297     17.478096 17.478096 5.333485
502.807098 264.574799     43.125000 37.226562 69.218750     -0.798998 0.601334 -0.601334 -0.798998     14.018672 14.018672 4.088443
502.807098 264.574799     777.892456 347.324219 7612.695312     -0.798998 0.601334 -0.601334 -0.798998     14.018672 14.018672 5.178429
356.265442 231.604935     27.250000 -0.730469 16.716797     0.397737 -0.917500 0.917500 0.397737     13.351987 13.351987 4.122606
293.232452 224.385971     20734.742188 568.890625 16483.941406     0.505040 -0.863096 0.863096 0.505040     11.497839 11.497839 0.606368
293.232452 224.385971     1034.109375 -834.328125 1001.642578     0.505040 -0.863096 0.863096 0.505040     11.497839 11.497839 4.863102
602.697693 240.832397     850.145874 372.356445 7726.703125     -0.921230 -0.389018 0.389018 -0.921230     34.375715 34.375715 2.154812
588.055176 270.302826     1586.562500 228.718750 422.703125     -0.736100 -0.676873 0.676873 -0.736100     14.761803 14.761803 1.634188
302.632111 278.282379     21058.250000 -428.906250 16379.121094     -0.881080 0.472967 -0.472967 -0.881080     33.743066 33.743066 2.552219
302.632111 278.282379     39.218750 -18.572266 95.746826     -0.881080 0.472967 -0.472967 -0.881080     33.743066 33.743066 5.699862
259.305878 266.296082     39.531250 -17.218750 92.498535     -0.783058 0.621948 -0.621948 -0.783058     17.035819 17.035819 1.585298
259.305878 266.296082     389.437500 -38.882812 5.593750     -0.783058 0.621948 -0.621948 -0.783058     17.035819 17.035819 3.444810
588.699829 264.908997     13.177734 21.484375 68.437500     -0.729941 -0.683511 0.683511 -0.729941     30.695371 30.695371 1.796262
293.170441 223.818176     1133.908447 326.605469 7985.179688     0.483683 -0.875243 0.875243 0.483683     12.123964 12.123964 0.645212
293.170441 223.818176     18.429688 23.441406 76.312500     0.483683 -0.875243 0.875243 0.483683     12.123964 12.123964 4.857480
225.199051 296.530792     21595.343750 -228.398438 15713.632812     -0.067010 -0.997752 0.997752 -0.067010     8.894932 8.894932 1.560902
225.199051 296.530792     17.658203 20.773438 74.179688     -0.067010 -0.997752 0.997752 -0.067010     8.894932 8.894932 4.666281
192.294418 304.478973     74.656250 -4.208984 82.779297     0.174862 -0.984593 0.984593 0.174862     33.183190 33.183190 1.054671
192.294418 304.478973     84.343750 0.974609 95.051025     0.174862 -0.984593 0.984593 0.174862     33.183190 33.183190 4.644208
224.875000 296.504181     98.062500 1.910156 113.216064     -0.071888 -0.997413 0.997413 -0.071888     9.629353 9.629353 1.561561
224.875000 296.504181     190.687500 -12.414062 141.621826     -0.071888 -0.997413 0.997413 -0.071888     9.629353 9.629353 4.661060
261.737000 308.596863     293.687500 -39.066406 166.498291     -0.998488 -0.054975 0.054975 -0.998488     25.190402 25.190402 0.180743
261.737000 308.596863     44.234375 -8.748047 16.289551     -0.998488 -0.054975 0.054975 -0.998488     25.190402 25.190402 1.787505
258.556122 266.120911     211.156250 -124.040039 74.540070     -0.791480 0.611195 -0.611195 -0.791480     18.832024 18.832024 3.382665
294.397430 222.064102     383.593750 -218.441406 125.897827     0.491205 -0.871044 0.871044 0.491205     14.624664 14.624664 0.734086
294.397430 222.064102     288.968750 -161.521484 91.871216     0.491205 -0.871044 0.871044 0.491205     14.624664 14.624664 4.832556
524.722229 265.940186     228.375000 -44.531250 108.109375     -0.940103 0.340891 -0.340891 -0.940103     15.069692 15.069692 1.188919
224.465195 297.010986     2313.750000 734.109375 239.625000     -0.053389 -0.998574 0.998574 -0.053389     10.944398 10.944398 1.567670
224.465195 297.010986     0.468750 -24.687500 5070.460938     -0.053389 -0.998574 0.998574 -0.053389     10.944398 10.944398 4.661011
224.199341 297.368774     2638.781250 -480.079102 114.660950     -0.045228 -0.998977 0.998977 -0.045228     11.438194 11.438194 1.564394
224.199341 297.368774     297.230469 -74.868286 20.530922     -0.045228 -0.998977 0.998977 -0.045228     11.438194 11.438194 4.650830
223.806458 297.293243     1108.937500 -1232.718750 8351.843750     -0.045547 -0.998962 0.998962 -0.045547     12.366811 12.366811 1.563740
190.390152 304.519470     163.062500 -169.562500 182.687500     0.216658 -0.976248 0.976248 0.216658     38.342036 38.342036 0.922743
190.390152 304.519470     439.078125 152.828125 60.406250     0.216658 -0.976248 0.976248 0.216658     38.342036 38.342036 2.744022
223.408371 297.719910     19.429688 12.054688 72.402344     -0.035479 -0.999370 0.999370 -0.035479     13.350633 13.350633 1.562748
226.367264 464.088501     596.289062 -134.140869 30.994904     -0.805626 0.592425 -0.592425 -0.805626     15.364421 15.364421 6.267074
223.068726 297.926544     317.875000 81.468750 26.218750     -0.035028 -0.999386 0.999386 -0.035028     14.075839 14.075839 1.561950
188.291351 191.572845     2406.562500 -2076.406250 9678.312500     -0.995437 -0.095420 0.095420 -0.995437     22.008169 22.008169 5.407605
189.374161 304.537292     19.648438 10.765625 70.644531     0.211691 -0.977337 0.977337 0.211691     40.804991 40.804991 0.877924
189.374161 304.537292     258.140625 4.880859 9.732910     0.211691 -0.977337 0.977337 0.211691     40.804991 40.804991 2.739878
222.572617 297.863068     3529.085938 -640.250000 117.249268     -0.023933 -0.999714 0.999714 -0.023933     15.881812 15.881812 1.554511
216.047165 408.981140     541.914062 265.367188 404.199219     -0.972260 0.233904 -0.233904 -0.972260     16.605407 16.605407 5.753743
216.047165 408.981140     7.351562 66.132812 695.015625     -0.972260 0.233904 -0.233904 -0.972260     16.605407 16.605407 6.312080
169.962265 424.806610     567.625000 202.578125 74.140625     -0.074332 -0.997234 0.997234 -0.074332     16.120488 16.120488 1.663017
172.117111 425.489502     2694.937500 -431.362793 111.205765     -0.304834 -0.952405 0.952405 -0.304834     22.092083 22.092083 1.895632
174.303101 425.772125     573.843750 -128.405518 29.652771     -0.825386 -0.564569 0.564569 -0.825386     25.950165 25.950165 2.474672
168.908371 311.650085     169.093750 -171.843750 183.109375     -0.026166 -0.999658 0.999658 -0.026166     22.631114 22.631114 1.341460
168.908371 311.650085     22.218750 7.093750 39.531250     -0.026166 -0.999658 0.999658 -0.026166     22.631114 22.631114 4.836584
175.878448 426.031311     542.015625 153.062500 64.093750     -0.951937 -0.306295 0.306295 -0.951937     27.347696 27.347696 2.744978
23.362253 85.001526     1.000000 -19.953125 8297.125000     -0.974076 -0.226221 0.226221 -0.974076     18.835654 18.835654 4.647423
159.646011 202.380524     2246.781250 -1975.078125 9979.492188     0.125733 -0.992064 0.992064 0.125733     15.115756 15.115756 2.445447
159.646011 202.380524     23.242188 29.011719 142.285156     0.125733 -0.992064 0.992064 0.125733     15.115756 15.115756 4.359496
177.786148 425.355377     0.437500 17.125000 4272.914062     -0.989514 0.144437 -0.144437 -0.989514     30.765764 30.765764 3.374180
244.022156 424.601105     227.468750 47.601562 118.046875     -0.956920 -0.290351 0.290351 -0.956920     16.528170 16.528170 4.806031
40.847378 90.210670     351.656250 -13.427734 23.953613     -0.963394 -0.268088 0.268088 -0.963394     17.984988 17.984988 4.682137
161.394196 202.226089     134.093750 2.202637 26.102142     0.286084 -0.958205 0.958205 0.286084     20.536800 20.536800 2.278984
161.394196 202.226089     24.656250 12.921875 57.664062     0.286084 -0.958205 0.958205 0.286084     20.536800 20.536800 4.233743
55.931660 94.275452     12.015625 100.666016 878.226562     -0.964482 -0.264147 0.264147 -0.964482     17.692522 17.692522 4.690257
170.863693 310.324585     26.132812 59.738281 509.222656     -0.015114 -0.999886 0.999886 -0.015114     32.974141 32.974141 1.279217
170.863693 310.324585     8.156250 66.476562 666.484375     -0.015114 -0.999886 0.999886 -0.015114     32.974141 32.974141 4.841502
162.460876 202.656525     1603.554688 -433.416504 118.853577     0.295977 -0.955195 0.955195 0.295977     23.213578 23.213578 2.271903
162.460876 202.656525     62.875000 1.316406 8.357422     0.295977 -0.955195 0.955195 0.295977     23.213578 23.213578 4.225349
171.796066 312.242798     171.156250 -172.500000 184.406250     -0.008333 -0.999965 0.999965 -0.008333     38.493312 38.493312 1.277000
171.796066 312.242798     0.156250 -7.593750 716.585938     -0.008333 -0.999965 0.999965 -0.008333     38.493312 38.493312 4.825843
215.630600 313.643799     386.234375 -9.296875 31.329102     -0.215885 -0.976419 0.976419 -0.215885     20.403262 20.403262 1.606932
238.626099 304.778748     1287.500000 386.296875 135.750000     -0.037308 -0.999304 0.999304 -0.037308     23.612737 23.612737 1.643025
181.987274 192.270996     3509.437500 -354.012695 101.797913     -0.856966 0.515372 -0.515372 -0.856966     33.372274 33.372274 4.730092
94.972961 99.601799     2284.968750 -2139.156250 10880.421875     -0.945850 -0.324605 0.324605 -0.945850     38.139641 38.139641 4.692584
119.836487 120.212456     891.937500 274.406250 93.156250     -0.880660 -0.473749 0.473749 -0.880660     104.855217 104.855217 2.402767
207.396652 303.694733     77.265625 1.484375 54.210938     -0.715247 0.698871 -0.698871 -0.715247     119.903518 119.903518 0.324392
207.396652 303.694733     41.000000 5.230469 174.614258     -0.715247 0.698871 -0.698871 -0.715247     119.903518 119.903518 1.406516
126.412636 124.545479     1.156250 26.031250 4538.054688     -0.869833 -0.493346 0.493346 -0.869833     114.302954 114.302954 2.390246
126.412636 124.545479     2854.742188 429.445312 1574.156250     -0.869833 -0.493346 0.493346 -0.869833     114.302954 114.302954 4.980514
523.574402 461.086792     871.937500 -95.195557 21.636036     -0.896505 0.443033 -0.443033 -0.896505     15.646104 15.646104 1.927861
523.574402 461.086792     2760.312500 -2346.656250 10341.531250     -0.896505 0.443033 -0.443033 -0.896505     15.646104 15.646104 5.238776
578.528748 432.643890     170.437500 -168.031250 178.781250     0.693140 -0.720803 0.720803 0.693140     9.744483 9.744483 0.931123
578.528748 432.643890     12.623047 103.578125 895.457031     0.693140 -0.720803 0.720803 0.693140     9.744483 9.744483 5.533175
279.868195 214.440903     65.437500 0.574219 10.166992     -0.999928 0.011993 -0.011993 -0.999928     19.921500 19.921500 5.318878
295.275513 356.214294     1.531250 35.000000 4937.070312     -0.854430 -0.519566 0.519566 -0.854430     20.366748 20.366748 2.777889
578.844177 431.957520     320.304688 -58.715820 13.528442     0.683915 -0.729562 0.729562 0.683915     11.046579 11.046579 0.975938
578.844177 431.957520     1168.234375 361.453125 124.437500     0.683915 -0.729562 0.729562 0.683915     11.046579 11.046579 5.480858
578.785889 431.705872     64.531250 17.820312 9.940430     0.684463 -0.729047 0.729047 0.684463     11.736061 11.736061 1.024719
578.785889 431.705872     3592.187500 -687.669922 135.236328     0.684463 -0.729047 0.729047 0.684463     11.736061 11.736061 5.348528
573.619446 359.960175     2816.312500 295.687500 1472.914062     0.608867 -0.793273 0.793273 0.608867     25.225296 25.225296 2.255507
573.619446 359.960175     0.781250 -30.812500 3114.812500     0.608867 -0.793273 0.793273 0.608867     25.225296 25.225296 5.459301
579.130859 430.650391     31.500000 -22.343750 42.359375     0.675074 -0.737750 0.737750 0.675074     13.044710 13.044710 1.078688
510.816162 256.904419     449.640625 105.531250 434.109375     -0.999765 -0.021661 0.021661 -0.999765     15.934299 15.934299 5.104689
568.945251 306.383209     176.968750 -151.000000 169.750000     -0.999984 0.005608 -0.005608 -0.999984     16.594530 16.594530 1.372252
568.945251 306.383209     2623.195312 590.828125 1396.453125     -0.999984 0.005608 -0.005608 -0.999984     16.594530 16.594530 4.502743
309.802429 253.487900     34.078125 42.414062 161.550781     -0.976128 -0.217198 0.217198 -0.976128     19.982656 19.982656 0.485817
309.802429 253.487900     1618.214844 -438.598389 121.129150     -0.976128 -0.217198 0.217198 -0.976128     19.982656 19.982656 1.880919
335.868408 184.851974     2429.593750 -2442.343750 15075.531250     0.451343 -0.892351 0.892351 0.451343     14.251017 14.251017 0.220057
351.334900 287.702820     16.269531 130.324219 1100.097656     -0.255444 -0.966824 0.966824 -0.255444     20.250239 20.250239 2.453249
572.592285 361.273071     1934.765625 -216.246094 180.082275     0.591135 -0.806573 0.806573 0.591135     25.916012 25.916012 2.274887
572.592285 361.273071     1.125000 -32.265625 3492.390625     0.591135 -0.806573 0.806573 0.591135     25.916012 25.916012 5.488077
582.194519 419.165039     2088.218750 559.562500 1257.328125     0.582134 -0.813093 0.813093 0.582134     39.807045 39.807045 0.966137
582.194519 419.165039     37.484375 54.679688 215.222656     0.582134 -0.813093 0.813093 0.582134     39.807045 39.807045 5.389732
510.375336 268.062347     108.843750 -106.812500 125.062500     -0.958271 0.285860 -0.285860 -0.958271     42.529005 42.529005 0.990956
510.375336 268.062347     264.078125 75.609375 25.562500     -0.958271 0.285860 -0.285860 -0.958271     42.529005 42.529005 2.309991
560.542053 295.020569     2041.484375 -179.251953 210.413818     -0.762655 -0.646806 0.646806 -0.762655     34.362646 34.362646 1.864426
580.047485 272.124420     89.906250 28.476562 18.445801     -0.701468 -0.712701 0.712701 -0.701468     15.790085 15.790085 1.601467
457.364471 184.948593     1.468750 -36.359375 3581.312500     -0.721528 0.692385 -0.692385 -0.721528     22.711126 22.711126 1.360962
457.364471 184.948593     50.539062 419.468750 3573.859375     -0.721528 0.692385 -0.692385 -0.721528     22.711126 22.711126 1.846531
361.244385 239.614151     107.796875 34.042969 21.783691     0.552151 -0.833744 0.833744 0.552151     7.414252 7.414252 4.617506
361.244385 239.614151     10036.812500 3772.046875 22468.753906     0.552151 -0.833744 0.833744 0.552151     7.414252 7.414252 5.861921
580.190979 268.668335     105.843750 -102.562500 118.734375     -0.673110 -0.739543 0.739543 -0.673110     27.170395 27.170395 1.616401
583.951904 415.664185     426.195312 135.546875 47.750000     0.569038 -0.822311 0.822311 0.569038     41.312170 41.312170 0.977224
560.692688 294.049377     36.281250 -23.843750 45.109375     -0.730454 -0.682962 0.682962 -0.730454     36.743295 36.743295 1.891675
572.389832 361.525421     1620.164062 -439.954834 122.305359     0.587669 -0.809102 0.809102 0.587669     26.015603 26.015603 2.272055
572.389832 361.525421     9.265625 0.148438 47.527344     0.587669 -0.809102 0.809102 0.587669     26.015603 26.015603 5.487790
510.430389 268.177490     10777.468750 4143.195312 22259.937500     -0.960744 0.277435 -0.277435 -0.960744     42.235197 42.235197 0.989961
510.430389 268.177490     63.263672 537.951172 4761.808594     -0.960744 0.277435 -0.277435 -0.960744     42.235197 42.235197 2.293720
457.327728 184.911758     9.968750 6.050781 62.794922     -0.713432 0.700725 -0.700725 -0.713432     22.750936 22.750936 1.297050
457.327728 184.911758     303.546875 154.347656 206.439453     -0.713432 0.700725 -0.700725 -0.713432     22.750936 22.750936 1.819661
601.134583 257.726715     332.046875 113.148438 39.687500     -0.858808 -0.512297 0.512297 -0.858808     28.825630 28.825630 1.881996
360.799988 240.744736     119.351562 -10.035156 6.111328     0.539604 -0.841919 0.841919 0.539604     8.443780 8.443780 4.644829
360.799988 240.744736     502.320312 161.546875 60.265625     0.539604 -0.841919 0.841919 0.539604     8.443780 8.443780 6.019604
485.771301 247.977585     10.744141 87.925781 766.648438     -0.936058 0.351845 -0.351845 -0.936058     14.174811 14.174811 0.991934
485.771301 247.977585     11.984375 17.300781 136.998047     -0.936058 0.351845 -0.351845 -0.936058     14.174811 14.174811 2.198189
535.531677 283.091888     6.820312 65.906250 990.947266     -0.899161 -0.437617 0.437617 -0.899161     61.427759 61.427759 1.638820
535.531677 283.091888     129.640625 -35.140625 34.755859     -0.899161 -0.437617 0.437617 -0.899161     61.427759 61.427759 3.908912
524.636963 141.856171     35.062500 108.046875 1190.867188     0.522544 -0.852612 0.852612 0.522544     18.407932 18.407932 4.247967
580.331421 268.552368     39.515625 -4.968750 9.359375     -0.679024 -0.734116 0.734116 -0.679024     28.332453 28.332453 1.605749
580.649292 125.872040     130.156250 -29.417969 33.763672     0.430564 -0.902560 0.902560 0.430564     25.648229 25.648229 0.151985
586.259216 411.528473     12561.375000 4127.070312 20935.632812     0.557285 -0.830321 0.830321 0.557285     41.562477 41.562477 0.990826
586.259216 411.528473     321.275391 -188.996338 196.468384     0.557285 -0.830321 0.830321 0.557285     41.562477 41.562477 4.816131
354.550842 244.355927     508.289062 172.078125 70.171875     0.678201 -0.734876 0.734876 0.678201     21.232229 21.232229 5.593729
535.947998 111.643997     50.937500 -44.074219 67.164062     0.493600 -0.869689 0.869689 0.493600     20.245067 20.245067 4.311820
50.753426 410.630127     143.625000 -15.898438 43.400391     0.316155 -0.948707 0.948707 0.316155     16.841466 16.841466 2.576673
431.428955 337.612030     218.058594 -48.618164 12.964600     0.493327 -0.869844 0.869844 0.493327     16.303410 16.303410 1.241964
353.938171 242.942108     775.343750 275.500000 110.453125     0.655131 -0.755516 0.755516 0.655131     26.900623 26.900623 5.755080
487.279419 247.632355     127.796875 -16.406250 15.582031     -0.942463 0.334309 -0.334309 -0.942463     15.230551 15.230551 0.953664
487.279419 247.632355     158.085938 -19.320312 52.439453     -0.942463 0.334309 -0.334309 -0.942463     15.230551 15.230551 2.194734
577.387817 136.512466     22.642578 170.707031 1353.492188     0.331829 -0.943339 0.943339 0.331829     23.917069 23.917069 0.687790
577.387817 136.512466     895.960938 299.250000 104.281250     0.331829 -0.943339 0.943339 0.331829     23.917069 23.917069 3.982753
534.201721 283.572418     14406.750000 4011.257812 20026.570312     -0.909720 -0.415222 0.415222 -0.909720     64.007402 64.007402 1.662649
534.201721 283.572418     848.666016 -212.940918 64.544922     -0.909720 -0.415222 0.415222 -0.909720     64.007402 64.007402 3.959545
50.810715 408.814301     236.359375 -47.421875 106.867188     0.196931 -0.980417 0.980417 0.196931     17.335567 17.335567 0.751134
50.810715 408.814301     27.137207 -30.392578 49.356445     0.196931 -0.980417 0.980417 0.196931     17.335567 17.335567 2.686114
552.348633 185.211014     945.254883 -211.131836 61.233887     -0.571089 -0.820888 0.820888 -0.571089     15.225708 15.225708 4.548774
472.706482 189.570801     26.800781 196.843750 1533.230469     -0.997968 -0.063724 0.063724 -0.997968     33.179415 33.179415 2.261728
472.706482 189.570801     60.945312 26.328125 28.720703     -0.997968 -0.063724 0.063724 -0.997968     33.179415 33.179415 5.454342
537.803894 115.986191     10.376465 71.183594 521.042969     0.226143 -0.974094 0.974094 0.226143     30.052187 30.052187 4.400753
65.031746 423.400787     84.375000 8.494141 5.383789     -0.769348 0.638830 -0.638830 -0.769348     23.008940 23.008940 1.885017
521.783752 148.494644     556.863281 216.820312 85.757812     0.456242 -0.889856 0.889856 0.456242     19.737770 19.737770 0.949549
521.783752 148.494644     16850.000000 4382.554688 19625.687500     0.456242 -0.889856 0.889856 0.456242     19.737770 19.737770 4.422453
559.293640 100.795746     20.718262 150.066406 1127.730469     -0.122980 -0.992409 0.992409 -0.122980     11.315327 11.315327 1.300784
604.536987 210.016083     318.844727 -198.762207 223.463501     -0.998617 0.052567 -0.052567 -0.998617     7.453235 7.453235 1.599320
432.376404 334.473938     31.281250 17.617188 61.457031     0.443716 -0.896168 0.896168 0.443716     20.196639 20.196639 1.174965
31.162895 318.330322     21.009766 116.080078 810.484375     0.354779 -0.934950 0.934950 0.354779     18.067481 18.067481 1.119163
31.162895 318.330322     100.167969 -28.996094 27.359375     0.354779 -0.934950 0.934950 0.354779     18.067481 18.067481 1.653544
597.185791 157.000000     37.134277 -40.360352 60.417969     0.615521 -0.788120 0.788120 0.615521     26.320660 26.320660 3.949386
597.185791 157.000000     35.003418 229.085938 1687.757812     0.615521 -0.788120 0.788120 0.615521     26.320660 26.320660 4.710958
378.127502 357.951691     18224.265625 4239.906250 19192.097656     -0.989891 -0.141831 0.141831 -0.989891     32.516266 32.516266 1.140352
378.127502 357.951691     111.091797 -27.546875 30.234375     -0.989891 -0.141831 0.141831 -0.989891     32.516266 32.516266 1.870476
587.246948 409.126190     38.953125 259.316406 1926.648438     0.548855 -0.835918 0.835918 0.548855     42.583545 42.583545 0.991841
587.246948 409.126190     17.699219 9.644531 54.054688     0.548855 -0.835918 0.835918 0.548855     42.583545 42.583545 4.824658
576.726624 137.635468     11.578125 0.335938 36.753906     0.337223 -0.941425 0.941425 0.337223     24.302484 24.302484 0.659762
576.726624 137.635468     25.928223 187.544922 1405.816406     0.337223 -0.941425 0.941425 0.337223     24.302484 24.302484 3.980375
65.123726 422.025421     97.781250 6.853516 6.236328     0.691162 -0.722700 0.722700 0.691162     27.178978 27.178978 5.194678
604.618042 201.121521     35.341797 47.560547 152.416016     -0.991793 0.127851 -0.127851 -0.991793     6.388731 6.388731 1.589008
48.199005 329.263672     42.883301 -53.071289 96.468750     0.057278 -0.998358 0.998358 0.057278     11.505513 11.505513 1.241456
48.199005 329.263672     166.918945 -22.832031 33.421875     0.057278 -0.998358 0.998358 0.057278     11.505513 11.505513 1.582350
49.587700 407.915710     41.118652 269.611328 1989.667969     0.332440 -0.943124 0.943124 0.332440     23.372503 23.372503 2.842562
49.587700 407.915710     14.171875 1.015625 43.738281     0.332440 -0.943124 0.943124 0.332440     23.372503 23.372503 3.607642
486.190765 248.716766     28.257324 205.759766 1552.949219     -0.936548 0.350540 -0.350540 -0.936548     18.960429 18.960429 0.897300
486.190765 248.716766     47.500000 20.039062 263.453125     -0.936548 0.350540 -0.350540 -0.936548     18.960429 18.960429 2.253775
31.477444 318.266907     49.104980 317.132812 4193.742188     0.426838 -0.904328 0.904328 0.426838     19.572710 19.572710 2.382939
31.477444 318.266907     16.750000 1.140625 48.761719     0.426838 -0.904328 0.904328 0.426838     19.572710 19.572710 4.012926
532.049194 283.192291     39.330078 231.983398 1580.855469     -0.921446 -0.388506 0.388506 -0.921446     64.960075 64.960075 1.671309
532.049194 283.192291     314.527344 -205.999023 259.198364     -0.921446 -0.388506 0.388506 -0.921446     64.960075 64.960075 3.965321
606.267578 185.225357     227.026367 -25.046875 39.281250     -0.902113 0.431499 -0.431499 -0.902113     7.484517 7.484517 1.618236
606.267578 185.225357     13.556641 -41.415527 158.587891     -0.902113 0.431499 -0.431499 -0.902113     7.484517 7.484517 4.253028
460.673279 197.195541     58.468750 35.257812 295.832031     -0.969840 -0.243744 0.243744 -0.969840     48.621627 48.621627 5.110596
558.732056 102.640526     55.253418 261.154297 1680.960938     -0.073186 -0.997318 0.997318 -0.073186     15.472429 15.472429 1.226880
558.732056 102.640526     5.593750 -3.125000 59.835938     -0.073186 -0.997318 0.997318 -0.073186     15.472429 15.472429 4.908696
477.440491 187.370438     16.597534 -53.630371 212.974609     -0.994222 0.107348 -0.107348 -0.994222     35.176024 35.176024 2.252406
477.440491 187.370438     303.652344 -202.082764 254.062012     -0.994222 0.107348 -0.107348 -0.994222     35.176024 35.176024 5.498785
575.929810 139.255325     11.719803 26.334839 258.101562     0.360014 -0.932947 0.932947 0.360014     24.786550 24.786550 0.633518
575.929810 139.255325     99.218750 7.015625 12.690918     0.360014 -0.932947 0.932947 0.360014     24.786550 24.786550 3.955891
529.065552 134.216187     39.562500 41.218750 78.195312     0.411592 -0.911368 0.911368 0.411592     28.050815 28.050815 4.327509
604.643250 210.098312     12.398239 -7.166626 480.832031     -0.998576 0.053355 -0.053355 -0.998576     7.969952 7.969952 1.593395
478.342987 313.159424     30.095398 -121.650391 557.781250     -0.946414 0.322957 -0.322957 -0.946414     14.219820 14.219820 3.728010
31.704546 318.087677     34.343750 11.835938 106.251953     0.652153 -0.758087 0.758087 0.652153     20.519327 20.519327 5.422234
486.768219 248.677078     29.397541 -42.598755 484.640625     -0.938648 0.344876 -0.344876 -0.938648     19.876176 19.876176 0.886109
486.768219 248.677078     43.718750 22.382812 143.988281     -0.938648 0.344876 -0.344876 -0.938648     19.876176 19.876176 2.267312
69.601730 343.030304     346.942383 63.109375 83.804688     0.456764 -0.889588 0.889588 0.456764     17.279639 17.279639 4.712256
568.505066 125.798653     353.328125 68.941406 89.742188     -0.132290 -0.991211 0.991211 -0.132290     47.466165 47.466165 5.200834
478.173981 186.996628     218.050293 53.102783 110.985413     -0.988802 0.149234 -0.149234 -0.988802     36.762113 36.762113 2.263211
478.173981 186.996628     332.648438 -74.666138 26.082054     -0.988802 0.149234 -0.149234 -0.988802     36.762113 36.762113 5.486208
529.216064 132.950775     225.108398 52.557861 109.568298     0.387411 -0.921907 0.921907 0.387411     30.634667 30.634667 4.328154
93.986549 406.825104     108.039062 35.992188 32.703125     0.342842 -0.939393 0.939393 0.342842     15.670103 15.670103 5.535815
52.475960 261.951935     227.708984 57.133667 112.455322     0.344969 -0.938614 0.938614 0.344969     16.059906 16.059906 2.072767
52.475960 261.951935     45.476562 3.398438 12.535156     0.344969 -0.938614 0.938614 0.344969     16.059906 16.059906 4.913292
479.040314 312.379028     9.921509 -2.981445 135.007812     -0.927248 0.374448 -0.374448 -0.927248     15.575179 15.575179 3.793306
404.113220 216.174530     112.664062 17.367188 23.839844     0.516802 -0.856105 0.856105 0.516802     21.458093 21.458093 2.212602
404.113220 216.174530     14.413239 0.578125 127.289062     0.516802 -0.856105 0.856105 0.516802     21.458093 21.458093 5.678360
509.843414 69.016487     19.365807 5.948975 22.609375     -0.751829 -0.659358 0.659358 -0.751829     16.074371 16.074371 1.584247
509.843414 69.016487     19.671474 16.377441 102.312500     -0.751829 -0.659358 0.659358 -0.751829     16.074371 16.074371 3.936711
75.092812 264.646698     84.007812 21.015625 33.218750     -0.786724 0.617305 -0.617305 -0.786724     19.415037 19.415037 2.014454
502.253784 161.306351     95.695312 -10.046875 28.398438     0.705080 -0.709128 0.709128 0.705080     59.871963 59.871963 4.726187
529.375305 283.279846     65.364258 50.648438 73.835938     -0.937593 -0.347735 0.347735 -0.937593     69.118219 69.118219 1.614123
529.375305 283.279846     92.960938 -10.421875 29.257812     -0.937593 -0.347735 0.347735 -0.937593     69.118219 69.118219 4.035041
412.845276 252.694336     30.636719 7.917969 21.968750     -0.997979 -0.063546 0.063546 -0.997979     26.958616 26.958616 4.122313
412.845276 252.694336     98.304688 3.921875 45.265625     -0.997979 -0.063546 0.063546 -0.997979     26.958616 26.958616 4.790007
604.179443 210.289474     43.746094 -7.261719 29.476562     -0.998556 0.053728 -0.053728 -0.998556     8.595948 8.595948 1.602822
411.779022 267.865173     52.316406 19.382812 43.750000     -0.589245 -0.807955 0.807955 -0.589245     18.005144 18.005144 0.925095
411.779022 267.865173     52.792969 19.171875 44.156250     -0.589245 -0.807955 0.807955 -0.589245     18.005144 18.005144 4.280881
111.317535 426.165863     304.562500 -119.937500 48.343750     -0.024889 -0.999690 0.999690 -0.024889     13.678314 13.678314 1.261457
111.317535 426.165863     433.437500 -150.343750 113.312500     -0.024889 -0.999690 0.999690 -0.024889     13.678314 13.678314 4.252523
403.088470 224.802475     58.059570 -45.056274 40.964447     0.320401 -0.947282 0.947282 0.320401     26.088211 26.088211 1.844110
83.736366 456.604553     320.093750 -127.187500 52.109375     -0.866735 0.498769 -0.498769 -0.866735     12.603691 12.603691 1.345863
83.736366 456.604553     327.500000 -132.812500 56.437500     -0.866735 0.498769 -0.498769 -0.866735     12.603691 12.603691 4.696255
89.780823 283.273987     28.246094 8.351562 29.890625     0.024569 -0.999698 0.999698 0.024569     21.790432 21.790432 1.948599
89.780823 283.273987     35.966064 5.605469 31.140625     0.024569 -0.999698 0.999698 0.024569     21.790432 21.790432 6.306302
479.528778 312.212219     25.343750 -50.859375 260.671875     -0.917760 0.397135 -0.397135 -0.917760     16.619272 16.619272 3.809219
519.224060 234.141083     55.789062 -6.667969 72.302734     -0.999334 0.036490 -0.036490 -0.999334     9.857201 9.857201 1.108415
519.224060 234.141083     162.820312 -55.468750 38.089844     -0.999334 0.036490 -0.036490 -0.999334     9.857201 9.857201 2.295039
411.940186 267.744171     23.109375 31.351562 70.125000     -0.578469 -0.815704 0.815704 -0.578469     18.403420 18.403420 0.917625
411.940186 267.744171     9.250000 -1.328125 42.359375     -0.578469 -0.815704 0.815704 -0.578469     18.403420 18.403420 4.314101
501.451233 161.603928     17.325684 -0.666016 27.468750     -0.713951 0.700195 -0.700195 -0.713951     60.939694 60.939694 1.587522
522.102295 286.433563     44.281250 -117.242188 372.308594     -0.982521 -0.186152 0.186152 -0.982521     87.648325 87.648325 1.651046
522.102295 286.433563     48.765625 -2.210938 59.429688     -0.982521 -0.186152 0.186152 -0.982521     87.648325 87.648325 3.985532
519.341614 223.143570     60.982422 325.396484 6675.785156     -0.995010 0.099779 -0.099779 -0.995010     5.857932 5.857932 1.093553
519.341614 223.143570     19.031250 3.984375 27.240234     -0.995010 0.099779 -0.099779 -0.995010     5.857932 5.857932 5.129303
123.570587 261.676483     24.218750 2.250000 54.851562     -0.839698 -0.543054 0.543054 -0.839698     21.228358 21.228358 0.723195
131.683960 319.146240     143.751465 231.623047 467.320312     -0.324477 -0.945893 0.945893 -0.324477     10.844699 10.844699 1.377612
131.683960 319.146240     577.296875 -1176.796875 2433.421875     -0.324477 -0.945893 0.945893 -0.324477     10.844699 10.844699 1.630291
128.164795 375.486877     16.851562 54.393555 261.715576     -0.333857 -0.942624 0.942624 -0.333857     14.320497 14.320497 1.264065
128.164795 375.486877     79.179688 -34.000000 25.052597     -0.333857 -0.942624 0.942624 -0.333857     14.320497 14.320497 4.990520
132.237946 319.205780     15.406250 -49.396484 186.567871     -0.311657 -0.950195 0.950195 -0.311657     14.819056 14.819056 0.530123
132.237946 319.205780     24.795410 3.373047 32.875000     -0.311657 -0.950195 0.950195 -0.311657     14.819056 14.819056 1.256385
257.772949 63.980675     11.406250 -20.906250 114.230469     -0.961140 0.276060 -0.276060 -0.961140     16.702773 16.702773 2.560336
257.772949 63.980675     62.562500 -0.164062 35.023438     -0.961140 0.276060 -0.276060 -0.961140     16.702773 16.702773 5.420941
613.428589 12.162561     73.218750 -21.277344 77.563477     -0.860925 0.508731 -0.508731 -0.860925     5.017721 5.017721 4.645664
609.464294 27.403572     32.578125 -32.597168 49.392975     -0.868347 0.495957 -0.495957 -0.868347     4.794083 4.794083 1.556596
609.464294 27.403572     52.437500 2.125000 51.093750     -0.868347 0.495957 -0.495957 -0.868347     4.794083 4.794083 4.764718
612.528198 32.108871     158.328125 -392.636719 1080.079102     -0.872020 0.489470 -0.489470 -0.872020     4.946584 4.946584 4.763684
