1.0
627
465.040070 18.251055     11.562500 6.770508 143.276611     -0.051201 -0.998688 0.998688 -0.051201     15.070224 15.070224 1.578433
476.756744 23.818533     2.156250 -9.175781 235.824219     0.039178 -0.999232 0.999232 0.039178     6.031486 6.031486 1.584532
500.892792 22.612085     10.031250 -10.191406 184.245239     0.058202 -0.998305 0.998305 0.058202     13.823928 13.823928 1.561605
476.636627 24.606607     2.937500 -5.452148 233.908325     0.023586 -0.999722 0.999722 0.023586     7.541860 7.541860 1.585427
404.830444 37.734783     18.593750 15.644531 37.794800     -0.488347 -0.872650 0.872650 -0.488347     14.115127 14.115127 5.050871
5.457143 82.123810     14.495785 56.248199 242.565430     -0.227119 -0.973867 0.973867 -0.227119     5.282357 5.282357 1.205833
500.370361 21.882154     13.031250 -3.220703 184.258850     0.018800 -0.999823 0.999823 0.018800     16.206681 16.206681 1.564398
29.976555 54.424706     37.498108 136.669189 729.667480     -0.186945 -0.982370 0.982370 -0.186945     15.253579 15.253579 1.590026
9.263158 70.991905     29.724274 130.119507 585.433105     -0.217238 -0.976119 0.976119 -0.217238     3.937894 3.937894 1.398061
149.883728 62.178295     23.673828 -32.061523 66.719971     0.470445 -0.882430 0.882430 0.470445     11.544100 11.544100 4.696106
467.245544 95.383926     26.625000 11.726562 24.218750     -0.742315 -0.670051 0.670051 -0.742315     16.615762 16.615762 0.672922
467.245544 95.383926     149.917969 -62.117188 67.286438     -0.742315 -0.670051 0.670051 -0.742315     16.615762 16.615762 4.942366
190.276505 30.360655     48.640625 49.874023 94.691406     -0.881423 0.472328 -0.472328 -0.881423     26.239158 26.239158 0.666092
403.333954 37.122261     200.078125 91.927734 182.419891     -0.538908 -0.842365 0.842365 -0.538908     18.407943 18.407943 4.996664
499.587036 22.769785     498.656250 -302.377930 263.387085     0.049182 -0.998790 0.998790 0.049182     18.825578 18.825578 1.552336
187.706970 33.978065     1125.151367 -372.579590 1691.161621     -0.825397 0.564552 -0.564552 -0.825397     33.845208 33.845208 0.989634
187.706970 33.978065     107.656616 441.659180 2103.819824     -0.825397 0.564552 -0.564552 -0.825397     33.845208 33.845208 4.254718
37.213985 85.593620     31.656250 19.132812 53.262695     -0.206800 -0.978383 0.978383 -0.206800     17.018994 17.018994 1.579763
37.213985 85.593620     11.281250 8.187500 66.402344     -0.206800 -0.978383 0.978383 -0.206800     17.018994 17.018994 4.667996
483.008209 259.794525     28.281250 7.727539 195.466003     -0.596568 -0.802562 0.802562 -0.596568     18.708485 18.708485 1.728782
466.209900 91.250000     59.812500 32.671875 64.921875     -0.504144 -0.863620 0.863620 -0.504144     20.368330 20.368330 3.129793
466.209900 91.250000     82.788574 242.178833 2005.108398     -0.504144 -0.863620 0.863620 -0.504144     20.368330 20.368330 4.739604
527.116150 233.580643     122.097168 499.714111 2365.952637     -0.143884 -0.989595 0.989595 -0.143884     14.294720 14.294720 1.096258
481.080780 261.061523     12.156250 9.734375 103.402344     -0.678987 -0.734151 0.734151 -0.678987     24.480822 24.480822 1.831934
36.989098 83.871277     15.062500 1.294922 44.278809     -0.207984 -0.978132 0.978132 -0.207984     17.910262 17.910262 1.581268
36.989098 83.871277     46.031250 42.074219 98.847656     -0.207984 -0.978132 0.978132 -0.207984     17.910262 17.910262 4.669014
527.517334 235.316833     40.171875 -34.681641 524.940308     -0.104913 -0.994481 0.994481 -0.104913     15.012285 15.012285 1.109886
491.767853 65.260712     58.671875 56.488281 123.104980     -0.044192 -0.999023 0.999023 -0.044192     17.431457 17.431457 5.436774
464.453827 87.245224     12.531250 6.789062 217.394531     -0.483934 -0.875105 0.875105 -0.483934     21.470319 21.470319 4.720403
478.749512 266.427338     115.563660 215.817749 2373.092773     -0.583546 -0.812080 0.812080 -0.583546     33.731966 33.731966 1.761136
478.749512 266.427338     427.984375 149.944336 231.934021     -0.583546 -0.812080 0.812080 -0.583546     33.731966 33.731966 4.093329
494.989288 36.247162     2518.682617 -811.095215 1964.677246     0.071001 -0.997476 0.997476 0.071001     27.631330 27.631330 1.542486
494.989288 36.247162     98.156250 5.644531 164.581055     0.071001 -0.997476 0.997476 0.071001     27.631330 27.631330 5.083237
404.470581 103.119156     13.750000 2.343750 254.558594     -0.109169 -0.994023 0.994023 -0.109169     42.889005 42.889005 2.964300
463.457336 85.533333     16.363281 -16.171875 93.091797     -0.502287 -0.864701 0.864701 -0.502287     22.883266 22.883266 4.730136
527.657776 240.056732     64.046875 60.835938 138.608887     -0.033085 -0.999453 0.999453 -0.033085     15.786286 15.786286 1.150676
527.657776 240.056732     41.777344 -6.210938 36.802612     -0.033085 -0.999453 0.999453 -0.033085     15.786286 15.786286 1.935820
478.396851 273.030792     84.953125 47.343750 310.250000     -0.310656 -0.950523 0.950523 -0.310656     37.550058 37.550058 1.547148
404.798035 103.989441     15.125000 -2.820312 306.726562     -0.084073 -0.996460 0.996460 -0.084073     44.474940 44.474940 2.931330
527.681702 241.008041     294.718750 19.284180 82.281311     -0.009731 -0.999953 0.999953 -0.009731     16.672601 16.672601 1.123645
527.681702 241.008041     107.109375 4.410156 178.408203     -0.009731 -0.999953 0.999953 -0.009731     16.672601 16.672601 1.909316
139.055161 109.822540     3990.512695 -1184.369629 1974.738037     0.198146 -0.980173 0.980173 0.198146     16.283578 16.283578 4.875609
462.859802 84.425232     21.376953 -22.657227 129.938477     -0.488618 -0.872498 0.872498 -0.488618     24.638248 24.638248 4.725659
239.348785 32.227371     47.238281 -17.757812 139.637695     -0.828184 0.560457 -0.560457 -0.828184     25.693180 25.693180 0.710399
461.861389 126.886139     32.236328 -17.199219 141.248047     -0.852213 0.523196 -0.523196 -0.852213     16.096522 16.096522 0.174812
478.088562 276.402100     67.468750 61.792969 151.727051     -0.197623 -0.980278 0.980278 -0.197623     39.077176 39.077176 1.462929
527.549561 242.647308     13665.216797 -2099.140137 1718.192383     0.009670 -0.999953 0.999953 0.009670     17.485106 17.485106 1.092589
527.549561 242.647308     60.664062 -22.816406 151.236328     0.009670 -0.999953 0.999953 0.009670     17.485106 17.485106 1.873863
404.749237 104.326332     25.179688 -9.292969 91.671875     -0.061503 -0.998107 0.998107 -0.061503     46.513029 46.513029 2.895618
404.749237 104.326332     19.546875 -3.675781 17.325195     -0.061503 -0.998107 0.998107 -0.061503     46.513029 46.513029 4.547065
139.885559 107.389084     91.656250 43.625000 348.031250     0.196426 -0.980519 0.980519 0.196426     18.465396 18.465396 4.866092
248.726318 127.472633     25.601562 -23.368164 139.125977     0.182453 -0.983215 0.983215 0.182453     29.830286 29.830286 4.614522
323.420502 120.809807     26.000000 -7.775879 60.539963     0.052026 -0.998646 0.998646 0.052026     40.496610 40.496610 3.040766
323.420502 120.809807     36.833984 -17.974609 150.249023     0.052026 -0.998646 0.998646 0.052026     40.496610 40.496610 4.562281
179.606598 121.684013     18.931641 -5.078125 140.664062     0.152235 -0.988344 0.988344 0.152235     24.477319 24.477319 4.721098
179.606598 121.684013     140.296875 -11.738281 190.189453     0.152235 -0.988344 0.988344 0.152235     24.477319 24.477319 6.311749
462.550903 84.154251     17.531250 -7.421875 342.187500     -0.467271 -0.884114 0.884114 -0.467271     26.549984 26.549984 0.178133
462.550903 84.154251     27.265625 -8.855469 150.593750     -0.467271 -0.884114 0.884114 -0.467271     26.549984 26.549984 4.720459
248.044556 127.680923     729.703125 630.183594 1012.437744     0.231240 -0.972897 0.972897 0.231240     33.445931 33.445931 4.574476
323.206421 120.806297     120.587341 217.549805 3390.000000     0.075491 -0.997147 0.997147 0.075491     43.310021 43.310021 4.538919
227.972031 277.050690     107.546875 -10.050781 179.404297     0.135861 -0.990728 0.990728 0.135861     22.001882 22.001882 1.613136
461.853333 126.826668     84.988281 -33.542969 166.689453     -0.802896 0.596119 -0.596119 -0.802896     17.192161 17.192161 0.292519
477.481934 277.658081     104.078125 16.265625 393.195312     -0.163279 -0.986580 0.986580 -0.163279     41.350154 41.350154 1.452988
140.272873 107.384148     32.597656 -0.757812 256.640625     0.194031 -0.980995 0.980995 0.194031     20.611560 20.611560 3.209885
140.272873 107.384148     74.609375 62.960938 168.789551     0.194031 -0.980995 0.980995 0.194031     20.611560 20.611560 4.872614
179.817245 121.694252     42.531250 -19.964844 159.044922     0.152874 -0.988246 0.988246 0.152874     26.259898 26.259898 4.722523
179.817245 121.694252     22.246094 17.472656 327.734375     0.152874 -0.988246 0.988246 0.152874     26.259898 26.259898 6.305265
180.947540 265.216400     146.375000 17.156250 130.205078     0.041607 -0.999134 0.999134 0.041607     19.470066 19.470066 1.623285
402.614319 105.323174     39.312500 -22.062500 21.796875     0.218134 -0.975919 0.975919 0.218134     52.800395 52.800395 2.600318
402.614319 105.323174     1162.875000 781.605469 1033.157227     0.218134 -0.975919 0.975919 0.218134     52.800395 52.800395 5.853524
527.631287 243.611115     37.093750 5.843750 314.804688     0.022843 -0.999739 0.999739 0.022843     18.750301 18.750301 1.094204
527.631287 243.611115     67.062500 31.265625 35.109375     0.022843 -0.999739 0.999739 0.022843     18.750301 18.750301 1.871833
228.284775 280.307281     370.314453 62.980469 33.203125     0.071256 -0.997458 0.997458 0.071256     23.223231 23.223231 1.637442
228.422989 282.664062     286.386719 -42.429688 95.765625     0.039681 -0.999212 0.999212 0.039681     24.501053 24.501053 1.644213
181.264832 267.857941     100.656250 -22.500000 172.622070     0.003206 -0.999995 0.999995 0.003206     20.162999 20.162999 1.628014
322.725952 121.045975     306.000000 -34.476562 378.152344     0.135962 -0.990714 0.990714 0.135962     46.366935 46.366935 2.928712
322.725952 121.045975     1399.375000 870.912109 1071.722656     0.135962 -0.990714 0.990714 0.135962     46.366935 46.366935 4.496153
248.632721 127.273453     127.070312 -17.109375 194.099609     0.337012 -0.941500 0.941500 0.337012     38.443145 38.443145 4.479295
248.632721 127.273453     15134.980469 -4737.693848 4768.372070     0.337012 -0.941500 0.941500 0.337012     38.443145 38.443145 5.891546
553.211243 170.994370     42.750000 11.140625 340.882812     -0.873331 0.487128 -0.487128 -0.873331     28.542871 28.542871 1.913048
477.936615 276.524719     25.441406 25.265625 369.867188     -0.055995 -0.998431 0.998431 -0.055995     45.706778 45.706778 1.395875
228.953491 285.602783     535.125000 -436.601562 1152.593750     0.003382 -0.999994 0.999994 0.003382     25.691451 25.691451 1.650775
462.064423 83.954628     29.875000 -7.786621 64.187027     -0.447808 -0.894130 0.894130 -0.447808     29.534742 29.534742 2.985310
462.064423 83.954628     138.222656 3.052734 9.218750     -0.447808 -0.894130 0.894130 -0.447808     29.534742 29.534742 4.717446
140.526749 107.176956     154.531250 -7.492188 208.276367     0.185508 -0.982643 0.982643 0.185508     22.169503 22.169503 3.233442
140.526749 107.176956     6683.167969 66.109375 140.640625     0.185508 -0.982643 0.982643 0.185508     22.169503 22.169503 4.883966
180.101868 121.563408     747.093750 -445.117188 1160.933594     0.164331 -0.986405 0.986405 0.164331     28.176319 28.176319 4.715593
180.101868 121.563408     289.062500 28.796875 176.140625     0.164331 -0.986405 0.986405 0.164331     28.176319 28.176319 6.283140
182.005234 273.497375     22.406250 -3.851562 19.448242     -0.056918 -0.998379 0.998379 -0.056918     20.743965 20.743965 1.623278
558.253662 168.900696     41.406250 -6.093750 36.031250     -0.844479 -0.535588 0.535588 -0.844479     49.156025 49.156025 0.912747
366.088379 467.716278     134.578125 11.687500 405.148438     -0.827330 0.561716 -0.561716 -0.827330     11.749670 11.749670 0.999976
229.702972 288.262543     54.750000 -9.187500 27.312500     -0.021029 -0.999779 0.999779 -0.021029     27.361642 27.361642 1.660535
249.847183 127.768547     2112.656250 1575.414062 4783.325195     0.275785 -0.961219 0.961219 0.275785     43.675679 43.675679 2.858391
249.847183 127.768547     50.023438 18.000000 364.687500     0.275785 -0.961219 0.961219 0.275785     43.675679 43.675679 4.503897
527.732300 244.713821     58.496094 -2.370117 7.337891     0.042581 -0.999093 0.999093 0.042581     20.462299 20.462299 1.042908
527.732300 244.713821     32.558594 -23.248047 159.288086     0.042581 -0.999093 0.999093 0.042581     20.462299 20.462299 1.870810
322.784668 121.125870     72.492188 16.449219 30.712891     0.233823 -0.972279 0.972279 0.233823     49.898423 49.898423 2.806174
322.784668 121.125870     18879.085938 -6027.469727 7238.449707     0.233823 -0.972279 0.972279 0.233823     49.898423 49.898423 4.402467
230.296707 289.406586     29.589844 33.308594 406.242188     -0.037290 -0.999304 0.999304 -0.037290     29.279158 29.279158 1.670020
182.281250 275.078613     595.234375 371.234375 670.273438     -0.072772 -0.997349 0.997349 -0.072772     21.859948 21.859948 1.625814
560.813416 190.190857     82.750000 13.333984 31.697266     0.459694 -0.888078 0.888078 0.459694     79.119140 79.119140 5.413221
55.078430 460.960785     34.199951 -7.591797 52.859375     -0.999720 -0.023644 0.023644 -0.999720     13.609469 13.609469 1.491133
402.236389 105.010620     338.273438 90.343750 53.170898     0.135531 -0.990773 0.990773 0.135531     55.753959 55.753959 2.690215
402.236389 105.010620     49176.226562 3061.445312 28316.007812     0.135531 -0.990773 0.990773 0.135531     55.753959 55.753959 5.964775
461.832672 126.805450     37.390625 -9.832031 23.924805     -0.824160 0.566357 -0.566357 -0.824160     18.445321 18.445321 0.232310
515.785156 387.833771     17.035889 -5.190430 27.476562     -0.837713 0.546111 -0.546111 -0.837713     25.479176 25.479176 1.599768
476.331421 276.974945     14.976562 -10.429688 36.679688     -0.043075 -0.999072 0.999072 -0.043075     52.105689 52.105689 1.358375
180.612411 121.339607     40.000000 3.357422 10.187988     0.191131 -0.981564 0.981564 0.191131     30.558664 30.558664 3.123100
180.612411 121.339607     68.679688 35.429688 407.007812     0.191131 -0.981564 0.981564 0.191131     30.558664 30.558664 4.701515
536.281799 388.084839     19.179199 -3.646484 30.402344     -0.999808 -0.019578 0.019578 -0.999808     32.652439 32.652439 1.650934
595.983398 299.278992     17.718750 0.234375 23.763672     -0.956787 0.290789 -0.290789 -0.956787     22.283051 22.283051 0.785086
595.983398 299.278992     34.554688 36.910156 433.804688     -0.956787 0.290789 -0.290789 -0.956787     22.283051 22.283051 1.566145
547.065002 427.744995     28.937500 -7.406250 47.335938     -0.977451 -0.211161 0.211161 -0.977451     15.517559 15.517559 1.567389
547.065002 427.744995     1411.109375 896.117188 1281.296875     -0.977451 -0.211161 0.211161 -0.977451     15.517559 15.517559 3.141540
262.605713 81.628571     41.984375 -11.070312 26.080078     -0.900734 -0.434371 0.434371 -0.900734     19.473011 19.473011 2.294695
262.605713 81.628571     21.198486 -3.700195 34.164062     -0.900734 -0.434371 0.434371 -0.900734     19.473011 19.473011 5.502244
570.353516 272.646515     65.921875 -19.316406 189.109375     -0.999555 0.029839 -0.029839 -0.999555     16.225635 16.225635 1.096435
570.353516 272.646515     49.101562 7.945312 69.320312     -0.999555 0.029839 -0.029839 -0.999555     16.225635 16.225635 4.205116
230.958847 290.555481     172.429688 -16.089844 224.684570     -0.056925 -0.998378 0.998378 -0.056925     31.499073 31.499073 1.681263
173.564316 74.199173     15.598633 5.542969 36.601562     -0.998933 0.046181 -0.046181 -0.998933     12.098491 12.098491 4.939590
140.740250 107.048782     27.185303 8.322266 56.250000     0.174917 -0.984583 0.984583 0.174917     23.993243 23.993243 3.250663
140.740250 107.048782     62.453125 21.351562 86.054688     0.174917 -0.984583 0.984583 0.174917     23.993243 23.993243 4.886005
461.689789 83.149391     20.041992 8.742188 43.562500     -0.415901 -0.909410 0.909410 -0.415901     31.303143 31.303143 2.919044
461.689789 83.149391     77.843750 25.445312 89.226562     -0.415901 -0.909410 0.909410 -0.415901     31.303143 31.303143 4.699248
472.293335 274.743958     46.531250 -12.589844 29.445312     -0.423584 -0.905857 0.905857 -0.423584     66.594133 66.594133 1.615323
472.293335 274.743958     29.928711 17.191406 46.281250     -0.423584 -0.905857 0.905857 -0.423584     66.594133 66.594133 3.929053
261.162323 82.843689     18.765625 -4.953125 17.000000     -0.944897 -0.327367 0.327367 -0.944897     22.506267 22.506267 2.460315
261.162323 82.843689     81.628906 45.289062 430.210938     -0.944897 -0.327367 0.327367 -0.944897     22.506267 22.506267 5.779592
250.028046 127.629082     48.656250 25.796875 59.015625     0.250118 -0.968215 0.968215 0.250118     46.397504 46.397504 2.909904
250.028046 127.629082     31.240234 12.117188 49.132812     0.250118 -0.968215 0.968215 0.250118     46.397504 46.397504 4.533253
323.742310 121.280907     27.414062 13.507812 36.601562     0.280944 -0.959724 0.959724 0.280944     54.687023 54.687023 2.766170
323.742310 121.280907     35.625000 16.500000 70.078125     0.280944 -0.959724 0.959724 0.280944     54.687023 54.687023 4.343134
182.568161 276.097382     14.703125 13.718750 32.953125     -0.087416 -0.996172 0.996172 -0.087416     23.238019 23.238019 1.624986
466.770264 271.150482     67.632812 18.445312 60.617188     -0.670614 -0.741807 0.741807 -0.670614     72.508442 72.508442 1.794498
466.770264 271.150482     88.664062 22.554688 96.601562     -0.670614 -0.741807 0.741807 -0.670614     72.508442 72.508442 4.157924
260.234985 83.487137     40.674805 16.269531 51.835938     -0.971174 -0.238371 0.238371 -0.971174     23.991581 23.991581 1.654625
260.234985 83.487137     44.937500 -1.828125 34.218750     -0.971174 -0.238371 0.238371 -0.971174     23.991581 23.991581 2.653710
231.689270 291.376282     42.367188 13.871094 63.929688     -0.078181 -0.996939 0.996939 -0.078181     33.556832 33.556832 1.692644
62.857143 367.125916     57.296875 19.367188 32.468750     0.334926 -0.942245 0.942245 0.334926     25.256752 25.256752 1.569670
62.857143 367.125916     33.935791 12.674805 68.894531     0.334926 -0.942245 0.942245 0.334926     25.256752 25.256752 4.672656
462.045135 126.576385     33.424805 18.597656 43.843750     -0.827686 0.561192 -0.561192 -0.827686     19.484954 19.484954 0.222788
249.962341 80.822815     34.511719 18.878906 52.367188     -0.960379 -0.278698 0.278698 -0.960379     23.362549 23.362549 1.482866
181.089600 121.322060     27.718750 7.093750 60.857422     0.185637 -0.982618 0.982618 0.185637     32.991419 32.991419 3.140737
181.089600 121.322060     56.398438 27.421875 65.820312     0.185637 -0.982618 0.982618 0.185637     32.991419 32.991419 4.700763
460.987457 269.082336     66.281250 12.343750 55.015625     -0.729925 -0.683528 0.683528 -0.729925     81.257346 81.257346 1.400107
460.987457 269.082336     65.140625 23.937500 46.375000     -0.729925 -0.683528 0.683528 -0.729925     81.257346 81.257346 1.851365
48.639271 207.337906     73.992188 19.734375 67.179688     0.447727 -0.894170 0.894170 0.447727     15.183329 15.183329 1.631523
48.639271 207.337906     99.609375 16.750000 80.265625     0.447727 -0.894170 0.894170 0.447727     15.183329 15.183329 4.951634
281.411469 269.488037     33.796875 20.375000 114.160156     0.469205 -0.883089 0.883089 0.469205     13.149726 13.149726 5.083853
463.484253 126.034386     96.562500 20.914062 106.875000     -0.884594 0.466363 -0.466363 -0.884594     19.481051 19.481051 4.703103
463.484253 126.034386     51.593750 -15.109375 36.071289     -0.884594 0.466363 -0.466363 -0.884594     19.481051 19.481051 6.374393
49.080769 207.742310     79.851562 29.015625 108.101562     0.381356 -0.924428 0.924428 0.381356     17.367127 17.367127 1.954682
49.080769 207.742310     47.560547 14.771484 70.566406     0.381356 -0.924428 0.924428 0.381356     17.367127 17.367127 3.525530
281.735413 270.630341     90.500000 23.125000 63.671875     0.373509 -0.927627 0.927627 0.373509     14.772789 14.772789 5.130161
293.336487 79.379150     38.609375 35.906250 178.761719     -0.993871 -0.110545 0.110545 -0.993871     14.097685 14.097685 1.767318
293.336487 79.379150     40.793945 22.917969 51.015625     -0.993871 -0.110545 0.110545 -0.993871     14.097685 14.097685 4.646388
232.372772 292.243774     38.730957 19.945312 58.398438     -0.103045 -0.994677 0.994677 -0.103045     36.282759 36.282759 1.714166
49.420338 207.932205     96.175781 55.625000 447.718750     0.284153 -0.958779 0.958779 0.284153     19.144046 19.144046 3.556970
473.033478 144.846893     50.208008 18.777344 59.812500     -0.038685 -0.999251 0.999251 -0.038685     18.937290 18.937290 1.468366
473.033478 144.846893     63.210938 29.476562 72.460938     -0.038685 -0.999251 0.999251 -0.038685     18.937290 18.937290 4.334941
182.744308 276.728363     71.757812 25.976562 54.968750     -0.091289 -0.995824 0.995824 -0.091289     25.123974 25.123974 1.627495
284.197662 272.546509     83.554688 32.890625 129.156250     0.332469 -0.943114 0.943114 0.332469     23.089268 23.089268 1.950504
284.197662 272.546509     14.099609 9.650391 46.755859     0.332469 -0.943114 0.943114 0.332469     23.089268 23.089268 5.258940
455.772125 268.722687     103.257812 17.007812 116.468750     -0.732203 -0.681087 0.681087 -0.732203     95.219236 95.219236 1.238165
455.772125 268.722687     112.734375 16.265625 90.718750     -0.732203 -0.681087 0.681087 -0.732203     95.219236 95.219236 4.215754
463.770020 125.692505     43.750000 33.984375 178.720703     -0.889779 0.456393 -0.456393 -0.889779     20.325759 20.325759 4.690170
463.770020 125.692505     57.921875 -18.113281 42.242188     -0.889779 0.456393 -0.456393 -0.889779     20.325759 20.325759 6.353365
49.513596 208.305130     100.578125 24.171875 71.281250     0.256429 -0.966563 0.966563 0.256429     20.233406 20.233406 3.585881
250.094742 127.429970     60.298828 57.439453 111.074219     0.239825 -0.970816 0.970816 0.239825     49.055583 49.055583 2.919676
250.094742 127.429970     45.090820 24.664062 55.992188     0.239825 -0.970816 0.970816 0.239825     49.055583 49.055583 4.547609
49.944443 209.105820     85.187500 20.796875 77.289062     0.004097 -0.999992 0.999992 0.004097     22.035424 22.035424 3.846015
181.542984 121.613121     90.242188 35.671875 147.398438     0.151364 -0.988478 0.988478 0.151364     35.707433 35.707433 3.193746
181.542984 121.613121     52.459961 16.615234 79.886719     0.151364 -0.988478 0.988478 0.151364     35.707433 35.707433 4.709014
287.311005 276.020935     68.970703 64.035156 128.095703     -0.326930 -0.945049 0.945049 -0.326930     30.637355 30.637355 0.905943
472.970337 144.601700     103.735352 220.552734 695.882812     0.210653 -0.977561 0.977561 0.210653     19.198722 19.198722 1.258817
472.970337 144.601700     13.515625 16.640625 41.582031     0.210653 -0.977561 0.977561 0.210653     19.198722 19.198722 4.121797
94.229164 232.195831     78.406250 27.328125 62.000000     -0.673300 -0.739369 0.739369 -0.673300     13.048903 13.048903 4.558449
323.843811 121.199493     69.515625 30.312500 79.570312     0.272496 -0.962157 0.962157 0.272496     58.304586 58.304586 2.781523
323.843811 121.199493     56.855469 19.472656 66.070312     0.272496 -0.962157 0.962157 0.272496     58.304586 58.304586 4.339695
119.450706 281.063385     79.318359 72.570312 150.703125     -0.240451 -0.970661 0.970661 -0.240451     16.972538 16.972538 1.988453
50.833332 211.023209     46.097656 46.816406 490.171875     -0.257121 -0.966379 0.966379 -0.257121     22.486961 22.486961 4.178510
288.878693 277.541962     14.187500 18.019531 47.195312     -0.508072 -0.861314 0.861314 -0.508072     31.774671 31.774671 1.133990
120.381088 281.908295     113.523438 16.398438 130.109375     -0.314207 -0.949354 0.949354 -0.314207     18.634889 18.634889 2.099071
353.143921 269.013855     113.750000 33.039062 176.414062     -0.625189 -0.780474 0.780474 -0.625189     34.111397 34.111397 1.527979
353.143921 269.013855     125.125000 16.125000 102.265625     -0.625189 -0.780474 0.780474 -0.625189     34.111397 34.111397 3.884899
51.079849 211.621674     93.531250 85.109375 187.691406     -0.300200 -0.953876 0.953876 -0.300200     23.360358 23.360358 4.253570
474.290558 149.312347     110.562500 25.312500 80.046875     -0.193258 -0.981148 0.981148 -0.193258     21.539601 21.539601 1.633585
474.290558 149.312347     16.187500 21.660156 55.544922     -0.193258 -0.981148 0.981148 -0.193258     21.539601 21.539601 4.530130
96.391151 227.748672     111.171875 7.367188 316.859375     -0.435180 -0.900343 0.900343 -0.435180     25.548213 25.548213 3.954845
96.391151 227.748672     114.632812 66.445312 466.195312     -0.435180 -0.900343 0.900343 -0.435180     25.548213 25.548213 5.915272
463.958221 125.642693     56.874023 19.324219 94.832031     -0.883599 0.468244 -0.468244 -0.883599     21.474763 21.474763 4.701151
463.958221 125.642693     94.703125 22.960938 86.679688     -0.883599 0.468244 -0.468244 -0.883599     21.474763 21.474763 6.372587
87.564903 262.052887     101.824219 202.673828 659.625000     -0.534088 -0.845429 0.845429 -0.534088     19.650261 19.650261 0.809765
381.099487 373.597015     84.953125 27.156250 69.140625     -0.766638 0.642079 -0.642079 -0.766638     16.132126 16.132126 4.295358
233.238266 293.061035     76.796875 32.335938 87.593750     -0.126771 -0.991932 0.991932 -0.126771     39.189004 39.189004 1.736663
396.495453 325.590912     63.773438 20.867188 71.890625     -0.294315 -0.955708 0.955708 -0.294315     19.717794 19.717794 1.602168
284.125427 335.259308     208.777344 185.738281 1012.781250     -0.633696 -0.773582 0.773582 -0.633696     23.608577 23.608577 0.463997
284.125427 335.259308     121.765625 27.031250 89.406250     -0.633696 -0.773582 0.773582 -0.633696     23.608577 23.608577 2.205535
122.190987 282.648071     139.671875 16.625000 115.343750     -0.450574 -0.892739 0.892739 -0.450574     22.555989 22.555989 2.344160
103.435394 314.800568     570.074219 446.882812 696.195312     -0.582249 -0.813010 0.813010 -0.582249     18.953626 18.953626 1.180889
103.435394 314.800568     107.890625 31.109375 102.125000     -0.582249 -0.813010 0.813010 -0.582249     18.953626 18.953626 3.146618
398.351807 326.036407     187.671875 2.734375 117.367188     -0.372712 -0.927947 0.927947 -0.372712     24.232301 24.232301 1.725126
439.824646 281.540283     158.085938 109.234375 203.390625     -0.472322 -0.881426 0.881426 -0.472322     12.201380 12.201380 2.014178
439.824646 281.540283     56.214844 31.136719 546.578125     -0.472322 -0.881426 0.881426 -0.472322     12.201380 12.201380 6.018902
346.074738 323.921387     87.515625 6.582031 11.527344     -0.770333 -0.637642 0.637642 -0.770333     30.303784 30.303784 0.499497
346.074738 323.921387     101.371094 2.515625 19.300781     -0.770333 -0.637642 0.637642 -0.770333     30.303784 30.303784 2.265676
352.837219 269.445587     9.187500 15.812500 110.898438     -0.642923 -0.765930 0.765930 -0.642923     37.577456 37.577456 3.844775
123.276955 283.163574     42.421875 17.367188 120.749023     -0.581184 -0.813772 0.813772 -0.581184     24.256361 24.256361 0.670357
123.276955 283.163574     906.101562 -49.234375 42.355469     -0.581184 -0.813772 0.813772 -0.581184     24.256361 24.256361 2.519578
384.412506 377.035431     53.718750 -91.031250 171.742188     -0.986522 0.163627 -0.163627 -0.986522     26.206670 26.206670 3.937114
289.260529 277.887787     47.296875 20.218750 133.843750     -0.552587 -0.833456 0.833456 -0.552587     33.687815 33.687815 1.172776
400.267761 325.924866     2111.234375 -705.210938 427.480469     -0.397162 -0.917748 0.917748 -0.397162     29.611246 29.611246 1.883236
96.396164 227.607025     27.792969 3.128906 24.453125     -0.439500 -0.898242 0.898242 -0.439500     26.842117 26.842117 3.963813
330.677887 379.970520     7.125000 0.348145 40.176170     -0.877394 -0.479770 0.479770 -0.877394     21.048522 21.048522 2.129526
330.677887 379.970520     27.976562 22.628906 88.695312     -0.877394 -0.479770 0.479770 -0.877394     21.048522 21.048522 4.161815
51.302925 211.876068     2321.812500 -757.640625 464.562500     -0.308577 -0.951199 0.951199 -0.308577     24.575102 24.575102 4.235975
104.239807 315.757782     53.226562 20.464844 146.908203     -0.604263 -0.796785 0.796785 -0.604263     19.779931 19.779931 1.190468
104.239807 315.757782     32.308594 36.578125 286.570312     -0.604263 -0.796785 0.796785 -0.604263     19.779931 19.779931 3.175727
87.537498 262.004181     12.531250 -4.506348 41.170555     -0.535022 -0.844838 0.844838 -0.535022     21.371933 21.371933 0.635478
182.886902 277.120636     52.726562 -12.609375 11.548828     -0.095793 -0.995401 0.995401 -0.095793     26.891012 26.891012 1.626928
474.594543 149.432770     37.085938 -4.142578 99.568359     -0.200881 -0.979616 0.979616 -0.200881     23.061829 23.061829 4.500233
284.150574 335.276306     2605.507812 -784.195312 488.644531     -0.644471 -0.764629 0.764629 -0.644471     25.962225 25.962225 0.457126
284.150574 335.276306     41.515625 5.480469 36.421875     -0.644471 -0.764629 0.764629 -0.644471     25.962225 25.962225 4.281104
387.162842 379.858673     56.394531 46.214844 45.632812     -0.841174 -0.540765 0.540765 -0.841174     30.876760 30.876760 1.370423
387.162842 379.858673     35.531250 28.562500 440.000000     -0.841174 -0.540765 0.540765 -0.841174     30.876760 30.876760 2.167687
330.954834 381.640320     59.265625 -31.753906 56.082031     -0.826117 -0.563499 0.563499 -0.826117     24.666853 24.666853 2.098633
330.954834 381.640320     41.078125 6.250000 66.895508     -0.826117 -0.563499 0.563499 -0.826117     24.666853 24.666853 4.072422
345.980133 323.892517     65.332031 52.845703 51.705078     -0.764882 -0.644170 0.644170 -0.764882     31.997422 31.997422 2.151990
345.980133 323.892517     14.312500 -5.268555 41.369049     -0.764882 -0.644170 0.644170 -0.764882     31.997422 31.997422 5.323596
404.663971 326.233063     60.062500 -38.179688 71.099609     -0.866039 -0.499976 0.499976 -0.866039     37.809544 37.809544 0.764710
404.663971 326.233063     59.062500 16.292969 168.983398     -0.866039 -0.499976 0.499976 -0.866039     37.809544 37.809544 4.302133
475.952301 154.129654     76.951172 58.148438 54.525391     -0.232497 -0.972597 0.972597 -0.232497     24.202416 24.202416 4.552975
352.390961 269.818939     64.441406 -10.462891 141.543945     -0.616694 -0.787203 0.787203 -0.616694     40.294087 40.294087 3.768621
464.294342 125.512100     75.378906 -23.507812 22.757812     -0.853497 0.521098 -0.521098 -0.853497     23.316059 23.316059 0.200468
464.294342 125.512100     2742.054688 -783.781250 500.886719     -0.853497 0.521098 -0.521098 -0.853497     23.316059 23.316059 1.911219
289.358948 277.735077     28.000000 -16.187500 58.074219     -0.530237 -0.847850 0.847850 -0.530237     35.348779 35.348779 1.138803
96.405716 227.547150     24.978516 109.187500 708.265625     -0.439086 -0.898445 0.898445 -0.439086     28.581715 28.581715 3.957813
388.970459 381.002197     113.191406 -32.589844 26.312500     -0.866534 -0.499118 0.499118 -0.866534     31.931619 31.931619 2.072471
477.116058 157.901520     64.273438 -42.476562 82.728516     -0.234549 -0.972104 0.972104 -0.234549     24.625290 24.625290 4.632520
104.591461 316.174805     99.322266 80.470703 78.746094     -0.625436 -0.780275 0.780275 -0.625436     21.309226 21.309226 1.242614
104.591461 316.174805     135.966797 -36.480469 28.234375     -0.625436 -0.780275 0.780275 -0.625436     21.309226 21.309226 3.307002
87.636032 262.163605     63.578125 -43.566406 91.265625     -0.528106 -0.849179 0.849179 -0.528106     23.089402 23.089402 0.774168
87.636032 262.163605     44.796875 21.976562 144.971680     -0.528106 -0.849179 0.849179 -0.528106     23.089402 23.089402 6.004391
234.021469 293.632935     31.453125 -53.468750 251.593750     -0.152646 -0.988281 0.988281 -0.152646     42.113884 42.113884 1.756004
123.762794 283.406189     40.757812 35.250000 499.773438     -0.613281 -0.789865 0.789865 -0.613281     26.860347 26.860347 2.575878
123.762794 283.406189     16.125000 -4.020996 39.498634     -0.613281 -0.789865 0.789865 -0.613281     26.860347 26.860347 4.201854
284.167114 335.259796     160.052734 -39.328125 30.039062     -0.649997 -0.759937 0.759937 -0.649997     27.739403 27.739403 0.465915
284.167114 335.259796     2830.554688 -765.390625 510.402344     -0.649997 -0.759937 0.759937 -0.649997     27.739403 27.739403 4.254511
330.961121 382.048615     32.500000 -54.640625 267.257812     -0.808548 -0.588430 0.588430 -0.808548     27.023995 27.023995 2.123156
330.961121 382.048615     71.671875 -10.761719 156.789062     -0.808548 -0.588430 0.588430 -0.808548     27.023995 27.023995 4.021293
289.110748 276.703857     65.375000 10.546875 187.080078     -0.463831 -0.885924 0.885924 -0.463831     36.650729 36.650729 1.100308
136.303802 150.067505     114.648438 95.808594 96.546875     -0.263741 -0.964594 0.964594 -0.263741     15.234332 15.234332 5.301269
352.217499 270.141083     40.814453 126.324219 1011.335938     -0.564786 -0.825237 0.825237 -0.564786     43.072732 43.072732 3.593357
352.217499 270.141083     34.250000 -59.609375 299.000000     -0.564786 -0.825237 0.825237 -0.564786     43.072732 43.072732 5.648269
404.928406 326.066833     45.003906 124.015625 1082.835938     -0.883309 -0.468791 0.468791 -0.883309     40.770654 40.770654 0.771197
404.928406 326.066833     360.265625 -271.460938 751.890625     -0.883309 -0.468791 0.468791 -0.883309     40.770654 40.770654 4.786279
477.532928 157.871475     2533.648438 -645.261719 593.960938     -0.231145 -0.972919 0.972919 -0.231145     26.878238 26.878238 4.615596
464.147675 125.631676     17.996094 22.933594 56.121094     -0.835827 0.548993 -0.548993 -0.835827     24.788795 24.788795 0.248624
464.147675 125.631676     814.355469 267.105469 1184.445312     -0.835827 0.548993 -0.548993 -0.835827     24.788795 24.788795 1.901559
389.249512 381.136993     24.394531 7.398438 53.125000     -0.871284 -0.490779 0.490779 -0.871284     34.172054 34.172054 2.100391
143.904419 156.851471     2590.882812 -653.882812 630.093750     -0.545773 -0.837933 0.837933 -0.545773     21.527991 21.527991 4.282599
104.636696 316.256866     37.875000 -62.531250 335.750000     -0.626183 -0.779676 0.779676 -0.626183     22.626691 22.626691 1.206619
104.636696 316.256866     309.140625 -16.128906 280.410156     -0.626183 -0.779676 0.779676 -0.626183     22.626691 22.626691 3.275212
346.085693 323.918335     938.628906 370.269531 1285.570312     -0.770247 -0.637746 0.637746 -0.770247     34.877107 34.877107 5.376787
346.085693 323.918335     61.500000 -8.218750 188.279297     -0.770247 -0.637746 0.637746 -0.770247     34.877107 34.877107 6.383389
288.827728 276.011200     70.359375 2.265625 200.325195     -0.432876 -0.901454 0.901454 -0.432876     38.477667 38.477667 1.076436
96.611748 227.708817     48.656250 24.218750 164.291016     -0.426296 -0.904584 0.904584 -0.426296     30.062503 30.062503 3.941577
145.039215 157.295349     307.380859 379.904297 517.671875     -0.538911 -0.842363 0.842363 -0.538911     23.813239 23.813239 4.278233
96.121506 288.134766     33.132812 -9.656250 81.406250     -0.314683 -0.949197 0.949197 -0.314683     24.899480 24.899480 1.697367
409.490204 152.348038     18.574219 -14.675781 113.692383     -0.421501 -0.906828 0.906828 -0.421501     10.819608 10.819608 4.799424
330.923279 382.127472     40.375000 -63.375000 350.296875     -0.802340 -0.596867 0.596867 -0.802340     29.048669 29.048669 2.144364
330.923279 382.127472     60.218750 11.039551 38.219803     -0.802340 -0.596867 0.596867 -0.802340     29.048669 29.048669 3.992469
284.283386 335.372375     78.285156 -14.857422 181.613281     -0.646678 -0.762763 0.762763 -0.646678     29.787282 29.787282 0.426824
123.836761 283.441711     78.125000 56.468750 249.476562     -0.620382 -0.784300 0.784300 -0.620382     28.972654 28.972654 2.668895
123.836761 283.441711     7470.593750 -2296.449219 2733.968750     -0.620382 -0.784300 0.784300 -0.620382     28.972654 28.972654 4.129387
146.107437 157.921494     33.208252 5.982422 96.585938     -0.528517 -0.848923 0.848923 -0.528517     26.292489 26.292489 4.254070
182.985764 277.469055     60.492188 54.062500 119.296875     -0.103716 -0.994607 0.994607 -0.103716     28.889761 28.889761 1.629816
409.240173 151.903931     8417.937500 -2881.578125 3239.187500     -0.402856 -0.915263 0.915263 -0.402856     11.255521 11.255521 4.789631
352.287048 270.158081     212.210938 -34.640625 420.742188     -0.523789 -0.851848 0.851848 -0.523789     45.767517 45.767517 3.581079
352.287048 270.158081     21.050781 -16.355469 133.998047     -0.523789 -0.851848 0.851848 -0.523789     45.767517 45.767517 5.553267
287.627411 274.383179     55.260986 6.780273 164.765625     -0.394897 -0.918726 0.918726 -0.394897     44.898364 44.898364 0.998704
405.158386 326.151276     196.734375 106.335938 165.234375     -0.888336 -0.459195 0.459195 -0.888336     43.612954 43.612954 0.771110
405.158386 326.151276     96.332520 92.689453 368.992188     -0.888336 -0.459195 0.459195 -0.888336     43.612954 43.612954 4.713521
147.647308 158.841156     138.593750 -30.000000 174.125000     -0.507913 -0.861408 0.861408 -0.507913     29.627666 29.627666 4.224037
389.400696 381.219696     68.812500 5.776367 38.032433     -0.870702 -0.491811 0.491811 -0.870702     36.488662 36.488662 2.116073
409.050201 151.343628     8830.210938 -2480.218750 3469.789062     -0.404696 -0.914451 0.914451 -0.404696     11.562162 11.562162 4.786426
288.065460 269.483765     42.593750 -60.062500 375.632812     -0.035749 -0.999361 0.999361 -0.035749     47.390863 47.390863 0.780480
235.090103 294.246460     612.703125 331.812500 1112.539062     -0.179717 -0.983718 0.983718 -0.179717     45.557648 45.557648 1.775835
96.721275 228.104660     266.671875 102.085938 220.781250     -0.386843 -0.922146 0.922146 -0.386843     31.425166 31.425166 3.923384
346.138977 323.950348     52.140625 27.523438 187.637695     -0.765543 -0.643385 0.643385 -0.765543     36.939119 36.939119 5.352735
346.138977 323.950348     23.094238 -3.045898 54.753906     -0.765543 -0.643385 0.643385 -0.765543     36.939119 36.939119 6.328881
96.501564 287.535339     164.949219 205.035156 623.781250     -0.309063 -0.951042 0.951042 -0.309063     26.985283 26.985283 1.717800
330.900330 382.349945     71.781250 3.877441 38.474365     -0.799854 -0.600194 0.600194 -0.799854     31.423768 31.423768 2.198087
330.900330 382.349945     36.890625 52.332031 85.412598     -0.799854 -0.600194 0.600194 -0.799854     31.423768 31.423768 3.944868
284.257385 335.393463     23.320312 -21.769531 166.274414     -0.646270 -0.763109 0.763109 -0.646270     31.632101 31.632101 0.439135
123.658417 283.449249     2120.640625 210.671875 1649.687500     -0.636035 -0.771660 0.771660 -0.636035     30.710255 30.710255 2.655085
123.658417 283.449249     12166.171875 -2997.097656 3595.957031     -0.636035 -0.771660 0.771660 -0.636035     30.710255 30.710255 4.216107
103.108360 270.541504     45.593750 -56.859375 404.125000     -0.214723 -0.976675 0.976675 -0.214723     58.316713 58.316713 1.758610
103.108360 270.541504     12976.257812 136.437500 5428.871094     -0.214723 -0.976675 0.976675 -0.214723     58.316713 58.316713 4.676918
389.553711 381.191956     39.609375 58.171875 99.461914     -0.869938 -0.493161 0.493161 -0.869938     38.732019 38.732019 2.096930
405.263763 326.171417     5.906250 0.195312 74.816406     -0.891766 -0.452498 0.452498 -0.891766     46.528332 46.528332 0.843314
405.263763 326.171417     9.796875 18.734375 108.089844     -0.891766 -0.452498 0.452498 -0.891766     46.528332 46.528332 2.687652
248.699890 305.514679     38.843750 -2.933594 35.210114     -0.655848 -0.754893 0.754893 -0.655848     60.679056 60.679056 4.241975
346.645935 324.421844     7.312500 2.562500 98.644531     -0.739010 -0.673694 0.673694 -0.739010     38.648989 38.648989 0.508430
346.645935 324.421844     14250.015625 -5.523438 5641.562500     -0.739010 -0.673694 0.673694 -0.739010     38.648989 38.648989 5.290569
407.136780 325.590820     14.937500 30.640625 154.656250     -0.999247 -0.038805 0.038805 -0.999247     48.729203 48.729203 1.293416
350.048157 329.089783     76.750000 0.014648 41.984390     -0.631247 -0.775582 0.775582 -0.631247     37.428499 37.428499 5.037244
182.735489 279.097473     42.468750 64.425781 116.447266     -0.063117 -0.998006 0.998006 -0.063117     33.143243 33.143243 1.617933
250.960785 204.384308     56.531250 -0.322266 38.519867     -0.996324 -0.085663 0.085663 -0.996324     14.898622 14.898622 4.925164
250.874008 202.874008     10.625000 8.789062 116.703125     -0.999531 -0.030609 0.030609 -0.999531     19.730201 19.730201 5.129676
204.053284 198.118851     85.281250 2.923828 48.660828     -0.150157 -0.988662 0.988662 -0.150157     11.722404 11.722404 1.503039
204.053284 198.118851     11.718750 11.156250 128.644531     -0.150157 -0.988662 0.988662 -0.150157     11.722404 11.722404 4.773417
361.551727 118.078819     97.875000 1.151367 50.561218     -0.207186 -0.978302 0.978302 -0.207186     28.010042 28.010042 3.450418
354.242035 194.810303     15030.023438 -448.812500 5815.914062     -0.998390 0.056725 -0.056725 -0.998390     28.302861 28.302861 1.290748
354.242035 194.810303     13.343750 12.929688 139.562500     -0.998390 0.056725 -0.056725 -0.998390     28.302861 28.302861 4.142289
268.074829 241.901367     72.664062 -12.054688 6.097656     0.477514 -0.878624 0.878624 0.477514     9.271657 9.271657 1.753487
361.734955 118.772179     169.375000 -1.425781 58.666504     -0.216810 -0.976214 0.976214 -0.216810     29.441981 29.441981 3.470567
338.832764 204.736252     14.718750 14.937500 157.761719     -0.939837 0.341624 -0.341624 -0.939837     58.869394 58.869394 1.496689
338.832764 204.736252     191.968750 1.687500 63.378540     -0.939837 0.341624 -0.341624 -0.939837     58.869394 58.869394 4.181966
202.548523 272.978912     90.437500 -0.672363 43.793571     -0.857568 -0.514371 0.514371 -0.857568     21.381584 21.381584 4.297234
205.239334 302.142853     17.687500 18.343750 178.398438     -0.314818 -0.949152 0.949152 -0.314818     20.360164 20.360164 0.265044
205.239334 302.142853     149.718750 -0.245605 44.565567     -0.314818 -0.949152 0.949152 -0.314818     20.360164 20.360164 3.503789
337.720001 205.942581     218.187500 -30.416992 114.975464     -0.942028 0.335535 -0.335535 -0.942028     62.791301 62.791301 1.524567
337.720001 205.942581     206.250000 -8.508301 45.253433     -0.942028 0.335535 -0.335535 -0.942028     62.791301 62.791301 4.179687
361.993164 119.151367     15972.375000 -342.195312 7096.906250     -0.204501 -0.978866 0.978866 -0.204501     31.484285 31.484285 3.442417
204.615173 291.124176     43.921875 15.933594 14.301270     -0.139619 -0.990205 0.990205 -0.139619     23.448013 23.448013 1.683418
204.615173 291.124176     272.312500 9.486328 55.026688     -0.139619 -0.990205 0.990205 -0.139619     23.448013 23.448013 3.927646
287.509247 146.157410     234.968750 -40.955078 124.823639     -0.962491 0.271313 -0.271313 -0.962491     12.723482 12.723482 1.655275
209.374313 130.153320     283.625000 71.359375 128.745605     0.065868 -0.997828 0.997828 0.065868     27.302981 27.302981 3.325258
336.821136 207.027802     16292.085938 -348.890625 7728.496094     -0.949604 0.313453 -0.313453 -0.949604     68.214887 68.214887 1.498645
336.821136 207.027802     30.609375 2.152344 39.048828     -0.949604 0.313453 -0.313453 -0.949604     68.214887 68.214887 4.129271
438.268463 95.809845     267.718750 100.019531 200.946381     -0.843040 -0.537850 0.537850 -0.843040     25.821295 25.821295 0.691890
438.268463 95.809845     31.812500 0.385742 21.040771     -0.843040 -0.537850 0.537850 -0.843040     25.821295 25.821295 3.972005
131.943130 171.791473     26.824219 0.095703 19.441406     -0.746877 -0.664962 0.664962 -0.746877     9.531752 9.531752 4.722704
205.088959 285.392395     61.932007 277.982422 1253.034180     -0.070096 -0.997540 0.997540 -0.070096     26.055040 26.055040 1.650603
288.270355 143.814819     242.062500 123.394531 320.094604     -0.724592 0.689178 -0.689178 -0.724592     22.892597 22.892597 2.035904
438.224152 97.582756     119.492004 539.795654 2444.076172     -0.223547 -0.974693 0.974693 -0.223547     28.333810 28.333810 3.116433
131.537186 171.628098     40.687500 -0.478516 32.625244     -0.750957 -0.660351 0.660351 -0.750957     10.296474 10.296474 4.701667
288.923065 142.544876     16378.570312 -445.992188 8997.492188     0.654578 -0.755994 0.755994 0.654578     23.384677 23.384677 5.232826
362.478821 118.902336     52.384186 -39.791260 97.343750     -0.143600 -0.989636 0.989636 -0.143600     33.884232 33.884232 3.335380
130.989441 171.285217     137.244507 619.983154 2807.615234     -0.771150 -0.636654 0.636654 -0.771150     11.489204 11.489204 4.664208
212.260788 127.968910     43.835938 -0.152344 41.903809     0.132122 -0.991234 0.991234 0.132122     35.730909 35.730909 3.202149
212.260788 127.968910     44.275635 0.855469 14.968750     0.132122 -0.991234 0.991234 0.132122     35.730909 35.730909 6.210413
174.151428 325.011414     227.625000 123.320312 402.367615     -0.934267 0.356575 -0.356575 -0.934267     16.708128 16.708128 1.276082
334.889343 207.091415     72.406250 -55.375000 423.421875     -0.953794 0.300460 -0.300460 -0.953794     71.715855 71.715855 1.497156
334.889343 207.091415     74.437500 12.890625 10.617188     -0.953794 0.300460 -0.300460 -0.953794     71.715855 71.715855 4.107679
510.717682 253.137207     139.130981 627.073486 2835.125977     0.399629 -0.916677 0.916677 0.399629     20.593584 20.593584 5.308498
163.712738 263.831970     177.531250 -95.937500 341.343750     -0.154052 -0.988063 0.988063 -0.154052     12.691895 12.691895 4.982686
173.195755 325.733490     50.812500 -5.250000 11.859375     -0.948659 0.316299 -0.316299 -0.948659     17.685907 17.685907 1.300474
173.195755 325.733490     253.937500 101.582031 476.533569     -0.948659 0.316299 -0.316299 -0.948659     17.685907 17.685907 4.719273
288.645172 141.932800     19126.554688 -2049.359375 10642.687500     0.627580 -0.778552 0.778552 0.627580     24.661347 24.661347 5.269765
131.757141 172.288574     111.281250 -36.750000 377.109375     -0.750605 -0.660751 0.660751 -0.750605     12.654911 12.654911 4.657493
172.791412 326.300629     43.593750 -8.984375 72.375000     -0.956030 0.293269 -0.293269 -0.956030     18.577829 18.577829 1.317907
172.791412 326.300629     43.843750 5.265625 8.281250     -0.956030 0.293269 -0.293269 -0.956030     18.577829 18.577829 4.710441
288.689911 141.266830     372.000000 -199.437500 757.140625     0.590406 -0.807106 0.807106 0.590406     25.339773 25.339773 5.303725
437.317108 94.711037     20.875000 -6.873047 43.062500     -0.205266 -0.978706 0.978706 -0.205266     28.527191 28.527191 3.061715
437.317108 94.711037     33.875000 -8.359375 62.089844     -0.205266 -0.978706 0.978706 -0.205266     28.527191 28.527191 5.890867
508.990753 262.394440     34.031250 2.671875 17.546875     0.224178 -0.974548 0.974548 0.224178     19.694164 19.694164 5.127153
205.578751 285.816895     74.031250 -13.593750 16.406250     -0.076126 -0.997098 0.997098 -0.076126     27.764152 27.764152 1.652674
172.848923 326.755402     219.437500 63.726562 144.597656     -0.963225 0.268695 -0.268695 -0.963225     19.650287 19.650287 1.399761
172.848923 326.755402     255.687500 -10.623047 146.533936     -0.963225 0.268695 -0.268695 -0.963225     19.650287 19.650287 4.698838
329.459259 206.956100     313.218750 36.252930 166.536835     -0.957783 0.287493 -0.287493 -0.957783     75.387901 75.387901 1.509359
329.459259 206.956100     66.765625 -2.437500 19.171875     -0.957783 0.287493 -0.287493 -0.957783     75.387901 75.387901 4.091209
508.939240 263.158844     137.731201 620.030762 2806.109375     0.216118 -0.976367 0.976367 0.216118     20.327519 20.327519 5.137897
212.561966 128.164459     40.183594 10.335938 19.515625     0.123522 -0.992342 0.992342 0.123522     37.738962 37.738962 3.222592
212.561966 128.164459     28.887211 -1.232788 65.292969     0.123522 -0.992342 0.992342 0.123522     37.738962 37.738962 6.220342
362.938904 118.575409     92.695312 -6.615295 4.787630     -0.085702 -0.996321 0.996321 -0.085702     36.131323 36.131323 3.238207
131.406387 171.664383     107.898438 -7.057007 4.888816     -0.739611 -0.673035 0.673035 -0.739611     13.769199 13.769199 4.652974
161.347137 267.750275     394.265625 -14.090515 4.641040     -0.126991 -0.991904 0.991904 -0.126991     22.338072 22.338072 1.587911
161.347137 267.750275     26.085938 -8.635742 97.062988     -0.126991 -0.991904 0.991904 -0.126991     22.338072 22.338072 5.069870
508.773529 264.204193     403.093750 -4.932434 4.821875     0.209980 -0.977706 0.977706 0.209980     20.840298 20.840298 5.145036
160.372177 268.736237     568.093750 -0.843384 5.665348     -0.117026 -0.993129 0.993129 -0.117026     24.807387 24.807387 1.588334
195.694229 299.760529     1.437500 -2.436523 226.685120     0.455514 -0.890229 0.890229 0.455514     66.952372 66.952372 1.377114
195.694229 299.760529     94.652344 -24.862671 15.086416     0.455514 -0.890229 0.890229 0.455514     66.952372 66.952372 2.276398
327.945343 201.518158     20.187500 -4.359375 28.921875     -0.957227 0.289339 -0.289339 -0.957227     89.878261 89.878261 1.585701
327.945343 201.518158     69.281250 -18.843750 24.453125     -0.957227 0.289339 -0.289339 -0.957227     89.878261 89.878261 4.004533
216.603455 220.267242     31.656250 -11.000000 47.568359     -0.424725 -0.905322 0.905322 -0.424725     12.105736 12.105736 1.850185
216.603455 220.267242     652.500000 58.875000 1810.601074     -0.424725 -0.905322 0.905322 -0.424725     12.105736 12.105736 4.743386
183.796509 291.839722     9.750000 1.390625 50.488281     -0.463966 -0.885853 0.885853 -0.463966     116.866562 116.866562 0.541176
183.796509 291.839722     897.937500 207.636719 2237.013184     -0.463966 -0.885853 0.885853 -0.463966     116.866562 116.866562 2.058523
218.650238 189.441315     51.375000 12.703125 22.429688     -0.235562 -0.971859 0.971859 -0.235562     21.393359 21.393359 4.740033
218.650238 189.441315     93.421875 11.843750 6.335938     -0.235562 -0.971859 0.971859 -0.235562     21.393359 21.393359 5.099152
325.363068 199.701157     8.937500 -24.531250 206.683594     -0.957063 0.289881 -0.289881 -0.957063     93.535266 93.535266 1.590645
325.363068 199.701157     42.656250 -12.046875 13.181641     -0.957063 0.289881 -0.289881 -0.957063     93.535266 93.535266 4.875102
508.756958 266.118439     75.281250 -35.398438 69.244141     0.197444 -0.980314 0.980314 0.197444     22.625943 22.625943 1.150666
508.756958 266.118439     37.531250 -7.000977 14.988220     0.197444 -0.980314 0.980314 0.197444     22.625943 22.625943 5.187328
201.529968 208.547760     57.109375 -1.451660 14.101990     -0.912441 0.409207 -0.409207 -0.912441     74.376267 74.376267 5.260767
179.538483 289.815857     329.399414 293.902832 266.224731     -0.536541 -0.843874 0.843874 -0.536541     119.331388 119.331388 0.617077
179.538483 289.815857     222.293945 204.566650 189.794647     -0.536541 -0.843874 0.843874 -0.536541     119.331388 119.331388 2.132026
285.291443 129.510406     373.934570 318.754395 282.498352     0.064423 -0.997923 0.997923 0.064423     35.137313 35.137313 3.158787
285.291443 129.510406     388.957031 323.789307 284.961975     0.064423 -0.997923 0.997923 0.064423     35.137313 35.137313 4.597902
363.570526 118.078598     35.692551 -17.423607 97.929764     -0.017425 -0.999848 0.999848 -0.017425     37.735630 37.735630 3.117195
437.354034 95.108635     404.427246 325.941406 294.217285     -0.197041 -0.980395 0.980395 -0.197041     29.777873 29.777873 3.045952
437.354034 95.108635     466.198730 96.587158 1617.646484     -0.197041 -0.980395 0.980395 -0.197041     29.777873 29.777873 5.874966
142.159912 185.896179     79.093750 6.168945 7.134277     -0.605500 -0.795846 0.795846 -0.605500     19.271378 19.271378 4.627159
324.472046 345.202911     699.812500 -152.890625 47.578125     0.189135 -0.981951 0.981951 0.189135     25.164984 25.164984 5.137410
159.290070 115.276718     68.093750 3.921875 15.390625     0.149097 -0.988823 0.988823 0.149097     18.202137 18.202137 3.326500
159.290070 115.276718     24577.828125 -3195.039062 6932.609375     0.149097 -0.988823 0.988823 0.149097     18.202137 18.202137 6.324519
508.684753 266.830688     75.750000 1.462891 7.984375     0.192893 -0.981220 0.981220 0.192893     23.776212 23.776212 1.160557
508.684753 266.830688     188.736328 -44.199219 25.531250     0.192893 -0.981220 0.981220 0.192893     23.776212 23.776212 5.161207
212.716278 129.089020     127.375000 47.796875 69.828125     0.139554 -0.990215 0.990215 0.139554     39.279422 39.279422 3.203113
212.716278 129.089020     189.906250 -36.828125 19.781250     0.139554 -0.990215 0.990215 0.139554     39.279422 39.279422 6.197138
318.881317 335.724243     149.218750 -17.968750 10.281250     -0.287267 -0.957851 0.957851 -0.287267     35.200695 35.200695 1.613623
318.881317 335.724243     904.718750 -207.031250 69.421875     -0.287267 -0.957851 0.957851 -0.287267     35.200695 35.200695 4.708764
242.425247 229.448959     341.156250 -80.023438 44.703125     -0.926800 0.375556 -0.375556 -0.926800     191.099334 191.099334 1.629321
63.287975 255.770569     136.531250 -35.656250 32.796875     -0.093160 -0.995651 0.995651 -0.093160     25.712488 25.712488 1.616532
63.287975 255.770569     209.546875 -29.250000 25.656250     -0.093160 -0.995651 0.995651 -0.093160     25.712488 25.712488 4.783362
360.755585 384.042908     90.148438 22.101562 16.666016     -0.510994 -0.859585 0.859585 -0.510994     23.961763 23.961763 1.786057
252.765366 221.954437     139.578125 -12.921875 6.781250     -0.913342 0.407193 -0.407193 -0.913342     198.943805 198.943805 1.413140
252.765366 221.954437     317.437500 -79.859375 26.359375     -0.913342 0.407193 -0.407193 -0.913342     198.943805 198.943805 1.729273
321.603699 327.403595     311.531250 -40.625000 15.312500     0.159694 -0.987167 0.987167 0.159694     64.682256 64.682256 1.859649
321.603699 327.403595     157.375000 15.406250 19.441406     0.159694 -0.987167 0.987167 0.159694     64.682256 64.682256 5.173400
159.117447 116.192955     282.789062 -26.390625 8.734375     0.140484 -0.990083 0.990083 0.140484     19.475223 19.475223 3.350711
159.117447 116.192955     30304.195312 -392.773438 8556.164062     0.140484 -0.990083 0.990083 0.140484     19.475223 19.475223 6.352418
63.704865 256.217285     87.484375 25.083984 21.439941     -0.061565 -0.998103 0.998103 -0.061565     33.325155 33.325155 1.615645
63.704865 256.217285     84.410156 5.838867 10.086914     -0.061565 -0.998103 0.998103 -0.061565     33.325155 33.325155 2.378129
398.993011 285.641449     164.232422 7.617188 19.156250     -0.757138 -0.653255 0.653255 -0.757138     38.576407 38.576407 4.272435
65.771980 261.260803     27.908810 -19.205688 59.062500     -0.294136 -0.955764 0.955764 -0.294136     37.055360 37.055360 4.807530
418.239380 360.909454     272.781250 -7.953125 31.832031     0.495205 -0.868776 0.868776 0.495205     49.600875 49.600875 1.741164
508.730621 267.649811     42.906250 18.859375 17.883789     0.172222 -0.985058 0.985058 0.172222     25.492720 25.492720 1.162876
508.730621 267.649811     32250.292969 -839.543457 84.783112     0.172222 -0.985058 0.985058 0.172222     25.492720 25.492720 5.220351
333.706360 342.738739     493.687500 -97.859375 39.218750     -0.446302 -0.894883 0.894883 -0.446302     95.164037 95.164037 1.880533
398.520203 286.121216     107.242188 28.919922 28.998047     -0.780799 -0.624783 0.624783 -0.780799     53.072106 53.072106 0.419311
398.520203 286.121216     134.500000 -18.421875 10.671875     -0.780799 -0.624783 0.624783 -0.780799     53.072106 53.072106 4.210320
437.481995 95.986832     32480.218750 128.398438 9228.187500     -0.191750 -0.981444 0.981444 -0.191750     30.772636 30.772636 3.035490
76.577713 213.809387     88.042969 6.092773 15.622070     0.094903 -0.995487 0.995487 0.094903     21.489026 21.489026 0.818003
76.577713 213.809387     183.109375 -25.468750 45.031250     0.094903 -0.995487 0.995487 0.094903     21.489026 21.489026 2.861104
68.446899 268.630157     41.218750 -4.820312 7.029297     -0.356640 -0.934242 0.934242 -0.356640     41.895581 41.895581 4.340959
68.446899 268.630157     55.906250 25.964844 23.262695     -0.356640 -0.934242 0.934242 -0.356640     41.895581 41.895581 4.740836
479.243256 79.490990     76.593750 -17.632812 21.359375     -0.538239 -0.842792 0.842792 -0.538239     8.381852 8.381852 3.366015
158.761566 117.976875     86.937500 7.283203 23.501465     0.147283 -0.989094 0.989094 0.147283     20.164159 20.164159 3.348423
158.761566 117.976875     82.636719 2.042969 9.121094     0.147283 -0.989094 0.989094 0.147283     20.164159 20.164159 4.730083
508.507263 267.454865     49.781250 -4.812500 8.733887     0.152968 -0.988231 0.988231 0.152968     27.295566 27.295566 1.131902
508.507263 267.454865     44.796875 10.062500 28.500000     0.152968 -0.988231 0.988231 0.152968     27.295566 27.295566 5.215027
479.121674 79.228134     88.355255 -10.722900 6.367188     -0.520836 -0.853657 0.853657 -0.520836     9.131103 9.131103 3.231990
479.121674 79.228134     863.375000 46.445312 65.354492     -0.520836 -0.853657 0.853657 -0.520836     9.131103 9.131103 5.766850
528.895752 184.175354     900.652344 -31.197266 68.427246     -0.002834 -0.999996 0.999996 -0.002834     10.935737 10.935737 2.751284
496.957031 163.835938     50.812500 -4.572266 8.685059     -0.181091 -0.983466 0.983466 -0.181091     11.337162 11.337162 1.853062
496.957031 163.835938     37724.511719 -1932.297363 463.763672     -0.181091 -0.983466 0.983466 -0.181091     11.337162 11.337162 4.321110
529.158508 184.460373     94.516724 -11.566650 6.972656     -0.028024 -0.999607 0.999607 -0.028024     12.108814 12.108814 1.958521
529.158508 184.460373     208.468750 6.984375 18.891602     -0.028024 -0.999607 0.999607 -0.028024     12.108814 12.108814 2.809335
496.190094 161.826447     1243.921875 144.785156 84.061523     -0.205200 -0.978720 0.978720 -0.205200     13.129920 13.129920 1.979183
496.190094 161.826447     56.125000 -3.357422 10.021484     -0.205200 -0.978720 0.978720 -0.205200     13.129920 13.129920 4.328841
479.407410 79.882156     192.477417 -55.494873 21.941406     -0.501044 -0.865422 0.865422 -0.501044     10.230747 10.230747 3.097926
479.407410 79.882156     50.414062 -4.451172 6.592773     -0.501044 -0.865422 0.865422 -0.501044     10.230747 10.230747 5.706573
530.026062 185.528641     93.515625 45.199219 34.367188     -0.082016 -0.996631 0.996631 -0.082016     14.160147 14.160147 2.029411
530.026062 185.528641     38948.761719 -2295.633789 606.048401     -0.082016 -0.996631 0.996631 -0.082016     14.160147 14.160147 3.015271
530.153687 185.807343     129.058502 -45.168213 29.564453     -0.094140 -0.995559 0.995559 -0.094140     14.694974 14.694974 0.968108
530.153687 185.807343     286.518677 -129.081055 110.695312     -0.094140 -0.995559 0.995559 -0.094140     14.694974 14.694974 2.054771
530.394226 185.833679     67.147461 -21.548828 20.056641     -0.100869 -0.994900 0.994900 -0.100869     15.609788 15.609788 0.890764
530.394226 185.833679     765.156250 -12.070312 27.648804     -0.100869 -0.994900 0.994900 -0.100869     15.609788 15.609788 2.050592
331.346344 89.990242     96.674805 -28.435547 18.531250     -0.984944 0.172872 -0.172872 -0.984944     8.979602 8.979602 3.265452
331.346344 89.990242     98.126953 -56.413086 87.566406     -0.984944 0.172872 -0.172872 -0.984944     8.979602 8.979602 3.642893
530.398132 185.544449     525.734375 -92.492188 287.578125     -0.102765 -0.994706 0.994706 -0.102765     16.334148 16.334148 0.949290
530.398132 185.544449     152.093750 -17.140625 17.062500     -0.102765 -0.994706 0.994706 -0.102765     16.334148 16.334148 2.066010
530.428772 185.148727     550.093750 -28.560547 688.668457     -0.111983 -0.993710 0.993710 -0.111983     17.785143 17.785143 0.916361
530.428772 185.148727     1398.765625 -433.437500 159.062500     -0.111983 -0.993710 0.993710 -0.111983     17.785143 17.785143 2.049720
271.719635 70.915886     110.054688 -9.078125 10.968750     -0.916738 -0.399489 0.399489 -0.916738     12.206410 12.206410 1.609639
271.719635 70.915886     173.968750 -10.343750 18.203125     -0.916738 -0.399489 0.399489 -0.916738     12.206410 12.206410 2.459393
396.451477 71.713081     51.281250 -8.328125 11.505859     -0.973423 0.229015 -0.229015 -0.973423     16.321839 16.321839 3.067509
259.311462 63.798809     353.199219 -79.367188 43.734375     -0.863263 -0.504754 0.504754 -0.863263     20.720620 20.720620 5.300218
395.739563 68.351349     83.101562 49.246094 160.771484     -0.233654 -0.972320 0.972320 -0.233654     24.685342 24.685342 1.536072
395.739563 68.351349     80.195312 -4.105469 7.109375     -0.233654 -0.972320 0.972320 -0.233654     24.685342 24.685342 5.066207
198.734818 57.683704     217.484375 249.113281 388.546875     -0.999361 -0.035742 0.035742 -0.999361     20.634831 20.634831 6.072456
226.011490 58.295021     261.265625 -40.453125 29.437500     -0.999916 -0.012960 0.012960 -0.999916     19.840952 19.840952 6.284449
35.175926 120.444443     236.546875 266.828125 391.195312     -0.216623 -0.976255 0.976255 -0.216623     2.250053 2.250053 4.711370
30.614094 99.617447     210.953125 -115.093750 84.187500     -0.215683 -0.976463 0.976463 -0.215683     2.297573 2.297573 4.712650
198.984238 57.790539     90.460938 6.257812 16.293945     -0.998256 0.059042 -0.059042 -0.998256     25.692179 25.692179 6.217478
85.310974 384.682922     87.898438 6.048828 26.124023     -0.962041 0.272906 -0.272906 -0.962041     19.904733 19.904733 1.587481
85.310974 384.682922     220.750000 239.726562 399.729492     -0.962041 0.272906 -0.272906 -0.962041     19.904733 19.904733 4.293472
29.051723 92.548851     226.960938 -5.435547 4.254272     -0.215651 -0.976471 0.976471 -0.215651     2.556912 2.556912 4.712379
199.145309 58.455067     41.453125 -3.039062 36.484619     -0.996944 0.078124 -0.078124 -0.996944     29.125768 29.125768 6.248411
35.176895 363.306854     89.468750 -11.024414 27.955811     -0.999575 -0.029153 0.029153 -0.999575     17.395745 17.395745 1.580054
35.176895 363.306854     105.148438 75.875000 199.751953     -0.999575 -0.029153 0.029153 -0.999575     17.395745 17.395745 3.909124
615.402588 248.796539     135.609375 3.101318 8.970520     -0.981632 -0.190784 0.190784 -0.981632     12.816588 12.816588 4.655023
29.173803 92.954659     184.179688 -64.827148 98.721436     -0.215991 -0.976395 0.976395 -0.215991     2.897228 2.897228 4.713041
623.418884 404.052826     99.000000 -1.615234 45.222656     -0.991347 0.131268 -0.131268 -0.991347     15.035792 15.035792 4.776805
618.061035 364.070435     172.937500 -0.183594 25.946533     -0.989657 -0.143456 0.143456 -0.989657     12.338511 12.338511 4.665421
67.092026 434.481598     230.109375 -120.843750 92.992188     0.273791 -0.961789 0.961789 0.273791     19.572910 19.572910 0.482260
67.092026 434.481598     326.406250 -126.882812 90.468750     0.273791 -0.961789 0.961789 0.273791     19.572910 19.572910 1.572393
527.673096 418.802887     372.568359 -65.924194 17.812912     -0.987741 -0.156100 0.156100 -0.987741     18.621857 18.621857 1.571970
527.673096 418.802887     200.731628 -29.690186 11.304688     -0.987741 -0.156100 0.156100 -0.987741     18.621857 18.621857 3.142643
564.725647 319.088501     229.144531 -39.782227 11.970398     -0.975806 0.218637 -0.218637 -0.975806     16.448388 16.448388 1.567338
29.159483 92.868538     256.023438 -43.063477 12.460022     -0.215886 -0.976419 0.976419 -0.215886     3.326470 3.326470 4.711644
29.060606 92.276512     247.101562 -9.951172 4.548950     -0.215805 -0.976437 0.976437 -0.215805     3.756251 3.756251 4.711175
482.672974 29.777250     93.210938 -22.638672 14.472656     0.010815 -0.999942 0.999942 0.010815     5.345627 5.345627 1.580456
482.672974 29.777250     84.644531 -12.662109 11.796875     0.010815 -0.999942 0.999942 0.010815     5.345627 5.345627 4.812933
