1.0
338
176.924438 230.906662     36.898438 1.988281 30.542969     -0.961180 -0.275921 0.275921 -0.961180     24.636093 24.636093 4.794691
176.924438 230.906662     47.119141 -17.484375 109.828125     -0.961180 -0.275921 0.275921 -0.961180     24.636093 24.636093 5.205075
178.997833 195.310867     87.052734 -115.925781 266.054688     0.251610 -0.967829 0.967829 0.251610     29.361825 29.361825 3.068877
159.383316 185.161240     343.384766 8.585938 766.359375     0.440957 -0.897528 0.897528 0.440957     24.687829 24.687829 1.527325
170.515060 206.448532     818.603516 -174.796875 1251.585938     -0.020286 -0.999794 0.999794 -0.020286     83.366742 83.366742 3.157333
176.198776 198.554565     2100.914062 201.820312 1341.554688     0.333130 -0.942881 0.942881 0.333130     123.798748 123.798748 1.285593
176.198776 198.554565     20.773438 -3.621094 39.617188     0.333130 -0.942881 0.942881 0.333130     123.798748 123.798748 2.601300
341.187012 233.363174     9267.164062 1645.328125 4523.714844     -0.970310 -0.241863 0.241863 -0.970310     161.702740 161.702740 1.341347
341.187012 233.363174     15.687500 -38.078125 179.507812     -0.970310 -0.241863 0.241863 -0.970310     161.702740 161.702740 2.846603
267.668304 159.673264     889.031250 -91.187500 65.593750     0.182434 -0.983218 0.983218 0.182434     20.175638 20.175638 4.686700
373.208496 355.642548     57.468750 -28.875000 363.015625     0.215866 -0.976423 0.976423 0.215866     12.132713 12.132713 2.351629
374.559235 360.217621     25.640625 -59.937500 237.015625     0.133857 -0.991001 0.991001 0.133857     18.650721 18.650721 2.362885
374.559235 360.217621     40.296875 -34.257812 185.335938     0.133857 -0.991001 0.991001 0.133857     18.650721 18.650721 4.679346
484.678650 262.623505     341.218750 -36.000000 4.390625     0.254384 -0.967103 0.967103 0.254384     13.830424 13.830424 4.712850
484.678650 262.623505     13.726562 -33.027344 123.828125     0.254384 -0.967103 0.967103 0.254384     13.830424 13.830424 6.310094
379.449280 366.152771     571.312500 -60.250000 7.078125     0.093265 -0.995641 0.995641 0.093265     33.301195 33.301195 4.709707
484.744080 262.604309     21.529297 -35.320312 221.718750     0.255095 -0.966916 0.966916 0.255095     14.107128 14.107128 4.716358
484.744080 262.604309     656.000000 -68.750000 8.093750     0.255095 -0.966916 0.966916 0.255095     14.107128 14.107128 6.310757
482.222046 261.099548     256.164062 222.117188 207.046875     0.218874 -0.975753 0.975753 0.218874     25.698276 25.698276 1.586878
482.222046 261.099548     263.648438 226.500000 211.070312     0.218874 -0.975753 0.975753 0.218874     25.698276 25.698276 4.792886
572.312195 475.770721     828.218750 -87.500000 10.343750     -0.994462 0.105100 -0.105100 -0.994462     3.444607 3.444607 4.248733
92.680298 383.382904     403.289062 356.343750 334.015625     0.266913 -0.963720 0.963720 0.266913     9.629643 9.629643 4.648567
578.755127 474.857147     902.187500 -95.625000 11.625000     -0.994471 0.105008 -0.105008 -0.994471     3.808418 3.808418 1.563231
578.755127 474.857147     479.859375 -64.218750 10.390625     -0.994471 0.105008 -0.105008 -0.994471     3.808418 3.808418 4.261826
251.356079 349.937683     946.218750 -100.437500 12.593750     -0.728151 -0.685417 0.685417 -0.728151     11.504944 11.504944 4.688745
90.831818 385.059082     1299.140625 -164.265625 24.359375     0.214471 -0.976730 0.976730 0.214471     14.154618 14.154618 4.659109
89.261086 387.497528     1886.781250 -229.328125 33.031250     0.168802 -0.985650 0.985650 0.168802     17.705286 17.705286 4.673548
580.160828 474.428955     978.875000 -103.437500 13.656250     -0.994539 0.104369 -0.104369 -0.994539     4.218873 4.218873 1.569911
580.160828 474.428955     2014.937500 -242.015625 35.515625     -0.994539 0.104369 -0.104369 -0.994539     4.218873 4.218873 4.249023
257.899475 355.788147     85.046875 -15.402344 24.726562     -0.744948 -0.667122 0.667122 -0.744948     12.834654 12.834654 4.702086
257.514862 356.051636     2324.812500 -276.328125 40.500000     -0.746757 -0.665097 0.665097 -0.746757     13.751781 13.751781 4.708670
583.203918 473.907898     1039.781250 -106.062500 14.406250     -0.994451 0.105200 -0.105200 -0.994451     4.692447 4.692447 1.575759
262.469208 361.195129     1144.406250 -67.062500 15.078125     -0.740522 -0.672033 0.672033 -0.740522     14.671105 14.671105 4.713757
584.211304 473.592438     1421.750000 -73.656250 14.984375     -0.994412 0.105572 -0.105572 -0.994412     5.461347 5.461347 1.583243
490.005127 464.826080     18.212402 34.361328 179.718750     -0.991099 0.133127 -0.133127 -0.991099     5.977755 5.977755 1.662272
490.005127 464.826080     1704.125000 -78.875000 15.765625     -0.991099 0.133127 -0.133127 -0.991099     5.977755 5.977755 4.812450
584.564697 473.376465     21.798584 30.181641 175.093750     -0.994391 0.105764 -0.105764 -0.994391     6.220943 6.220943 1.595001
510.266602 461.765442     1739.406250 -84.656250 18.421875     -0.992058 0.125780 -0.125780 -0.992058     8.457974 8.457974 4.802465
520.692688 460.220093     24.494873 31.269531 200.640625     -0.992655 0.120978 -0.120978 -0.992655     10.144844 10.144844 1.587531
520.692688 460.220093     17.398438 -9.387695 74.421143     -0.992655 0.120978 -0.120978 -0.992655     10.144844 10.144844 4.805107
522.353943 459.761871     17.615234 -8.909668 78.048828     -0.992819 0.119626 -0.119626 -0.992819     11.344088 11.344088 1.596438
522.353943 459.761871     69.491699 -33.120483 67.161377     -0.992819 0.119626 -0.119626 -0.992819     11.344088 11.344088 4.814544
249.269592 215.986618     69.352051 -31.702393 66.053467     -0.972262 0.233893 -0.233893 -0.972262     20.632041 20.632041 1.732137
527.057617 458.941742     72.683716 -32.836914 65.369141     -0.992965 0.118409 -0.118409 -0.992965     12.363572 12.363572 1.592092
527.057617 458.941742     65.044739 -9.571655 154.490356     -0.992965 0.118409 -0.118409 -0.992965     12.363572 12.363572 4.814272
57.656960 438.517792     17.241211 11.589844 59.906250     -0.199798 -0.979837 0.979837 -0.199798     15.063788 15.063788 1.578593
57.953964 437.946289     1347.937988 -74.771240 436.851562     -0.186465 -0.982462 0.982462 -0.186465     18.039501 18.039501 1.587182
57.853481 435.382782     22.656738 7.486328 63.070312     -0.169754 -0.985487 0.985487 -0.169754     19.671016 19.671016 1.574595
129.871948 48.948170     67.456055 4.214844 25.359375     0.158371 -0.987380 0.987380 0.158371     17.939539 17.939539 4.659367
36.822968 54.746410     22.850586 25.550781 167.390625     -0.850642 0.525746 -0.525746 -0.850642     23.388460 23.388460 5.174419
129.879898 49.164490     17.815674 27.027344 90.640625     0.142876 -0.989741 0.989741 0.142876     18.184156 18.184156 4.673489
36.973282 53.202290     79.161133 17.375000 26.187500     -0.719430 0.694565 -0.694565 -0.719430     26.692840 26.692840 5.331889
37.050167 53.200668     80.558594 -4.246094 26.203125     -0.725243 0.688493 -0.688493 -0.725243     26.984055 26.984055 0.993543
37.050167 53.200668     23.488037 33.337891 120.656250     -0.725243 0.688493 -0.688493 -0.725243     26.984055 26.984055 5.360008
36.683434 53.393490     1416.957031 -6.485352 455.983154     -0.745216 0.666823 -0.666823 -0.745216     26.994927 26.994927 5.327049
63.633236 347.346710     69.651123 54.195312 272.367188     -0.246280 -0.969199 0.969199 -0.246280     17.014613 17.014613 4.821684
107.490738 432.032410     34.196777 43.720703 160.000000     -0.996353 -0.085331 0.085331 -0.996353     19.478175 19.478175 2.398186
107.490738 432.032410     9.432617 11.435547 73.859375     -0.996353 -0.085331 0.085331 -0.996353     19.478175 19.478175 4.546045
466.767120 343.173523     13.487061 6.302734 43.703125     -0.994595 0.103835 -0.103835 -0.994595     12.371968 12.371968 1.422680
63.150616 347.698761     119.040283 65.820312 158.984375     -0.176475 -0.984305 0.984305 -0.176475     20.775446 20.775446 4.806025
108.085472 430.467224     69.834961 54.175781 286.742188     -0.995122 -0.098655 0.098655 -0.995122     22.473669 22.473669 2.482815
63.909092 353.551025     140.906250 117.187500 106.734375     -0.169099 -0.985599 0.985599 -0.169099     19.337883 19.337883 4.763950
45.874458 449.463196     44.281250 4.648438 41.281250     -0.313867 -0.949467 0.949467 -0.313867     13.410605 13.410605 1.661309
110.431923 394.640839     1475.102051 49.486816 469.931641     -0.958162 -0.286226 0.286226 -0.958162     20.620197 20.620197 4.705392
109.740044 429.866516     108.978760 -62.333984 1829.500000     -0.996999 0.077413 -0.077413 -0.996999     22.889670 22.889670 1.565119
109.740044 429.866516     841.562500 -111.000000 15.546875     -0.996999 0.077413 -0.077413 -0.996999     22.889670 22.889670 4.534511
47.109196 451.445404     863.500000 -113.281250 16.312500     -0.296187 -0.955130 0.955130 -0.296187     16.318258 16.318258 1.665065
466.449615 342.949615     101.921875 2.375000 373.000000     -0.995091 0.098965 -0.098965 -0.995091     13.670290 13.670290 1.438853
111.891304 391.983276     43.843750 2.281250 50.945312     -0.975862 -0.218388 0.218388 -0.975862     34.839625 34.839625 4.830361
109.958679 429.431824     46.515625 -3.343750 11.085938     -0.994939 0.100480 -0.100480 -0.994939     23.098758 23.098758 1.585343
109.958679 429.431824     114.453857 -20.666016 1725.125000     -0.994939 0.100480 -0.100480 -0.994939     23.098758 23.098758 4.543235
63.385757 357.136505     2271.093750 -287.781250 38.687500     -0.111142 -0.993805 0.993805 -0.111142     21.822871 21.822871 4.737473
114.166664 395.505371     147.007812 112.757812 101.750000     -0.486870 -0.873475 0.873475 -0.486870     35.500000 35.500000 0.746123
114.166664 395.505371     92.468750 27.043701 39.489471     -0.486870 -0.873475 0.873475 -0.486870     35.500000 35.500000 4.220591
47.841991 451.861481     44.125000 3.492188 50.031250     -0.338761 -0.940872 0.940872 -0.338761     18.037488 18.037488 1.690738
112.891930 406.957672     6.031250 8.720703 88.482239     -0.010759 -0.999942 0.999942 -0.010759     43.140326 43.140326 1.532714
60.325195 356.867920     44.781250 -11.546875 11.000000     -0.243048 -0.970014 0.970014 -0.243048     33.696515 33.696515 4.823763
47.488411 449.326172     25.921875 -8.863770 21.948895     -0.299056 -0.954236 0.954236 -0.299056     20.372023 20.372023 1.667619
68.730392 454.740204     150.140625 111.445312 100.468750     -0.169733 -0.985490 0.985490 -0.169733     12.293366 12.293366 1.586819
315.603516 393.207031     271.039062 227.507812 196.937500     -0.758602 -0.651554 0.651554 -0.758602     10.273311 10.273311 1.564962
113.158905 406.479034     116.731934 -17.214844 1627.093750     -0.029931 -0.999552 0.999552 -0.029931     43.495756 43.495756 1.542064
46.654030 406.943115     2432.812500 -299.687500 41.421875     -0.196330 -0.980538 0.980538 -0.196330     15.733976 15.733976 3.543099
46.654030 406.943115     31.437500 -12.320801 30.133484     -0.196330 -0.980538 0.980538 -0.196330     15.733976 15.733976 4.316098
59.843658 357.513275     282.812500 220.851562 190.562500     -0.229570 -0.973292 0.973292 -0.229570     33.991106 33.991106 4.813104
315.194275 392.984070     96.343750 29.334473 74.745300     -0.756398 -0.654112 0.654112 -0.756398     10.451048 10.451048 1.564526
572.532227 116.136360     60.687500 -20.842285 57.345287     -0.808423 -0.588602 0.588602 -0.808423     27.702165 27.702165 1.480562
572.532227 116.136360     72.589844 2.722656 68.156250     -0.808423 -0.588602 0.588602 -0.808423     27.702165 27.702165 2.443359
56.780323 404.157349     113.743164 -7.269531 365.890625     0.036159 -0.999346 0.999346 0.036159     46.488153 46.488153 4.713825
602.667969 461.505920     44.578125 -15.194580 31.869217     -0.991395 0.130901 -0.130901 -0.991395     4.247053 4.247053 1.569323
601.022583 461.536713     72.304688 7.734375 78.914062     -0.991477 0.130286 -0.130286 -0.991477     5.375024 5.375024 1.576607
315.110474 392.971680     90.517395 -4.413563 4.260934     -0.757586 -0.652735 0.652735 -0.757586     11.107260 11.107260 1.565376
113.158081 405.863342     561.000000 520.539062 589.843750     -0.008760 -0.999962 0.999962 -0.008760     45.425727 45.425727 1.531815
113.158081 405.863342     65.875000 1.170319 5.725713     -0.008760 -0.999962 0.999962 -0.008760     45.425727 45.425727 4.705684
561.166687 353.653198     121.447266 -17.199219 1575.734375     -0.281666 -0.959513 0.959513 -0.281666     29.568146 29.568146 0.640190
561.166687 353.653198     19.062500 16.664062 51.726562     -0.281666 -0.959513 0.959513 -0.281666     29.568146 29.568146 1.107898
466.118866 343.115387     123.191406 -2.824219 77.347656     -0.995653 0.093144 -0.093144 -0.995653     14.770098 14.770098 1.433180
55.893490 402.473755     314.906250 -36.125000 8.468750     0.012828 -0.999918 0.999918 0.012828     48.086610 48.086610 4.712271
581.718140 463.939484     50.031250 -13.772461 33.014595     -0.992052 0.125829 -0.125829 -0.992052     6.653630 6.653630 1.569248
313.977448 392.644104     1476.828125 44.095703 464.047852     -0.773551 -0.633734 0.633734 -0.773551     13.776804 13.776804 1.566622
572.319092 116.711601     3148.531250 -360.375000 50.718750     -0.420884 -0.907114 0.907114 -0.420884     29.338029 29.338029 1.986642
604.070374 15.118519     770.898438 680.320312 693.421875     -0.104043 -0.994573 0.994573 -0.104043     10.181313 10.181313 4.729368
474.240570 396.698120     1505.359375 3.724884 6.632123     -0.955388 0.295354 -0.295354 -0.955388     12.266387 12.266387 1.542630
314.052032 392.579193     145.375000 8.592773 94.165070     -0.780230 -0.625493 0.625493 -0.780230     15.009725 15.009725 1.569255
317.383209 374.372253     51.773438 -12.518921 14.026695     -0.761819 -0.647790 0.647790 -0.761819     8.398571 8.398571 1.572878
56.185360 402.784363     51.218750 -1.250000 58.473633     0.011396 -0.999935 0.999935 0.011396     48.578276 48.578276 4.713705
574.229248 464.745758     56.328125 2.937500 47.914062     -0.992471 0.122482 -0.122482 -0.992471     9.479130 9.479130 1.573135
604.060120 15.433544     36.875000 0.106201 10.848930     -0.077449 -0.996996 0.996996 -0.077449     12.008194 12.008194 4.727015
309.637207 388.856354     42.457031 45.996094 96.175781     -0.776028 -0.630698 0.630698 -0.776028     14.972716 14.972716 1.564015
252.600540 194.168472     2012.113281 5.548889 7.176725     -0.903158 -0.429309 0.429309 -0.903158     36.796150 36.796150 0.954982
252.600540 194.168472     45.812500 3.468750 60.148438     -0.903158 -0.429309 0.429309 -0.903158     36.796150 36.796150 5.841236
566.526306 465.645874     93.253906 -7.098389 14.484915     -0.992612 0.121334 -0.121334 -0.992612     10.902853 10.902853 1.582187
299.318481 359.790436     45.921875 -12.156250 12.468750     -0.761742 -0.647881 0.647881 -0.761742     9.323951 9.323951 1.578767
113.169022 405.733490     297.421875 18.137207 30.560295     0.028795 -0.999585 0.999585 0.028795     47.948499 47.948499 1.499291
113.169022 405.733490     3507.062500 -374.984375 51.593750     0.028795 -0.999585 0.999585 0.028795     47.948499 47.948499 4.690042
251.942444 193.366913     151.098633 24.703125 398.703125     -0.550949 -0.834539 0.834539 -0.550949     36.888632 36.888632 5.323969
302.547638 371.909973     744.898438 654.367188 678.234375     -0.697246 -0.716832 0.716832 -0.697246     33.276600 33.276600 1.545134
302.547638 371.909973     151.394287 40.925781 1582.812500     -0.697246 -0.716832 0.716832 -0.697246     33.276600 33.276600 5.789154
55.884384 403.460602     1866.250000 -256.312500 51.187500     0.011824 -0.999930 0.999930 0.011824     49.549861 49.549861 4.717565
465.607758 261.775848     6311.468750 295.469727 80.728806     -0.387327 -0.921942 0.921942 -0.387327     15.628409 15.628409 2.017751
249.965164 193.307373     230.812500 -43.929688 65.706055     -0.998122 0.061258 -0.061258 -0.998122     39.532013 39.532013 0.154892
249.965164 193.307373     238.054688 25.574219 310.527344     -0.998122 0.061258 -0.061258 -0.998122     39.532013 39.532013 1.501009
614.152039 438.572174     51.234375 -2.656250 12.468750     -0.993306 0.115514 -0.115514 -0.993306     9.296259 9.296259 1.581448
296.519897 366.696472     720.687500 626.125000 649.828125     -0.726928 -0.686713 0.686713 -0.726928     32.053723 32.053723 1.553859
296.519897 366.696472     84.421875 -29.718750 94.078125     -0.726928 -0.686713 0.686713 -0.726928     32.053723 32.053723 5.905061
571.491760 117.149475     1643.500000 -13.671875 44.491211     0.165166 -0.986266 0.986266 0.165166     32.139395 32.139395 1.468279
461.529724 262.178284     244.195312 75.085938 337.527344     -0.953916 -0.300074 0.300074 -0.953916     30.847167 30.847167 3.137675
231.307343 225.981659     28.593750 -4.578125 16.507812     -0.497862 -0.867257 0.867257 -0.497862     18.029386 18.029386 1.827639
240.807434 192.088959     362.031250 -38.312500 5.437500     -0.995820 -0.091333 0.091333 -0.995820     36.112835 36.112835 1.425971
240.807434 192.088959     752.093750 622.914062 624.203125     -0.995820 -0.091333 0.091333 -0.995820     36.112835 36.112835 4.698023
560.807556 353.171204     8979.228516 96.956909 14.924294     -0.223450 -0.974716 0.974716 -0.223450     30.192721 30.192721 0.799862
560.807556 353.171204     91.859375 -27.742188 92.335938     -0.223450 -0.974716 0.974716 -0.223450     30.192721 30.192721 2.613713
474.050842 396.906769     261.957031 68.574219 343.261719     -0.951034 0.309086 -0.309086 -0.951034     13.133506 13.133506 1.549061
474.050842 396.906769     442.554688 356.898438 300.218750     -0.951034 0.309086 -0.309086 -0.951034     13.133506 13.133506 4.637795
114.335426 408.134247     84.796875 41.164062 84.552734     -0.098316 -0.995155 0.995155 -0.098316     54.866442 54.866442 1.563077
591.153625 440.271484     373.062500 -37.781250 5.656250     -0.990456 0.137827 -0.137827 -0.990456     16.900522 16.900522 1.578262
464.175720 257.195648     905.398438 599.445312 627.203125     0.512640 -0.858604 0.858604 0.512640     31.388762 31.388762 1.420497
464.175720 257.195648     1064.349609 57.570312 1176.843750     0.512640 -0.858604 0.858604 0.512640     31.388762 31.388762 4.590777
295.311310 366.743073     278.710938 50.804688 344.847656     -0.724870 -0.688886 0.688886 -0.724870     33.780238 33.780238 1.550472
295.311310 366.743073     4105.046875 242.726562 74.459961     -0.724870 -0.688886 0.688886 -0.724870     33.780238 33.780238 5.910976
57.040047 405.191376     3867.718750 -416.687500 230.437500     -0.028556 -0.999592 0.999592 -0.028556     55.154863 55.154863 4.724005
237.389786 198.807297     117.984375 -42.710938 97.929688     0.519909 -0.854221 0.854221 0.519909     62.595036 62.595036 2.507211
237.389786 198.807297     43718.164062 -3420.204102 852.625000     0.519909 -0.854221 0.854221 0.519909     62.595036 62.595036 4.230046
579.909546 441.690002     37.390625 2.328125 20.296875     -0.990544 0.137195 -0.137195 -0.990544     17.823012 17.823012 1.578335
565.767761 118.795425     905.468750 602.453125 634.968750     -0.970255 0.242084 -0.242084 -0.970255     33.295550 33.295550 1.565624
565.767761 118.795425     4105.515625 250.035156 76.797852     -0.970255 0.242084 -0.242084 -0.970255     33.295550 33.295550 3.795059
238.495270 201.213608     296.214844 37.800781 343.402344     -0.302478 -0.953156 0.953156 -0.302478     68.236810 68.236810 4.970946
466.022217 343.358734     49.625000 4.125000 68.148438     -0.997682 0.068044 -0.068044 -0.997682     15.774145 15.774145 1.498234
466.022217 343.358734     3897.750000 -469.781250 297.609375     -0.997682 0.068044 -0.068044 -0.997682     15.774145 15.774145 2.211751
392.621490 351.817749     4051.156250 233.832031 91.889648     -0.953448 0.301558 -0.301558 -0.953448     15.493041 15.493041 1.541547
392.621490 351.817749     39.144176 32.108398 86.109375     -0.953448 0.301558 -0.301558 -0.953448     15.493041 15.493041 4.503565
556.917175 119.550682     55.875000 48.031250 157.875000     -0.994100 0.108464 -0.108464 -0.994100     33.072616 33.072616 1.569936
115.975090 407.949249     3869.812500 191.417969 108.743164     -0.130140 -0.991496 0.991496 -0.130140     58.584802 58.584802 1.602427
294.353271 366.569794     1420.203613 -299.324219 1302.671875     -0.726806 -0.686842 0.686842 -0.726806     34.309721 34.309721 1.552753
294.353271 366.569794     82.500000 39.796875 150.687500     -0.726806 -0.686842 0.686842 -0.726806     34.309721 34.309721 5.934902
462.805145 257.301117     321.378906 20.113281 343.800781     0.647936 -0.761695 0.761695 0.647936     34.606613 34.606613 1.217638
462.805145 257.301117     84.140625 30.890625 404.421875     0.647936 -0.761695 0.761695 0.647936     34.606613 34.606613 4.451452
552.128784 119.795998     1577.361816 -285.490234 1247.531250     -0.995880 0.090676 -0.090676 -0.995880     31.712823 31.712823 1.574409
239.367767 203.143463     45301.164062 -3483.811035 969.854126     -0.404483 -0.914545 0.914545 -0.404483     66.285102 66.285102 3.669045
239.367767 203.143463     129.312500 9.187500 358.843750     -0.404483 -0.914545 0.914545 -0.404483     66.285102 66.285102 5.081219
534.697815 119.546700     123.937500 -45.710938 103.906250     -0.999894 0.014559 -0.014559 -0.999894     30.602861 30.602861 1.575337
531.405701 119.514320     3741.031250 183.269531 140.461914     -0.999963 0.008549 -0.008549 -0.999963     29.976324 29.976324 1.575632
241.308197 205.573669     3964.218750 -601.781250 538.609375     -0.485870 -0.874031 0.874031 -0.485870     64.029064 64.029064 3.827493
241.308197 205.573669     24.281250 7.031250 22.609375     -0.485870 -0.874031 0.874031 -0.485870     64.029064 64.029064 5.095527
392.432770 351.840332     39025.539062 -17322.542969 29536.617188     -0.947915 0.318524 -0.318524 -0.947915     17.410664 17.410664 1.588607
465.982697 343.902008     260.062500 -55.093750 343.375000     -0.995780 0.091772 -0.091772 -0.995780     17.321331 17.321331 1.462288
465.982697 343.902008     167.156250 -37.164062 142.718750     -0.995780 0.091772 -0.091772 -0.995780     17.321331 17.321331 5.215844
291.160492 364.846008     41820.484375 -17821.320312 28174.335938     -0.742334 -0.670030 0.670030 -0.742334     35.421838 35.421838 1.551699
291.160492 364.846008     4019.343750 -930.843750 917.078125     -0.742334 -0.670030 0.670030 -0.742334     35.421838 35.421838 6.048934
251.080826 363.757507     337.730469 17.867188 356.984375     -0.772875 -0.634558 0.634558 -0.772875     10.222656 10.222656 4.716856
118.145546 406.104065     312.937500 -60.500000 338.281250     0.011119 -0.999938 0.999938 0.011119     64.009461 64.009461 1.495231
118.145546 406.104065     39.656250 7.796875 28.257812     0.011119 -0.999938 0.999938 0.011119     64.009461 64.009461 4.707342
461.742035 256.766998     472.718750 -116.796875 345.703125     0.704064 -0.710137 0.710137 0.704064     36.099550 36.099550 1.094135
461.742035 256.766998     210.515625 -40.976562 144.648438     0.704064 -0.710137 0.710137 0.704064     36.099550 36.099550 4.345967
522.561768 118.245140     46083.597656 -17419.175781 22663.595703     -0.999746 -0.022559 0.022559 -0.999746     30.443059 30.443059 1.577852
429.007111 118.071175     742.078125 -82.609375 398.203125     -0.999994 0.003472 -0.003472 -0.999994     15.449357 15.449357 3.271286
242.093292 207.964691     909.796875 598.859375 649.218750     -0.495001 -0.868893 0.868893 -0.495001     67.182889 67.182889 3.796978
242.093292 207.964691     53169.148438 31.914062 26656.546875     -0.495001 -0.868893 0.868893 -0.495001     67.182889 67.182889 5.162561
252.830032 364.434845     229.218750 -48.906250 163.617188     -0.773161 -0.634209 0.634209 -0.773161     12.292301 12.292301 4.723012
510.723755 117.434311     369.195312 3.480469 402.457031     -0.999772 -0.021332 0.021332 -0.999772     30.756065 30.756065 1.571151
387.670654 105.592003     1612.421875 948.117188 817.656250     -0.708154 -0.706058 0.706058 -0.708154     29.683141 29.683141 2.187024
284.138550 366.863098     1154.906250 117.697266 311.709656     -0.782955 -0.622078 0.622078 -0.782955     55.283863 55.283863 6.333864
241.667633 208.890289     420.601562 36.707031 232.847656     -0.476700 -0.879066 0.879066 -0.476700     71.316205 71.316205 2.115315
241.667633 208.890289     157.937500 -68.351562 71.484375     -0.476700 -0.879066 0.879066 -0.476700     71.316205 71.316205 3.744874
483.390472 114.630264     535.226562 290.257812 277.343750     -0.998205 -0.059897 0.059897 -0.998205     34.826430 34.826430 1.580289
483.390472 114.630264     47131.015625 -4415.570312 27076.150391     -0.998205 -0.059897 0.059897 -0.998205     34.826430 34.826430 4.698064
459.994049 257.292023     46951.718750 -4457.734375 24571.632812     -0.783760 0.621064 -0.621064 -0.783760     36.023845 36.023845 1.129915
459.994049 257.292023     123.125000 -30.609375 138.531250     -0.783760 0.621064 -0.621064 -0.783760     36.023845 36.023845 4.170771
393.259247 352.533325     234.875000 -66.843750 142.406250     -0.991172 -0.132580 0.132580 -0.991172     20.117297 20.117297 1.420822
393.259247 352.533325     167.109375 -62.250000 88.382812     -0.991172 -0.132580 0.132580 -0.991172     20.117297 20.117297 2.273413
474.192322 396.942322     306.328125 -47.781250 151.546875     -0.959861 0.280476 -0.280476 -0.959861     14.338726 14.338726 0.254433
474.192322 396.942322     35.703125 -6.734375 39.132812     -0.959861 0.280476 -0.280476 -0.959861     14.338726 14.338726 1.514509
282.846161 367.033875     416.859375 -14.984375 152.859375     -0.780720 -0.624881 0.624881 -0.780720     55.620165 55.620165 6.313168
477.590210 113.986038     190.031250 -53.625000 92.859375     -0.998094 -0.061708 0.061708 -0.998094     35.243701 35.243701 4.686467
241.486176 209.330780     502.343750 -61.078125 168.937500     -0.485033 -0.874496 0.874496 -0.485033     74.657824 74.657824 3.735300
560.550659 352.813690     39.578125 -9.187500 46.429688     -0.207974 -0.978134 0.978134 -0.207974     31.418873 31.418873 0.774498
560.550659 352.813690     600.640625 -50.843750 167.781250     -0.207974 -0.978134 0.978134 -0.207974     31.418873 31.418873 1.540439
476.168427 112.801636     196.544922 -45.001953 213.718750     -0.998273 -0.058753 0.058753 -0.998273     39.775392 39.775392 4.680709
468.801575 385.439056     13.245117 -5.887207 41.798828     -0.368797 -0.929510 0.929510 -0.368797     27.304980 27.304980 1.648887
468.801575 385.439056     13.570312 -18.730469 127.089844     -0.368797 -0.929510 0.929510 -0.368797     27.304980 27.304980 4.807597
477.450378 111.046028     13.664795 -13.261719 187.992188     -0.998714 -0.050698 0.050698 -0.998714     44.780344 44.780344 4.670907
281.266449 366.483307     19.403564 -60.069824 431.756836     -0.783284 -0.621664 0.621664 -0.783284     55.466631 55.466631 6.323891
465.550415 383.396179     13.253906 -19.078125 123.859375     -0.417974 -0.908459 0.908459 -0.417974     36.053339 36.053339 1.739551
465.550415 383.396179     13.037109 -24.658569 163.131775     -0.417974 -0.908459 0.908459 -0.417974     36.053339 36.053339 4.865567
240.579987 209.786163     18.295166 -71.321289 754.656250     -0.506524 -0.862226 0.862226 -0.506524     79.174829 79.174829 3.704473
464.630646 372.020691     171.830078 -28.941406 22.492188     -0.095134 -0.995464 0.995464 -0.095134     40.547093 40.547093 4.657436
461.211761 372.565674     198.355469 -19.463867 219.404297     -0.039931 -0.999202 0.999202 -0.039931     51.099345 51.099345 1.542832
461.211761 372.565674     167.960938 38.009766 134.301270     -0.039931 -0.999202 0.999202 -0.039931     51.099345 51.099345 4.618226
459.694153 256.799591     13.136719 -7.908691 76.238220     -0.779112 0.626885 -0.626885 -0.779112     36.868857 36.868857 1.143321
459.694153 256.799591     29.007812 -48.636719 120.324219     -0.779112 0.626885 -0.626885 -0.779112     36.868857 36.868857 4.166680
476.114838 108.965088     121.003906 -10.275391 91.816406     -0.998714 -0.050704 0.050704 -0.998714     51.535809 51.535809 4.649616
385.259796 404.887268     15.393555 -12.822266 195.513672     -0.747682 -0.664057 0.664057 -0.747682     18.203902 18.203902 2.456950
385.259796 404.887268     20.677734 -58.947754 427.261719     -0.747682 -0.664057 0.664057 -0.747682     18.203902 18.203902 3.969326
393.408020 352.638794     168.240234 18.671875 129.732422     -0.983949 -0.178450 0.178450 -0.983949     21.074495 21.074495 1.119501
393.408020 352.638794     207.368164 -41.144531 225.406250     -0.983949 -0.178450 0.178450 -0.983949     21.074495 21.074495 1.603609
456.717133 372.235260     14.213867 -24.858643 166.459045     0.008264 -0.999966 0.999966 0.008264     60.750883 60.750883 4.517446
453.196442 373.950989     47.697983 -42.937256 1127.093750     0.445473 -0.895296 0.895296 0.445473     68.637831 68.637831 1.045725
453.196442 373.950989     270.691406 -43.716797 145.546875     0.445473 -0.895296 0.895296 0.445473     68.637831 68.637831 4.116994
461.416077 257.133026     19.790894 -68.599609 769.843750     -0.810040 0.586374 -0.586374 -0.810040     48.428100 48.428100 4.147929
560.506653 352.304230     32.945312 -342.292969 3635.093750     -0.183688 -0.982985 0.982985 -0.183688     32.953433 32.953433 2.561349
560.506653 352.304230     252.976562 48.413086 162.544922     -0.183688 -0.982985 0.982985 -0.183688     32.953433 32.953433 4.090392
240.537186 208.695541     50.662109 -535.484375 5757.500000     -0.512672 -0.858585 0.858585 -0.512672     81.381818 81.381818 0.424481
240.537186 208.695541     16.273804 -12.827148 253.312500     -0.512672 -0.858585 0.858585 -0.512672     81.381818 81.381818 3.723712
450.389496 374.169678     178.259766 -29.414062 25.953125     0.630474 -0.776210 0.776210 0.630474     73.088166 73.088166 3.919866
393.179413 352.529419     165.345703 -63.972656 151.546875     -0.891661 -0.452704 0.452704 -0.891661     22.182430 22.182430 0.858725
393.179413 352.529419     22.545044 -54.129883 523.421875     -0.891661 -0.452704 0.452704 -0.891661     22.182430 22.182430 1.891292
443.793854 375.708405     19.140625 -44.480469 398.367188     -0.859562 0.511031 -0.511031 -0.859562     74.795430 74.795430 0.551485
443.793854 375.708405     99.343750 -1055.628906 11315.500000     -0.859562 0.511031 -0.511031 -0.859562     74.795430 74.795430 1.691819
462.872406 256.868408     48.644058 -40.493652 1145.734375     -0.901793 0.432169 -0.432169 -0.901793     50.313768 50.313768 2.117822
462.872406 256.868408     17.062500 -20.265625 128.781250     -0.901793 0.432169 -0.432169 -0.901793     50.313768 50.313768 4.024979
434.779480 375.085052     21.721802 -67.594727 786.078125     -0.975028 0.222080 -0.222080 -0.975028     87.650407 87.650407 1.570058
434.779480 375.085052     22.842285 -58.330078 427.960938     -0.975028 0.222080 -0.222080 -0.975028     87.650407 87.650407 4.972193
280.922791 366.517181     172.541016 37.356445 138.962646     -0.778649 -0.627460 0.627460 -0.778649     58.089984 58.089984 6.298102
463.862274 256.403259     166.328125 -28.921875 176.230469     -0.882329 0.470633 -0.470633 -0.882329     52.773064 52.773064 4.046987
463.862274 256.403259     3.366943 -40.019531 593.507812     -0.882329 0.470633 -0.470633 -0.882329     52.773064 52.773064 5.480434
240.840012 207.151398     171.988281 17.929688 135.700195     -0.102967 -0.994685 0.994685 -0.102967     86.422851 86.422851 1.713269
240.840012 207.151398     128.566406 -1367.820312 14681.046875     -0.102967 -0.994685 0.994685 -0.102967     86.422851 86.422851 3.240557
