1.0
694
355.685577 152.820953     18.046875 8.640625 22.960938     -0.602696 -0.797971 0.797971 -0.602696     15.273992 15.273992 1.121458
419.189178 281.719604     50.843750 -22.375000 61.296875     0.621504 -0.783411 0.783411 0.621504     25.886926 25.886926 0.176899
419.189178 281.719604     5.484375 6.109375 75.636719     0.621504 -0.783411 0.783411 0.621504     25.886926 25.886926 1.563246
443.886566 220.130249     20.218750 9.757812 25.097656     -0.086116 -0.996285 0.996285 -0.086116     10.018239 10.018239 1.747479
443.886566 220.130249     6.531250 7.671875 84.843750     -0.086116 -0.996285 0.996285 -0.086116     10.018239 10.018239 5.130412
355.785706 152.880951     54.453125 -21.304688 76.726562     -0.615412 -0.788205 0.788205 -0.615412     15.973466 15.973466 1.129713
443.739136 219.518112     33.859375 1.101562 51.875000     -0.096589 -0.995324 0.995324 -0.096589     10.825052 10.825052 1.747479
443.739136 219.518112     7.421875 9.195312 93.582031     -0.096589 -0.995324 0.995324 -0.096589     10.825052 10.825052 5.279338
418.419189 281.569855     17.937500 2.625000 32.027344     0.518044 -0.855354 0.855354 0.518044     29.006665 29.006665 0.362786
418.419189 281.569855     21.281250 6.242188 37.984375     0.518044 -0.855354 0.855354 0.518044     29.006665 29.006665 4.871418
347.791656 220.691177     22.734375 9.636719 26.773438     -0.060805 -0.998150 0.998150 -0.060805     26.159004 26.159004 2.527999
347.791656 220.691177     59.859375 -24.343750 85.351562     -0.060805 -0.998150 0.998150 -0.060805     26.159004 26.159004 4.102185
443.768738 219.521179     30.078125 12.476562 44.783203     -0.104952 -0.994477 0.994477 -0.104952     11.429866 11.429866 1.748130
384.944061 175.255249     43.523438 5.335938 61.253906     -0.177393 -0.984140 0.984140 -0.177393     18.805661 18.805661 2.259337
384.944061 175.255249     8.703125 11.414062 107.191406     -0.177393 -0.984140 0.984140 -0.177393     18.805661 18.805661 3.956427
384.207092 174.461533     37.109375 18.257812 54.960938     -0.315446 -0.948944 0.948944 -0.315446     19.721214 19.721214 2.377184
384.207092 174.461533     33.875000 25.214844 27.300781     -0.315446 -0.948944 0.948944 -0.315446     19.721214 19.721214 4.117310
355.636047 152.975266     25.359375 10.050781 29.509766     -0.630432 -0.776244 0.776244 -0.630432     17.374807 17.374807 1.117173
418.220703 281.881622     49.289062 4.273438 76.109375     0.517758 -0.855527 0.855527 0.517758     30.229394 30.229394 0.368107
418.220703 281.881622     41.218750 19.625000 59.759766     0.517758 -0.855527 0.855527 0.517758     30.229394 30.229394 1.567556
383.104523 173.427551     35.562500 27.125000 32.085938     -0.496132 -0.868247 0.868247 -0.496132     21.557207 21.557207 2.594751
383.104523 173.427551     35.062500 7.937500 24.929688     -0.496132 -0.868247 0.868247 -0.496132     21.557207 21.557207 4.293228
348.180023 219.399338     38.101562 8.875000 27.445312     -0.267604 -0.963529 0.963529 -0.267604     29.177727 29.177727 2.769514
348.180023 219.399338     44.515625 19.976562 68.525391     -0.267604 -0.963529 0.963529 -0.267604     29.177727 29.177727 4.254125
443.752838 219.434662     54.304688 0.031250 87.691406     -0.113636 -0.993522 0.993522 -0.113636     12.239359 12.239359 1.752046
382.149689 172.558884     36.609375 27.816406 35.195312     -0.529528 -0.848292 0.848292 -0.529528     22.818297 22.818297 2.614704
382.149689 172.558884     10.109375 13.609375 121.617188     -0.529528 -0.848292 0.848292 -0.529528     22.818297 22.818297 4.358609
385.089111 128.222778     44.976562 14.062500 33.078125     -0.751422 -0.659822 0.659822 -0.751422     10.221727 10.221727 1.147132
385.089111 128.222778     29.421875 10.707031 31.750000     -0.751422 -0.659822 0.659822 -0.751422     10.221727 10.221727 4.350706
355.651886 153.123413     40.500000 30.843750 40.580078     -0.631583 -0.775308 0.775308 -0.631583     18.647487 18.647487 1.119503
348.837860 218.835144     67.015625 -27.921875 93.718750     -0.153638 -0.988127 0.988127 -0.153638     31.379108 31.379108 2.624351
381.738739 172.241440     38.085938 2.531250 58.648438     -0.535199 -0.844726 0.844726 -0.535199     24.143166 24.143166 2.631985
381.738739 172.241440     49.312500 21.042969 84.214844     -0.535199 -0.844726 0.844726 -0.535199     24.143166 24.143166 6.019769
385.037354 128.481323     52.328125 17.570312 37.929688     -0.729367 -0.684122 0.684122 -0.729367     11.598812 11.598812 1.085332
385.037354 128.481323     23.023438 19.046875 38.195312     -0.729367 -0.684122 0.684122 -0.729367     11.598812 11.598812 4.311810
269.922119 349.890961     62.851562 -11.992188 105.324219     -0.876935 -0.480609 0.480609 -0.876935     20.414082 20.414082 2.464472
269.922119 349.890961     28.410156 24.343750 46.062500     -0.876935 -0.480609 0.480609 -0.876935     20.414082 20.414082 5.600195
269.225006 349.566681     44.976562 3.429688 64.394531     -0.870264 -0.492586 0.492586 -0.870264     21.308291 21.308291 2.450520
381.254822 172.112183     32.054688 6.398438 45.906250     -0.492396 -0.870372 0.870372 -0.492396     25.934324 25.934324 2.567766
381.254822 172.112183     11.578125 15.054688 132.566406     -0.492396 -0.870372 0.870372 -0.492396     25.934324 25.934324 5.949133
349.230133 218.126511     38.390625 3.250000 49.898438     -0.000936 -1.000000 1.000000 -0.000936     33.161262 33.161262 2.456020
384.892090 128.636688     43.875000 33.652344 45.025391     -0.716034 -0.698065 0.698065 -0.716034     12.788992 12.788992 1.033831
384.892090 128.636688     231.181641 -246.392578 269.860352     -0.716034 -0.698065 0.698065 -0.716034     12.788992 12.788992 4.266179
443.820892 219.460205     183.734375 120.582031 147.833984     -0.119422 -0.992844 0.992844 -0.119422     13.098325 13.098325 1.750094
268.668213 349.101379     58.875000 18.648438 40.382812     -0.833554 -0.552439 0.552439 -0.833554     21.934067 21.934067 2.338079
355.505615 153.106735     49.089844 1.406250 53.000000     -0.667801 -0.744339 0.744339 -0.667801     20.031731 20.031731 1.149150
384.800629 128.682236     31.039062 15.570312 45.453125     -0.706648 -0.707566 0.707566 -0.706648     14.012470 14.012470 1.002717
384.800629 128.682236     32.402344 26.664062 48.742188     -0.706648 -0.707566 0.707566 -0.706648     14.012470 14.012470 5.699275
417.756378 282.122925     57.687500 1.445312 69.214844     0.533201 -0.845988 0.845988 0.533201     31.633849 31.633849 0.328260
417.756378 282.122925     277.553711 -313.980469 372.283203     0.533201 -0.845988 0.845988 0.533201     31.633849 31.633849 4.860396
299.276703 254.534149     31.750000 4.228516 36.454834     -0.120407 -0.992725 0.992725 -0.120407     27.659053 27.659053 1.283163
299.276703 254.534149     65.875000 91.066406 165.184570     -0.120407 -0.992725 0.992725 -0.120407     27.659053 27.659053 4.477457
380.888885 171.817078     42.859375 9.658203 18.501526     -0.425232 -0.905084 0.905084 -0.425232     28.255546 28.255546 2.474208
380.888885 171.817078     72.328125 -13.757812 111.917969     -0.425232 -0.905084 0.905084 -0.425232     28.255546 28.255546 5.835606
268.271454 348.459076     350.750000 -33.765625 165.424561     -0.830405 -0.557160 0.557160 -0.830405     23.007675 23.007675 2.311045
225.266663 345.403717     68.648438 -7.705078 5.128906     -0.561244 -0.827650 0.827650 -0.561244     14.306481 14.306481 1.905584
348.422028 219.240570     91.078125 114.460938 183.869141     0.254209 -0.967149 0.967149 0.254209     34.769450 34.769450 2.171876
224.996826 344.882538     305.950195 -344.691406 410.055664     -0.574085 -0.818796 0.818796 -0.574085     15.155007 15.155007 1.905676
298.820709 254.069550     51.390625 -19.546875 35.578125     -0.168969 -0.985621 0.985621 -0.168969     29.981146 29.981146 1.312432
298.820709 254.069550     79.625000 -42.828125 86.589844     -0.168969 -0.985621 0.985621 -0.168969     29.981146 29.981146 2.880160
245.371933 271.788422     52.031250 11.171875 72.250000     -0.364337 -0.931267 0.931267 -0.364337     24.462559 24.462559 4.879797
443.833710 219.700668     60.242188 3.492188 55.406250     -0.121652 -0.992573 0.992573 -0.121652     14.038987 14.038987 0.634207
443.833710 219.700668     37.488281 17.718750 49.453125     -0.121652 -0.992573 0.992573 -0.121652     14.038987 14.038987 1.754088
244.942200 271.658966     93.031250 117.628906 195.434570     -0.254258 -0.967136 0.967136 -0.254258     27.570060 27.570060 4.784997
244.942200 271.658966     50.015625 6.625000 14.880493     -0.254258 -0.967136 0.967136 -0.254258     27.570060 27.570060 6.199796
384.596039 128.435028     87.109375 49.828125 61.085938     -0.701039 -0.713123 0.713123 -0.701039     14.783672 14.783672 0.995817
384.596039 128.435028     13.109375 17.273438 155.726562     -0.701039 -0.713123 0.713123 -0.701039     14.783672 14.783672 5.683764
128.603302 119.479340     1962.093750 147.396484 700.089233     0.678878 -0.734251 0.734251 0.678878     8.261650 8.261650 1.359095
372.312134 165.389313     208.312500 245.785156 348.527344     -0.757377 -0.652978 0.652978 -0.757377     29.806653 29.806653 4.632201
268.254517 348.099274     86.687500 3.539062 18.429688     -0.849767 -0.527158 0.527158 -0.849767     24.155462 24.155462 2.341776
245.001617 271.417755     899.718750 36.781250 1192.183594     -0.306748 -0.951791 0.951791 -0.306748     31.382985 31.382985 3.145989
245.001617 271.417755     84.539062 12.898438 147.671875     -0.306748 -0.951791 0.951791 -0.306748     31.382985 31.382985 4.849532
186.506027 272.002411     46.656250 35.246094 48.769531     -0.538491 -0.842631 0.842631 -0.538491     20.665099 20.665099 0.484358
186.506027 272.002411     79.945312 -8.892578 6.217285     -0.538491 -0.842631 0.842631 -0.538491     20.665099 20.665099 5.241223
224.808578 344.834290     66.539062 -1.828125 73.722656     -0.594576 -0.804039 0.804039 -0.594576     16.026974 16.026974 1.922130
298.128662 254.033157     9.394531 15.146484 54.203125     -0.122539 -0.992464 0.992464 -0.122539     34.125624 34.125624 1.250749
298.128662 254.033157     317.695312 -354.590820 423.468750     -0.122539 -0.992464 0.992464 -0.122539     34.125624 34.125624 2.857018
125.788582 123.479912     41.875000 39.859375 50.132812     0.652240 -0.758012 0.758012 0.652240     12.229357 12.229357 1.298502
378.137390 49.538166     33.718750 18.367188 28.246094     -0.506875 -0.862019 0.862019 -0.506875     24.343126 24.343126 1.542200
378.137390 49.538166     186.968750 121.671875 154.072266     -0.506875 -0.862019 0.862019 -0.506875     24.343126 24.343126 4.752689
427.520477 121.377052     34.611328 25.800781 54.898438     -0.510529 -0.859860 0.859860 -0.510529     15.461734 15.461734 2.030985
376.097565 25.253658     65.539062 19.468750 43.640625     -0.944332 -0.328993 0.328993 -0.944332     17.507681 17.507681 2.207369
376.097565 25.253658     77.343750 60.843750 63.578125     -0.944332 -0.328993 0.328993 -0.944332     17.507681 17.507681 4.723859
348.000916 219.254379     75.703125 -31.445312 100.054688     0.299041 -0.954240 0.954240 0.299041     37.112505 37.112505 2.154437
240.852386 71.414284     10.584961 16.589844 61.371094     -0.992927 0.118723 -0.118723 -0.992927     9.230621 9.230621 1.424161
426.069458 120.052086     80.468750 -16.296875 12.859375     -0.558725 -0.829353 0.829353 -0.558725     16.817697 16.817697 2.050002
426.069458 120.052086     336.462891 -362.364258 425.843750     -0.558725 -0.829353 0.829353 -0.558725     16.817697 16.817697 5.173357
125.837479 123.696518     5830.171875 4580.023438 9622.015625     0.652181 -0.758063 0.758063 0.652181     13.799212 13.799212 1.278200
497.847107 198.284409     37.390625 29.953125 55.195312     -0.829146 0.559032 -0.559032 -0.829146     21.297456 21.297456 4.346922
497.847107 198.284409     48.425781 -2.375000 31.171875     -0.829146 0.559032 -0.559032 -0.829146     21.297456 21.297456 6.278163
533.777771 219.471741     39.802734 29.101562 60.398438     0.677848 -0.735202 0.735202 0.677848     28.509533 28.509533 0.783097
533.777771 219.471741     6373.046875 4619.546875 11060.089844     0.677848 -0.735202 0.735202 0.677848     28.509533 28.509533 1.555626
557.957092 182.507568     50.125000 12.078125 27.953125     -0.405606 -0.914048 0.914048 -0.405606     30.874646 30.874646 1.571361
557.957092 182.507568     81.000000 -17.937500 95.812500     -0.405606 -0.914048 0.914048 -0.405606     30.874646 30.874646 1.971692
245.552704 271.279205     165.765625 -118.187500 248.000000     -0.885793 -0.464081 0.464081 -0.885793     32.938229 32.938229 0.794761
245.552704 271.279205     113.402344 -12.335938 9.624512     -0.885793 -0.464081 0.464081 -0.885793     32.938229 32.938229 3.957388
186.313019 271.750000     11.868164 17.087891 62.789062     -0.583142 -0.812370 0.812370 -0.583142     22.395932 22.395932 0.547223
186.313019 271.750000     409.382812 -69.703125 80.687500     -0.583142 -0.812370 0.812370 -0.583142     22.395932 22.395932 3.718508
426.133545 120.381989     378.351562 -390.093750 446.915039     -0.548128 -0.836394 0.836394 -0.548128     17.968198 17.968198 2.052239
426.133545 120.381989     76.031250 7.359375 22.578125     -0.548128 -0.836394 0.836394 -0.548128     17.968198 17.968198 5.183802
291.156860 42.083332     36.125000 15.390625 25.375000     -0.983788 -0.179337 0.179337 -0.983788     16.639543 16.639543 1.568263
291.156860 42.083332     68.343750 5.867188 60.406250     -0.983788 -0.179337 0.179337 -0.983788     16.639543 16.639543 2.061559
481.220245 259.026794     44.539062 18.441406 54.054688     -0.791410 -0.611286 0.611286 -0.791410     21.392120 21.392120 4.439693
443.962830 219.976517     42.250977 -71.605469 136.652344     -0.118549 -0.992948 0.992948 -0.118549     14.956717 14.956717 0.669455
443.962830 219.976517     2406.859375 -302.531250 240.296875     -0.118549 -0.992948 0.992948 -0.118549     14.956717 14.956717 1.753428
432.863800 129.462372     52.515625 -18.000000 39.375000     -0.602371 -0.798216 0.798216 -0.602371     21.502088 21.502088 1.996252
432.863800 129.462372     76.671875 -4.695312 77.714844     -0.602371 -0.798216 0.798216 -0.602371     21.502088 21.502088 5.143104
480.049622 146.064880     8748.671875 5573.835938 14294.810547     -0.998666 -0.051641 0.051641 -0.998666     19.222261 19.222261 2.097259
480.049622 146.064880     45.695312 -76.503906 147.908203     -0.998666 -0.051641 0.051641 -0.998666     19.222261 19.222261 5.405748
346.655487 217.196396     449.291992 -402.423828 436.580078     -0.192741 -0.981250 0.981250 -0.192741     40.750600 40.750600 2.626019
384.381073 128.347824     48.492188 8.101562 30.171875     -0.696432 -0.717623 0.717623 -0.696432     15.878664 15.878664 0.975341
384.381073 128.347824     12024.109375 1615.437500 21873.855469     -0.696432 -0.717623 0.717623 -0.696432     15.878664 15.878664 5.692593
240.856567 71.474106     50.937500 39.210938 54.916016     -0.993005 0.118076 -0.118076 -0.993005     10.221923 10.221923 1.408609
298.080963 253.939285     44.076172 32.550781 66.812500     0.233232 -0.972421 0.972421 0.233232     36.586022 36.586022 2.499221
298.080963 253.939285     197.390625 132.476562 173.236328     0.233232 -0.972421 0.972421 0.233232     36.586022 36.586022 5.612289
104.752472 226.712875     124.718750 32.046875 33.265625     -0.292879 -0.956150 0.956150 -0.292879     9.812686 9.812686 0.867090
126.103981 123.611038     93.398438 15.546875 159.554688     0.652872 -0.757468 0.757468 0.652872     15.633154 15.633154 1.250531
423.853333 326.084442     20780.500000 2795.710938 23103.628906     -0.669688 -0.742642 0.742642 -0.669688     10.959373 10.959373 2.166207
486.750000 106.562500     50.839844 19.703125 57.164062     -0.757414 -0.652935 0.652935 -0.757414     15.854136 15.854136 4.731430
371.901306 164.967621     16.879730 -6.270386 121.515625     -0.752983 -0.658040 0.658040 -0.752983     31.092977 31.092977 4.633423
141.429581 257.086853     41.984375 33.039062 59.171875     -0.563077 -0.826404 0.826404 -0.563077     18.571294 18.571294 0.753773
141.429581 257.086853     75.531250 20.257812 45.765625     -0.563077 -0.826404 0.826404 -0.563077     18.571294 18.571294 3.852201
268.454407 348.252441     149.521973 -31.746094 44.781250     -0.863190 -0.504879 0.504879 -0.863190     25.556427 25.556427 2.368732
423.391968 325.645050     15.401367 23.115234 83.640625     -0.745790 -0.666181 0.666181 -0.745790     13.670763 13.670763 2.268891
417.485901 282.395386     58.564453 -13.406250 19.015625     0.565207 -0.824949 0.824949 0.565207     33.116645 33.116645 0.283173
417.485901 282.395386     161.057617 -0.549805 29.722656     0.565207 -0.824949 0.824949 0.565207     33.116645 33.116645 4.830498
240.813721 71.343140     85.085938 -12.843750 43.703125     -0.993299 0.115573 -0.115573 -0.993299     11.662089 11.662089 1.392771
240.813721 71.343140     37.109131 -11.618164 87.207031     -0.993299 0.115573 -0.115573 -0.993299     11.662089 11.662089 5.904886
105.141632 226.798279     36.343750 -0.906250 7.265625     -0.285333 -0.958429 0.958429 -0.285333     10.692609 10.692609 0.834864
105.141632 226.798279     48.314453 36.003906 76.281250     -0.285333 -0.958429 0.958429 -0.285333     10.692609 10.692609 3.770220
498.418396 348.138062     30.839600 -19.092773 29.703125     -0.974881 0.222725 -0.222725 -0.974881     13.601721 13.601721 1.577989
498.418396 348.138062     76.191406 6.710938 66.843750     -0.974881 0.222725 -0.222725 -0.974881     13.601721 13.601721 5.149857
127.410110 122.938774     54.750000 39.851562 57.638672     0.662419 -0.749134 0.749134 0.662419     18.024522 18.024522 1.211700
224.929825 344.759399     17.496094 24.132812 88.054688     -0.597958 -0.801527 0.801527 -0.597958     17.454494 17.454494 1.936788
141.446548 256.953888     33.230469 0.761719 22.505859     -0.577239 -0.816575 0.816575 -0.577239     19.733796 19.733796 0.769790
141.446548 256.953888     44.000000 -1.296875 8.375000     -0.577239 -0.816575 0.816575 -0.577239     19.733796 19.733796 3.878963
453.163940 401.282776     37.695312 -2.015625 25.896484     -0.915478 -0.402368 0.402368 -0.915478     21.413844 21.413844 1.522580
453.163940 401.282776     39.261719 7.320312 8.617188     -0.915478 -0.402368 0.402368 -0.915478     21.413844 21.413844 1.985320
316.472046 441.401642     39.757812 8.492188 8.875000     0.556039 -0.831156 0.831156 0.556039     37.379780 37.379780 0.769828
316.472046 441.401642     86.312500 139.605469 374.988281     0.556039 -0.831156 0.831156 0.556039     37.379780 37.379780 4.123661
240.860596 71.249329     46.070312 34.960938 64.265625     -0.993198 0.116438 -0.116438 -0.993198     12.868984 12.868984 1.360935
240.860596 71.249329     46.531250 1.195312 31.437500     -0.993198 0.116438 -0.116438 -0.993198     12.868984 12.868984 5.891522
105.007751 226.647293     40.929688 -4.371094 29.599609     -0.291267 -0.956642 0.956642 -0.291267     11.617877 11.617877 0.809416
105.007751 226.647293     83.164062 18.726562 48.765625     -0.291267 -0.956642 0.956642 -0.291267     11.617877 11.617877 3.751305
128.836304 122.195297     50.267578 -3.871094 18.578125     0.675447 -0.737409 0.737409 0.675447     20.639305 20.639305 1.174873
483.252075 433.950409     59.539062 -2.820312 19.753906     -0.815386 -0.578917 0.578917 -0.815386     17.104613 17.104613 4.714967
245.534195 271.076141     60.593750 41.328125 61.527344     -0.883257 -0.468889 0.468889 -0.883257     34.061040 34.061040 0.813754
245.534195 271.076141     41.296875 19.953125 23.007812     -0.883257 -0.468889 0.468889 -0.883257     34.061040 34.061040 3.969030
186.505447 271.425446     103.476562 18.664062 175.226562     -0.612448 -0.790511 0.790511 -0.612448     24.750657 24.750657 0.581196
186.505447 271.425446     79.625000 50.476562 144.722656     -0.612448 -0.790511 0.790511 -0.612448     24.750657 24.750657 3.744882
107.136719 168.773438     42.593750 8.242188 10.023438     0.474150 -0.880444 0.880444 0.474150     8.642952 8.642952 4.876312
563.996582 401.255096     33.230469 34.382812 69.832031     -0.138701 -0.990334 0.990334 -0.138701     26.153722 26.153722 4.716734
298.505890 253.765274     44.828125 26.007812 32.753906     0.666938 -0.745113 0.745113 0.666938     38.307973 38.307973 2.022046
298.505890 253.765274     51.039062 0.210938 32.929688     0.666938 -0.745113 0.745113 0.666938     38.307973 38.307973 5.143936
107.479103 168.144699     189.496094 -14.093750 168.410156     0.471444 -0.881896 0.881896 0.471444     9.856812 9.856812 4.889099
79.515465 165.586151     51.203125 -2.031250 10.492188     -0.624400 -0.781104 0.781104 -0.624400     37.723980 37.723980 4.300943
105.138985 226.311859     38.925781 2.765625 7.015625     -0.306048 -0.952016 0.952016 -0.306048     12.256602 12.256602 0.850241
105.138985 226.311859     72.798080 -44.273857 106.778183     -0.306048 -0.952016 0.952016 -0.306048     12.256602 12.256602 3.813834
126.209106 123.333733     149.914062 11.125000 172.839844     -0.712668 0.701501 -0.701501 -0.712668     28.624392 28.624392 0.365849
126.209106 123.333733     67.171875 42.234375 64.429688     -0.712668 0.701501 -0.701501 -0.712668     28.624392 28.624392 4.232863
384.321838 128.248276     82.718750 5.992188 75.460938     -0.688960 -0.724799 0.724799 -0.688960     16.635030 16.635030 5.666729
141.415878 256.614380     36.826172 11.062500 10.859375     -0.578915 -0.815388 0.815388 -0.578915     20.604656 20.604656 0.776569
141.415878 256.614380     250.910156 -131.792969 322.542969     -0.578915 -0.815388 0.815388 -0.578915     20.604656 20.604656 3.892463
371.052277 163.864517     47.500000 9.507812 11.390625     -0.738508 -0.674245 0.674245 -0.738508     32.539559 32.539559 0.218849
371.052277 163.864517     57.133301 -9.656158 16.460484     -0.738508 -0.674245 0.674245 -0.738508     32.539559 32.539559 1.468567
346.183990 216.780411     50.687500 31.582031 26.860352     -0.217920 -0.975967 0.975967 -0.217920     42.673441 42.673441 2.666612
186.699509 271.349762     91.492188 19.023438 56.195312     -0.648668 -0.761072 0.761072 -0.648668     26.257298 26.257298 0.627955
186.699509 271.349762     65.415771 -10.756989 17.495533     -0.648668 -0.761072 0.761072 -0.648668     26.257298 26.257298 3.797910
224.742599 344.872437     65.035156 25.066406 70.578125     -0.611665 -0.791117 0.791117 -0.611665     18.245654 18.245654 1.955486
268.673492 347.906281     47.156250 16.328125 13.929688     -0.892206 -0.451628 0.451628 -0.892206     26.816101 26.816101 1.029922
268.673492 347.906281     517.180298 -414.703644 379.894897     -0.892206 -0.451628 0.451628 -0.892206     26.816101 26.816101 2.429364
105.346382 226.463852     43.480469 3.062500 7.875000     -0.293345 -0.956007 0.956007 -0.293345     12.971074 12.971074 0.830448
105.346382 226.463852     56.671875 0.046875 35.882812     -0.293345 -0.956007 0.956007 -0.293345     12.971074 12.971074 3.779589
106.746094 426.257812     167.335938 18.820312 198.632812     -0.955958 0.293504 -0.293504 -0.955958     17.369977 17.369977 1.570251
106.746094 426.257812     508.147705 -411.071747 379.533752     -0.955958 0.293504 -0.293504 -0.955958     17.369977 17.369977 3.592222
64.566734 220.632492     40.459961 12.027344 12.484375     -0.999991 0.004186 -0.004186 -0.999991     24.532370 24.532370 4.617745
159.875336 415.116516     59.130859 -4.218750 21.937500     -0.961672 0.274203 -0.274203 -0.961672     28.475069 28.475069 4.039309
42.647667 249.082901     62.015625 -4.460938 44.921875     0.215440 -0.976517 0.976517 0.215440     26.449098 26.449098 1.570927
42.647667 249.082901     88.936707 -55.158051 143.914825     0.215440 -0.976517 0.976517 0.215440     26.449098 26.449098 4.387274
398.306946 360.792084     25.152344 6.570312 16.272461     -0.999516 0.031121 -0.031121 -0.999516     12.106094 12.106094 1.026530
398.306946 360.792084     50.921875 9.164062 12.851562     -0.999516 0.031121 -0.031121 -0.999516     12.106094 12.106094 2.840519
141.286194 256.060608     53.281250 18.781250 17.226562     -0.564784 -0.825239 0.825239 -0.564784     21.895082 21.895082 0.751867
141.286194 256.060608     458.105347 -431.219666 474.811035     -0.564784 -0.825239 0.825239 -0.564784     21.895082 21.895082 3.862130
36.920559 361.299072     267.550781 -123.761719 356.880859     -0.717547 0.696510 -0.696510 -0.717547     15.039788 15.039788 1.585792
36.920559 361.299072     61.187500 -3.695312 48.343750     -0.717547 0.696510 -0.696510 -0.717547     15.039788 15.039788 2.337834
245.568771 270.840332     48.539062 4.847656 17.449219     -0.886427 -0.462869 0.462869 -0.886427     35.813746 35.813746 0.816384
245.568771 270.840332     61.921875 -2.859375 13.445312     -0.886427 -0.462869 0.462869 -0.886427     35.813746 35.813746 3.974480
384.103943 128.043655     773.710938 -220.328125 165.031250     -0.694183 -0.719798 0.719798 -0.694183     18.177220 18.177220 5.708240
298.460205 253.575729     21.851562 9.703125 17.775391     0.694226 -0.719757 0.719757 0.694226     39.889800 39.889800 1.987947
298.460205 253.575729     56.464844 1.656250 20.775391     0.694226 -0.719757 0.719757 0.694226     39.889800 39.889800 5.100369
105.456985 226.336029     1604.632812 -883.265625 745.140625     -0.295492 -0.955345 0.955345 -0.295492     14.252800 14.252800 0.800105
105.456985 226.336029     68.261719 21.457031 90.390625     -0.295492 -0.955345 0.955345 -0.295492     14.252800 14.252800 3.749350
370.293060 162.889709     363.482178 -210.896515 399.673401     -0.730673 -0.682727 0.682727 -0.730673     33.917850 33.917850 1.490294
370.293060 162.889709     466.406250 -298.542969 496.322266     -0.730673 -0.682727 0.682727 -0.730673     33.917850 33.917850 4.608860
206.291183 167.917648     62.906250 -1.843750 53.386719     -0.997512 -0.070495 0.070495 -0.997512     21.322607 21.322607 2.381709
206.291183 167.917648     61.031250 -1.617188 24.443359     -0.997512 -0.070495 0.070495 -0.997512     21.322607 21.322607 4.986951
397.836121 360.890747     58.320312 10.742188 14.890625     -0.999340 0.036331 -0.036331 -0.999340     12.986108 12.986108 1.055415
397.836121 360.890747     48.906250 2.898438 10.140625     -0.999340 0.036331 -0.036331 -0.999340     12.986108 12.986108 2.834105
355.674896 346.818939     46.113281 12.949219 13.640625     -0.991899 -0.127031 0.127031 -0.991899     12.871865 12.871865 1.994830
205.848328 168.565552     64.515625 -3.156250 57.082031     -0.986481 0.163873 -0.163873 -0.986481     22.751340 22.751340 2.598575
205.848328 168.565552     67.265625 -0.060547 31.209961     -0.986481 0.163873 -0.163873 -0.986481     22.751340 22.751340 5.144386
153.236969 344.507111     64.640625 -0.601562 38.828125     -0.975272 -0.221008 0.221008 -0.975272     11.870385 11.870385 1.968019
153.236969 344.507111     51.228516 18.023438 12.843750     -0.975272 -0.221008 0.221008 -0.975272     11.870385 11.870385 4.493354
312.339722 352.047852     66.503906 -3.796875 23.617188     -0.968563 -0.248767 0.248767 -0.968563     11.642619 11.642619 1.321117
312.339722 352.047852     33.671875 20.832031 26.416016     -0.968563 -0.248767 0.248767 -0.968563     11.642619 11.642619 3.417323
136.163849 240.191727     76.750000 22.398438 101.648438     -0.374972 -0.927036 0.927036 -0.374972     24.583443 24.583443 5.026344
187.109650 271.380127     54.996094 19.382812 14.125000     -0.672037 -0.740517 0.740517 -0.672037     27.591223 27.591223 0.673132
187.109650 271.380127     48.363281 14.101562 15.726562     -0.672037 -0.740517 0.740517 -0.672037     27.591223 27.591223 3.840483
224.918198 345.137024     73.251953 -2.625000 25.773438     -0.611622 -0.791150 0.791150 -0.611622     19.637078 19.637078 1.962167
355.071747 351.105377     62.238281 22.500000 16.679688     -0.996917 -0.078459 0.078459 -0.996917     25.193340 25.193340 3.116149
355.071747 351.105377     353.094910 -201.874176 393.694702     -0.996917 -0.078459 0.078459 -0.996917     25.193340 25.193340 6.402488
205.431549 169.004639     20.105469 15.492188 56.281250     -0.946499 0.322707 -0.322707 -0.946499     23.858189 23.858189 2.799174
205.431549 169.004639     27.550781 5.156250 15.429688     -0.946499 0.322707 -0.322707 -0.946499     23.858189 23.858189 3.819363
269.243042 348.073029     79.557251 -84.240601 116.412598     -0.915542 -0.402223 0.402223 -0.915542     28.651445 28.651445 1.059666
269.243042 348.073029     177.515625 -41.640625 16.453125     -0.915542 -0.402223 0.402223 -0.915542     28.651445 28.651445 2.514621
135.904434 238.091797     281.867188 -85.218750 36.320312     -0.357626 -0.933865 0.933865 -0.357626     25.638533 25.638533 5.018884
150.850998 346.994263     358.117188 -98.304688 41.531250     -0.992831 0.119524 -0.119524 -0.992831     19.151239 19.151239 0.680028
105.271187 225.673126     399.710938 -106.609375 45.132812     -0.290947 -0.956739 0.956739 -0.290947     14.966115 14.966115 0.790240
105.271187 225.673126     443.460938 -112.296875 47.640625     -0.290947 -0.956739 0.956739 -0.290947     14.966115 14.966115 3.739780
397.679382 360.782440     511.445312 -120.492188 50.687500     -0.999202 0.039954 -0.039954 -0.999202     13.803174 13.803174 1.051457
397.679382 360.782440     29.929688 7.406250 50.281250     -0.999202 0.039954 -0.039954 -0.999202     13.803174 13.803174 2.845077
215.513580 190.709244     581.757812 -137.367188 59.210938     -0.997522 0.070361 -0.070361 -0.997522     19.899452 19.899452 4.611824
384.089874 127.818352     23.375000 2.406250 32.164062     -0.703102 -0.711089 0.711089 -0.703102     19.988201 19.988201 5.764133
414.658539 203.448776     827.835938 -300.554688 166.132812     -0.841615 -0.540079 0.540079 -0.841615     14.374347 14.374347 1.302986
414.658539 203.448776     26.390625 4.281250 35.656250     -0.841615 -0.540079 0.540079 -0.841615     14.374347 14.374347 4.663041
345.526794 216.244202     18.484375 3.187500 16.453125     -0.237566 -0.971371 0.971371 -0.237566     44.754518 44.754518 2.679206
209.992386 179.490753     68.492188 42.183594 52.281250     -0.478576 -0.878046 0.878046 -0.478576     32.485184 32.485184 1.517945
312.379761 352.139252     37.710938 21.000000 35.144531     -0.972685 -0.232128 0.232128 -0.972685     12.772766 12.772766 3.441286
372.623444 164.282288     20.359375 4.281250 19.156250     -0.768617 -0.639710 0.639710 -0.768617     34.187889 34.187889 1.460697
372.623444 164.282288     34.820312 10.281250 56.031250     -0.768617 -0.639710 0.639710 -0.768617     34.187889 34.187889 4.654419
186.040207 195.268097     21.890625 7.039062 23.757812     -0.514852 -0.857279 0.857279 -0.514852     15.961576 15.961576 1.295538
135.594025 235.348160     906.734375 -336.453125 189.117188     -0.340245 -0.940337 0.940337 -0.340245     28.206778 28.206778 5.024589
415.177673 204.276855     34.796875 8.914062 43.476562     -0.782980 -0.622047 0.622047 -0.782980     15.647910 15.647910 1.248819
415.177673 204.276855     42.406250 21.507812 37.257812     -0.782980 -0.622047 0.622047 -0.782980     15.647910 15.647910 4.629143
354.942810 350.887573     57.183594 15.054688 51.171875     -0.999932 -0.011646 0.011646 -0.999932     25.822014 25.822014 0.189188
354.942810 350.887573     119.783203 53.054688 34.554688     -0.999932 -0.011646 0.011646 -0.999932     25.822014 25.822014 3.156424
227.213013 149.500000     44.367188 15.773438 39.042969     -0.762756 0.646687 -0.646687 -0.762756     19.979840 19.979840 4.153808
227.213013 149.500000     236.022339 -248.624146 268.774902     -0.762756 0.646687 -0.646687 -0.762756     19.979840 19.979840 5.507475
202.482315 185.488693     958.625000 -364.250000 208.132812     -0.894149 0.447769 -0.447769 -0.894149     57.161042 57.161042 2.951392
202.482315 185.488693     273.666260 -289.232300 314.024414     -0.894149 0.447769 -0.447769 -0.894149     57.161042 57.161042 5.431052
397.539795 360.785461     39.046875 17.171875 64.519531     -0.998764 0.049709 -0.049709 -0.998764     14.505846 14.505846 1.060565
397.539795 360.785461     40.593750 14.781250 53.675781     -0.998764 0.049709 -0.049709 -0.998764     14.505846 14.505846 2.905112
186.215683 362.328430     132.005859 55.367188 37.625000     -0.996320 -0.085711 0.085711 -0.996320     11.715311 11.715311 2.862583
343.472443 216.311203     314.349609 -331.347534 359.091919     -0.375763 -0.926716 0.926716 -0.375763     54.262446 54.262446 2.922909
343.472443 216.311203     24.808594 10.835938 35.015625     -0.375763 -0.926716 0.926716 -0.375763     54.262446 54.262446 6.085181
384.251709 127.675171     139.259766 56.007812 39.531250     -0.718487 -0.695540 0.695540 -0.718487     21.835045 21.835045 5.820668
150.761429 347.098999     75.867188 -88.925781 154.234375     -0.994335 0.106294 -0.106294 -0.994335     19.540565 19.540565 0.682540
415.583618 205.040955     37.678711 -0.843994 9.477051     -0.747395 -0.664380 0.664380 -0.747395     17.599165 17.599165 1.194474
245.669495 270.566742     39.507812 12.187500 62.351562     -0.871211 -0.490909 0.490909 -0.871211     38.206158 38.206158 0.778978
245.669495 270.566742     32.578125 15.011719 18.425781     -0.871211 -0.490909 0.490909 -0.871211     38.206158 38.206158 3.938114
109.067635 340.772949     1014.468750 -408.718750 243.484375     -0.938395 -0.345566 0.345566 -0.938395     11.722123 11.722123 3.714922
109.067635 340.772949     40.906250 14.679688 55.269531     -0.938395 -0.345566 0.345566 -0.938395     11.722123 11.722123 5.477306
206.430801 179.808243     320.438599 -336.697021 375.128296     0.607350 -0.794434 0.794434 0.607350     55.141712 55.141712 2.159191
206.430801 179.808243     26.933594 13.539062 42.054688     0.607350 -0.794434 0.794434 0.607350     55.141712 55.141712 2.645834
312.339630 351.966034     11.110352 11.486328 35.699219     -0.970776 -0.239989 0.239989 -0.970776     13.530087 13.530087 3.447760
225.061218 345.508362     80.593750 -85.187500 155.501953     -0.609282 -0.792954 0.792954 -0.609282     20.956663 20.956663 1.971124
409.278015 123.403587     42.500000 22.531250 76.992188     -0.822481 -0.568793 0.568793 -0.822481     10.081958 10.081958 1.350591
409.278015 123.403587     58.901367 -25.672363 38.528473     -0.822481 -0.568793 0.568793 -0.822481     10.081958 10.081958 1.718448
398.290466 338.614288     62.269531 16.679688 61.734375     -0.929164 -0.369667 0.369667 -0.929164     11.347636 11.347636 1.838234
269.689850 348.112030     152.863281 57.476562 44.695312     -0.916547 -0.399927 0.399927 -0.916547     31.142665 31.142665 1.040905
269.689850 348.112030     306.692017 -325.020508 375.330444     -0.916547 -0.399927 0.399927 -0.916547     31.142665 31.142665 2.515955
298.411713 253.372375     1060.664062 -448.289062 275.781250     0.703706 -0.710491 0.710491 0.703706     42.127843 42.127843 1.974428
298.411713 253.372375     89.824219 -83.921875 165.712891     0.703706 -0.710491 0.710491 0.703706     42.127843 42.127843 5.091950
206.658829 180.417938     13.718750 -2.812500 34.714844     0.596234 -0.802811 0.802811 0.596234     57.307542 57.307542 4.006492
206.658829 180.417938     36.015625 17.871094 23.902344     0.596234 -0.802811 0.802811 0.596234     57.307542 57.307542 4.506582
187.207077 271.100922     219.640625 -64.203125 38.140625     -0.667122 -0.744948 0.744948 -0.667122     29.366589 29.366589 0.663205
187.207077 271.100922     11.863281 11.431641 39.562500     -0.667122 -0.744948 0.744948 -0.667122     29.366589 29.366589 3.828791
398.307678 338.564117     60.153320 -24.383545 37.526855     -0.925527 -0.378681 0.378681 -0.925527     12.115789 12.115789 1.854445
397.403076 360.803070     1053.921875 -455.437500 290.960938     -0.998782 0.049339 -0.049339 -0.998782     15.542571 15.542571 1.049007
397.403076 360.803070     357.169556 -367.644409 414.352051     -0.998782 0.049339 -0.049339 -0.998782     15.542571 15.542571 2.869855
186.070175 362.425446     235.406250 -22.406250 182.234375     -0.996375 -0.085075 0.085075 -0.996375     12.416664 12.416664 2.849930
354.971588 350.898743     15.468750 -3.914062 40.292969     -0.999997 -0.002255 0.002255 -0.999997     26.955979 26.955979 0.245919
354.971588 350.898743     101.492188 -79.304688 181.572266     -0.999997 -0.002255 0.002255 -0.999997     26.955979 26.955979 3.185625
342.268921 215.251205     43.476562 15.820312 62.093750     -0.424655 -0.905355 0.905355 -0.424655     56.655038 56.655038 2.971227
342.268921 215.251205     29.960938 17.609375 51.554688     -0.424655 -0.905355 0.905355 -0.424655     56.655038 56.655038 6.088625
109.310921 340.979004     323.792969 104.441406 65.578125     -0.937615 -0.347676 0.347676 -0.937615     12.747421 12.747421 3.620284
109.310921 340.979004     117.226562 -73.164062 185.132812     -0.937615 -0.347676 0.347676 -0.937615     12.747421 12.747421 5.472417
150.607712 347.149658     42.191895 -2.303223 14.810303     -0.993786 0.111309 -0.111309 -0.993786     20.848642 20.848642 0.671811
365.872894 242.191849     13.745117 15.671875 51.175781     -0.971214 0.238209 -0.238209 -0.971214     29.791136 29.791136 5.647605
233.147675 117.455696     38.546875 22.250000 31.488281     -0.883149 -0.469093 0.469093 -0.883149     16.088730 16.088730 2.022442
233.147675 117.455696     65.512695 -25.213867 39.092224     -0.883149 -0.469093 0.469093 -0.883149     16.088730 16.088730 5.361304
312.625427 352.056854     315.816406 17.429688 147.968750     -0.974941 -0.222463 0.222463 -0.974941     14.761439 14.761439 3.444483
398.385956 338.628082     139.484375 -71.843750 196.773438     -0.919913 -0.392123 0.392123 -0.919913     13.664627 13.664627 1.861213
32.288906 29.587057     65.183594 15.585938 73.710938     0.700226 -0.713921 0.713921 0.700226     26.682243 26.682243 2.614159
207.315811 180.781631     427.150879 -477.343506 659.861084     0.574689 -0.818372 0.818372 0.574689     60.481242 60.481242 1.361386
207.315811 180.781631     275.890625 -216.960938 390.015625     0.574689 -0.818372 0.818372 0.574689     60.481242 60.481242 1.796311
366.090393 242.580765     768.429688 145.738281 55.132812     -0.966113 0.258121 -0.258121 -0.966113     30.967212 30.967212 5.688546
231.213409 117.859756     42.218750 -6.859375 14.500000     -0.988599 -0.150571 0.150571 -0.988599     18.395528 18.395528 2.223319
397.430176 360.712280     1385.031250 -130.023438 306.335938     -0.998277 0.058680 -0.058680 -0.998277     16.397074 16.397074 1.063503
397.430176 360.712280     393.232422 79.500000 173.875000     -0.998277 0.058680 -0.058680 -0.998277     16.397074 16.397074 2.896104
274.095428 260.731476     60.872070 -8.973145 19.067383     -0.951318 0.308210 -0.308210 -0.951318     43.547545 43.547545 1.548655
274.095428 260.731476     14.696289 17.458984 61.906250     -0.951318 0.308210 -0.308210 -0.951318     43.547545 43.547545 4.709927
259.857147 137.757141     482.079956 -557.243164 788.440674     -0.776389 -0.630254 0.630254 -0.776389     14.157931 14.157931 1.845764
259.857147 137.757141     20.593750 -7.843750 47.628906     -0.776389 -0.630254 0.630254 -0.776389     14.157931 14.157931 4.347095
230.508469 118.607750     806.103516 92.765625 62.335938     -0.998930 -0.046258 0.046258 -0.998930     20.473118 20.473118 2.351370
305.944031 238.111267     47.772583 11.082031 12.176758     -0.847793 0.530327 -0.530327 -0.847793     62.455087 62.455087 1.594706
305.944031 238.111267     338.839844 -236.328125 428.468750     -0.847793 0.530327 -0.530327 -0.847793     62.455087 62.455087 4.770749
187.513901 269.576202     32.832031 19.710938 59.562500     -0.520427 -0.853906 0.853906 -0.520427     33.428784 33.428784 0.392482
187.513901 269.576202     41.921875 24.046875 35.130859     -0.520427 -0.853906 0.853906 -0.520427     33.428784 33.428784 3.575081
212.496658 176.765472     4918.046875 89.593750 497.929688     0.689188 -0.724583 0.724583 0.689188     60.782791 60.782791 1.464584
212.496658 176.765472     15.600586 18.556641 72.832031     0.689188 -0.724583 0.724583 0.689188     60.782791 60.782791 2.023125
366.431824 243.381500     51.441406 -32.964844 31.160156     -0.982976 0.183732 -0.183732 -0.982976     32.773502 32.773502 5.635466
230.006317 119.296844     818.988281 92.527344 77.351562     -0.999028 0.044071 -0.044071 -0.999028     22.215611 22.215611 2.466696
230.006317 119.296844     4717.710938 103.101562 616.515625     -0.999028 0.044071 -0.044071 -0.999028     22.215611 22.215611 5.993420
312.673462 352.084534     870.189697 -859.711182 1287.122559     -0.973736 -0.227682 0.227682 -0.973736     15.832616 15.832616 3.432527
186.076080 362.507233     36.644531 14.199219 53.835938     -0.997247 -0.074150 0.074150 -0.997247     14.176866 14.176866 2.932772
109.208176 340.873596     162.765625 -88.054688 65.175781     -0.943876 -0.330300 0.330300 -0.943876     13.581634 13.581634 3.689791
109.208176 340.873596     22.390625 -8.140625 53.652344     -0.943876 -0.330300 0.330300 -0.943876     13.581634 13.581634 5.514851
366.643280 243.666672     18.859375 8.593750 21.707031     -0.938681 0.344786 -0.344786 -0.938681     33.651671 33.651671 5.797938
230.091232 120.301758     6373.796875 -137.695312 731.031250     -0.999999 0.001679 -0.001679 -0.999999     25.139603 25.139603 2.425442
230.091232 120.301758     51.953125 30.507812 96.257812     -0.999999 0.001679 -0.001679 -0.999999     25.139603 25.139603 5.972227
354.743622 350.890137     168.808594 -98.435547 81.513672     -0.999729 0.023286 -0.023286 -0.999729     28.035438 28.035438 3.190457
354.743622 350.890137     585.859375 -191.597656 489.972656     -0.999729 0.023286 -0.023286 -0.999729     28.035438 28.035438 6.256403
180.727707 335.971832     464.285156 -47.949219 7.159180     -0.929773 -0.368132 0.368132 -0.929773     10.750759 10.750759 5.455935
150.497955 347.224487     57.339844 29.257812 78.972656     -0.996163 0.087512 -0.087512 -0.996163     21.713903 21.713903 0.652704
301.380005 156.940002     592.945312 -139.628906 605.027344     -0.765366 -0.643596 0.643596 -0.765366     13.423560 13.423560 6.303461
187.509552 268.508545     883.120850 -887.563965 1346.454590     -0.507045 -0.861920 0.861920 -0.507045     35.879871 35.879871 0.368887
187.509552 268.508545     47.359375 26.527344 38.199219     -0.507045 -0.861920 0.861920 -0.507045     35.879871 35.879871 3.544564
180.987549 336.269714     198.917969 -218.486328 463.171875     -0.928856 -0.370440 0.370440 -0.928856     11.379642 11.379642 5.480750
109.593956 341.100677     224.744141 42.542969 28.148438     -0.937184 -0.348834 0.348834 -0.937184     14.566209 14.566209 2.849690
109.593956 341.100677     5176.550781 -278.882812 2674.859375     -0.937184 -0.348834 0.348834 -0.937184     14.566209 14.566209 3.625466
150.526901 347.376617     60.859375 41.523438 112.414062     -0.998484 0.055037 -0.055037 -0.998484     22.781179 22.781179 0.660749
181.378098 336.678436     24.062500 -8.570312 58.761719     -0.925055 -0.379832 0.379832 -0.925055     12.275252 12.275252 5.514165
240.346298 236.626465     73.515625 -2.812500 18.843750     -0.346771 -0.937950 0.937950 -0.346771     17.063146 17.063146 1.629059
234.328506 299.202911     154.529297 -59.029297 25.221680     -0.938521 -0.345223 0.345223 -0.938521     16.554268 16.554268 2.571796
234.328506 299.202911     5378.492188 -250.207031 3289.429688     -0.938521 -0.345223 0.345223 -0.938521     16.554268 16.554268 5.664995
336.625397 282.625397     152.062500 37.242188 30.083984     -0.971668 0.236349 -0.236349 -0.971668     11.316797 11.316797 5.226339
334.405121 284.030762     491.828125 -66.572266 74.664062     -0.954331 0.298750 -0.298750 -0.954331     13.973869 13.973869 1.347818
334.405121 284.030762     22.484375 3.597656 26.685547     -0.954331 0.298750 -0.298750 -0.954331     13.973869 13.973869 5.221526
336.387024 284.088409     170.406250 -61.781250 26.380859     -0.961642 0.274308 -0.274308 -0.961642     16.527874 16.527874 1.362959
337.311951 284.211426     213.570312 -1.734375 22.750000     -0.963584 0.267405 -0.267405 -0.963584     17.743694 17.743694 1.366929
338.656006 284.136993     124.640625 73.750000 147.289062     -0.966888 0.255202 -0.255202 -0.966888     19.092279 19.092279 1.376140
340.918457 283.977081     5552.054688 -295.367188 5083.992188     -0.971113 0.238621 -0.238621 -0.971113     20.660949 20.660949 1.386919
271.831909 265.683197     25.640625 -7.929688 64.945312     -0.309418 -0.950926 0.950926 -0.309418     23.606693 23.606693 3.139106
271.831909 265.683197     53.359375 29.777344 42.910156     -0.309418 -0.950926 0.950926 -0.309418     23.606693 23.606693 6.163517
341.660156 284.292084     181.515625 10.433594 3.532715     -0.970855 0.239666 -0.239666 -0.970855     22.634796 22.634796 1.396798
371.257477 197.673660     210.234375 16.726562 5.074219     -0.247871 -0.968793 0.968793 -0.247871     21.468041 21.468041 2.761256
371.257477 197.673660     938.053467 -919.093018 1379.221191     -0.247871 -0.968793 0.968793 -0.247871     21.468041 21.468041 5.721041
337.350464 287.436707     68.968750 50.105469 74.134766     -0.932787 0.360427 -0.360427 -0.932787     31.819504 31.819504 1.416263
337.350464 287.436707     6609.804688 -311.453125 5598.703125     -0.932787 0.360427 -0.360427 -0.932787     31.819504 31.819504 4.002597
371.195648 198.010864     247.406250 24.738281 7.089355     -0.364401 -0.931242 0.931242 -0.364401     22.371538 22.371538 2.899030
371.195648 198.010864     29.140625 -7.398438 73.050781     -0.364401 -0.931242 0.931242 -0.364401     22.371538 22.371538 5.847806
241.096619 341.376801     64.046875 23.601562 19.283203     -0.807338 -0.590089 0.590089 -0.807338     16.911475 16.911475 3.873139
219.642853 271.180664     100.578125 93.519531 138.363281     -0.770940 -0.636908 0.636908 -0.770940     18.787950 18.787950 0.959076
323.480957 247.571426     62.250000 56.980469 63.904297     -0.728351 -0.685204 0.685204 -0.728351     17.652718 17.652718 3.867231
241.358978 341.880341     115.187500 112.343750 165.255859     -0.754700 -0.656070 0.656070 -0.754700     17.679048 17.679048 0.763248
241.358978 341.880341     66.187500 23.195312 27.154297     -0.754700 -0.656070 0.656070 -0.754700     17.679048 17.679048 3.798764
272.097687 265.959778     309.390625 42.453125 12.303711     -0.375502 -0.926822 0.926822 -0.375502     24.915075 24.915075 3.243541
272.097687 265.959778     202.255676 -248.765137 313.032471     -0.375502 -0.926822 0.926822 -0.375502     24.915075 24.915075 6.264859
241.615097 342.279236     7288.492188 -93.609375 5839.937500     -0.658984 -0.752157 0.752157 -0.658984     17.843799 17.843799 0.673371
241.615097 342.279236     145.078125 161.191406 252.505859     -0.658984 -0.752157 0.752157 -0.658984     17.843799 17.843799 3.697766
337.287384 288.027893     225.750000 223.714844 268.259766     -0.929910 0.367787 -0.367787 -0.929910     33.689174 33.689174 1.440168
337.287384 288.027893     159.920959 -197.740448 248.559937     -0.929910 0.367787 -0.367787 -0.929910     33.689174 33.689174 4.028892
370.653748 198.209564     157.875000 171.996094 265.044922     -0.530220 -0.847860 0.847860 -0.530220     24.325964 24.325964 3.129831
370.653748 198.209564     234.656250 234.082031 283.936523     -0.530220 -0.847860 0.847860 -0.530220     24.325964 24.325964 6.055970
323.819855 247.007355     151.078369 -188.106598 241.499146     -0.747944 -0.663762 0.663762 -0.747944     19.182205 19.182205 3.883654
216.292130 274.491180     941.910645 -839.262695 1373.176270     -0.773239 -0.634114 0.634114 -0.773239     28.039695 28.039695 0.705258
216.292130 274.491180     348.937500 55.042969 16.512695     -0.773239 -0.634114 0.634114 -0.773239     28.039695 28.039695 3.928776
136.089447 286.460999     175.359375 -198.931244 262.798889     -0.901727 -0.432307 0.432307 -0.901727     13.589068 13.589068 4.391422
241.757675 342.709900     7926.046875 -462.351562 6363.558594     -0.560718 -0.828007 0.828007 -0.560718     18.553654 18.553654 0.544580
241.757675 342.709900     932.397461 -705.747559 1392.336426     -0.560718 -0.828007 0.828007 -0.560718     18.553654 18.553654 3.546775
324.654388 245.685547     382.031250 65.964844 20.634277     -0.763681 -0.645593 0.645593 -0.763681     22.816630 22.816630 3.821153
44.148701 34.446098     401.812500 73.867188 24.124512     0.683475 -0.729974 0.729974 0.683475     8.094655 8.094655 4.399371
336.818298 288.773560     8209.875000 -460.605469 6804.050781     -0.926699 0.375805 -0.375805 -0.926699     34.978173 34.978173 1.452749
336.818298 288.773560     21.455284 -11.905945 54.154297     -0.926699 0.375805 -0.375805 -0.926699     34.978173 34.978173 4.007088
43.665680 35.473373     15.544655 4.840576 30.125000     0.682056 -0.731300 0.731300 0.682056     8.898137 8.898137 4.391067
370.177917 197.617981     961.914429 -554.519897 1467.619141     -0.449598 -0.893231 0.893231 -0.449598     24.812758 24.812758 2.975120
370.177917 197.617981     61.051514 -17.232422 25.796875     -0.449598 -0.893231 0.893231 -0.449598     24.812758 24.812758 5.868514
324.822510 243.805191     38.370674 43.065430 200.796875     -0.545587 -0.838054 0.838054 -0.545587     25.043181 25.043181 3.427496
136.496109 286.955261     118.431854 -34.120117 37.476562     -0.907929 -0.419123 0.419123 -0.907929     15.631344 15.631344 4.361449
388.779419 150.872543     26.874756 -10.617188 36.171875     -0.844595 -0.535406 0.535406 -0.844595     12.516048 12.516048 3.415898
42.929062 36.906178     8595.468750 -746.289062 7651.843750     0.682875 -0.730535 0.730535 0.682875     9.671218 9.671218 4.374077
242.152695 343.431152     29.902451 6.398926 36.585938     -0.535683 -0.844419 0.844419 -0.535683     19.057108 19.057108 0.538716
242.152695 343.431152     273.812500 -70.248047 25.167480     -0.535683 -0.844419 0.844419 -0.535683     19.057108 19.057108 1.997148
136.636688 287.095245     15.093750 0.576172 59.490662     -0.912402 -0.409294 0.409294 -0.912402     17.080280 17.080280 4.350881
253.914948 178.494843     36.197510 5.197266 67.726562     0.546249 -0.837623 0.837623 0.546249     19.025432 19.025432 4.498439
78.070755 52.066036     439.805054 166.959961 2597.234375     -0.999553 0.029887 -0.029887 -0.999553     13.834712 13.834712 2.017372
272.305969 266.299133     29.021484 -1.578125 16.468750     -0.397607 -0.917556 0.917556 -0.397607     26.326562 26.326562 3.271473
272.305969 266.299133     21.000000 12.747070 102.320129     -0.397607 -0.917556 0.917556 -0.397607     26.326562 26.326562 6.292963
388.555054 150.533035     245.691406 -51.804688 38.625000     -0.844506 -0.535546 0.535546 -0.844506     13.429355 13.429355 3.403367
335.502533 290.169037     13199.972656 -4008.457031 9433.445312     -0.918187 0.396148 -0.396148 -0.918187     36.873792 36.873792 1.441139
335.502533 290.169037     29.437378 5.377930 71.296875     -0.918187 0.396148 -0.396148 -0.918187     36.873792 36.873792 4.052355
324.931702 243.406067     92.717941 8.528320 94.269531     -0.529409 -0.848367 0.848367 -0.529409     25.354471 25.354471 3.403414
41.958549 40.588081     37.062500 18.727539 222.455688     0.677883 -0.735170 0.735170 0.677883     14.214477 14.214477 2.553698
41.958549 40.588081     271.281250 -6.062500 24.953125     0.677883 -0.735170 0.735170 0.677883     14.214477 14.214477 4.254696
242.416000 343.826660     30.779358 -7.321533 40.308594     -0.506184 -0.862426 0.862426 -0.506184     19.608389 19.608389 0.526555
242.416000 343.826660     1483.831055 -885.371094 2153.979492     -0.506184 -0.862426 0.862426 -0.506184     19.608389 19.608389 1.952843
121.699997 248.220001     14174.250000 -4226.460938 10279.984375     -0.366938 -0.930246 0.930246 -0.366938     11.542777 11.542777 0.482045
432.075104 252.769958     92.812500 -56.296875 642.704102     0.144576 -0.989494 0.989494 0.144576     14.970930 14.970930 1.908601
254.529999 177.960007     15236.222656 -470.585938 14124.605469     0.546588 -0.837402 0.837402 0.546588     22.495606 22.495606 4.476784
369.806610 197.433060     410.468750 -89.281250 285.109375     -0.442825 -0.896608 0.896608 -0.442825     25.204851 25.204851 2.947176
369.806610 197.433060     38.531250 -5.781250 34.593750     -0.442825 -0.896608 0.896608 -0.442825     25.204851 25.204851 5.814917
100.404373 21.486340     92.437500 11.703125 39.796875     -0.827289 0.561777 -0.561777 -0.827289     20.668413 20.668413 1.008322
216.292648 274.983368     26.292969 -19.084961 47.864258     -0.712755 -0.701413 0.701413 -0.712755     30.294099 30.294099 0.607596
216.292648 274.983368     68.251953 -30.220703 43.419922     -0.712755 -0.701413 0.701413 -0.712755     30.294099 30.294099 3.831527
136.960007 287.029633     26.644531 -7.226562 24.859375     -0.917956 -0.396682 0.396682 -0.917956     20.052845 20.052845 2.640513
136.960007 287.029633     213.125000 19.296875 1016.706787     -0.917956 -0.396682 0.396682 -0.917956     20.052845 20.052845 4.310209
41.055191 43.406921     1480.062500 -537.687500 795.171875     0.668952 -0.743306 0.743306 0.668952     16.947651 16.947651 4.190942
77.996300 52.818520     86.375000 -33.351562 30.641602     -0.998757 0.049845 -0.049845 -0.998757     16.204230 16.204230 2.086694
334.088013 291.508514     27.763672 -10.394531 23.804688     -0.910682 0.413108 -0.413108 -0.910682     38.296630 38.296630 1.455909
334.088013 291.508514     312.500000 78.996094 1165.656738     -0.910682 0.413108 -0.413108 -0.910682     38.296630 38.296630 4.031446
255.222229 177.380112     1626.125000 -582.781250 953.640625     0.542225 -0.840234 0.840234 0.542225     26.874922 26.874922 4.454380
432.550201 252.646591     17.562500 4.515625 32.328125     0.130507 -0.991447 0.991447 0.130507     16.441040 16.441040 1.932049
388.705872 150.235291     466.562500 -34.070312 1327.834961     -0.812704 -0.582677 0.582677 -0.812704     14.985379 14.985379 3.268745
277.791290 290.545441     33.281250 -4.062500 30.671875     -0.952984 0.303022 -0.303022 -0.952984     18.945944 18.945944 4.686001
277.791290 290.545441     125.562500 3.687500 6.546875     -0.952984 0.303022 -0.303022 -0.952984     18.945944 18.945944 5.409789
121.549110 248.107147     14.437500 -3.000000 35.693359     -0.338218 -0.941068 0.941068 -0.338218     12.531325 12.531325 0.407242
121.549110 248.107147     25.718750 -6.578125 22.828125     -0.338218 -0.941068 0.941068 -0.338218     12.531325 12.531325 3.724758
99.952599 21.909706     2034.718750 -669.515625 1350.500000     -0.842875 0.538110 -0.538110 -0.842875     21.087608 21.087608 1.049672
99.952599 21.909706     25.593750 -1.750000 21.562500     -0.842875 0.538110 -0.538110 -0.842875     21.087608 21.087608 2.459443
164.197708 268.324127     20.187500 -4.359375 28.921875     -0.398589 -0.917129 0.917129 -0.398589     18.878669 18.878669 0.303050
164.197708 268.324127     69.281250 -18.843750 24.453125     -0.398589 -0.917129 0.917129 -0.398589     18.878669 18.878669 3.554203
332.896851 292.759460     31.656250 -11.000000 47.568359     -0.906123 0.423014 -0.423014 -0.906123     39.830693 39.830693 1.467737
332.896851 292.759460     652.500000 58.875000 1810.601074     -0.906123 0.423014 -0.423014 -0.906123     39.830693 39.830693 4.048254
42.040657 43.446442     9.750000 1.390625 50.488281     0.679141 -0.734008 0.734008 0.679141     18.557422 18.557422 2.609356
42.040657 43.446442     897.937500 207.636719 2237.013184     0.679141 -0.734008 0.734008 0.679141     18.557422 18.557422 4.162146
276.965790 281.270874     51.375000 12.703125 22.429688     -0.939323 0.343034 -0.343034 -0.939323     59.367905 59.367905 1.537235
276.965790 281.270874     93.421875 11.843750 6.335938     -0.939323 0.343034 -0.343034 -0.939323     59.367905 59.367905 4.738219
432.930664 252.412415     8.937500 -24.531250 206.683594     0.152143 -0.988359 0.988359 0.152143     17.350543 17.350543 1.916128
255.747787 177.190262     42.656250 -12.046875 13.181641     0.524070 -0.851675 0.851675 0.524070     32.665423 32.665423 4.427864
325.039246 243.537537     75.281250 -35.398438 69.244141     -0.496426 -0.868079 0.868079 -0.496426     26.404474 26.404474 3.345782
242.973938 344.466827     37.531250 -7.000977 14.988220     -0.488516 -0.872555 0.872555 -0.488516     20.175864 20.175864 0.527603
242.973938 344.466827     57.109375 -1.451660 14.101990     -0.488516 -0.872555 0.872555 -0.488516     20.175864 20.175864 1.903129
308.503876 288.318390     329.399414 293.902832 266.224731     -0.995376 0.096055 -0.096055 -0.995376     74.231077 74.231077 1.418748
308.503876 288.318390     222.293945 204.566650 189.794647     -0.995376 0.096055 -0.096055 -0.995376     74.231077 74.231077 4.597848
146.142105 288.549133     373.934570 318.754395 282.498352     -0.942726 -0.333569 0.333569 -0.942726     24.075256 24.075256 4.443129
256.683777 176.876266     388.957031 323.789307 284.961975     0.538076 -0.842897 0.842897 0.538076     37.789601 37.789601 4.378620
77.920532 52.933773     35.692551 -17.423607 97.929764     -0.996530 0.083239 -0.083239 -0.996530     17.205023 17.205023 2.117115
121.379448 247.628464     404.427246 325.941406 294.217285     -0.341546 -0.939865 0.939865 -0.341546     12.767614 12.767614 0.459580
121.379448 247.628464     466.198730 96.587158 1617.646484     -0.341546 -0.939865 0.939865 -0.341546     12.767614 12.767614 3.783309
369.755981 197.275452     79.093750 6.168945 7.134277     -0.436846 -0.899537 0.899537 -0.436846     25.664292 25.664292 2.931643
369.755981 197.275452     699.812500 -152.890625 47.578125     -0.436846 -0.899537 0.899537 -0.436846     25.664292 25.664292 5.790785
388.290222 149.331238     68.093750 3.921875 15.390625     -0.760481 -0.649361 0.649361 -0.760481     15.903161 15.903161 3.086693
388.290222 149.331238     24577.828125 -3195.039062 6932.609375     -0.760481 -0.649361 0.649361 -0.760481     15.903161 15.903161 5.934004
99.583336 22.186508     75.750000 1.462891 7.984375     -0.855596 0.517644 -0.517644 -0.855596     21.970685 21.970685 1.024934
99.583336 22.186508     188.736328 -44.199219 25.531250     -0.855596 0.517644 -0.517644 -0.855596     21.970685 21.970685 2.492833
152.021149 283.092255     320.218750 -61.968750 657.390625     -0.994763 -0.102208 0.102208 -0.994763     54.406827 54.406827 1.294845
152.021149 283.092255     158.343750 -33.921875 12.015625     -0.994763 -0.102208 0.102208 -0.994763     54.406827 54.406827 4.496667
257.691833 177.511063     127.375000 47.796875 69.828125     0.561091 -0.827754 0.827754 0.561091     42.876594 42.876594 4.325840
216.202713 275.625458     189.906250 -36.828125 19.781250     -0.606686 -0.794941 0.794941 -0.606686     32.849589 32.849589 0.440466
216.202713 275.625458     149.218750 -17.968750 10.281250     -0.606686 -0.794941 0.794941 -0.606686     32.849589 32.849589 3.654960
41.776119 51.330555     904.718750 -207.031250 69.421875     0.617729 -0.786391 0.786391 0.617729     32.507943 32.507943 4.113847
253.255875 184.861130     341.156250 -80.023438 44.703125     0.610591 -0.791946 0.791946 0.610591     46.898054 46.898054 2.120172
253.255875 184.861130     136.531250 -35.656250 32.796875     0.610591 -0.791946 0.791946 0.610591     46.898054 46.898054 4.467207
148.761108 319.405823     209.546875 -29.250000 25.656250     -0.981248 -0.192749 0.192749 -0.981248     23.167373 23.167373 1.479987
148.761108 319.405823     90.148438 22.101562 16.666016     -0.981248 -0.192749 0.192749 -0.981248     23.167373 23.167373 4.654941
345.063660 325.771545     139.578125 -12.921875 6.781250     -0.973714 0.227773 -0.227773 -0.973714     16.159599 16.159599 0.774920
308.137543 289.440643     317.437500 -79.859375 26.359375     -0.993013 0.118005 -0.118005 -0.993013     76.749019 76.749019 1.419847
308.137543 289.440643     311.531250 -40.625000 15.312500     -0.993013 0.118005 -0.118005 -0.993013     76.749019 76.749019 4.593445
155.211700 284.893158     157.375000 15.406250 19.441406     -0.951228 -0.308488 0.308488 -0.951228     54.762016 54.762016 1.177858
155.211700 284.893158     282.789062 -26.390625 8.734375     -0.951228 -0.308488 0.308488 -0.951228     54.762016 54.762016 4.379162
76.138214 53.471546     30304.195312 -392.773438 8556.164062     -0.979517 0.201363 -0.201363 -0.979517     18.675131 18.675131 2.173155
121.333336 247.512024     87.484375 25.083984 21.439941     -0.313063 -0.949732 0.949732 -0.313063     13.455859 13.455859 0.396400
121.333336 247.512024     84.410156 5.838867 10.086914     -0.313063 -0.949732 0.949732 -0.313063     13.455859 13.455859 3.743260
41.452328 53.663342     164.232422 7.617188 19.156250     0.606194 -0.795317 0.795317 0.606194     34.077417 34.077417 4.134456
41.452328 53.663342     27.908810 -19.205688 59.062500     0.606194 -0.795317 0.795317 0.606194     34.077417 34.077417 4.530149
433.588409 252.076218     272.781250 -7.953125 31.832031     0.259873 -0.965643 0.965643 0.259873     19.346258 19.346258 1.815285
144.231201 321.470245     167.634766 7.625000 20.531250     -0.992539 -0.121925 0.121925 -0.992539     32.117656 32.117656 4.649019
22.931818 122.004547     474.234375 -99.281250 37.687500     -0.961481 -0.274872 0.274872 -0.961481     13.506431 13.506431 1.752044
254.487183 186.285904     86.171875 6.282227 11.767578     0.637845 -0.770165 0.770165 0.637845     53.833742 53.833742 2.117446
254.487183 186.285904     532.312500 63.101562 63.210938     0.637845 -0.770165 0.770165 0.637845     53.833742 53.833742 4.417089
243.197006 344.383301     42.906250 18.859375 17.883789     -0.468395 -0.883519 0.883519 -0.468395     21.289491 21.289491 1.890521
388.618896 149.343842     32250.292969 -839.543457 84.783112     -0.754923 -0.655814 0.655814 -0.754923     16.981730 16.981730 3.068668
388.618896 149.343842     493.687500 -97.859375 39.218750     -0.754923 -0.655814 0.655814 -0.754923     16.981730 16.981730 5.925226
281.927155 202.374176     107.242188 28.919922 28.998047     -0.525334 -0.850896 0.850896 -0.525334     14.904210 14.904210 1.597483
266.879181 291.031921     134.500000 -18.421875 10.671875     -0.999795 -0.020257 0.020257 -0.999795     100.231316 100.231316 1.603679
266.879181 291.031921     32480.218750 128.398438 9228.187500     -0.999795 -0.020257 0.020257 -0.999795     100.231316 100.231316 4.561674
121.214500 247.574020     88.042969 6.092773 15.622070     -0.283701 -0.958913 0.958913 -0.283701     14.308632 14.308632 0.329011
121.214500 247.574020     183.109375 -25.468750 45.031250     -0.283701 -0.958913 0.958913 -0.283701     14.308632 14.308632 3.686511
188.685989 159.806763     41.218750 -4.820312 7.029297     -0.804370 0.594129 -0.594129 -0.804370     11.744449 11.744449 1.611666
188.685989 159.806763     55.906250 25.964844 23.262695     -0.804370 0.594129 -0.594129 -0.804370     11.744449 11.744449 2.430518
143.548080 323.515900     508.781250 -81.437500 42.000000     -0.992535 -0.121960 0.121960 -0.992535     36.553203 36.553203 4.660067
266.836884 294.975983     33.062500 13.171875 17.796875     -0.999685 -0.025116 0.025116 -0.999685     111.498827 111.498827 1.501813
266.836884 294.975983     76.593750 -17.632812 21.359375     -0.999685 -0.025116 0.025116 -0.999685     111.498827 111.498827 4.550384
164.617523 230.183273     267.945312 23.820312 29.895020     -0.490986 -0.871168 0.871168 -0.490986     24.083167 24.083167 3.794819
196.156921 155.460114     225.208618 -63.486816 31.167969     -0.861597 0.507593 -0.507593 -0.861597     16.411180 16.411180 1.770075
433.767120 251.715073     49.781250 -4.812500 8.733887     0.237777 -0.971320 0.971320 0.237777     20.323776 20.323776 1.839057
193.843048 239.049332     44.796875 10.062500 28.500000     -0.646740 -0.762710 0.762710 -0.646740     15.308138 15.308138 2.166971
193.843048 239.049332     116.788818 -17.671875 10.070312     -0.646740 -0.762710 0.762710 -0.646740     15.308138 15.308138 2.568473
247.054398 300.077789     34822.027344 -1485.236084 243.830872     -0.999703 0.024380 -0.024380 -0.999703     121.389382 121.389382 1.541084
247.054398 300.077789     88.355255 -10.722900 6.367188     -0.999703 0.024380 -0.024380 -0.999703     121.389382 121.389382 4.620759
369.881653 197.554520     863.375000 46.445312 65.354492     -0.454114 -0.890944 0.890944 -0.454114     27.150819 27.150819 2.956925
369.881653 197.554520     900.652344 -31.197266 68.427246     -0.454114 -0.890944 0.890944 -0.454114     27.150819 27.150819 5.829046
195.485825 155.212555     50.812500 -4.572266 8.685059     -0.838257 0.545275 -0.545275 -0.838257     18.815511 18.815511 1.789183
264.072205 193.751007     37724.511719 -1932.297363 463.763672     -0.788272 0.615327 -0.615327 -0.788272     83.026038 83.026038 1.696772
264.072205 193.751007     482.789062 -86.992188 258.234375     -0.788272 0.615327 -0.615327 -0.788272     83.026038 83.026038 5.078712
251.207413 105.344444     94.516724 -11.566650 6.972656     -0.994660 0.103209 -0.103209 -0.994660     6.649966 6.649966 1.199549
251.207413 105.344444     208.468750 6.984375 18.891602     -0.994660 0.103209 -0.103209 -0.994660     6.649966 6.649966 4.950470
165.950638 234.676422     135.687195 -11.672852 6.433594     -0.571509 -0.820596 0.820596 -0.571509     27.358769 27.358769 3.913664
265.583527 198.245209     304.743408 -90.848633 42.675781     0.691656 -0.722227 0.722227 0.691656     96.433100 96.433100 2.039345
265.583527 198.245209     1243.921875 144.785156 84.061523     0.691656 -0.722227 0.722227 0.691656     96.433100 96.433100 5.106789
388.896362 149.437820     57.462311 -20.642578 29.480469     -0.764898 -0.644151 0.644151 -0.764898     17.920778 17.920778 3.097839
388.896362 149.437820     192.477417 -55.494873 21.941406     -0.764898 -0.644151 0.644151 -0.764898     17.920778 17.920778 5.958500
192.010666 161.914719     50.414062 -4.451172 6.592773     0.491185 -0.871055 0.871055 0.491185     39.156243 39.156243 4.680312
142.918488 360.406128     158.656250 -2.585938 15.536621     -0.979218 -0.202811 0.202811 -0.979218     19.788302 19.788302 1.113362
142.918488 360.406128     93.515625 45.199219 34.367188     -0.979218 -0.202811 0.202811 -0.979218     19.788302 19.788302 1.568420
370.937714 199.065811     129.058502 -45.168213 29.564453     -0.486094 -0.873906 0.873906 -0.486094     27.653122 27.653122 3.021775
370.937714 199.065811     286.518677 -129.081055 110.695312     -0.486094 -0.873906 0.873906 -0.486094     27.653122 27.653122 5.864823
434.044769 251.711441     368.656250 -72.214844 111.005371     0.227402 -0.973801 0.973801 0.227402     21.136190 21.136190 1.858416
261.763916 105.729370     67.976562 -4.949219 8.606934     -0.997962 0.063811 -0.063811 -0.997962     9.635060 9.635060 1.386218
261.763916 105.729370     2761.640625 286.613281 97.668945     -0.997962 0.063811 -0.063811 -0.997962     9.635060 9.635060 4.708710
365.366425 368.141846     67.147461 -21.548828 20.056641     -0.998686 0.051240 -0.051240 -0.998686     19.459286 19.459286 0.378597
365.366425 368.141846     765.156250 -12.070312 27.648804     -0.998686 0.051240 -0.051240 -0.998686     19.459286 19.459286 1.029809
168.779343 125.380280     96.674805 -28.435547 18.531250     -0.932336 0.361594 -0.361594 -0.932336     6.865918 6.865918 5.079883
361.352661 367.917206     525.734375 -92.492188 287.578125     -0.999936 -0.011294 0.011294 -0.999936     20.389574 20.389574 1.139793
361.352661 367.917206     152.093750 -17.140625 17.062500     -0.999936 -0.011294 0.011294 -0.999936     20.389574 20.389574 1.763334
339.511780 117.230766     185.587891 -25.324463 7.018066     -0.962669 -0.270682 0.270682 -0.962669     19.928586 19.928586 1.319773
262.742218 112.127754     164.958466 -37.739990 25.529297     -0.988093 0.153859 -0.153859 -0.988093     36.083675 36.083675 0.613359
262.742218 112.127754     366.905029 -37.289062 192.687500     -0.988093 0.153859 -0.153859 -0.988093     36.083675 36.083675 0.961062
321.958344 163.049240     53.078125 -23.375000 31.203125     -0.497885 -0.867243 0.867243 -0.497885     20.334303 20.334303 5.504359
321.958344 163.049240     348.789062 -76.710938 38.390625     -0.497885 -0.867243 0.867243 -0.497885     20.334303 20.334303 5.902985
169.368210 125.484497     550.093750 -28.560547 688.668457     -0.937807 0.347157 -0.347157 -0.937807     8.431619 8.431619 5.095606
358.392426 368.064941     1398.765625 -433.437500 159.062500     -0.999959 0.009088 -0.009088 -0.999959     21.456195 21.456195 1.279080
358.392426 368.064941     80.468750 -4.681641 4.473633     -0.999959 0.009088 -0.009088 -0.999959     21.456195 21.456195 1.833075
376.425873 203.308365     906.865967 -711.859375 4882.347656     -0.651241 -0.758871 0.758871 -0.651241     35.246952 35.246952 3.398986
376.425873 203.308365     185.632812 209.582031 460.449219     -0.651241 -0.758871 0.758871 -0.651241     35.246952 35.246952 6.240273
434.128662 251.778778     110.054688 -9.078125 10.968750     0.190586 -0.981670 0.981670 0.190586     22.091800 22.091800 1.880740
389.375305 149.673660     173.968750 -10.343750 18.203125     -0.765773 -0.643111 0.643111 -0.765773     19.040133 19.040133 3.104695
389.375305 149.673660     141.562500 110.023438 135.971680     -0.765773 -0.643111 0.643111 -0.765773     19.040133 19.040133 5.952778
375.614288 86.971428     51.281250 -8.328125 11.505859     -0.998298 -0.058322 0.058322 -0.998298     7.693778 7.693778 1.198016
375.614288 86.971428     353.199219 -79.367188 43.734375     -0.998298 -0.058322 0.058322 -0.998298     7.693778 7.693778 5.117460
377.265625 87.152344     103.804688 -2.812500 34.656250     -0.996736 -0.080730 0.080730 -0.996736     8.678656 8.678656 1.199546
377.265625 87.152344     181.609375 -28.368652 11.432861     -0.996736 -0.080730 0.080730 -0.996736     8.678656 8.678656 5.109956
390.996063 151.353638     1094.687500 14.171875 310.337402     -0.688664 -0.725080 0.725080 -0.688664     20.807211 20.807211 2.823966
390.996063 151.353638     61.084961 -11.007812 13.901367     -0.688664 -0.725080 0.725080 -0.688664     20.807211 20.807211 5.685677
378.976105 87.477814     80.195312 -4.105469 7.109375     -0.994851 -0.101347 0.101347 -0.994851     9.619079 9.619079 1.210238
378.976105 87.477814     283.843750 -23.566406 9.402344     -0.994851 -0.101347 0.101347 -0.994851     9.619079 9.619079 5.101679
434.047821 251.645416     217.484375 249.113281 388.546875     0.161800 -0.986824 0.986824 0.161800     23.780944 23.780944 1.899617
386.690002 106.116669     261.265625 -40.453125 29.437500     -0.918724 -0.394900 0.394900 -0.918724     13.603426 13.603426 1.449379
386.690002 106.116669     236.546875 266.828125 391.195312     -0.918724 -0.394900 0.394900 -0.918724     13.603426 13.603426 5.872427
394.185486 154.834625     70.890625 21.359863 20.062042     -0.633239 -0.773956 0.773956 -0.633239     22.073837 22.073837 2.584135
394.185486 154.834625     156.947266 -7.979004 6.898193     -0.633239 -0.773956 0.773956 -0.633239     22.073837 22.073837 5.461007
410.752533 136.498306     210.953125 -115.093750 84.187500     -0.701956 -0.712220 0.712220 -0.701956     11.105683 11.105683 1.446089
395.857147 156.530212     90.460938 6.257812 16.293945     -0.625499 -0.780225 0.780225 -0.625499     22.555044 22.555044 5.410522
387.413513 107.259460     77.171875 -7.279297 7.718994     -0.906593 -0.422006 0.422006 -0.906593     18.199816 18.199816 3.479521
387.413513 107.259460     102.281250 -25.463867 27.757935     -0.906593 -0.422006 0.422006 -0.906593     18.199816 18.199816 5.965711
381.211945 88.137314     87.898438 6.048828 26.124023     -0.990329 -0.138739 0.138739 -0.990329     11.345272 11.345272 1.216023
381.211945 88.137314     220.750000 239.726562 399.729492     -0.990329 -0.138739 0.138739 -0.990329     11.345272 11.345272 5.094911
26.422741 38.699707     147.031250 -58.922363 130.919861     0.625567 -0.780170 0.780170 0.625567     7.512863 7.512863 3.133115
26.422741 38.699707     129.328125 -15.898438 10.069824     0.625567 -0.780170 0.780170 0.625567     7.512863 7.512863 4.703113
398.798401 160.548126     41.453125 -3.039062 36.484619     -0.584748 -0.811215 0.811215 -0.584748     24.185807 24.185807 5.287524
398.584045 121.618408     89.468750 -11.024414 27.955811     -0.672836 -0.739791 0.739791 -0.672836     21.242005 21.242005 5.081897
23.281124 23.048193     105.148438 75.875000 199.751953     0.625019 -0.780610 0.780610 0.625019     5.681773 5.681773 4.653674
400.518311 161.957474     880.367188 480.683594 451.886719     -0.592686 -0.805434 0.805434 -0.592686     25.179907 25.179907 5.301765
399.467712 122.832962     123.937500 -66.655273 90.993652     -0.669072 -0.743197 0.743197 -0.669072     22.009133 22.009133 5.101122
24.000000 21.605015     331.375000 -35.817383 25.079285     0.618995 -0.785395 0.785395 0.618995     7.564014 7.564014 4.637019
382.390625 88.552086     184.179688 -64.827148 98.721436     -0.987244 -0.159216 0.159216 -0.987244     12.434761 12.434761 1.202071
382.390625 88.552086     182.832031 -44.533203 93.010498     -0.987244 -0.159216 0.159216 -0.987244     12.434761 12.434761 5.087318
22.961433 25.962811     99.000000 -1.615234 45.222656     0.626638 -0.779311 0.779311 0.626638     17.659461 17.659461 3.137321
383.628235 88.976471     130.046875 -3.669922 22.424072     -0.984725 -0.174120 0.174120 -0.984725     13.477734 13.477734 1.191551
383.628235 88.976471     292.156250 -119.632812 79.312500     -0.984725 -0.174120 0.174120 -0.984725     13.477734 13.477734 5.090669
384.048309 89.218491     172.937500 -0.183594 25.946533     -0.982672 -0.185351 0.185351 -0.982672     14.366029 14.366029 1.191207
384.048309 89.218491     221.265625 -118.656250 88.296875     -0.982672 -0.185351 0.185351 -0.982672     14.366029 14.366029 5.096283
43.019482 398.405853     200.731628 -29.690186 11.304688     -0.926032 0.377445 -0.377445 -0.926032     19.497547 19.497547 1.569851
43.019482 398.405853     229.144531 -39.782227 11.970398     -0.926032 0.377445 -0.377445 -0.926032     19.497547 19.497547 4.710177
41.542168 451.345367     1261.972168 -130.885742 96.828949     0.547232 -0.836981 0.836981 0.547232     20.090910 20.090910 1.588670
41.542168 451.345367     101.140625 -11.027344 7.335693     0.547232 -0.836981 0.836981 0.547232     20.090910 20.090910 4.705215
186.246857 76.359833     85.414062 -15.648438 9.726562     -0.967116 0.254336 -0.254336 -0.967116     11.642197 11.642197 2.387223
186.246857 76.359833     5878.280273 113.932373 111.570953     -0.967116 0.254336 -0.254336 -0.967116     11.642197 11.642197 5.330053
46.451248 311.013611     93.382812 -10.634766 8.119141     -0.158558 -0.987350 0.987350 -0.158558     26.760015 26.760015 0.787949
46.451248 311.013611     67.253906 -31.929688 32.080566     -0.158558 -0.987350 0.987350 -0.158558     26.760015 26.760015 1.558835
138.802750 413.848633     205.300781 -25.567383 34.771729     -0.992425 0.122855 -0.122855 -0.992425     18.153130 18.153130 0.830724
138.802750 413.848633     93.210938 -22.638672 14.472656     -0.992425 0.122855 -0.122855 -0.992425     18.153130 18.153130 3.259166
119.874596 439.921234     114.878906 -10.968750 10.169922     -0.973215 0.229896 -0.229896 -0.973215     23.115955 23.115955 1.561473
119.874596 439.921234     90.929688 -12.023438 9.322266     -0.973215 0.229896 -0.229896 -0.973215     23.115955 23.115955 2.049308
42.595165 224.274918     87.324219 -12.042969 58.236328     -0.125424 -0.992103 0.992103 -0.125424     24.131704 24.131704 0.893074
42.595165 224.274918     112.390625 29.582031 261.920898     -0.125424 -0.992103 0.992103 -0.125424     24.131704 24.131704 3.917675
549.096985 452.518188     61.062500 -49.640625 57.578125     -0.813130 0.582082 -0.582082 -0.813130     24.833813 24.833813 0.752626
84.370003 110.383331     48205.531250 -2376.042969 10554.095703     0.503982 -0.863714 0.863714 0.503982     17.519281 17.519281 0.816488
81.896172 139.292343     481.242188 393.742188 675.140625     -0.830669 0.556767 -0.556767 -0.830669     21.658098 21.658098 2.422046
587.652039 104.164383     3712.351562 961.957031 255.003906     -0.905866 0.423565 -0.423565 -0.905866     17.455742 17.455742 4.444780
587.652039 104.164383     30.929688 10.750000 14.562500     -0.905866 0.423565 -0.423565 -0.905866     17.455742 17.455742 4.695500
114.096069 94.253273     214.246094 -135.589844 229.470703     -0.770414 0.637545 -0.637545 -0.770414     17.545871 17.545871 1.583994
114.096069 94.253273     539.710938 411.101562 674.640625     -0.770414 0.637545 -0.637545 -0.770414     17.545871 17.545871 2.347787
403.175507 415.057129     43348.078125 -768.546875 17322.027344     -0.271034 -0.962570 0.962570 -0.271034     18.162961 18.162961 1.577086
468.342346 445.975983     1112.667969 248.840820 57.184082     -0.808014 0.589164 -0.589164 -0.808014     23.688002 23.688002 0.925856
468.342346 445.975983     987.390625 316.335938 102.839844     -0.808014 0.589164 -0.589164 -0.808014     23.688002 23.688002 3.925420
477.026306 403.447357     2047.847656 504.754883 126.587402     -0.779293 0.626659 -0.626659 -0.779293     18.845496 18.845496 3.130012
477.026306 403.447357     72.250000 -47.203125 56.648438     -0.779293 0.626659 -0.626659 -0.779293     18.845496 18.845496 6.278723
598.204773 276.966675     1140.943359 257.682617 59.899902     -0.936779 0.349922 -0.349922 -0.936779     20.576768 20.576768 6.289493
411.068481 444.863007     219.316406 -138.646484 299.556641     0.382270 -0.924051 0.924051 0.382270     19.294494 19.294494 1.164247
411.068481 444.863007     9.859375 -15.470703 53.589355     0.382270 -0.924051 0.924051 0.382270     19.294494 19.294494 4.332928
531.392212 84.254494     337.500000 132.660156 59.250000     -0.939531 0.342464 -0.342464 -0.939531     18.870232 18.870232 3.943378
531.392212 84.254494     1821.921875 546.875000 166.875000     -0.939531 0.342464 -0.342464 -0.939531     18.870232 18.870232 4.713488
469.265106 346.513428     817.615234 149.257812 28.681641     -0.935831 -0.352450 0.352450 -0.935831     18.902930 18.902930 1.576264
469.265106 346.513428     5993.191406 1716.550781 501.621094     -0.935831 -0.352450 0.352450 -0.935831     18.902930 18.902930 4.720372
484.569305 323.811890     1620.062500 487.484375 148.042969     -0.991197 -0.132398 0.132398 -0.991197     9.811567 9.811567 1.570471
484.569305 323.811890     328.437500 126.835938 57.134766     -0.991197 -0.132398 0.132398 -0.991197     9.811567 9.811567 4.717776
455.825684 224.058105     1150.960938 127.199219 463.826172     0.121299 -0.992616 0.992616 0.121299     10.967210 10.967210 2.192902
455.825684 224.058105     77.000000 -48.046875 59.382812     0.121299 -0.992616 0.992616 0.121299     10.967210 10.967210 3.137451
493.621277 131.906387     1971.367188 137.302734 92.828125     -0.941870 0.335977 -0.335977 -0.941870     13.412991 13.412991 2.376330
493.621277 131.906387     11.890625 -19.380859 73.000000     -0.941870 0.335977 -0.335977 -0.941870     13.412991 13.412991 4.707879
526.256775 174.808884     632.632812 330.718750 175.718750     -0.736534 0.676400 -0.676400 -0.736534     27.274525 27.274525 0.800608
526.256775 174.808884     6144.414062 1776.937500 524.941406     -0.736534 0.676400 -0.676400 -0.736534     27.274525 27.274525 4.717511
