1.0
720
471.274231 194.141846     4289.375000 -658.515625 102.070312     -0.988977 0.148067 -0.148067 -0.988977     4.422932 4.422932 1.570934
471.274231 194.141846     1751.281250 -91.468750 31.218750     -0.988977 0.148067 -0.148067 -0.988977     4.422932 4.422932 6.103311
465.290527 195.043335     2599.640625 -4.171875 319.765625     -0.988551 0.150888 -0.150888 -0.988551     4.372883 4.372883 1.567758
341.641846 380.781311     152.796875 12.203125 40.093750     -0.997729 -0.067360 0.067360 -0.997729     28.979939 28.979939 1.549445
341.641846 380.781311     113.031250 1.656250 16.304688     -0.997729 -0.067360 0.067360 -0.997729     28.979939 28.979939 2.864307
477.354828 193.116135     44.156250 6.718750 14.453125     -0.988415 0.151778 -0.151778 -0.988415     4.388186 4.388186 1.565380
390.469391 350.965149     4008.062500 -6.328125 1060.875000     -0.998597 0.052954 -0.052954 -0.998597     23.107551 23.107551 1.572546
413.974030 384.905334     1293.562500 -120.062500 13.085938     -0.999998 0.001830 -0.001830 -0.999998     80.468002 80.468002 1.548734
383.123444 419.812958     11.351562 72.421875 994.593750     -0.994320 -0.106428 0.106428 -0.994320     28.025852 28.025852 6.030687
469.462280 334.063263     5080.359375 -212.687500 1233.281250     -0.999854 -0.017115 0.017115 -0.999854     18.154773 18.154773 3.081885
510.659088 331.413635     6769.953125 -1050.523438 164.203125     -0.977523 -0.210827 0.210827 -0.977523     16.227513 16.227513 2.513390
510.659088 331.413635     483.343750 20.140625 159.998047     -0.977523 -0.210827 0.210827 -0.977523     16.227513 16.227513 5.504808
389.833618 312.578949     686.750000 -112.078125 20.855469     -0.995708 0.092555 -0.092555 -0.995708     6.244594 6.244594 1.570601
304.086761 385.428162     153.515625 174.859375 662.410156     -0.073065 -0.997327 0.997327 -0.073065     11.064761 11.064761 0.209087
304.086761 385.428162     661.875000 -106.609375 239.744141     -0.073065 -0.997327 0.997327 -0.073065     11.064761 11.064761 1.591548
497.386017 189.912781     679.015625 -116.968750 22.496094     -0.988170 0.153365 -0.153365 -0.988170     4.848363 4.848363 1.567921
404.154175 168.041672     684.468750 -121.226562 24.000000     -0.998081 -0.061929 0.061929 -0.998081     56.697920 56.697920 1.503655
493.850311 184.115768     7564.671875 -406.156250 1601.671875     -0.987501 0.157616 -0.157616 -0.987501     6.944434 6.944434 1.588729
493.850311 184.115768     699.281250 436.589844 273.102539     -0.987501 0.157616 -0.157616 -0.987501     6.944434 6.944434 4.698755
493.051697 177.226639     8720.281250 -1046.015625 183.449219     -0.986849 0.161642 -0.161642 -0.986849     7.111526 7.111526 1.576272
493.051697 177.226639     569.265625 -93.449219 248.074219     -0.986849 0.161642 -0.161642 -0.986849     7.111526 7.111526 4.714907
191.435425 245.287827     998.656250 -207.125000 235.298828     -0.296519 -0.955027 0.955027 -0.296519     44.825239 44.825239 0.768608
191.435425 245.287827     667.421875 -119.078125 23.611328     -0.296519 -0.955027 0.955027 -0.296519     44.825239 44.825239 3.823668
393.432495 170.039993     6712.609375 -794.804688 149.851562     -0.972779 0.231734 -0.231734 -0.972779     65.882795 65.882795 1.703699
495.757202 190.160309     993.828125 618.576172 385.552246     -0.988119 0.153688 -0.153688 -0.988119     5.270366 5.270366 1.583173
490.795044 156.645966     708.359375 -118.750000 22.607422     -0.985389 0.170317 -0.170317 -0.985389     6.793274 6.793274 1.572957
490.795044 156.645966     1005.812500 -193.460938 253.738281     -0.985389 0.170317 -0.170317 -0.985389     6.793274 6.793274 4.713410
489.973907 149.883530     8802.015625 -477.125000 1742.546875     -0.984568 0.175004 -0.175004 -0.984568     7.046933 7.046933 1.575378
489.973907 149.883530     150.675781 184.132812 814.054688     -0.984568 0.175004 -0.175004 -0.984568     7.046933 7.046933 4.715430
272.404999 90.665001     493.298828 -615.634766 770.117188     -0.848122 -0.529801 0.529801 -0.848122     2.756772 2.756772 4.699827
481.889038 190.217026     457.000000 -64.417969 210.742188     -0.992789 0.119873 -0.119873 -0.992789     34.018862 34.018862 1.605156
481.889038 190.217026     1553.539062 770.064453 427.402832     -0.992789 0.119873 -0.119873 -0.992789     34.018862 34.018862 5.836897
390.851532 166.942749     1020.906250 -207.289062 274.359375     -0.965485 0.260460 -0.260460 -0.965485     67.178878 67.178878 1.741422
488.661835 143.242737     675.234375 -122.921875 24.933594     -0.984349 0.176228 -0.176228 -0.984349     6.813839 6.813839 1.581106
488.661835 143.242737     719.015625 -118.726562 34.591797     -0.984349 0.176228 -0.176228 -0.984349     6.813839 6.813839 4.711273
484.374512 188.484619     5898.437500 -693.484375 149.972656     -0.992949 0.118541 -0.118541 -0.992949     33.362565 33.362565 1.623004
484.374512 188.484619     3987.136719 -908.146484 1013.913086     -0.992949 0.118541 -0.118541 -0.992949     33.362565 33.362565 5.862433
265.004028 86.036148     13.691406 19.851562 372.062500     -0.848889 -0.528571 0.528571 -0.848889     2.806010 2.806010 4.705797
491.531189 163.497162     2.105469 -3.244141 236.179688     -0.986137 0.165932 -0.165932 -0.986137     7.292210 7.292210 1.573967
491.531189 163.497162     259.578125 -9.812500 6.265625     -0.986137 0.165932 -0.165932 -0.986137     7.292210 7.292210 4.716275
190.942429 242.048492     194.171875 215.156250 886.605469     -0.250686 -0.968068 0.968068 -0.250686     45.668608 45.668608 0.764055
190.942429 242.048492     384.953125 -48.914062 201.929688     -0.250686 -0.968068 0.968068 -0.250686     45.668608 45.668608 3.804496
71.315788 241.846893     370.156250 -12.343750 9.031250     0.016525 -0.999863 0.999863 0.016525     6.224299 6.224299 4.678994
144.059357 122.223747     1026.031250 -203.718750 303.269531     0.624761 -0.780816 0.780816 0.624761     3.781640 3.781640 4.706327
389.436584 163.980484     20.417969 -23.898438 735.625000     -0.971098 0.238681 -0.238681 -0.971098     62.824452 62.824452 1.734039
252.142044 81.207390     3674.250000 -512.757812 358.771484     -0.891695 -0.452636 0.452636 -0.891695     27.189899 27.189899 4.745113
389.541931 162.094070     36.234375 -5.765625 12.234375     -0.966423 0.256956 -0.256956 -0.966423     61.878543 61.878543 1.748131
488.443115 136.355286     2332.468750 -277.414062 33.203125     -0.983715 0.179737 -0.179737 -0.983715     7.078312 7.078312 1.577368
488.443115 136.355286     659.125000 -123.683594 24.221680     -0.983715 0.179737 -0.179737 -0.983715     7.078312 7.078312 4.710551
492.082581 166.852295     371.828125 -47.226562 207.236328     -0.986092 0.166198 -0.166198 -0.986092     17.183529 17.183529 1.575871
492.082581 166.852295     1234.562500 -52.984375 13.656250     -0.986092 0.166198 -0.166198 -0.986092     17.183529 17.183529 4.724384
483.156647 186.312958     41.764160 -14.492188 230.355469     -0.993002 0.118099 -0.118099 -0.993002     36.969991 36.969991 1.604738
483.156647 186.312958     22.894531 -26.078125 724.156250     -0.993002 0.118099 -0.118099 -0.993002     36.969991 36.969991 5.904501
191.781998 377.529999     3535.062500 -502.500000 432.111328     -0.055141 -0.998479 0.998479 -0.055141     15.970312 15.970312 1.580436
71.312233 240.814346     3911.531250 -726.732422 955.552734     0.013855 -0.999904 0.999904 0.013855     6.459523 6.459523 4.682979
487.357880 129.753677     1454.703125 -58.625000 16.156250     -0.983043 0.183374 -0.183374 -0.983043     6.801897 6.801897 1.582964
487.357880 129.753677     87.515625 0.093750 13.234375     -0.983043 0.183374 -0.183374 -0.983043     6.801897 6.801897 4.709379
192.139786 240.930115     370.281250 -54.089844 216.996094     -0.274453 -0.961600 0.961600 -0.274453     51.850370 51.850370 0.754415
192.139786 240.930115     62.079590 -20.937500 231.000000     -0.274453 -0.961600 0.961600 -0.274453     51.850370 51.850370 3.822569
388.684174 159.554031     655.062500 -121.093750 24.601562     -0.970031 0.242980 -0.242980 -0.970031     61.975530 61.975530 1.711767
388.684174 159.554031     988.812500 -200.140625 324.126953     -0.970031 0.242980 -0.242980 -0.970031     61.975530 61.975530 4.810714
192.980576 367.812775     99.000000 -12.281250 16.312500     0.033359 -0.999443 0.999443 0.033359     19.932663 19.932663 1.564298
484.264252 172.361435     319.406250 -14.093750 2.718750     -0.988773 0.149427 -0.149427 -0.988773     75.471540 75.471540 1.640086
484.264252 172.361435     4334.531250 -267.898438 473.376953     -0.988773 0.149427 -0.149427 -0.988773     75.471540 75.471540 4.679536
473.025452 264.912720     1891.945312 -40.812500 21.078125     -0.993000 0.118114 -0.118114 -0.993000     2.041174 2.041174 1.555975
473.025452 264.912720     966.468750 -174.312500 343.142578     -0.993000 0.118114 -0.118114 -0.993000     2.041174 2.041174 5.814599
485.552277 124.163399     5953.843750 -851.296875 121.855469     -0.982796 0.184694 -0.184694 -0.982796     4.450648 4.450648 1.575779
485.552277 124.163399     789.578125 -18.796875 0.921875     -0.982796 0.184694 -0.184694 -0.982796     4.450648 4.450648 4.708954
388.606781 158.339981     42.949219 -11.734375 794.250000     -0.966264 0.257554 -0.257554 -0.966264     62.782384 62.782384 1.740067
388.606781 158.339981     365.246094 -20.460938 4.000000     -0.966264 0.257554 -0.257554 -0.966264     62.782384 62.782384 4.814661
72.083054 238.302322     186.636719 204.796875 1090.031250     0.076174 -0.997095 0.997095 0.076174     28.693285 28.693285 2.966906
72.083054 238.302322     72.526367 -4.988281 184.328125     0.076174 -0.997095 0.997095 0.076174     28.693285 28.693285 4.590773
193.412964 366.876343     631.468750 -121.300781 24.044922     0.037111 -0.999311 0.999311 0.037111     21.071386 21.071386 1.569872
193.412964 366.876343     5269.359375 -596.750000 610.898438     0.037111 -0.999311 0.999311 0.037111     21.071386 21.071386 2.673810
452.407990 267.269348     136.751953 -42.835938 226.832031     -0.993193 0.116478 -0.116478 -0.993193     1.941200 1.941200 1.563288
483.785522 169.612244     2256.609375 -58.250000 29.218750     -0.987761 0.155972 -0.155972 -0.987761     84.519080 84.519080 1.647348
483.785522 169.612244     408.976562 -23.710938 4.578125     -0.987761 0.155972 -0.155972 -0.987761     84.519080 84.519080 4.681637
485.002869 124.054596     1.402344 26.937500 774.632812     -0.983430 0.181287 -0.181287 -0.983430     5.343605 5.343605 1.580450
485.002869 124.054596     164.597656 -25.835938 178.164062     -0.983430 0.181287 -0.181287 -0.983430     5.343605 5.343605 4.706932
71.124588 353.757385     9824.625000 -1135.328125 3212.734375     0.010693 -0.999943 0.999943 0.010693     33.318779 33.318779 4.688624
151.223877 132.126862     181.058105 -21.347656 181.437500     0.616353 -0.787470 0.787470 0.616353     7.210222 7.210222 4.716920
388.773529 157.244705     90.557617 -6.781250 6.375000     -0.953158 0.302471 -0.302471 -0.953158     63.612788 63.612788 1.773751
72.116280 237.212204     309.203125 -87.335938 875.164062     0.121201 -0.992628 0.992628 0.121201     34.718047 34.718047 2.868912
72.116280 237.212204     2419.421875 -314.304688 41.214844     0.121201 -0.992628 0.992628 0.121201     34.718047 34.718047 4.537183
485.484772 123.569084     750.914062 470.742188 295.672852     -0.983233 0.182355 -0.182355 -0.983233     6.587402 6.587402 1.582648
485.484772 123.569084     496.378906 -28.656250 5.328125     -0.983233 0.182355 -0.182355 -0.983233     6.587402 6.587402 4.704131
486.252594 123.207039     127.835938 -7.757812 6.500000     -0.982694 0.185236 -0.185236 -0.982694     7.020118 7.020118 1.585641
486.252594 123.207039     214.344727 -33.712891 185.437500     -0.982694 0.185236 -0.185236 -0.982694     7.020118 7.020118 4.704066
465.194153 165.039032     190.594727 -62.585938 190.179688     -0.997624 0.068888 -0.068888 -0.997624     95.975410 95.975410 1.613528
190.789886 365.635071     1717.937500 -355.585938 73.787109     0.009134 -0.999958 0.999958 0.009134     28.755876 28.755876 2.969378
190.789886 365.635071     135.547852 -5.031250 7.968750     0.009134 -0.999958 0.999958 0.009134     28.755876 28.755876 6.101102
494.762878 210.738831     1032.500000 665.185547 430.869141     -0.989937 0.141508 -0.141508 -0.989937     1.639250 1.639250 3.119697
498.454010 210.207718     17711.093750 -2198.148438 296.296875     -0.989932 0.141546 -0.141546 -0.989932     1.635009 1.635009 3.140946
498.454010 210.207718     242.788086 -39.650391 172.835938     -0.989932 0.141546 -0.141546 -0.989932     1.635009 1.635009 4.731669
404.515259 451.576324     7027.562500 -903.421875 117.023438     -0.999716 0.023814 -0.023814 -0.999716     3.098548 3.098548 1.598713
404.515259 451.576324     1037.687500 666.816406 431.232422     -0.999716 0.023814 -0.023814 -0.999716     3.098548 3.098548 4.579116
190.712341 365.208038     60.218750 -3.812500 10.093750     0.015613 -0.999878 0.999878 0.015613     29.428069 29.428069 2.931959
190.712341 365.208038     186.281250 -7.316406 12.046875     0.015613 -0.999878 0.999878 0.015613     29.428069 29.428069 6.070865
192.410263 236.871796     260.932129 -37.722656 159.382812     -0.211233 -0.977436 0.977436 -0.211233     53.695044 53.695044 3.757539
192.410263 236.871796     2714.640625 -561.429688 116.416016     -0.211233 -0.977436 0.977436 -0.211233     53.695044 53.695044 4.685629
70.657814 353.693207     10259.812500 -1383.281250 186.753906     0.044485 -0.999010 0.999010 0.044485     38.264356 38.264356 4.640874
485.361206 117.673004     223.266602 6.960938 16.828125     -0.982006 0.188851 -0.188851 -0.982006     3.811421 3.811421 1.581345
485.361206 117.673004     9103.937500 -1169.281250 151.300781     -0.982006 0.188851 -0.188851 -0.982006     3.811421 3.811421 4.704992
476.296783 159.998459     10751.312500 -1501.835938 210.152344     -0.992147 0.125075 -0.125075 -0.992147     104.150405 104.150405 1.664978
73.297829 233.641312     222.366211 -67.882812 181.320312     0.371070 -0.928605 0.928605 0.371070     49.219952 49.219952 2.479867
73.297829 233.641312     267.857910 -41.343750 151.601562     0.371070 -0.928605 0.928605 0.371070     49.219952 49.219952 4.233179
404.118774 451.978607     10829.796875 -1459.796875 197.089844     -0.999548 0.030071 -0.030071 -0.999548     5.020430 5.020430 1.618101
404.118774 451.978607     2993.203125 -620.425781 128.976562     -0.999548 0.030071 -0.030071 -0.999548     5.020430 5.020430 3.428120
490.278656 211.380203     317.640625 -81.671875 953.726562     -0.989941 0.141481 -0.141481 -0.989941     1.749488 1.749488 3.151456
490.278656 211.380203     10120.703125 -1299.015625 168.007812     -0.989941 0.141481 -0.141481 -0.989941     1.749488 1.749488 4.688516
74.536537 232.194229     3898.125000 -809.695312 168.625000     0.500596 -0.865681 0.865681 0.500596     50.630315 50.630315 2.369656
239.235580 352.399048     12186.312500 -1643.492188 222.089844     -0.034774 -0.999395 0.999395 -0.034774     3.068729 3.068729 1.576827
239.235580 352.399048     13426.687500 -1758.335938 248.605469     -0.034774 -0.999395 0.999395 -0.034774     3.068729 3.068729 4.707049
67.393791 354.131256     11469.890625 -1473.843750 191.156250     0.610761 -0.791815 0.791815 0.610761     54.125348 54.125348 4.095833
67.393791 354.131256     524.628906 -250.484375 1299.367188     0.610761 -0.791815 0.791815 0.610761     54.125348 54.125348 5.528474
191.392700 362.870605     227.735352 -67.366211 182.750000     0.046405 -0.998923 0.998923 0.046405     34.077748 34.077748 2.822866
191.392700 362.870605     14795.062500 -1905.070312 269.500000     0.046405 -0.998923 0.998923 0.046405     34.077748 34.077748 5.949625
74.583961 230.287445     240.325195 2.523438 24.640625     0.590013 -0.807394 0.807394 0.590013     49.736263 49.736263 2.300232
67.165970 353.457977     4834.593750 -1001.507812 208.001953     0.703958 -0.710241 0.710241 0.703958     56.903083 56.903083 3.943143
114.614456 463.240967     12578.078125 -1696.742188 229.500000     -0.996812 0.079783 -0.079783 -0.996812     10.867516 10.867516 4.768059
197.724854 361.054932     11826.718750 -1524.351562 198.714844     0.149119 -0.988819 0.988819 0.149119     77.425168 77.425168 2.708615
197.724854 361.054932     6292.421875 -1082.992188 874.494141     0.149119 -0.988819 0.988819 0.149119     77.425168 77.425168 5.907429
371.572784 254.107391     19724.976562 -1046.296875 566.593750     -0.991665 0.128846 -0.128846 -0.991665     2.764712 2.764712 1.558870
263.887543 93.751007     229.220703 -59.027344 180.851562     -0.847147 -0.531359 0.531359 -0.847147     2.873878 2.873878 4.699494
477.863312 157.805984     12896.718750 -1741.382812 235.863281     -0.990786 0.135439 -0.135439 -0.990786     109.317598 109.317598 1.674945
474.204559 213.654953     12042.656250 -1556.343750 204.421875     -0.989963 0.141328 -0.141328 -0.989963     1.613191 1.613191 1.551447
113.567307 463.089752     1987.546875 -416.105469 87.371582     -0.997979 0.063549 -0.063549 -0.997979     11.028216 11.028216 4.772781
68.023720 352.771912     265.886719 -51.394531 131.710938     -0.834877 0.550436 -0.550436 -0.834877     57.489243 57.489243 0.675626
381.449036 240.151840     5627.078125 -1163.593750 241.350586     -0.991059 0.133422 -0.133422 -0.991059     1.858469 1.858469 1.584525
366.721771 254.528641     261.958984 4.406250 31.421875     -0.991520 0.129954 -0.129954 -0.991520     3.354433 3.354433 1.560418
74.210045 228.082199     20086.281250 -1007.609375 568.746094     -0.708278 0.705934 -0.705934 -0.708278     50.872082 50.872082 0.839149
74.210045 228.082199     5169.968750 -1078.207031 228.251953     -0.708278 0.705934 -0.705934 -0.708278     50.872082 50.872082 5.333612
423.843262 220.073669     371.523438 -95.468750 991.484375     -0.991293 0.131678 -0.131678 -0.991293     14.430498 14.430498 2.681735
427.714294 102.972351     12954.906250 -1748.687500 237.144531     -0.979239 0.202708 -0.202708 -0.979239     1.902680 1.902680 1.612967
114.005524 462.972382     6039.937500 -1249.023438 259.215820     -0.999226 0.039345 -0.039345 -0.999226     12.544143 12.544143 4.766680
271.868347 98.815193     11522.421875 -1478.390625 196.464844     -0.840254 -0.542194 0.542194 -0.840254     5.766830 5.766830 4.696671
192.647659 233.405289     31545.031250 -3749.076172 2022.277344     -0.147181 -0.989110 0.989110 -0.147181     55.327113 55.327113 4.685608
377.113373 230.979752     20013.968750 -952.867188 571.382812     -0.990630 0.136572 -0.136572 -0.990630     2.450309 2.450309 2.814582
377.113373 230.979752     6250.125000 -1289.695312 267.322266     -0.990630 0.136572 -0.136572 -0.990630     2.450309 2.450309 3.109810
431.621094 102.121094     11929.453125 -1546.664062 230.718750     -0.979319 0.202323 -0.202323 -0.979319     2.077017 2.077017 1.627170
73.790924 227.352066     235.942383 -55.314453 183.808594     -0.757104 0.653295 -0.653295 -0.757104     51.388683 51.388683 0.773748
73.790924 227.352066     274.638672 1.171875 35.187500     -0.757104 0.653295 -0.653295 -0.757104     51.388683 51.388683 2.204307
406.209381 221.637741     12042.000000 -1565.906250 232.667969     -0.992366 0.123325 -0.123325 -0.992366     21.639782 21.639782 1.599685
406.209381 221.637741     6694.078125 -1292.718750 961.466797     -0.992366 0.123325 -0.123325 -0.992366     21.639782 21.639782 2.536106
69.398163 352.084229     270.952148 -45.394531 138.492188     -0.911460 0.411388 -0.411388 -0.911460     56.013653 56.013653 0.539353
69.398163 352.084229     12695.187500 -844.078125 3970.734375     -0.911460 0.411388 -0.411388 -0.911460     56.013653 56.013653 1.847063
390.290100 251.245544     5858.968750 -1206.316406 251.155273     -0.991836 0.127520 -0.127520 -0.991836     4.198470 4.198470 1.565407
271.203308 98.085060     16981.687500 -942.085938 458.710938     -0.840818 -0.541318 0.541318 -0.840818     6.261633 6.261633 4.699930
112.244812 463.095428     346.803711 9.773438 40.500000     -0.999123 0.041881 -0.041881 -0.999123     15.418780 15.418780 4.772603
404.459290 236.918564     17226.546875 -1094.218750 473.843750     -0.991035 0.133606 -0.133606 -0.991035     2.025624 2.025624 1.578073
398.046051 250.072861     173.300781 171.546875 233.943359     -0.991839 0.127493 -0.127493 -0.991839     4.448027 4.448027 1.576904
203.584702 222.557724     244.242188 -48.234375 239.414062     0.218342 -0.975872 0.975872 0.218342     102.823735 102.823735 4.896870
70.721313 351.142487     6781.859375 -1325.835938 1010.699219     -0.949397 0.314077 -0.314077 -0.949397     54.541689 54.541689 0.467371
70.721313 351.142487     170.753906 178.132812 265.628906     -0.949397 0.314077 -0.314077 -0.949397     54.541689 54.541689 1.982321
437.233795 100.901405     18225.843750 -1139.750000 508.628906     -0.979272 0.202550 -0.202550 -0.979272     2.428381 2.428381 1.621086
404.979675 236.784683     271.633789 -46.880859 152.757812     -0.991033 0.133619 -0.133619 -0.991033     2.242002 2.242002 1.599768
406.980713 248.742142     33533.171875 -3384.999023 2035.394043     -0.991851 0.127406 -0.127406 -0.991851     4.727669 4.727669 1.579246
399.054779 227.821701     34072.515625 1648.710938 5404.843750     -0.990383 0.138350 -0.138350 -0.990383     2.685021 2.685021 1.565384
73.225060 225.967850     289.359375 67.085938 35.402344     -0.802930 0.596074 -0.596074 -0.802930     51.490292 51.490292 0.722793
73.225060 225.967850     263.277832 -79.687500 294.996094     -0.802930 0.596074 -0.596074 -0.802930     51.490292 51.490292 2.168079
71.616737 350.480164     546.835938 221.503906 241.220703     -0.952602 0.304219 -0.304219 -0.952602     52.939241 52.939241 5.025357
409.388306 236.132980     324.417969 90.390625 47.800781     -0.991037 0.133590 -0.133590 -0.991037     2.512016 2.512016 1.613185
435.119904 101.285370     129.671875 31.496094 61.164062     -0.979181 0.202987 -0.202987 -0.979181     2.701255 2.701255 1.603895
198.024567 359.049622     32476.609375 912.164062 5362.224609     0.125351 -0.992112 0.992112 0.125351     78.887652 78.887652 2.779702
198.024567 359.049622     59.939453 -15.257812 21.031250     0.125351 -0.992112 0.992112 0.125351     78.887652 78.887652 5.929397
415.261047 247.529633     271.730469 -31.515625 365.140625     -0.991861 0.127323 -0.127323 -0.991861     5.042151 5.042151 1.581194
405.788269 224.647659     278.194336 -39.072266 167.414062     -0.991387 0.130965 -0.130965 -0.991387     18.785188 18.785188 1.557248
405.788269 224.647659     286.262695 -34.109375 385.140625     -0.991387 0.130965 -0.130965 -0.991387     18.785188 18.785188 2.689736
483.226654 153.834198     133.562439 -17.683594 20.437500     -0.986694 0.162586 -0.162586 -0.986694     114.108886 114.108886 1.667445
483.226654 153.834198     309.421387 -54.769531 146.664062     -0.986694 0.162586 -0.162586 -0.986694     114.108886 114.108886 4.654676
205.575150 220.890686     216.139221 -21.494141 21.812500     0.279337 -0.960193 0.960193 0.279337     101.414758 101.414758 4.337409
205.575150 220.890686     277.857727 -28.743164 40.796875     0.279337 -0.960193 0.960193 0.279337     101.414758 101.414758 4.831570
72.606232 349.467407     44.952148 12.601562 26.718750     -0.940941 0.338570 -0.338570 -0.940941     50.735526 50.735526 1.763907
72.606232 349.467407     32.647842 3.173340 48.062500     -0.940941 0.338570 -0.338570 -0.940941     50.735526 50.735526 4.946386
445.450012 99.090385     146.508057 -41.130859 43.625000     -0.979097 0.203394 -0.203394 -0.979097     2.922279 2.922279 1.632544
417.163422 234.973358     78.173828 -23.343750 24.109375     -0.991027 0.133658 -0.133658 -0.991027     2.965809 2.965809 1.600671
412.489929 224.730148     145.118256 -54.183594 47.796875     -0.991511 0.130021 -0.130021 -0.991511     19.106319 19.106319 2.633255
412.489929 224.730148     940.710449 39.992188 75.359375     -0.991511 0.130021 -0.130021 -0.991511     19.106319 19.106319 3.041707
425.934174 245.802017     1123.370361 29.814453 130.515625     -0.991843 0.127468 -0.127468 -0.991843     5.941566 5.941566 1.582317
204.440964 220.390808     1144.782959 14.291016 144.328125     0.283077 -0.959097 0.959097 0.283077     95.533474 95.533474 4.417099
204.440964 220.390808     36.062500 -3.062500 28.656250     0.283077 -0.959097 0.959097 0.283077     95.533474 95.533474 4.868939
72.814865 224.612579     1178.663574 29.203125 164.343750     -0.811388 0.584508 -0.584508 -0.811388     52.134138 52.134138 0.695639
72.814865 224.612579     146.644531 7.460938 41.109375     -0.811388 0.584508 -0.584508 -0.811388     52.134138 52.134138 5.129522
411.502533 224.704361     8.609375 11.757812 179.218750     -0.991786 0.127912 -0.127912 -0.991786     21.953553 21.953553 1.560770
411.502533 224.704361     16.347656 17.109375 168.546875     -0.991786 0.127912 -0.127912 -0.991786     21.953553 21.953553 2.573040
72.454216 347.980225     99.980469 -2.703125 28.812500     -0.938733 0.344646 -0.344646 -0.938733     48.630031 48.630031 4.994641
455.170105 97.014305     1224.358154 42.037109 192.546875     -0.979206 0.202868 -0.202868 -0.979206     3.223365 3.223365 1.648381
421.454956 234.301529     113.734375 55.789062 139.312500     -0.991023 0.133692 -0.133692 -0.991023     3.497164 3.497164 1.630786
430.186127 244.988007     120.542969 100.398438 328.875000     -0.991793 0.127856 -0.127856 -0.991793     6.680352 6.680352 1.591468
488.878174 150.510071     214.425781 -17.351562 131.343750     -0.981974 0.189015 -0.189015 -0.981974     116.134438 116.134438 1.661551
488.878174 150.510071     122.013550 9.417969 12.375000     -0.981974 0.189015 -0.189015 -0.981974     116.134438 116.134438 4.665180
353.580597 221.652817     39.374023 4.017578 23.500000     -0.998521 0.054371 -0.054371 -0.998521     101.586616 101.586616 1.594033
72.070419 223.484634     123.730957 47.716797 81.781250     -0.830400 0.557167 -0.557167 -0.830400     53.481222 53.481222 0.623340
72.070419 223.484634     116.183594 68.445312 331.687500     -0.830400 0.557167 -0.557167 -0.830400     53.481222 53.481222 2.171009
459.799988 96.012672     42.041504 4.066406 24.609375     -0.979243 0.202692 -0.202692 -0.979243     3.497878 3.497878 1.595221
484.141602 79.769913     1215.472900 144.712891 378.281250     -0.978778 0.204923 -0.204923 -0.978778     1.770530 1.770530 1.566814
484.141602 79.769913     283.035156 11.351562 143.250000     -0.978778 0.204923 -0.204923 -0.978778     1.770530 1.770530 2.329753
422.697083 234.047028     18.962484 4.118408 62.250000     -0.991006 0.133818 -0.133818 -0.991006     3.817036 3.817036 1.600773
433.148102 244.219055     1323.434570 246.230469 500.687500     -0.991748 0.128204 -0.128204 -0.991748     8.090443 8.090443 1.588806
475.821167 84.226280     33.814819 -3.681152 30.234375     -0.978775 0.204938 -0.204938 -0.978775     2.234079 2.234079 1.554011
71.142685 347.016602     48.128906 2.693359 26.968750     -0.947057 0.321067 -0.321067 -0.947057     48.107377 48.107377 4.971121
463.520966 95.214737     294.351562 14.765625 151.234375     -0.979277 0.202525 -0.202525 -0.979277     3.783615 3.783615 1.601888
356.368530 221.032822     22.562500 -4.796875 19.447266     -0.998677 0.051421 -0.051421 -0.998677     102.306024 102.306024 1.602097
467.007904 84.526016     110.046875 21.851562 488.140625     -0.978912 0.204282 -0.204282 -0.978912     8.110501 8.110501 1.562424
467.007904 84.526016     20.681717 4.307861 34.140625     -0.978912 0.204282 -0.204282 -0.978912     8.110501 8.110501 6.426791
199.576584 358.033386     1411.132812 438.621094 878.468750     0.148827 -0.988863 0.988863 0.148827     85.043459 85.043459 2.684040
199.576584 358.033386     31.575195 -15.125000 39.093750     0.148827 -0.988863 0.988863 0.148827     85.043459 85.043459 5.896155
426.084045 233.516983     1819.125000 -42.437500 1.140625     -0.991011 0.133780 -0.133780 -0.991011     4.681615 4.681615 1.613979
466.020294 94.705750     21.945312 -2.539062 31.160156     -0.979274 0.202538 -0.202538 -0.979274     4.238602 4.238602 1.602286
432.659332 243.362640     16.439247 -6.203125 37.117188     -0.991860 0.127335 -0.127335 -0.991860     11.621221 11.621221 1.583990
432.659332 243.362640     98.629578 0.933105 50.710938     -0.991860 0.127335 -0.127335 -0.991860     11.621221 11.621221 6.044242
355.626587 220.694489     1473.035645 578.757812 1325.359375     -0.998807 0.048834 -0.048834 -0.998807     103.087831 103.087831 1.588860
469.748962 94.001022     1778.625000 -44.109375 1.312500     -0.979360 0.202125 -0.202125 -0.979360     4.822438 4.822438 1.569638
431.133606 239.680969     30.718750 -1.351562 17.393555     -0.991659 0.128890 -0.128890 -0.991659     24.520685 24.520685 6.245749
71.613846 222.442795     376.992188 -43.410156 5.929688     -0.844478 0.535590 -0.535590 -0.844478     54.879104 54.879104 0.600853
71.613846 222.442795     25.265625 -0.917969 22.464844     -0.844478 0.535590 -0.535590 -0.844478     54.879104 54.879104 2.110492
433.988281 239.056320     31.343750 2.011719 39.230469     -0.991612 0.129253 -0.129253 -0.991612     24.047889 24.047889 6.206855
489.161743 149.051208     387.656250 35.875000 162.953125     -0.977645 0.210264 -0.210264 -0.977645     117.642039 117.642039 1.667687
489.161743 149.051208     9.628906 14.578125 73.546875     -0.977645 0.210264 -0.210264 -0.977645     117.642039 117.642039 4.673373
70.216911 346.207031     1673.812500 -50.281250 2.296875     -0.955209 0.295933 -0.295933 -0.955209     50.196385 50.196385 4.986416
473.451385 93.611832     108.115295 7.822266 61.929688     -0.979437 0.201750 -0.201750 -0.979437     7.354126 7.354126 1.561100
396.562073 229.234375     33.593750 12.492188 82.584961     -0.998389 0.056741 -0.056741 -0.998389     90.579733 90.579733 1.589405
473.926331 93.776138     27.500000 4.265625 51.193359     -0.979435 0.201762 -0.201762 -0.979435     8.851347 8.851347 1.559805
402.759155 227.680054     1663.781250 -49.921875 2.281250     -0.997892 0.064903 -0.064903 -0.997892     90.300564 90.300564 1.570640
402.759155 227.680054     18.156250 3.082031 77.640625     -0.997892 0.064903 -0.064903 -0.997892     90.300564 90.300564 2.623586
249.193985 156.949829     8.415039 -2.398438 85.730469     -0.642630 -0.766177 0.766177 -0.642630     24.406486 24.406486 2.033544
249.193985 156.949829     33.562500 10.019531 101.283203     -0.642630 -0.766177 0.766177 -0.642630     24.406486 24.406486 4.114042
71.381584 223.078766     4.070312 4.757812 127.085938     -0.724564 0.689208 -0.689208 -0.724564     62.602323 62.602323 0.688294
71.381584 223.078766     281.222656 -23.906250 12.867188     -0.724564 0.689208 -0.689208 -0.724564     62.602323 62.602323 5.376775
485.873108 148.718155     120.111389 -5.857422 65.859375     -0.976902 0.213690 -0.213690 -0.976902     120.804909 120.804909 1.691222
485.873108 148.718155     27.859375 5.753906 88.576172     -0.976902 0.213690 -0.213690 -0.976902     120.804909 120.804909 4.676187
247.908844 155.328735     1654.585938 313.113281 4343.953125     -0.609370 -0.792886 0.792886 -0.609370     26.181484 26.181484 2.024119
247.908844 155.328735     107.820312 18.757812 581.617188     -0.609370 -0.792886 0.792886 -0.609370     26.181484 26.181484 4.077945
402.809021 225.731094     384.886719 -47.824219 8.218750     -0.997954 0.063935 -0.063935 -0.997954     93.920684 93.920684 1.589653
69.753548 345.382385     9.710938 14.687500 78.234375     -0.944766 0.327746 -0.327746 -0.944766     52.573884 52.573884 5.020212
241.556183 152.281906     132.531250 -16.562500 34.746094     -0.771357 -0.636402 0.636402 -0.771357     37.033411 37.033411 2.127320
241.556183 152.281906     25.671875 10.417969 395.441406     -0.771357 -0.636402 0.636402 -0.771357     37.033411 37.033411 4.732141
289.541138 144.943726     4.625000 8.191406 86.785156     -0.970614 -0.240640 0.240640 -0.970614     19.495984 19.495984 1.475742
70.633118 223.864563     36.937500 10.109375 107.617188     0.634355 -0.773042 0.773042 0.634355     63.302489 63.302489 3.930837
242.366730 153.149811     301.899536 -64.078613 14.937500     -0.885395 -0.464839 0.464839 -0.885395     50.297350 50.297350 4.809334
222.186493 103.810814     59.591797 -51.617188 73.500000     -0.958406 -0.285407 0.285407 -0.958406     20.564099 20.564099 4.848345
143.933777 339.516571     4.281250 6.093750 153.304688     -0.931697 -0.363237 0.363237 -0.931697     31.462956 31.462956 1.284188
149.289154 437.887543     282.000000 -35.078125 37.089844     -0.945214 0.326451 -0.326451 -0.945214     17.865408 17.865408 3.351970
69.049736 344.419189     317.171875 -38.496094 17.093750     -0.953193 0.302363 -0.302363 -0.953193     56.028147 56.028147 5.009907
84.929970 296.825409     2438.812500 -65.812500 2.453125     -0.956454 0.291882 -0.291882 -0.956454     51.298021 51.298021 1.832081
84.929970 296.825409     934.296875 -7.468750 -0.015625     -0.956454 0.291882 -0.291882 -0.956454     51.298021 51.298021 3.279505
90.027954 369.406830     1405.236084 -324.251953 76.500000     -0.890547 -0.454891 0.454891 -0.890547     20.265933 20.265933 5.524236
57.054825 428.787292     312.605469 -42.332031 18.921875     -0.943672 0.330882 -0.330882 -0.943672     24.317992 24.317992 3.871774
96.225410 438.270477     43.989990 -42.372070 109.746094     -0.937244 0.348673 -0.348673 -0.937244     17.673633 17.673633 1.751126
96.225410 438.270477     757.875000 -97.109375 45.234375     -0.937244 0.348673 -0.348673 -0.937244     17.673633 17.673633 3.745484
52.224033 431.604675     435.347656 167.703125 2335.515625     -0.998938 -0.046068 0.046068 -0.998938     38.583418 38.583418 4.708787
55.991261 427.026764     4.371094 5.320312 177.320312     -0.999550 -0.029988 0.029988 -0.999550     51.233075 51.233075 4.715469
57.332928 425.851746     4.500000 13.222656 158.046875     -0.999898 -0.014280 0.014280 -0.999898     54.023250 54.023250 4.717042
245.930328 439.204926     26.123047 -5.777344 29.796875     -0.940908 0.338663 -0.338663 -0.940908     23.621338 23.621338 0.358482
245.930328 439.204926     32.062500 21.601562 440.611328     -0.940908 0.338663 -0.338663 -0.940908     23.621338 23.621338 0.770146
238.702194 439.199066     52.625000 70.070312 457.535156     -0.997535 -0.070173 0.070173 -0.997535     28.667693 28.667693 0.800091
238.702194 439.199066     34.906250 28.882812 388.347656     -0.997535 -0.070173 0.070173 -0.997535     28.667693 28.667693 1.359801
206.395065 370.065857     398.429688 -58.988281 25.125000     -0.068432 -0.997656 0.997656 -0.068432     12.570136 12.570136 3.424584
207.809525 370.551819     1561.316406 -61.101562 20.515625     -0.110350 -0.993893 0.993893 -0.110350     17.104752 17.104752 3.444908
239.416870 440.430725     58.238281 6.835938 28.539062     -0.988811 -0.149173 0.149173 -0.988811     32.383472 32.383472 2.424114
239.416870 440.430725     1327.491943 -303.477539 71.679688     -0.988811 -0.149173 0.149173 -0.988811     32.383472 32.383472 4.384858
216.084991 374.108887     119.015625 -9.250000 29.664062     -0.623120 -0.782126 0.782126 -0.623120     37.457537 37.457537 4.007391
216.800156 367.168030     747.160156 -58.445312 2215.812500     -0.374160 -0.927364 0.927364 -0.374160     40.258163 40.258163 3.838584
37.539131 383.786957     1395.972656 -204.386719 125.398438     -0.996384 -0.084967 0.084967 -0.996384     15.307858 15.307858 4.705404
83.286163 383.072327     77.140625 -8.289062 27.984375     -0.972679 -0.232153 0.232153 -0.972679     21.364865 21.364865 4.585487
34.832462 379.146606     3377.187500 -423.375000 84.960938     -0.837379 -0.546622 0.546622 -0.837379     32.020533 32.020533 4.262196
218.462250 362.266174     71.585938 20.640625 22.375000     -0.279194 -0.960235 0.960235 -0.279194     44.155691 44.155691 3.696141
82.974579 382.994354     1497.332031 -218.707031 123.554688     -0.976275 -0.216533 0.216533 -0.976275     21.910640 21.910640 4.641803
32.079849 212.863113     10.808594 -0.562500 52.562500     -0.847746 0.530403 -0.530403 -0.847746     23.782496 23.782496 0.459065
32.079849 212.863113     9449.015625 -206.640625 5.453125     -0.847746 0.530403 -0.530403 -0.847746     23.782496 23.782496 2.271269
82.526695 382.995148     57.000000 67.671875 532.601562     -0.992243 -0.124315 0.124315 -0.992243     23.222489 23.222489 1.446307
82.526695 382.995148     228.687500 -52.390625 16.493652     -0.992243 -0.124315 0.124315 -0.992243     23.222489 23.222489 4.722873
31.898148 214.827164     4885.437500 -610.656250 108.109375     0.179786 -0.983706 0.983706 0.179786     25.121854 25.121854 4.315144
346.821930 142.342468     126.859375 -11.460938 28.062500     -0.808963 0.587860 -0.587860 -0.808963     17.978304 17.978304 2.145650
219.961197 353.377319     40.246094 16.738281 18.757812     -0.057507 -0.998345 0.998345 -0.057507     46.935707 46.935707 3.233401
219.961197 353.377319     33.533203 -40.453125 89.640625     -0.057507 -0.998345 0.998345 -0.057507     46.935707 46.935707 6.302549
108.485817 197.237595     5671.298828 1546.488281 5417.125000     0.615951 -0.787784 0.787784 0.615951     19.998080 19.998080 2.224919
108.485817 197.237595     4.347656 3.937500 190.867188     0.615951 -0.787784 0.787784 0.615951     19.998080 19.998080 3.999454
578.961731 443.280853     1433.050781 -86.828125 147.851562     -0.999728 0.023324 -0.023324 -0.999728     1.745970 1.745970 1.568089
346.914886 144.145386     141.097656 18.664062 113.445312     0.249183 -0.968456 0.968456 0.249183     20.764472 20.764472 2.631654
346.914886 144.145386     260.222656 -175.132812 157.382812     0.249183 -0.968456 0.968456 0.249183     20.764472 20.764472 4.306412
579.084534 443.202209     1510.243408 -369.205078 91.937500     -0.999693 0.024795 -0.024795 -0.999693     2.103316 2.103316 1.565110
545.084656 102.629036     136.179688 27.968750 130.046875     -0.994997 0.099904 -0.099904 -0.994997     18.694155 18.694155 1.584168
203.813400 276.497620     41.968750 37.453125 483.773438     -0.993404 0.114669 -0.114669 -0.993404     4.313554 4.313554 1.544179
429.189911 126.461243     960.031250 -211.613281 52.208008     -0.958210 0.286066 -0.286066 -0.958210     21.198196 21.198196 1.849625
429.189911 126.461243     1389.542969 -322.855469 80.187500     -0.958210 0.286066 -0.286066 -0.958210     21.198196 21.198196 4.863517
347.423553 149.793396     4.625000 14.457031 182.246094     0.008111 -0.999967 0.999967 0.008111     21.689043 21.689043 2.930480
347.423553 149.793396     295.230469 -221.496094 206.984375     0.008111 -0.999967 0.999967 0.008111     21.689043 21.689043 6.238708
545.324341 105.643242     1092.000000 -205.359375 41.559570     -0.233688 -0.972312 0.972312 -0.233688     24.998401 24.998401 0.174270
195.214951 452.383179     1001.062500 -217.437500 54.048828     -0.212350 -0.977194 0.977194 -0.212350     11.438324 11.438324 1.614512
582.112610 442.715820     9549.765625 -199.812500 5.281250     -0.999549 0.030040 -0.030040 -0.999549     3.988836 3.988836 1.550493
546.155457 109.737045     195.023438 122.542969 98.920898     -0.233619 -0.972328 0.972328 -0.233619     24.889628 24.889628 0.231566
429.617340 129.946426     18823.960938 -2880.210938 6345.148438     -0.171950 -0.985106 0.985106 -0.171950     23.276546 23.276546 0.183468
429.617340 129.946426     1524.835449 -366.521484 90.011719     -0.171950 -0.985106 0.985106 -0.171950     23.276546 23.276546 3.201967
202.972336 276.608704     49.060059 -9.479492 82.464844     -0.992376 0.123245 -0.123245 -0.992376     5.386173 5.386173 1.539714
581.199524 442.662720     142.875000 -12.390625 271.769531     -0.999550 0.030006 -0.030006 -0.999550     3.981001 3.981001 1.549420
349.761627 185.994186     388.683594 -242.324219 251.757812     -0.051605 -0.998668 0.998668 -0.051605     19.090286 19.090286 1.495152
349.761627 185.994186     1209.500000 -262.746094 65.193848     -0.051605 -0.998668 0.998668 -0.051605     19.090286 19.090286 3.093758
105.353661 242.178864     1119.296875 -208.925781 44.138672     0.030977 -0.999520 0.999520 0.030977     12.996127 12.996127 3.075985
546.109497 111.642509     19.218750 1.593750 23.609375     -0.143353 -0.989672 0.989672 -0.143353     25.500026 25.500026 3.089653
546.109497 111.642509     53.898438 14.792969 25.759766     -0.143353 -0.989672 0.989672 -0.143353     25.500026 25.500026 6.352948
192.242859 346.252380     92.441406 -14.412109 51.331055     -0.038590 -0.999255 0.999255 -0.038590     8.871475 8.871475 1.567420
205.125000 299.837952     434.367188 37.109375 61.871094     -0.996116 0.088045 -0.088045 -0.996116     14.757088 14.757088 3.115874
429.938446 133.429108     18.781250 0.070312 23.396484     -0.093519 -0.995618 0.995618 -0.093519     23.520372 23.520372 3.112641
429.938446 133.429108     18.562500 0.671875 22.888672     -0.093519 -0.995618 0.995618 -0.093519     23.520372 23.520372 6.359526
220.144669 351.082825     17.582031 -5.125000 69.953125     -0.039498 -0.999220 0.999220 -0.039498     46.565508 46.565508 3.186294
220.144669 351.082825     16.257812 3.109375 55.296875     -0.039498 -0.999220 0.999220 -0.039498     46.565508 46.565508 6.276969
202.564194 276.425690     510.492188 -206.511719 218.960938     -0.992280 0.124018 -0.124018 -0.992280     6.737278 6.737278 1.543118
195.270828 452.329163     1656.843750 -127.867188 138.620605     -0.201113 -0.979568 0.979568 -0.201113     11.644030 11.644030 1.620550
348.347321 167.138397     429.500000 18.726562 69.968750     -0.028141 -0.999604 0.999604 -0.028141     22.669725 22.669725 4.673431
208.169815 299.079254     487.500000 -107.488281 25.508057     -0.993700 0.112069 -0.112069 -0.993700     15.354472 15.354472 3.236513
546.231750 112.598312     11514.484375 -1983.031250 424.113281     -0.138860 -0.990312 0.990312 -0.138860     26.819387 26.819387 3.066576
546.231750 112.598312     315.593750 -132.015625 105.734375     -0.138860 -0.990312 0.990312 -0.138860     26.819387 26.819387 6.336495
29.343613 199.035248     16959.964844 -4379.269531 10316.234375     -0.978029 0.208471 -0.208471 -0.978029     5.088907 5.088907 4.700781
151.154327 453.296295     21.632812 0.945312 51.781250     0.658210 -0.752834 0.752834 0.658210     17.113242 17.113242 1.099892
192.155106 343.979584     541.855469 -173.351562 205.294922     -0.040789 -0.999168 0.999168 -0.040789     9.036471 9.036471 1.562203
564.761902 239.385712     760.218750 -107.523438 15.656250     0.326538 -0.945184 0.945184 0.326538     20.603841 20.603841 1.143480
564.761902 239.385712     283.531250 -75.796875 24.892334     0.326538 -0.945184 0.945184 0.326538     20.603841 20.603841 4.216067
429.847687 134.528152     307.484375 -138.125000 118.187500     -0.059487 -0.998229 0.998229 -0.059487     24.101425 24.101425 3.042916
429.847687 134.528152     2.843750 -0.437500 133.867188     -0.059487 -0.998229 0.998229 -0.059487     24.101425 24.101425 6.294990
611.027405 234.104004     24464.949219 -8710.898438 12289.539062     -0.990287 0.139041 -0.139041 -0.990287     25.521269 25.521269 3.225298
611.027405 234.104004     932.687500 -201.492188 45.816406     -0.990287 0.139041 -0.139041 -0.990287     25.521269 25.521269 6.292612
210.598801 298.449097     305.171875 -139.984375 123.757812     -0.992125 0.125248 -0.125248 -0.992125     15.739654 15.739654 3.326019
559.673828 240.978577     1100.093750 -253.761719 63.479492     -0.993673 0.112316 -0.112316 -0.993673     25.092848 25.092848 3.134440
559.673828 240.978577     4.609375 4.246094 204.117188     -0.993673 0.112316 -0.112316 -0.993673     25.092848 25.092848 6.261885
348.632050 169.320374     591.320312 -115.539062 24.258789     -0.025005 -0.999687 0.999687 -0.025005     23.410314 23.410314 4.675191
207.872391 276.196655     50.851562 7.617188 16.156250     -0.996015 0.089182 -0.089182 -0.996015     11.130823 11.130823 5.903610
565.929077 442.871979     26.804688 -6.531250 60.781250     -0.999636 0.026983 -0.026983 -0.999636     3.701646 3.701646 1.548788
369.533661 447.528839     620.187500 -164.111328 51.994385     -0.999968 0.007993 -0.007993 -0.999968     0.000000 0.000000 1.570796
369.533661 447.528839     2279.343750 -511.960938 119.433105     -0.999968 0.007993 -0.007993 -0.999968     0.000000 0.000000 4.712389
159.295502 446.144806     17.367188 0.210938 37.234375     -0.742131 0.670254 -0.670254 -0.742131     16.498810 16.498810 4.918859
489.331055 247.788391     1420.093750 -197.187500 28.125000     -0.996880 -0.078937 0.078937 -0.996880     20.578469 20.578469 2.658078
489.331055 247.788391     1557.656250 -316.714844 65.801758     -0.996880 -0.078937 0.078937 -0.996880     20.578469 20.578469 5.678926
548.508972 127.689651     274.890625 -138.500000 141.939453     -0.153216 -0.988193 0.988193 -0.153216     27.250931 27.250931 4.692962
56.383064 193.084671     47.062500 4.890625 28.054688     -0.974340 0.225080 -0.225080 -0.974340     5.683688 5.683688 4.695409
230.260971 275.597565     381.406250 -44.187500 122.361328     -0.998873 0.047468 -0.047468 -0.998873     15.613966 15.613966 5.575668
211.929703 297.766449     198.625000 8.265625 54.406250     -0.990169 0.139876 -0.139876 -0.990169     16.188642 16.188642 3.377676
51.453335 248.888885     1732.062500 -354.058594 73.875977     0.439867 -0.898063 0.898063 0.439867     21.691843 21.691843 5.484293
593.885864 236.417542     312.187500 -33.312500 6.304688     -0.991164 0.132644 -0.132644 -0.991164     25.550558 25.550558 3.229753
593.885864 236.417542     378.359375 -58.031250 129.105469     -0.991164 0.132644 -0.132644 -0.991164     25.550558 25.550558 6.280436
487.541779 248.792358     163.312500 -20.421875 5.000000     -0.999870 -0.016136 0.016136 -0.999870     22.777661 22.777661 2.847671
487.541779 248.792358     618.875000 -148.152344 36.153320     -0.999870 -0.016136 0.016136 -0.999870     22.777661 22.777661 5.984095
192.190308 342.152252     9498.906250 -202.703125 5.765625     -0.030719 -0.999528 0.999528 -0.030719     9.230578 9.230578 1.563250
158.884613 319.923065     25846.761719 -9367.851562 12566.250000     0.590337 -0.807157 0.807157 0.590337     21.057703 21.057703 0.699032
158.884613 319.923065     382.656250 -47.421875 9.367188     0.590337 -0.807157 0.807157 0.590337     21.057703 21.057703 3.840181
349.368713 171.088959     119.226562 19.562500 29.421875     -0.052654 -0.998613 0.998613 -0.052654     25.024013 25.024013 4.683933
509.643829 444.153931     380.515625 -56.296875 127.064453     -0.999713 0.023951 -0.023951 -0.999713     3.646112 3.646112 1.559308
549.093628 130.751419     4278.406250 -583.875000 80.445312     -0.165830 -0.986154 0.986154 -0.165830     28.758524 28.758524 4.699015
431.276672 150.455338     1070.484375 -257.808594 63.353516     -0.080914 -0.996721 0.996721 -0.080914     25.678222 25.678222 4.680379
209.589951 297.698547     449.750000 -63.078125 13.289062     -0.988311 0.152453 -0.152453 -0.988311     18.014438 18.014438 3.488102
239.190552 275.914673     56.476562 6.734375 12.671875     -0.999217 0.039563 -0.039563 -0.999217     19.142937 19.142937 5.584357
161.697083 321.018250     1827.593750 -427.759766 110.346680     -0.976824 -0.214043 0.214043 -0.976824     23.400505 23.400505 1.380884
59.040627 192.710938     2271.671875 -508.957031 116.109375     -0.974770 0.223210 -0.223210 -0.974770     6.655250 6.655250 4.668743
313.547180 220.033020     1436.750000 -176.203125 25.097656     -0.982158 0.188057 -0.188057 -0.982158     7.380592 7.380592 1.543698
51.521885 249.757568     11.707031 -1.417969 24.015625     0.415492 -0.909597 0.909597 0.415492     21.597906 21.597906 5.517662
419.384949 258.234406     850.062500 -114.625000 20.414062     -0.994794 0.101904 -0.101904 -0.994794     24.114508 24.114508 3.110635
419.384949 258.234406     280.286133 -79.614258 24.107422     -0.994794 0.101904 -0.101904 -0.994794     24.114508 24.114508 6.248826
175.179108 409.920410     353.984375 -50.578125 109.035156     0.107117 -0.994246 0.994246 0.107117     13.768312 13.768312 5.903512
228.868790 283.364197     12.523438 -0.324219 21.976562     -0.987914 0.155005 -0.155005 -0.987914     43.473316 43.473316 6.419193
369.673126 264.404419     12.160156 -0.222656 22.882812     -0.986804 0.161921 -0.161921 -0.986804     23.219412 23.219412 3.227648
369.673126 264.404419     276.558105 -77.800781 23.677734     -0.986804 0.161921 -0.161921 -0.986804     23.219412 23.219412 6.385361
544.202698 242.753220     442.531250 -39.304688 6.406250     -0.992089 0.125538 -0.125538 -0.992089     25.211001 25.211001 3.230864
544.202698 242.753220     1828.750000 -233.109375 35.726562     -0.992089 0.125538 -0.125538 -0.992089     25.211001 25.211001 6.211767
151.996338 364.278381     327.511719 -89.679688 26.652344     -0.939716 -0.341955 0.341955 -0.939716     17.349264 17.349264 1.366278
151.996338 364.278381     27265.574219 -9537.566406 12330.875000     -0.939716 -0.341955 0.341955 -0.939716     17.349264 17.349264 2.506079
228.823822 283.475281     253.359375 -33.148438 100.316406     -0.988146 0.153517 -0.153517 -0.988146     42.590224 42.590224 6.429012
160.096100 321.127258     10357.187500 -1208.625000 147.648438     -0.956324 -0.292307 0.292307 -0.956324     26.682574 26.682574 1.270094
53.968815 251.663208     52.484375 -7.355469 23.828125     0.314990 -0.949095 0.949095 0.314990     26.507135 26.507135 4.364438
53.968815 251.663208     9531.062500 -194.406250 5.546875     0.314990 -0.949095 0.949095 0.314990     26.507135 26.507135 5.745544
264.154541 303.245453     374.625000 -44.468750 126.861328     -0.678966 -0.734169 0.734169 -0.678966     16.281119 16.281119 1.763279
264.154541 303.245453     95.792969 -76.164062 76.166504     -0.678966 -0.734169 0.734169 -0.678966     16.281119 16.281119 2.141478
175.019531 383.921875     1468.531250 -210.070312 30.300781     0.013468 -0.999909 0.999909 0.013468     14.789205 14.789205 6.202106
495.284149 444.312561     58.750000 -10.753906 17.427734     -0.999761 0.021866 -0.021866 -0.999761     4.348156 4.348156 1.554539
549.258179 135.350677     41.082031 28.710938 64.414062     -0.138179 -0.990407 0.990407 -0.138179     31.033236 31.033236 4.689707
620.904541 71.676346     1604.000000 -220.343750 30.613281     -0.973817 0.227332 -0.227332 -0.973817     9.291536 9.291536 1.595685
324.228851 147.233826     9.886719 1.343750 94.976562     -0.304729 -0.952439 0.952439 -0.304729     17.636800 17.636800 0.690380
524.775635 245.325897     38.937500 -25.621094 97.109375     -0.992180 0.124817 -0.124817 -0.992180     25.171168 25.171168 3.238543
524.775635 245.325897     43.117188 -5.121094 22.578125     -0.992180 0.124817 -0.124817 -0.992180     25.171168 25.171168 6.196325
369.916504 264.610992     10239.562500 -1125.921875 134.710938     -0.993510 0.113742 -0.113742 -0.993510     23.274355 23.274355 3.135238
369.916504 264.610992     29293.835938 -10874.417969 13034.218750     -0.993510 0.113742 -0.113742 -0.993510     23.274355 23.274355 6.266698
154.621353 351.388336     831.968750 -949.173828 1108.378906     -0.877548 -0.479488 0.479488 -0.877548     13.951518 13.951518 2.353666
154.621353 351.388336     41.023438 -14.960938 157.972656     -0.877548 -0.479488 0.479488 -0.877548     13.951518 13.951518 5.546024
166.435608 456.772736     265.843750 -32.390625 8.134766     0.463754 -0.885964 0.885964 0.463754     15.819406 15.819406 1.266678
323.130859 270.469788     720.181641 -890.851562 1102.639648     -0.989581 0.143976 -0.143976 -0.989581     22.160719 22.160719 3.187164
323.130859 270.469788     11.855469 -1.703125 23.386719     -0.989581 0.143976 -0.143976 -0.989581     22.160719 22.160719 6.307372
62.189781 185.051102     10239.078125 -1099.656250 131.664062     -0.971145 0.238489 -0.238489 -0.971145     5.263549 5.263549 4.715015
63.106186 192.252045     161.031250 -5.750000 12.093750     -0.974132 0.225978 -0.225978 -0.974132     8.700224 8.700224 4.662427
192.204895 341.091736     2755.667969 -758.974609 907.967773     -0.021096 -0.999777 0.999777 -0.021096     9.292877 9.292877 1.561533
235.911224 286.417694     246.734375 -32.539062 103.789062     -0.997746 0.067103 -0.067103 -0.997746     53.625951 53.625951 1.604885
160.293640 329.826599     10165.968750 176.718750 38.125000     -0.893100 -0.449859 0.449859 -0.893100     45.900910 45.900910 1.094445
199.842941 166.195511     10257.390625 -1090.859375 132.625000     -0.800535 0.599285 -0.599285 -0.800535     23.067654 23.067654 2.356962
313.944000 220.203995     204.460938 -36.937500 38.578125     -0.984352 0.176213 -0.176213 -0.984352     7.679768 7.679768 1.513950
55.949677 252.355515     12.433594 2.898438 89.964844     0.275254 -0.961371 0.961371 0.275254     31.403718 31.403718 2.702902
55.949677 252.355515     19.687500 0.156250 24.174805     0.275254 -0.961371 0.961371 0.275254     31.403718 31.403718 5.904979
323.833893 151.528809     192.726562 -46.625000 58.033203     -0.186016 -0.982547 0.982547 -0.186016     20.137149 20.137149 0.466467
323.833893 151.528809     9221.531250 331.875000 78.187500     -0.186016 -0.982547 0.982547 -0.186016     20.137149 20.137149 4.700891
498.722656 248.629623     23.062500 -0.882812 24.652344     -0.992291 0.123926 -0.123926 -0.992291     24.809779 24.809779 1.573563
498.722656 248.629623     18.843750 -0.179688 23.738281     -0.992291 0.123926 -0.123926 -0.992291     24.809779 24.809779 3.245639
233.245407 287.024353     18.843750 0.054688 22.630859     -0.998950 0.045812 -0.045812 -0.998950     54.914949 54.914949 1.597943
62.384869 184.996704     10189.921875 -1068.031250 131.820312     -0.971336 0.237709 -0.237709 -0.971336     5.663868 5.663868 4.716280
160.787384 331.408966     134.859375 -14.453125 5.203125     -0.744642 -0.667464 0.667464 -0.744642     46.106214 46.106214 0.885354
431.922546 156.368896     29158.203125 -10575.652344 12863.664062     -0.083876 -0.996476 0.996476 -0.083876     28.036203 28.036203 4.684559
603.450806 74.980316     5.339844 6.300781 214.390625     -0.976306 0.216396 -0.216396 -0.976306     10.364031 10.364031 1.579823
64.447617 192.148148     8201.593750 377.156250 96.968750     -0.973876 0.227079 -0.227079 -0.973876     9.968589 9.968589 4.680525
203.050842 163.203384     723.646484 -894.747070 1107.089844     -0.773100 0.634285 -0.634285 -0.773100     22.616395 22.616395 2.341074
373.652374 121.988098     7692.031250 388.125000 104.265625     -0.982685 0.185284 -0.185284 -0.982685     7.582747 7.582747 4.730247
599.934326 75.619850     6855.812500 261.109375 93.828125     -0.976925 0.213584 -0.213584 -0.976925     11.482288 11.482288 1.577830
488.058319 444.444092     6864.343750 215.234375 97.171875     -0.999781 0.020921 -0.020921 -0.999781     4.719712 4.719712 1.556529
206.126312 162.682098     10116.812500 -1024.734375 136.757812     -0.829592 0.558370 -0.558370 -0.829592     31.457047 31.457047 2.398471
313.392975 220.306702     62.093750 -9.437500 16.156250     -0.987747 0.156064 -0.156064 -0.987747     9.351501 9.351501 1.509915
296.155975 208.544342     79.031250 -15.281250 26.335938     -0.886920 -0.461923 0.461923 -0.886920     26.146619 26.146619 2.283137
285.034943 115.947571     50.718750 -23.750000 61.531250     -0.826153 -0.563447 0.563447 -0.826153     17.627729 17.627729 6.078591
60.193085 185.472626     184.187500 18.386719 64.700684     -0.972243 0.233973 -0.233973 -0.972243     6.049421 6.049421 4.727012
56.314995 252.258591     268.476562 -151.449219 109.306152     0.255253 -0.966874 0.966874 0.255253     30.704871 30.704871 2.752790
56.314995 252.258591     287.187500 -63.699219 175.379883     0.255253 -0.966874 0.966874 0.255253     30.704871 30.704871 5.904014
314.883270 160.930939     248.296875 75.836426 64.826157     0.094828 -0.995494 0.995494 0.094828     53.566012 53.566012 2.813786
314.883270 160.930939     46.656250 42.246094 105.106812     0.094828 -0.995494 0.995494 0.094828     53.566012 53.566012 6.096241
208.557098 160.537598     34.656250 18.523438 41.304688     -0.797459 0.603372 -0.603372 -0.797459     37.219887 37.219887 1.434316
208.557098 160.537598     119.656250 44.554688 42.552734     -0.797459 0.603372 -0.603372 -0.797459     37.219887 37.219887 2.433841
590.095886 77.636086     31.015625 18.343750 24.650391     -0.976923 0.213590 -0.213590 -0.976923     12.525951 12.525951 1.573076
377.688904 121.000000     96.421875 -8.421875 25.339844     -0.982874 0.184279 -0.184279 -0.982874     10.029205 10.029205 4.738639
611.695679 153.901184     126.625000 -0.992188 58.702148     -0.308841 -0.951114 0.951114 -0.308841     19.460216 19.460216 1.714515
236.106613 86.091911     38.296875 -11.674805 19.555176     -0.919011 -0.394232 0.394232 -0.919011     19.827572 19.827572 0.365248
205.587158 126.745415     33.968750 7.369141 47.966431     -0.953623 0.301005 -0.301005 -0.953623     30.778804 30.778804 3.499591
299.911438 212.637421     51.400391 -9.347168 26.385620     -0.995169 -0.098177 0.098177 -0.995169     34.332997 34.332997 2.535839
619.504395 177.261063     158.220703 -105.389648 76.056641     -0.988630 0.150372 -0.150372 -0.988630     8.148103 8.148103 6.201661
577.785095 159.760330     24.593750 -0.172607 15.089781     -0.015230 -0.999884 0.999884 -0.015230     19.501247 19.501247 2.994472
594.842102 156.813766     101.453125 -252.234375 782.839844     -0.150012 -0.988684 0.988684 -0.150012     19.334588 19.334588 1.562468
160.820145 133.906479     52.687500 -51.955078 72.327393     0.576558 -0.817056 0.817056 0.576558     19.858544 19.858544 3.430959
255.808884 218.782227     161.390625 180.222656 331.919922     0.096487 -0.995334 0.995334 0.096487     18.600420 18.600420 2.764483
255.808884 218.782227     71.453125 -77.783203 94.228516     0.096487 -0.995334 0.995334 0.096487     18.600420 18.600420 6.011316
255.666672 193.149017     54.312500 39.187500 292.573242     -0.078902 -0.996882 0.996882 -0.078902     18.006585 18.006585 3.159911
213.604279 159.781281     47.726562 -35.750000 40.812500     -0.887881 0.460074 -0.460074 -0.887881     47.613432 47.613432 1.295372
385.199097 172.199097     77.265625 8.187500 53.335938     -0.898023 0.439949 -0.439949 -0.898023     29.162152 29.162152 1.751186
385.199097 172.199097     118.625000 -32.183594 52.398438     -0.898023 0.439949 -0.439949 -0.898023     29.162152 29.162152 4.867457
276.493500 152.492706     228.648438 -57.886719 143.840332     -0.715438 -0.698676 0.698676 -0.715438     110.834530 110.834530 4.697388
234.377686 258.824036     943.859375 -453.400391 408.940430     -0.985218 0.171303 -0.171303 -0.985218     14.668462 14.668462 0.262743
607.501953 61.806324     49.757812 3.857422 123.334961     -0.976383 0.216046 -0.216046 -0.976383     5.908531 5.908531 1.575077
607.501953 61.806324     48.531250 35.656250 56.257812     -0.976383 0.216046 -0.216046 -0.976383     5.908531 5.908531 3.606847
256.880707 208.807190     268.140625 -62.679688 70.789062     -0.088005 -0.996120 0.996120 -0.088005     21.454037 21.454037 1.541703
593.695984 181.198593     36.765625 -1.570312 50.050781     -0.991195 0.132410 -0.132410 -0.991195     8.174267 8.174267 5.947866
510.116669 96.685066     149.171875 15.574219 93.740234     -0.985292 0.170878 -0.170878 -0.985292     40.299276 40.299276 1.610976
385.528015 172.231995     59.765625 32.503906 25.085938     -0.900617 0.434613 -0.434613 -0.900617     29.172803 29.172803 1.753052
385.528015 172.231995     122.183594 -14.371094 34.758789     -0.900617 0.434613 -0.434613 -0.900617     29.172803 29.172803 4.862698
249.523438 344.894531     19.687500 7.609375 54.384338     -0.031309 -0.999510 0.999510 -0.031309     20.915660 20.915660 6.274802
214.944809 159.425629     97.929688 -203.609375 778.853516     -0.921014 0.389530 -0.389530 -0.921014     51.696832 51.696832 1.218729
214.944809 159.425629     25.953125 17.554688 34.046875     -0.921014 0.389530 -0.389530 -0.921014     51.696832 51.696832 2.443525
598.144287 206.119400     51.289062 -8.415771 31.519836     -0.990134 0.140123 -0.140123 -0.990134     2.983622 2.983622 1.575010
615.824097 46.217594     111.726562 -61.214844 61.450195     -0.965073 0.261983 -0.261983 -0.965073     9.348960 9.348960 0.434107
615.824097 46.217594     48.703125 -11.468750 53.921875     -0.965073 0.261983 -0.261983 -0.965073     9.348960 9.348960 1.603344
384.285706 173.491699     210.406250 4.212769 4.378318     -0.884664 0.466229 -0.466229 -0.884664     30.318742 30.318742 0.763858
384.285706 173.491699     33.484375 18.679688 26.509766     -0.884664 0.466229 -0.466229 -0.884664     30.318742 30.318742 1.772268
178.619507 224.751221     83.796875 8.359375 53.523438     0.003339 -0.999994 0.999994 0.003339     7.586591 7.586591 6.176114
594.859253 64.201454     28.859375 -20.312500 34.849609     -0.977348 0.211636 -0.211636 -0.977348     6.651834 6.651834 1.568802
594.859253 64.201454     37.765625 -33.814453 48.420532     -0.977348 0.211636 -0.211636 -0.977348     6.651834 6.651834 3.609843
240.772339 258.510101     156.765625 -114.171875 191.566406     -0.990065 0.140614 -0.140614 -0.990065     15.758097 15.758097 6.367327
384.251434 174.063583     65.781250 -108.425781 284.738281     -0.878577 0.477600 -0.477600 -0.878577     31.066754 31.066754 0.769572
384.251434 174.063583     176.000000 14.253906 78.856445     -0.878577 0.477600 -0.477600 -0.878577     31.066754 31.066754 1.781843
594.859375 63.570312     105.031250 44.781250 203.375000     -0.974200 0.225684 -0.225684 -0.974200     9.748282 9.748282 0.345538
594.859375 63.570312     25.734375 17.171875 41.753906     -0.974200 0.225684 -0.225684 -0.974200     9.748282 9.748282 3.687831
192.166672 340.622223     94.982422 -60.085938 44.617188     -0.021268 -0.999774 0.999774 -0.021268     9.566123 9.566123 1.561456
352.970459 114.481010     462.859375 -264.787109 331.657349     -0.981341 0.192273 -0.192273 -0.981341     5.729949 5.729949 1.493987
352.970459 114.481010     42.218750 20.710938 44.666016     -0.981341 0.192273 -0.192273 -0.981341     5.729949 5.729949 2.798168
270.905365 347.440338     167.156250 188.410156 351.944336     -0.978678 -0.205400 0.205400 -0.978678     17.169487 17.169487 2.379587
270.905365 347.440338     56.023438 -50.451172 57.798828     -0.978678 -0.205400 0.205400 -0.978678     17.169487 17.169487 5.576702
291.546753 391.093475     134.906250 20.523438 21.083984     0.182489 -0.983208 0.983208 0.182489     22.765041 22.765041 5.855231
603.738953 48.833332     111.640625 -48.925781 97.732422     -0.965896 0.258931 -0.258931 -0.965896     12.728267 12.728267 0.431557
579.501526 66.840912     82.742188 -58.625000 60.397461     -0.975604 0.219537 -0.219537 -0.975604     9.253380 9.253380 0.362852
579.501526 66.840912     54.417969 -7.619873 39.335754     -0.975604 0.219537 -0.219537 -0.975604     9.253380 9.253380 3.739615
290.368225 349.953491     112.156250 -8.308594 94.572266     -0.010616 -0.999944 0.999944 -0.010616     18.752072 18.752072 6.174201
580.605957 208.535324     57.453125 -0.976562 10.960938     -0.990487 0.137605 -0.137605 -0.990487     3.845820 3.845820 1.576157
375.582642 109.826561     99.687500 107.273438 141.192383     -0.979915 0.199417 -0.199417 -0.979915     5.226593 5.226593 1.544966
375.582642 109.826561     111.125000 -71.468750 140.628906     -0.979915 0.199417 -0.199417 -0.979915     5.226593 5.226593 2.845109
383.064240 176.785873     19.187500 -0.601562 34.468750     -0.846377 0.532584 -0.532584 -0.846377     33.308526 33.308526 0.800381
270.821960 345.068237     44.656250 -1.760254 14.447922     -0.971900 -0.235396 0.235396 -0.971900     23.326399 23.326399 1.373233
270.821960 345.068237     46.859375 42.585938 105.366455     -0.971900 -0.235396 0.235396 -0.971900     23.326399 23.326399 2.627996
279.411163 391.500000     167.281250 -80.162109 51.811157     -0.998372 -0.057033 0.057033 -0.998372     33.047918 33.047918 1.500316
379.649292 108.957344     33.906250 37.726562 98.122070     -0.979707 0.200433 -0.200433 -0.979707     5.401916 5.401916 2.899560
379.649292 108.957344     27.875000 19.945312 46.316406     -0.979707 0.200433 -0.200433 -0.979707     5.401916 5.401916 6.147285
614.758240 212.578751     21.625000 0.343750 26.133789     -0.994256 0.107026 -0.107026 -0.994256     7.419941 7.419941 5.896215
390.502899 179.492752     19.187500 -44.250000 165.367188     -0.976355 0.216172 -0.216172 -0.976355     48.520134 48.520134 1.671794
617.114868 256.519135     14.390625 20.210938 104.089844     -0.992042 0.125909 -0.125909 -0.992042     6.983081 6.983081 1.641440
410.851349 87.067566     57.093750 -32.835938 29.470703     -0.972466 0.233043 -0.233043 -0.972466     3.627688 3.627688 0.482100
268.663666 367.493286     27.718750 9.976562 68.531128     -0.768486 -0.639866 0.639866 -0.768486     18.642869 18.642869 2.193745
268.663666 367.493286     1013.953125 -367.019531 413.921387     -0.768486 -0.639866 0.639866 -0.768486     18.642869 18.642869 5.333257
483.912018 444.568665     160.781250 -120.492188 199.609375     -0.999772 0.021338 -0.021338 -0.999772     5.398800 5.398800 1.559412
584.520996 52.694145     112.281250 -68.011719 135.434570     -0.973908 0.226943 -0.226943 -0.973908     13.976256 13.976256 6.421404
613.195557 256.788635     348.632812 -172.208984 297.694336     -0.992702 0.120591 -0.120591 -0.992702     7.901519 7.901519 1.631712
608.646179 213.808350     473.953125 -260.008789 376.078247     -0.992272 0.124085 -0.124085 -0.992272     8.342639 8.342639 6.068834
261.417572 366.255493     49.976562 -38.460938 44.638672     -0.978972 -0.203994 0.203994 -0.978972     22.654955 22.654955 1.419702
390.540833 179.706680     53.644531 -47.921875 55.390625     -0.978233 0.207509 -0.207509 -0.978233     48.282800 48.282800 1.667060
539.963989 214.221909     104.406250 111.019531 144.238281     -0.990813 0.135240 -0.135240 -0.990813     3.896599 3.896599 1.582472
416.728485 85.642471     47.531250 31.039062 50.671875     -0.972143 0.234386 -0.234386 -0.972143     4.919530 4.919530 0.531682
609.218872 256.905518     34.906250 8.070312 47.086548     -0.990120 0.140224 -0.140224 -0.990120     9.391686 9.391686 1.611315
284.523438 365.289062     159.093750 -146.890625 250.724609     -0.988898 -0.148597 0.148597 -0.988898     15.365990 15.365990 1.479889
573.567688 55.110741     90.688477 -26.191406 22.551758     -0.973415 0.229049 -0.229049 -0.973415     14.010106 14.010106 0.191351
392.576172 90.847679     1203.328125 124.775391 774.794678     -0.975768 0.218807 -0.218807 -0.975768     6.332903 6.332903 1.529005
392.576172 90.847679     104.468750 -55.529297 129.961914     -0.975768 0.218807 -0.218807 -0.975768     6.332903 6.332903 6.399020
264.527130 367.028198     64.976562 -111.132812 321.613281     -0.970218 -0.242233 0.242233 -0.970218     20.588836 20.588836 1.462982
584.232483 217.141678     278.625000 49.546875 188.076172     -0.992528 0.122016 -0.122016 -0.992528     8.341748 8.341748 5.925057
229.504944 237.430695     173.781250 -91.023438 171.179688     0.112984 -0.993597 0.993597 0.112984     15.290594 15.290594 1.531949
597.883362 258.149994     109.687500 13.777344 176.548828     -0.990929 0.134390 -0.134390 -0.990929     9.929254 9.929254 1.600171
84.616913 171.358215     178.375000 -15.812500 37.849609     -0.961590 0.274489 -0.274489 -0.961590     5.288762 5.288762 1.590147
392.660858 190.137161     141.480469 -151.958984 215.377930     -0.981446 0.191737 -0.191737 -0.981446     20.016028 20.016028 3.171977
390.829285 179.129669     19.656250 -7.695312 62.263672     -0.980889 0.194569 -0.194569 -0.980889     44.774999 44.774999 1.662923
228.884995 219.679993     61.480469 -6.275391 43.129883     0.034237 -0.999414 0.999414 0.034237     15.917748 15.917748 3.056101
242.240005 217.460007     14.984375 18.554688 104.914062     0.020752 -0.999785 0.999785 0.020752     15.689155 15.689155 3.074004
242.240005 217.460007     454.187500 -364.431641 1105.921387     0.020752 -0.999785 0.999785 0.020752     15.689155 15.689155 6.185680
84.843475 171.304352     62.031250 -60.563477 212.528015     -0.962207 0.272320 -0.272320 -0.962207     5.795914 5.795914 1.589468
84.843475 171.304352     118.460938 -53.452148 148.076172     -0.962207 0.272320 -0.272320 -0.962207     5.795914 5.795914 5.830492
334.824615 288.037323     244.531250 75.810547 67.283691     -0.996027 0.089047 -0.089047 -0.996027     7.653076 7.653076 1.591383
579.559021 260.152374     35.296875 20.179688 28.478516     -0.991922 0.126850 -0.126850 -0.991922     10.945136 10.945136 1.581872
579.559021 260.152374     28.648438 -3.554688 57.272461     -0.991922 0.126850 -0.126850 -0.991922     10.945136 10.945136 6.297784
82.416664 171.884064     34.312500 -4.253906 82.299316     -0.964092 0.265569 -0.265569 -0.964092     6.282487 6.282487 5.762572
391.635895 181.656464     155.062500 -39.171875 280.701660     -0.979184 0.202974 -0.202974 -0.979184     43.500154 43.500154 1.683443
391.635895 181.656464     166.109375 -80.757812 160.695312     -0.979184 0.202974 -0.202974 -0.979184     43.500154 43.500154 6.362120
502.149567 269.098694     24.218750 -9.671875 32.748047     -0.993252 0.115980 -0.115980 -0.993252     11.490359 11.490359 1.578624
222.772385 220.641937     107.781250 113.746094 147.566406     -0.972014 0.234922 -0.234922 -0.972014     21.131039 21.131039 1.662827
222.772385 220.641937     74.750000 65.695312 107.386719     -0.972014 0.234922 -0.234922 -0.972014     21.131039 21.131039 4.821583
486.329803 444.729553     14.984375 12.062500 76.074219     -0.999792 0.020396 -0.020396 -0.999792     5.658003 5.658003 1.562861
485.742401 73.202599     65.367188 -37.796875 41.929688     -0.977725 0.209891 -0.209891 -0.977725     14.666010 14.666010 6.109732
164.781097 89.845772     22.156250 -50.601562 206.726562     0.628739 -0.777616 0.777616 0.628739     2.227198 2.227198 4.700964
198.385544 64.196785     52.250000 38.906250 62.113281     -0.750928 0.660384 -0.660384 -0.750928     13.638854 13.638854 1.495627
198.385544 64.196785     100.875000 -213.886719 1080.861328     -0.750928 0.660384 -0.660384 -0.750928     13.638854 13.638854 5.634905
580.391907 204.536041     44.171875 20.703125 46.060547     -0.989920 0.141630 -0.141630 -0.989920     2.230279 2.230279 3.736431
214.843933 166.375717     74.250000 -5.707031 24.774658     -0.971349 0.237656 -0.237656 -0.971349     17.309867 17.309867 2.303002
198.470734 198.670731     270.031250 70.867188 271.371094     -0.558374 -0.829590 0.829590 -0.558374     20.990222 20.990222 0.922890
198.470734 198.670731     110.437500 9.871094 226.296875     -0.558374 -0.829590 0.829590 -0.558374     20.990222 20.990222 4.135223
582.221741 200.046021     47.929688 1.601562 52.443359     -0.990692 0.136121 -0.136121 -0.990692     2.616081 2.616081 5.791884
191.161285 216.718475     26.765625 -13.531250 117.167969     -0.015786 -0.999875 0.999875 -0.015786     14.134229 14.134229 3.168067
191.161285 216.718475     123.662109 -67.020508 64.440430     -0.015786 -0.999875 0.999875 -0.015786     14.134229 14.134229 6.293625
200.081970 235.502731     38.992188 -27.819336 69.135529     0.353279 -0.935518 0.935518 0.353279     24.342553 24.342553 2.435852
200.081970 235.502731     146.343750 -109.468750 225.710938     0.353279 -0.935518 0.935518 0.353279     24.342553 24.342553 5.595668
198.676300 259.367065     352.218750 68.359375 62.525391     -0.973371 0.229234 -0.229234 -0.973371     20.803476 20.803476 3.274037
198.676300 259.367065     209.792969 -245.328125 337.921875     -0.973371 0.229234 -0.229234 -0.973371     20.803476 20.803476 4.884740
490.231140 270.268860     21.937500 -0.937500 28.898438     -0.993996 0.109413 -0.109413 -0.993996     14.772330 14.772330 1.616701
167.501205 101.180725     48.039062 -38.082031 45.833984     0.654184 -0.756335 0.756335 0.654184     14.918739 14.918739 4.693595
194.962234 206.753906     255.312500 69.833984 530.714355     0.124913 -0.992168 0.992168 0.124913     28.152839 28.152839 2.828704
194.962234 206.753906     125.890625 -76.484375 141.130859     0.124913 -0.992168 0.992168 0.124913     28.152839 28.152839 5.972858
393.885712 131.666672     24.437500 -54.562500 259.664062     -0.992428 0.122825 -0.122825 -0.992428     9.140703 9.140703 1.612182
393.885712 131.666672     104.496094 -26.021484 23.357788     -0.992428 0.122825 -0.122825 -0.992428     9.140703 9.140703 4.696039
156.944443 99.583336     53.789062 -48.371094 58.156250     0.628539 -0.777778 0.777778 0.628539     2.319746 2.319746 4.699805
216.470001 239.255005     42.703125 -3.796875 23.335938     0.143119 -0.989705 0.989705 0.143119     15.332513 15.332513 1.517061
216.470001 239.255005     97.093750 59.718750 136.714844     0.143119 -0.989705 0.989705 0.143119     15.332513 15.332513 2.616671
489.689575 270.599396     1169.687500 52.328125 881.821777     -0.994267 0.106922 -0.106922 -0.994267     16.477836 16.477836 1.621023
489.689575 270.599396     22.171875 5.687500 29.710938     -0.994267 0.106922 -0.106922 -0.994267     16.477836 16.477836 2.888879
620.878540 455.576233     197.703125 -49.062500 148.914062     -0.999258 0.038521 -0.038521 -0.999258     15.505155 15.505155 3.265948
241.559998 199.740005     70.250000 -67.402344 160.946289     0.160580 -0.987023 0.987023 0.160580     15.267964 15.267964 2.637283
241.559998 199.740005     24.125000 -9.312500 36.107422     0.160580 -0.987023 0.987023 0.160580     15.267964 15.267964 2.940999
391.771973 182.042084     157.109375 108.742188 540.504883     -0.977272 0.211991 -0.211991 -0.977272     44.258280 44.258280 1.687251
391.771973 182.042084     14.054688 -10.039062 74.221924     -0.977272 0.211991 -0.211991 -0.977272     44.258280 44.258280 6.373428
525.679810 448.337921     121.812500 113.390625 142.410156     -0.999848 -0.017441 0.017441 -0.999848     26.638483 26.638483 1.570224
525.679810 448.337921     140.406250 -56.414062 45.203125     -0.999848 -0.017441 0.017441 -0.999848     26.638483 26.638483 5.606039
487.708221 271.181183     28.875000 -42.226562 253.242188     -0.994375 0.105920 -0.105920 -0.994375     18.238891 18.238891 1.612988
487.708221 271.181183     18.640625 11.031250 32.796875     -0.994375 0.105920 -0.105920 -0.994375     18.238891 18.238891 2.906760
215.206802 170.222382     526.375000 -493.790039 1284.216797     -0.978138 0.207959 -0.207959 -0.978138     24.943541 24.943541 2.260177
241.062500 191.794266     391.578125 225.911133 205.084503     -0.037306 -0.999304 0.999304 -0.037306     15.798390 15.798390 3.166451
241.062500 191.794266     76.437500 38.453125 60.792969     -0.037306 -0.999304 0.999304 -0.037306     15.798390 15.798390 6.218025
605.308594 114.871094     48.125000 43.351562 101.734131     -0.034757 -0.999396 0.999396 -0.034757     19.964013 19.964013 4.560535
214.217285 171.800507     212.046875 125.398438 236.736328     -0.954513 0.298169 -0.298169 -0.954513     29.668809 29.668809 2.329084
588.755920 118.094490     67.103516 -2.422119 48.392212     0.036638 -0.999329 0.999329 0.036638     19.530810 19.530810 4.476299
572.040955 121.192619     27.273438 -11.679688 113.246094     -0.014436 -0.999896 0.999896 -0.014436     19.533816 19.533816 4.522529
572.040955 121.192619     31.343750 -8.125000 37.464844     -0.014436 -0.999896 0.999896 -0.014436     19.533816 19.533816 6.143867
486.701721 271.812683     174.640625 -184.945312 373.546875     -0.994531 0.104441 -0.104441 -0.994531     19.953263 19.953263 1.630565
486.701721 271.812683     371.218750 28.921631 10.926514     -0.994531 0.104441 -0.104441 -0.994531     19.953263 19.953263 2.873615
454.226257 459.416290     601.906250 394.093750 622.597656     -0.993991 0.109459 -0.109459 -0.993991     8.551817 8.551817 4.708783
192.075760 340.161621     211.285156 -252.339844 358.289062     -0.030099 -0.999547 0.999547 -0.030099     10.212235 10.212235 1.561716
458.514740 458.721191     36.500000 40.070312 106.226562     -0.991549 0.129731 -0.129731 -0.991549     10.076379 10.076379 3.754749
156.961136 99.621910     140.500000 -4.426514 20.548393     0.628682 -0.777663 0.777663 0.628682     2.509733 2.509733 4.699978
486.093750 272.668732     45.859375 -47.531250 120.898438     -0.994668 0.103129 -0.103129 -0.994668     22.226068 22.226068 1.640192
486.093750 272.668732     65.320312 -116.125000 368.156250     -0.994668 0.103129 -0.103129 -0.994668     22.226068 22.226068 2.892814
485.778351 273.877991     109.867188 -36.147461 196.256348     -0.994877 0.101097 -0.101097 -0.994877     25.703786 25.703786 1.628559
485.778351 273.877991     46.765625 -37.257812 46.027344     -0.994877 0.101097 -0.101097 -0.994877     25.703786 25.703786 2.882332
430.277100 377.381531     33.179688 -2.250000 36.117188     -0.764266 -0.644902 0.644902 -0.764266     54.810361 54.810361 2.373671
430.277100 377.381531     148.398438 -62.648438 51.546875     -0.764266 -0.644902 0.644902 -0.764266     54.810361 54.810361 5.494875
