1.0
619
218.049545 214.144150     78.085938 -4.195312 12.804688     -0.997958 0.063871 -0.063871 -0.997958     15.932910 15.932910 1.889009
71.932724 256.373077     88.570312 1.421875 7.953125     -0.999845 -0.017629 0.017629 -0.999845     12.670561 12.670561 3.535161
71.932724 256.373077     181.972656 -25.136719 17.289062     -0.999845 -0.017629 0.017629 -0.999845     12.670561 12.670561 4.869523
218.718597 214.786438     188.453125 -25.503906 18.734375     -0.989047 0.147602 -0.147602 -0.989047     16.557147 16.557147 1.716554
218.984192 214.841980     105.707031 21.898438 17.492188     -0.989364 0.145460 -0.145460 -0.989364     17.419538 17.419538 1.743767
238.114822 295.251862     196.976562 -30.691406 21.929688     -0.973572 -0.228380 0.228380 -0.973572     15.817521 15.817521 4.332880
218.769226 214.874496     110.519531 20.937500 18.539062     -0.985815 0.167835 -0.167835 -0.985815     18.391991 18.391991 1.773448
238.272156 295.575958     73.500000 15.898438 14.938477     -0.977272 -0.211989 0.211989 -0.977272     16.835847 16.835847 4.398363
284.683167 123.084160     203.285156 -19.617188 53.402344     -0.969230 -0.246157 0.246157 -0.969230     14.857311 14.857311 4.646460
222.728210 214.414108     43.003906 10.535156 28.914062     -0.991818 0.127662 -0.127662 -0.991818     32.097751 32.097751 1.922513
222.728210 214.414108     195.421875 -70.480469 29.808594     -0.991818 0.127662 -0.127662 -0.991818     32.097751 32.097751 3.313086
207.613632 254.709595     96.979980 1.527344 8.742188     -0.882007 -0.471236 0.471236 -0.882007     21.714714 21.714714 1.431697
391.995911 142.702042     102.472656 11.390625 21.257812     -0.938485 0.345320 -0.345320 -0.938485     8.858271 8.858271 4.628278
72.184067 256.431305     79.566406 -18.742188 18.875000     -0.999850 -0.017302 0.017302 -0.999850     13.285108 13.285108 3.560638
72.184067 256.431305     211.296875 -71.820312 30.408203     -0.999850 -0.017302 0.017302 -0.999850     13.285108 13.285108 4.813359
236.356705 296.997925     81.484375 -4.953125 31.515625     -0.990666 -0.136313 0.136313 -0.990666     19.968286 19.968286 4.357058
245.481018 274.081024     23.382812 -8.281250 22.223633     -0.961979 0.273123 -0.273123 -0.961979     16.566940 16.566940 1.635951
392.304199 142.839157     219.890625 107.316406 147.644531     -0.944226 0.329299 -0.329299 -0.944226     10.419058 10.419058 4.628445
247.233139 275.959534     82.710938 26.859375 26.964844     -0.995216 0.097700 -0.097700 -0.995216     25.066810 25.066810 1.571825
247.233139 275.959534     110.121094 0.488281 47.853516     -0.995216 0.097700 -0.097700 -0.995216     25.066810 25.066810 2.646572
352.271973 112.476990     221.968750 -75.796875 32.712891     -0.731375 0.681976 -0.681976 -0.731375     17.136503 17.136503 4.837250
278.651245 121.522499     263.152344 -56.328125 93.949219     -0.812101 -0.583517 0.583517 -0.812101     37.793222 37.793222 2.162209
278.651245 121.522499     126.855469 -57.085938 159.195312     -0.812101 -0.583517 0.583517 -0.812101     37.793222 37.793222 4.320345
315.794952 146.984222     46.433594 9.925781 39.089844     -0.927383 -0.374113 0.374113 -0.927383     18.072746 18.072746 1.593871
315.794952 146.984222     28.718750 -8.773438 23.864258     -0.927383 -0.374113 0.374113 -0.927383     18.072746 18.072746 2.950697
248.134888 131.183716     131.750000 35.462891 74.439453     -0.999969 -0.007841 0.007841 -0.999969     31.128061 31.128061 1.446079
392.107269 143.129333     212.640625 -77.898438 43.250000     -0.943528 0.331294 -0.331294 -0.943528     11.113148 11.113148 4.630140
217.841507 215.477875     264.843750 -48.601562 103.750000     -0.957178 0.289498 -0.289498 -0.957178     39.464971 39.464971 0.847414
217.841507 215.477875     211.929688 92.738281 166.262695     -0.957178 0.289498 -0.289498 -0.957178     39.464971 39.464971 3.842026
242.331146 286.399994     124.742188 24.312500 14.701172     0.603103 -0.797663 0.797663 0.603103     41.167874 41.167874 4.116437
242.331146 286.399994     87.875000 26.593750 31.503906     0.603103 -0.797663 0.797663 0.603103     41.167874 41.167874 4.708889
207.340042 255.625748     131.558594 -58.781250 173.742188     -0.820656 -0.571422 0.571422 -0.820656     25.526757 25.526757 1.245004
351.523132 112.462631     33.843750 0.375000 16.492188     -0.795815 0.605540 -0.605540 -0.795815     18.656556 18.656556 4.855676
245.609802 128.778717     61.156250 -12.570312 22.601562     -0.902358 -0.430988 0.430988 -0.902358     34.123388 34.123388 1.289762
391.260864 144.470581     17.156250 -40.476562 148.812500     -0.931671 0.363302 -0.363302 -0.931671     16.146009 16.146009 4.550777
216.951706 215.182526     37.375000 4.308594 45.032227     -0.963382 0.268134 -0.268134 -0.963382     42.743583 42.743583 0.938662
216.951706 215.182526     419.789062 16.031250 146.696289     -0.963382 0.268134 -0.268134 -0.963382     42.743583 42.743583 3.821006
278.023804 121.379051     127.921875 24.394531 15.271484     -0.787107 -0.616817 0.616817 -0.787107     43.533471 43.533471 2.420668
278.023804 121.379051     554.468750 -218.957031 106.023438     -0.787107 -0.616817 0.616817 -0.787107     43.533471 43.533471 3.023318
360.696960 130.505051     43.828125 -3.667969 15.279297     -0.978437 -0.206543 0.206543 -0.978437     13.920155 13.920155 4.835971
315.312195 146.903549     103.294434 1.986328 10.125000     -0.929340 -0.369224 0.369224 -0.929340     20.591270 20.591270 1.329272
315.312195 146.903549     265.851562 -50.828125 108.121094     -0.929340 -0.369224 0.369224 -0.929340     20.591270 20.591270 2.565355
242.390915 286.784760     33.414062 12.593750 23.992188     0.575441 -0.817843 0.817843 0.575441     42.738065 42.738065 4.710731
165.721466 207.621002     36.474609 -0.070312 17.320312     -0.999767 -0.021597 0.021597 -0.999767     18.270270 18.270270 3.011169
295.131775 273.333344     47.277344 15.503906 12.453125     -0.958553 0.284914 -0.284914 -0.958553     19.545361 19.545361 4.104455
295.131775 273.333344     50.394531 7.765625 47.140625     -0.958553 0.284914 -0.284914 -0.958553     19.545361 19.545361 6.070494
327.178436 102.070709     721.515625 179.152344 202.355469     0.272168 -0.962250 0.962250 0.272168     10.750798 10.750798 4.799339
349.410767 109.919319     17.828125 -41.433594 149.392578     -0.409730 -0.912207 0.912207 -0.409730     26.789078 26.789078 1.013057
349.410767 109.919319     12.101562 11.246094 80.437500     -0.409730 -0.912207 0.912207 -0.409730     26.789078 26.789078 3.295207
265.947479 124.146065     48.843750 4.722656 14.640625     -0.998293 -0.058402 0.058402 -0.998293     54.328706 54.328706 1.714672
265.947479 124.146065     47.826172 -5.751953 17.339844     -0.998293 -0.058402 0.058402 -0.998293     54.328706 54.328706 4.579104
359.921204 130.533340     89.726562 -19.234375 49.539062     -0.979192 -0.202937 0.202937 -0.979192     14.382926 14.382926 4.895617
376.278656 151.230774     126.742188 -60.406250 238.765625     -0.926137 0.377188 -0.377188 -0.926137     18.471178 18.471178 4.589533
160.345627 136.746536     42.468750 1.382812 44.919922     -0.992103 0.125428 -0.125428 -0.992103     17.320948 17.320948 4.974322
72.320099 256.568237     11.226562 5.378906 32.210938     -0.999773 -0.021305 0.021305 -0.999773     14.288950 14.288950 3.470349
72.320099 256.568237     127.875000 22.625000 16.236328     -0.999773 -0.021305 0.021305 -0.999773     14.288950 14.288950 4.854586
216.254349 215.681137     407.140625 -60.378906 102.949219     -0.959310 0.282354 -0.282354 -0.959310     43.433937 43.433937 0.825197
216.254349 215.681137     46.617188 23.117188 34.398438     -0.959310 0.282354 -0.282354 -0.959310     43.433937 43.433937 3.724832
213.237503 336.416656     36.882812 -16.291016 30.417969     -0.821693 -0.569930 0.569930 -0.821693     17.577155 17.577155 4.560828
213.237503 336.416656     518.671875 -200.277344 101.292969     -0.821693 -0.569930 0.569930 -0.821693     17.577155 17.577155 6.370198
165.547714 207.809128     12.718750 11.382812 87.117188     -0.999993 0.003671 -0.003671 -0.999993     18.727816 18.727816 3.050562
184.649033 308.528839     53.121094 -8.328125 20.400391     -0.934571 -0.355777 0.355777 -0.934571     11.517731 11.517731 1.383941
207.301041 256.311432     93.110352 9.572266 31.671875     -0.776226 -0.630454 0.630454 -0.776226     28.755442 28.755442 1.167702
274.326813 128.477158     75.320312 -7.664062 20.757812     -0.954730 -0.297475 0.297475 -0.954730     54.473276 54.473276 1.568933
274.326813 128.477158     36.634766 16.964844 17.023438     -0.954730 -0.297475 0.297475 -0.954730     54.473276 54.473276 4.479167
326.868958 102.980057     69.251953 -26.843750 29.394531     0.277358 -0.960767 0.960767 0.277358     10.899759 10.899759 4.801417
268.461212 243.995926     65.925781 0.984375 15.726562     -0.158318 -0.987388 0.987388 -0.158318     14.440980 14.440980 1.551808
195.792206 286.970764     39.162109 0.511719 18.914062     -0.990939 -0.134312 0.134312 -0.990939     16.837768 16.837768 2.025243
160.429138 136.566925     50.937500 16.726562 13.664062     -0.983770 0.179436 -0.179436 -0.983770     18.162787 18.162787 0.395819
160.429138 136.566925     228.273438 113.304688 192.745117     -0.983770 0.179436 -0.179436 -0.983770     18.162787 18.162787 5.008061
288.779938 238.485443     102.179688 4.710938 133.996094     -0.928005 0.372568 -0.372568 -0.928005     29.099726 29.099726 1.604890
288.779938 238.485443     15.468750 15.234375 97.699219     -0.928005 0.372568 -0.372568 -0.928005     29.099726 29.099726 5.035643
242.173203 289.574005     773.585938 187.781250 210.835938     0.400043 -0.916496 0.916496 0.400043     45.084373 45.084373 4.741963
348.552246 109.818764     44.916016 -18.958984 38.242188     -0.410317 -0.911943 0.911943 -0.410317     29.110017 29.110017 0.993173
348.552246 109.818764     77.838867 -22.771484 29.230469     -0.410317 -0.911943 0.911943 -0.410317     29.110017 29.110017 3.221736
283.632843 218.879227     506.234375 -185.808594 98.736328     -0.234653 -0.972079 0.972079 -0.234653     14.179024 14.179024 1.929019
359.137665 130.742859     74.476562 30.789062 118.632812     -0.981521 -0.191357 0.191357 -0.981521     15.474613 15.474613 4.989315
219.009262 215.669922     58.937500 21.679688 17.007812     -0.982202 0.187828 -0.187828 -0.982202     43.022186 43.022186 0.851005
219.009262 215.669922     52.648438 5.433594 66.945312     -0.982202 0.187828 -0.187828 -0.982202     43.022186 43.022186 1.785536
211.312698 334.489166     86.859375 -9.851562 19.976562     -0.792309 -0.610120 0.610120 -0.792309     18.332716 18.332716 4.525950
172.398193 184.438919     112.648438 -5.414062 135.554688     -0.772859 0.634577 -0.634577 -0.772859     18.576764 18.576764 0.848025
376.684479 151.821121     47.234375 17.578125 45.554688     -0.927766 0.373163 -0.373163 -0.927766     20.492576 20.492576 4.571738
268.797058 244.564575     696.636719 -11.449219 100.039062     -0.147929 -0.988998 0.988998 -0.147929     14.935774 14.935774 1.607004
268.797058 244.564575     209.316406 -185.843750 593.398438     -0.147929 -0.988998 0.988998 -0.147929     14.935774 14.935774 4.611186
160.239578 136.444443     106.031250 2.859375 45.855469     -0.972415 0.233259 -0.233259 -0.972415     19.304251 19.304251 0.506354
160.239578 136.444443     86.807617 -32.486328 42.570312     -0.972415 0.233259 -0.233259 -0.972415     19.304251 19.304251 5.010376
71.576691 254.662582     147.941406 -40.507812 87.251953     -0.988616 -0.150461 0.150461 -0.988616     24.735693 24.735693 3.126450
71.576691 254.662582     46.707031 18.757812 51.687500     -0.988616 -0.150461 0.150461 -0.988616     24.735693 24.735693 4.977959
292.188416 273.028992     87.042969 -27.496094 124.085938     -0.990639 0.136507 -0.136507 -0.990639     19.973984 19.973984 5.676848
120.886879 218.407242     93.152344 13.800781 37.484375     -0.866147 -0.499789 0.499789 -0.866147     12.103479 12.103479 1.490103
120.886879 218.407242     53.890625 4.046875 80.109375     -0.866147 -0.499789 0.499789 -0.866147     12.103479 12.103479 3.852160
118.153061 186.193878     53.307617 35.916016 45.679688     -0.893332 0.449396 -0.449396 -0.893332     17.938366 17.938366 2.555493
118.153061 186.193878     2681.695312 561.371094 297.552734     -0.893332 0.449396 -0.449396 -0.893332     17.938366 17.938366 4.698952
194.710678 287.264038     270.377930 18.572266 57.617188     -0.999808 -0.019598 0.019598 -0.999808     17.834578 17.834578 1.872495
165.397766 208.085495     153.388672 -45.388672 91.408203     -0.999681 -0.025248 0.025248 -0.999681     19.563948 19.563948 2.997422
184.636368 308.705627     1119.265625 -740.164062 1003.734375     -0.933867 -0.357620 0.357620 -0.933867     12.123900 12.123900 1.373852
344.873962 114.584152     220.195312 101.281250 193.595703     -0.759898 -0.650042 0.650042 -0.759898     44.049574 44.049574 1.397502
289.073608 231.159729     134.416016 18.707031 47.056641     -0.143456 -0.989657 0.989657 -0.143456     45.335532 45.335532 1.783673
269.307678 245.769226     159.562500 143.562500 349.296875     -0.176493 -0.984302 0.984302 -0.176493     16.060088 16.060088 1.585440
269.307678 245.769226     287.093750 -20.375000 82.898438     -0.176493 -0.984302 0.984302 -0.176493     16.060088 16.060088 4.622197
274.443268 129.211670     750.687500 -14.925781 103.289062     -0.957021 -0.290017 0.290017 -0.957021     55.830920 55.830920 1.606375
172.586807 183.451385     99.203125 -13.468750 22.859375     -0.765945 0.642906 -0.642906 -0.765945     21.263963 21.263963 0.839921
116.988060 186.304474     62.641602 36.494141 54.324219     -0.929985 0.367599 -0.367599 -0.929985     20.239744 20.239744 2.460759
116.988060 186.304474     124.898438 12.984375 5.097656     -0.929985 0.367599 -0.367599 -0.929985     20.239744 20.239744 4.686901
377.362030 152.394043     142.445312 7.966797 55.705078     -0.932440 0.361325 -0.361325 -0.932440     23.267464 23.267464 4.531307
327.707489 244.219391     146.828125 -24.062500 11.921875     -0.456761 -0.889590 0.889590 -0.456761     34.467733 34.467733 4.800380
185.460083 309.372620     156.445312 132.480469 323.031250     -0.920640 -0.390413 0.390413 -0.920640     12.579237 12.579237 1.363590
207.223007 258.171112     60.770508 10.037109 7.179688     -0.319280 -0.947660 0.947660 -0.319280     32.078967 32.078967 0.667012
290.663147 273.294495     2587.320312 542.968750 329.126953     -0.989758 0.142755 -0.142755 -0.989758     19.384324 19.384324 5.634611
290.071930 230.869110     93.624512 16.488281 46.019531     0.219002 -0.975724 0.975724 0.219002     47.502877 47.502877 1.466161
211.288940 332.582397     314.027344 -26.523438 94.671875     -0.723783 -0.690028 0.690028 -0.723783     24.148006 24.148006 4.181008
211.288940 332.582397     154.173828 -46.185547 105.505859     -0.723783 -0.690028 0.690028 -0.723783     24.148006 24.148006 6.262342
212.752487 214.912323     1917.644531 -245.695312 1437.304688     -0.999816 0.019180 -0.019180 -0.999816     44.959352 44.959352 0.961440
212.752487 214.912323     129.792969 23.339844 11.722656     -0.999816 0.019180 -0.019180 -0.999816     44.959352 44.959352 1.408453
247.281235 284.775757     153.318359 7.341797 57.283203     0.375096 -0.926986 0.926986 0.375096     52.113927 52.113927 4.790501
174.337372 181.234344     62.805664 -9.150391 6.699219     -0.998878 -0.047357 0.047357 -0.998878     30.427423 30.427423 6.065393
117.449997 185.339996     167.758545 706.541016 3021.218750     -0.883967 0.467549 -0.467549 -0.883967     22.673755 22.673755 2.629074
117.449997 185.339996     444.713867 -9.767578 106.117188     -0.883967 0.467549 -0.467549 -0.883967     22.673755 22.673755 4.720647
161.019302 131.225571     162.265625 -22.210938 11.632812     -0.894299 0.447469 -0.447469 -0.894299     36.829575 36.829575 0.774556
161.019302 131.225571     215.367188 94.660156 198.945312     -0.894299 0.447469 -0.447469 -0.894299     36.829575 36.829575 4.146897
211.092026 331.852753     225.848633 892.457031 3577.265625     -0.658938 -0.752198 0.752198 -0.658938     24.760175 24.760175 4.087221
211.092026 331.852753     160.042969 9.455078 57.988281     -0.658938 -0.752198 0.752198 -0.658938     24.760175 24.760175 6.034251
191.623245 296.965515     76.186523 43.857422 67.531250     0.469746 -0.882802 0.882802 0.469746     38.292877 38.292877 4.767870
71.054642 253.989075     323.105469 1343.275391 5640.585938     -0.973632 -0.228125 0.228125 -0.973632     26.335889 26.335889 2.958153
71.054642 253.989075     104.835938 2.421875 9.437500     -0.973632 -0.228125 0.228125 -0.973632     26.335889 26.335889 5.617660
207.116684 259.493103     206.132812 177.132812 610.203125     -0.149151 -0.988814 0.988814 -0.149151     32.846979 32.846979 0.521940
207.116684 259.493103     1221.712891 -127.257812 112.574219     -0.149151 -0.988814 0.988814 -0.149151     32.846979 32.846979 5.176176
123.102562 221.935898     162.259521 697.745117 3050.328125     -0.743504 -0.668731 0.668731 -0.743504     16.457762 16.457762 4.791530
300.065430 135.877472     2401.566406 -274.992188 1376.000000     -0.975885 -0.218286 0.218286 -0.975885     59.014447 59.014447 1.673378
104.687645 184.604507     2598.140625 346.273438 445.179688     -0.996268 -0.086313 0.086313 -0.996268     33.677367 33.677367 2.039407
160.393265 131.348053     273.655762 923.765625 3308.437500     -0.884273 0.466971 -0.466971 -0.884273     36.954597 36.954597 0.797597
160.393265 131.348053     195.054688 195.339844 782.317383     -0.884273 0.466971 -0.466971 -0.884273     36.954597 36.954597 4.161773
271.088623 265.189850     48.242676 25.352539 76.425781     -0.734101 0.679041 -0.679041 -0.734101     80.383305 80.383305 1.325819
271.088623 265.189850     300.123535 819.187500 5452.195312     -0.734101 0.679041 -0.679041 -0.734101     80.383305 80.383305 4.303364
344.498688 114.990211     1406.240234 -235.955078 157.046875     -0.751731 -0.659470 0.659470 -0.751731     46.055198 46.055198 1.388918
172.403152 180.034439     109.609375 7.710938 12.457031     -0.979603 -0.200944 0.200944 -0.979603     29.583624 29.583624 5.769405
198.425079 309.935974     64.623047 -10.733398 8.462891     -0.473650 -0.880713 0.880713 -0.473650     40.837146 40.837146 1.661230
198.425079 309.935974     66.680664 11.480469 8.625000     -0.473650 -0.880713 0.880713 -0.473650     40.837146 40.837146 5.096495
102.289154 186.681183     1244.688477 -184.703125 329.808594     -0.995154 0.098329 -0.098329 -0.995154     40.471297 40.471297 1.389328
102.289154 186.681183     149.708984 -42.957031 109.144531     -0.995154 0.098329 -0.098329 -0.995154     40.471297 40.471297 2.230509
212.716125 215.091660     2698.578125 -327.890625 1338.343750     -0.999735 0.023037 -0.023037 -0.999735     45.657846 45.657846 1.064023
212.716125 215.091660     186.140625 226.863281 999.805664     -0.999735 0.023037 -0.023037 -0.999735     45.657846 45.657846 1.702371
289.310669 273.533081     56.449219 6.439453 6.248047     -0.985652 0.168792 -0.168792 -0.985652     20.400873 20.400873 5.647431
124.146187 222.290253     2694.031250 352.500000 456.943359     -0.746064 -0.665875 0.665875 -0.746064     20.987848 20.987848 4.759524
255.621490 182.392517     1996.970703 108.212891 405.449219     -0.994310 -0.106529 0.106529 -0.994310     8.663551 8.663551 1.316632
173.464859 179.099884     131.984375 28.632812 26.625000     -0.995877 -0.090709 0.090709 -0.995877     33.366651 33.366651 5.957020
384.675690 260.617126     478.232300 2073.127930 9144.000000     -0.985359 0.170492 -0.170492 -0.985359     12.534310 12.534310 1.085812
198.536469 310.145905     2372.187500 484.761719 711.746094     -0.483601 -0.875289 0.875289 -0.483601     41.058481 41.058481 1.680741
198.536469 310.145905     287.078125 67.062500 49.031250     -0.483601 -0.875289 0.875289 -0.483601     41.058481 41.058481 5.482019
109.652382 134.614288     64.340820 -8.707031 10.794922     -0.983986 -0.178245 0.178245 -0.983986     10.419718 10.419718 2.106628
300.172241 138.288834     440.553223 1275.414062 5753.820312     -0.974990 -0.222249 0.222249 -0.974990     64.486298 64.486298 1.692375
300.172241 138.288834     515.776978 2232.224609 9873.726562     -0.974990 -0.222249 0.222249 -0.974990     64.486298 64.486298 4.555161
70.738289 253.466888     58.718750 167.703125 482.835938     -0.954473 -0.298298 0.298298 -0.954473     28.767112 28.767112 2.889751
70.738289 253.466888     327.656250 122.203125 119.640625     -0.954473 -0.298298 0.298298 -0.954473     28.767112 28.767112 5.558746
104.755997 186.786148     119.484375 328.968750 971.781250     -0.992971 0.118359 -0.118359 -0.992971     43.047469 43.047469 2.258537
159.873550 130.031403     70.992188 12.044922 10.191406     -0.856193 0.516656 -0.516656 -0.856193     39.650067 39.650067 0.813898
159.873550 130.031403     2694.820312 366.734375 482.859375     -0.856193 0.516656 -0.516656 -0.856193     39.650067 39.650067 4.157740
243.405136 259.018494     2695.645508 690.933594 895.871094     -0.921689 0.387930 -0.387930 -0.921689     164.351298 164.351298 3.870268
243.405136 259.018494     3097.593750 -456.000000 1329.843750     -0.921689 0.387930 -0.387930 -0.921689     164.351298 164.351298 6.381482
253.735077 181.179108     185.890625 257.531250 1265.430664     -0.982334 -0.187138 0.187138 -0.982334     12.138607 12.138607 1.145917
253.735077 181.179108     18.437500 -10.844727 26.700684     -0.982334 -0.187138 0.187138 -0.982334     12.138607 12.138607 5.426750
173.587128 178.926743     33.125000 14.105469 139.823242     -0.997124 -0.075789 0.075789 -0.997124     33.892252 33.892252 5.985497
97.654205 145.785049     536.796875 2316.236328 10263.078125     -0.987599 0.156997 -0.156997 -0.987599     10.305487 10.305487 1.974623
60.619270 315.130951     689.062500 1388.640625 3289.781250     -0.227887 -0.973688 0.973688 -0.227887     6.965561 6.965561 4.721305
110.292107 187.382629     65.288086 -7.497070 12.964844     -0.999585 0.028811 -0.028811 -0.999585     46.294406 46.294406 1.371469
110.292107 187.382629     199.468750 17.039062 34.466797     -0.999585 0.028811 -0.028811 -0.999585     46.294406 46.294406 2.155624
383.284668 260.416046     21.078125 -11.191406 30.124023     -0.989738 0.142896 -0.142896 -0.989738     13.062453 13.062453 1.009695
344.276093 115.446609     362.718750 90.367188 283.713867     -0.737027 -0.675864 0.675864 -0.737027     47.653417 47.653417 1.350667
95.933693 366.089600     9662.501953 -607.640625 5852.242188     -0.242253 -0.970213 0.970213 -0.242253     7.808125 7.808125 4.712717
73.318825 252.862991     102.108398 -30.938477 47.226562     -0.995807 -0.091480 0.091480 -0.995807     34.009906 34.009906 2.260483
73.318825 252.862991     65.060547 5.791016 6.611328     -0.995807 -0.091480 0.091480 -0.995807     34.009906 34.009906 3.248711
124.475952 223.107788     544.934082 2345.702148 10433.492188     -0.741012 -0.671492 0.671492 -0.741012     23.721645 23.721645 4.706078
67.319901 342.524475     186.375000 20.093750 35.330078     -0.231784 -0.972767 0.972767 -0.231784     7.844937 7.844937 4.713186
359.943237 217.772919     644.218750 1279.265625 3102.671875     -0.999678 -0.025362 0.025362 -0.999678     13.779155 13.779155 4.680050
342.516815 107.124138     195.398438 294.951172 1447.227539     -0.352188 -0.935929 0.935929 -0.352188     53.145384 53.145384 1.060298
342.516815 107.124138     437.281250 97.914062 463.301270     -0.352188 -0.935929 0.935929 -0.352188     53.145384 53.145384 5.080071
130.412033 184.923584     23.296875 -1.093750 49.812500     -0.993647 0.112544 -0.112544 -0.993647     44.584195 44.584195 1.497634
130.412033 184.923584     67.500000 -1.695312 36.866211     -0.993647 0.112544 -0.112544 -0.993647     44.584195 44.584195 4.617915
43.225300 313.140350     530.585571 2281.263672 10257.976562     -0.223160 -0.974782 0.974782 -0.223160     7.146693 7.146693 4.720766
248.922241 258.242493     2808.812500 464.007812 536.339844     -0.969865 0.243645 -0.243645 -0.969865     162.680933 162.680933 3.803376
248.922241 258.242493     25.617188 -3.115234 42.238281     -0.969865 0.243645 -0.243645 -0.969865     162.680933 162.680933 6.389859
292.753510 143.129593     783.218750 345.050781 816.197266     -0.987917 -0.154982 0.154982 -0.987917     88.965481 88.965481 1.716195
292.753510 143.129593     15.050293 7.246948 108.655273     -0.987917 -0.154982 0.154982 -0.987917     88.965481 88.965481 4.506516
90.328575 354.644196     10704.386719 -667.371094 6885.234375     -0.270033 -0.962851 0.962851 -0.270033     17.185300 17.185300 4.733514
341.803986 102.518471     33.000000 21.753906 57.987305     -0.289316 -0.957234 0.957234 -0.289316     52.481416 52.481416 5.010838
33.033951 172.891968     986.406250 433.781250 1259.394531     -0.507039 -0.861923 0.861923 -0.507039     25.978940 25.978940 3.628148
67.892258 311.086243     28.109375 -2.000000 51.734375     -0.153338 -0.988174 0.988174 -0.153338     59.189582 59.189582 2.643657
67.892258 311.086243     108.352539 -25.149414 47.158203     -0.153338 -0.988174 0.988174 -0.153338     59.189582 59.189582 4.757664
124.717720 187.589157     1169.718750 533.367188 1458.557617     -0.983736 0.179619 -0.179619 -0.983736     48.039293 48.039293 1.520819
361.019226 217.974365     213.054688 339.650391 1599.461426     -0.996904 -0.078632 0.078632 -0.996904     15.489955 15.489955 1.604949
361.019226 217.974365     25.800781 -6.160156 95.474609     -0.996904 -0.078632 0.078632 -0.996904     15.489955 15.489955 4.660162
97.461227 146.285721     1480.312500 545.097656 1574.816895     -0.983384 0.181540 -0.181540 -0.983384     11.456386 11.456386 2.018535
109.853058 135.106125     696.812500 1286.421875 3162.500000     -0.982322 -0.187199 0.187199 -0.982322     11.417230 11.417230 2.117265
123.042427 193.862991     1698.281250 634.195312 1717.003906     -0.981648 0.190703 -0.190703 -0.981648     77.149293 77.149293 1.506293
159.943863 129.376144     10911.421875 110.710938 7777.375000     -0.844676 0.535278 -0.535278 -0.844676     40.729918 40.729918 0.823301
159.943863 129.376144     52.843750 -9.093750 9.875000     -0.844676 0.535278 -0.535278 -0.844676     40.729918 40.729918 4.192577
253.297302 257.338898     71.769531 6.136719 7.148438     -0.974880 0.222732 -0.222732 -0.974880     159.951425 159.951425 0.172519
253.297302 257.338898     157.800781 -35.636719 119.833984     -0.974880 0.222732 -0.222732 -0.974880     159.951425 159.951425 0.766030
340.781464 96.303741     1978.218750 763.144531 1844.300781     -0.251609 -0.967829 0.967829 -0.251609     50.744839 50.744839 4.961630
139.995056 156.064362     147.093750 24.765625 27.117188     -0.992127 -0.125235 0.125235 -0.992127     10.491082 10.491082 1.627809
139.995056 156.064362     82.564453 46.324219 38.507812     -0.992127 -0.125235 0.125235 -0.992127     10.491082 10.491082 5.146952
289.878052 144.007980     38.500000 -22.609375 20.156250     -0.988372 -0.152053 0.152053 -0.988372     90.304829 90.304829 1.726149
289.878052 144.007980     30.921875 -1.875000 53.546875     -0.988372 -0.152053 0.152053 -0.988372     90.304829 90.304829 4.453225
111.255363 191.011002     115.358398 -22.089844 48.474609     -0.997717 -0.067527 0.067527 -0.997717     89.788833 89.788833 1.468747
111.255363 191.011002     263.285156 -210.296875 354.836914     -0.997717 -0.067527 0.067527 -0.997717     89.788833 89.788833 4.522095
364.847168 219.947601     76.281250 -11.406250 12.390625     -0.969177 -0.246367 0.246367 -0.969177     19.793082 19.793082 1.555775
364.847168 219.947601     2998.625000 1130.515625 2710.637695     -0.969177 -0.246367 0.246367 -0.969177     19.793082 19.793082 2.329501
43.610725 313.232056     11239.525391 -427.859375 8222.023438     -0.221288 -0.975208 0.975208 -0.221288     12.576548 12.576548 4.718367
98.022804 147.104233     87.062500 3.308594 7.681641     -0.987667 0.156567 -0.156567 -0.987667     13.807494 13.807494 2.080585
98.022804 147.104233     3575.437500 1103.035156 2879.828125     -0.987667 0.156567 -0.156567 -0.987667     13.807494 13.807494 6.401946
79.911400 343.457031     857.718750 1408.671875 3259.187500     -0.221932 -0.975062 0.975062 -0.221932     55.161094 55.161094 4.758765
42.757645 308.801514     998.601562 -439.800781 376.803711     -0.220737 -0.975333 0.975333 -0.220737     14.637452 14.637452 4.720642
444.167450 353.425842     103.875000 -14.718750 14.093750     -0.328357 -0.944554 0.944554 -0.328357     2.915743 2.915743 1.559657
435.965637 353.540375     104.654297 3.195312 9.224609     -0.322816 -0.946462 0.946462 -0.322816     12.142300 12.142300 1.517001
109.968422 135.652634     106.281250 -30.406250 32.921875     -0.982264 -0.187501 0.187501 -0.982264     12.641874 12.641874 2.154137
287.795593 145.413071     4590.781250 1425.140625 3388.279297     -0.987213 -0.159408 0.159408 -0.987213     92.621503 92.621503 1.782017
257.763275 255.644943     28.906250 -5.210938 59.804688     -0.971777 0.235903 -0.235903 -0.971777     157.123348 157.123348 0.160138
257.763275 255.644943     923.759766 -413.070312 418.833984     -0.971777 0.235903 -0.235903 -0.971777     157.123348 157.123348 1.371276
340.128967 88.171692     146.125000 -20.343750 15.312500     -0.220752 -0.975330 0.975330 -0.220752     50.832495 50.832495 4.920921
185.391495 86.527657     849.109375 1348.750000 3659.671875     0.567444 -0.823412 0.823412 0.567444     14.900369 14.900369 2.020443
185.391495 86.527657     83.296875 -8.773438 47.878906     0.567444 -0.823412 0.823412 0.567444     14.900369 14.900369 5.714093
507.131683 104.787949     21.187500 9.078125 52.000000     -0.128883 -0.991660 0.991660 -0.128883     25.172567 25.172567 4.940211
42.401840 307.068787     147.156250 53.625000 45.890625     -0.220423 -0.975404 0.975404 -0.220423     16.455509 16.455509 4.716614
455.805176 395.577515     252.250000 49.078125 147.375000     -0.397792 -0.917476 0.917476 -0.397792     41.970143 41.970143 0.494409
455.805176 395.577515     14311.406250 -373.503906 3355.632812     -0.397792 -0.917476 0.917476 -0.397792     41.970143 41.970143 1.602931
98.504295 147.664749     113.765625 -3.328125 45.203125     -0.990280 0.139092 -0.139092 -0.990280     15.531082 15.531082 6.381636
533.055359 149.242218     1531.890625 1000.218750 5108.929688     -0.994819 -0.101658 0.101658 -0.994819     25.742839 25.742839 0.211505
533.055359 149.242218     52.828125 -33.734375 29.812500     -0.994819 -0.101658 0.101658 -0.994819     25.742839 25.742839 1.049314
185.695343 87.336914     14162.875000 248.964844 3859.083008     0.559151 -0.829066 0.829066 0.559151     16.552574 16.552574 2.066799
514.663818 93.831650     295.921875 -30.054688 40.503906     -0.836820 -0.547478 0.547478 -0.836820     67.438835 67.438835 5.894019
514.663818 93.831650     1456.328125 887.671875 4724.898438     -0.836820 -0.547478 0.547478 -0.836820     67.438835 67.438835 6.269849
103.989571 142.266769     40835.054688 -13817.371094 13524.707031     -0.912018 0.410150 -0.410150 -0.912018     25.972836 25.972836 0.710285
140.342224 156.004440     113.281250 27.546875 9.369141     -0.995220 -0.097655 0.097655 -0.995220     11.062215 11.062215 1.597348
140.342224 156.004440     1509.843750 931.218750 4598.656250     -0.995220 -0.097655 0.097655 -0.995220     11.062215 11.062215 5.191362
42.173473 306.286469     61.281250 -39.710938 34.828125     -0.219684 -0.975571 0.975571 -0.219684     18.398894 18.398894 4.720283
533.974976 149.550003     122.843750 28.273438 10.074219     -0.991559 -0.129653 0.129653 -0.991559     25.733815 25.733815 0.265707
533.974976 149.550003     22.468750 8.164062 21.945312     -0.991559 -0.129653 0.129653 -0.991559     25.733815 25.733815 1.155107
456.673126 394.817902     57.427734 10.335938 37.578125     -0.391878 -0.920017 0.920017 -0.391878     44.846875 44.846875 0.440067
456.673126 394.817902     28.218750 17.070312 36.121094     -0.391878 -0.920017 0.920017 -0.391878     44.846875 44.846875 1.602909
339.684723 83.887962     10.625000 4.187500 94.343750     -0.218410 -0.975857 0.975857 -0.218410     51.186262 51.186262 4.886491
514.326965 87.117645     346.593750 -41.390625 45.574219     -0.658895 -0.752235 0.752235 -0.658895     84.369498 84.369498 5.664042
514.326965 87.117645     14.093750 3.015625 150.218750     -0.658895 -0.752235 0.752235 -0.658895     84.369498 84.369498 6.262809
402.667877 227.452560     139.171875 31.562500 10.992188     0.041144 -0.999153 0.999153 0.041144     21.699071 21.699071 1.650611
402.667877 227.452560     90.937500 -53.937500 41.125000     0.041144 -0.999153 0.999153 0.041144     21.699071 21.699071 4.542830
577.715332 121.640450     34.375000 21.343750 40.234375     -0.998481 0.055089 -0.055089 -0.998481     27.288215 27.288215 0.360950
577.715332 121.640450     197.328125 -97.320312 57.617188     -0.998481 0.055089 -0.055089 -0.998481     27.288215 27.288215 0.825272
41.891518 306.916046     146.421875 28.210938 11.593750     -0.217534 -0.976053 0.976053 -0.217534     21.182903 21.182903 4.720592
290.689484 147.986633     556.234375 -242.804688 114.882812     -0.981270 -0.192640 0.192640 -0.981270     94.953974 94.953974 1.766010
290.689484 147.986633     52.687500 15.187500 42.226562     -0.981270 -0.192640 0.192640 -0.981270     94.953974 94.953974 4.406455
186.768387 89.460487     707.210938 -254.343750 361.328125     0.178361 -0.983965 0.983965 0.178361     22.523610 22.523610 0.728769
23.398058 80.208740     179.500000 86.140625 88.835938     -0.076735 -0.997052 0.997052 -0.076735     17.131089 17.131089 2.748720
574.162537 93.038872     194.156250 88.546875 139.164062     -0.500986 -0.865455 0.865455 -0.500986     20.328511 20.328511 2.449860
574.162537 93.038872     16.718750 21.515625 81.113281     -0.500986 -0.865455 0.865455 -0.500986     20.328511 20.328511 3.102318
403.483673 227.065277     172.953125 25.726562 7.644531     0.083763 -0.996486 0.996486 0.083763     23.786771 23.786771 4.494918
104.899467 142.537537     17.750000 22.296875 80.667969     -0.941416 0.337248 -0.337248 -0.941416     27.794125 27.794125 0.578632
104.899467 142.537537     274.093750 22.882812 3.906250     -0.941416 0.337248 -0.337248 -0.941416     27.794125 27.794125 4.252222
339.428650 81.125252     185.468750 26.968750 8.199219     -0.225832 -0.974166 0.974166 -0.225832     52.152807 52.152807 1.691915
339.428650 81.125252     323.265625 28.757812 5.062500     -0.225832 -0.974166 0.974166 -0.225832     52.152807 52.152807 4.866555
186.629272 95.391869     294.375000 -134.867188 97.726562     0.087398 -0.996173 0.996173 0.087398     22.616844 22.616844 1.764410
458.268158 391.865082     463.265625 -187.328125 109.976562     -0.392484 -0.919759 0.919759 -0.392484     54.719635 54.719635 0.348941
458.268158 391.865082     1140.984375 -206.617188 46.054688     -0.392484 -0.919759 0.919759 -0.392484     54.719635 54.719635 1.616516
140.387100 155.971771     102.312500 -45.062500 25.453125     -0.995600 -0.093709 0.093709 -0.995600     11.535133 11.535133 1.600360
140.387100 155.971771     962.312500 -1113.320312 1553.437500     -0.995600 -0.093709 0.093709 -0.995600     11.535133 11.535133 5.174627
160.457245 129.894867     992.593750 122.429688 42.113281     -0.857364 0.514710 -0.514710 -0.857364     44.647586 44.647586 0.768346
160.457245 129.894867     119.000000 38.625000 75.613281     -0.857364 0.514710 -0.514710 -0.857364     44.647586 44.647586 4.159019
106.749077 279.173431     287.656250 49.257812 11.802734     -0.845412 -0.534114 0.534114 -0.845412     13.679632 13.679632 4.879300
414.193054 273.465332     180.023438 -82.265625 44.500000     -0.829431 0.558608 -0.558608 -0.829431     9.990819 9.990819 5.283235
403.702911 226.912460     975.218750 -1115.273438 1562.179688     0.082034 -0.996630 0.996630 0.082034     24.960823 24.960823 1.597021
403.702911 226.912460     1204.281250 74.218750 44.382812     0.082034 -0.996630 0.996630 0.082034     24.960823 24.960823 4.485834
105.336563 142.884995     186.906250 49.171875 76.445312     -0.957706 0.287749 -0.287749 -0.957706     29.106883 29.106883 0.484111
168.131027 120.126205     664.046875 -287.070312 130.609375     0.627418 -0.778682 0.778682 0.627418     43.591911 43.591911 1.466164
293.138794 149.180145     231.218750 -16.000000 13.593750     -0.978613 -0.205711 0.205711 -0.978613     96.769425 96.769425 1.696969
293.138794 149.180145     1331.765625 18.336426 118.718063     -0.978613 -0.205711 0.205711 -0.978613     96.769425 96.769425 4.341832
107.139397 279.112122     232.171875 61.843750 25.222656     -0.841593 -0.540113 0.540113 -0.841593     14.411973 14.411973 4.929650
340.594666 81.604942     3094.171875 -2204.906250 3583.226562     -0.241114 -0.970497 0.970497 -0.241114     55.744669 55.744669 1.686623
340.594666 81.604942     149.078125 272.302734 501.429443     -0.241114 -0.970497 0.970497 -0.241114     55.744669 55.744669 4.877354
141.298935 155.761566     49.343750 14.796875 96.937500     -0.999136 -0.041572 0.041572 -0.999136     12.359836 12.359836 1.631594
141.298935 155.761566     260.875000 -22.406250 19.562500     -0.999136 -0.041572 0.041572 -0.999136     12.359836 12.359836 5.225638
460.483398 393.517670     818.320312 -350.632812 156.914062     -0.419105 -0.907938 0.907938 -0.419105     64.817989 64.817989 0.427039
460.483398 393.517670     22.781250 3.343750 30.820312     -0.419105 -0.907938 0.907938 -0.419105     64.817989 64.817989 1.633837
151.457031 126.339355     62.406250 -42.968750 53.890625     -0.888043 0.459760 -0.459760 -0.888043     54.949629 54.949629 1.750670
151.457031 126.339355     181.765625 330.896484 606.765625     -0.888043 0.459760 -0.459760 -0.888043     54.949629 54.949629 4.697663
141.455353 155.330353     160.023438 -130.617188 115.203125     -0.999441 -0.033427 0.033427 -0.999441     13.588017 13.588017 1.603390
141.455353 155.330353     491.656250 61.078125 173.500000     -0.999441 -0.033427 0.033427 -0.999441     13.588017 13.588017 5.201119
497.544464 260.665955     60.882812 21.455078 15.730469     -0.940710 0.339211 -0.339211 -0.940710     21.086560 21.086560 4.075468
406.694977 225.749039     977.671875 168.328125 367.828125     -0.814050 0.580795 -0.580795 -0.814050     28.944328 28.944328 0.573111
406.694977 225.749039     5306.890625 -4744.281250 6633.148438     -0.814050 0.580795 -0.580795 -0.814050     28.944328 28.944328 4.026025
414.466949 273.215851     840.914062 -361.789062 163.304688     -0.824132 0.566398 -0.566398 -0.824132     10.641736 10.641736 5.308188
446.950195 286.406647     4378.359375 -4738.304688 12392.039062     0.161939 -0.986801 0.986801 0.161939     23.833483 23.833483 0.867012
150.842209 129.306030     77.257812 11.283203 18.706055     -0.872209 0.489134 -0.489134 -0.872209     61.566957 61.566957 1.788018
150.842209 129.306030     4526.031250 -4664.664062 12032.398438     -0.872209 0.489134 -0.489134 -0.872209     61.566957 61.566957 4.515909
464.052612 385.495148     269.953125 485.169922 878.623047     -0.373183 -0.927758 0.927758 -0.373183     78.793218 78.793218 0.191030
464.052612 385.495148     355.515625 613.958984 1071.695312     -0.373183 -0.927758 0.927758 -0.373183     78.793218 78.793218 1.636650
409.358704 225.736023     5231.406250 -4497.148438 10681.375000     -0.973669 0.227967 -0.227967 -0.973669     30.462295 30.462295 3.630051
409.358704 225.736023     79.183594 12.480469 20.945312     -0.973669 0.227967 -0.227967 -0.973669     30.462295 30.462295 6.367898
485.034210 291.165802     231.066406 5.402344 2.781250     -0.918295 -0.395898 0.395898 -0.918295     21.473855 21.473855 1.718137
485.034210 291.165802     89.485352 335.816406 1276.843750     -0.918295 -0.395898 0.395898 -0.918295     21.473855 21.473855 4.453646
496.180084 261.480194     59.972656 2.187500 5.439453     -0.930082 -0.367351 0.367351 -0.930082     50.909862 50.909862 1.978838
411.489014 225.957413     5085.287109 -1115.322754 1884.855957     -0.998829 0.048371 -0.048371 -0.998829     30.200985 30.200985 6.041756
415.007996 272.768005     243.929688 6.824219 3.496094     -0.813284 0.581867 -0.581867 -0.813284     10.722010 10.722010 5.266988
420.886200 224.655914     6648.595703 -894.754883 1823.845703     -0.993330 0.115309 -0.115309 -0.993330     27.378004 27.378004 3.663904
420.886200 224.655914     742.457031 62.250000 8.933594     -0.993330 0.115309 -0.115309 -0.993330     27.378004 27.378004 4.606523
152.759750 130.347397     63.986328 22.363281 65.500000     -0.884887 0.465806 -0.465806 -0.884887     68.017356 68.017356 1.769296
152.759750 130.347397     396.062500 685.111328 1200.278809     -0.884887 0.465806 -0.465806 -0.884887     68.017356 68.017356 2.149510
437.295013 169.830002     111.279297 35.835938 66.046875     -0.970438 -0.241349 0.241349 -0.970438     7.140986 7.140986 4.815590
437.295013 169.830002     28.792969 9.441406 18.328125     -0.970438 -0.241349 0.241349 -0.970438     7.140986 7.140986 5.154462
415.533569 272.353363     439.359375 793.064453 1458.985840     -0.811173 0.584806 -0.584806 -0.811173     11.203985 11.203985 5.274662
436.621857 169.705887     120.987305 4.701172 19.820312     -0.973117 -0.230312 0.230312 -0.973117     8.276342 8.276342 4.821288
436.621857 169.705887     31.466797 0.031250 22.085938     -0.973117 -0.230312 0.230312 -0.973117     8.276342 8.276342 5.216945
515.722778 205.955444     49.273438 -14.285156 48.304688     -0.718346 -0.695686 0.695686 -0.718346     16.860759 16.860759 2.424550
515.722778 205.955444     124.900391 37.714844 69.804688     -0.718346 -0.695686 0.695686 -0.718346     16.860759 16.860759 5.694293
515.035706 204.839279     23.375000 59.402344 170.930664     -0.622293 -0.782784 0.782784 -0.622293     17.222892 17.222892 1.881061
515.035706 204.839279     203.320312 34.101562 12.105469     -0.622293 -0.782784 0.782784 -0.622293     17.222892 17.222892 2.234479
420.571075 224.734604     124.250000 39.925781 88.937500     -0.991011 0.133782 -0.133782 -0.991011     28.455754 28.455754 3.811529
420.571075 224.734604     40.600586 -20.136719 19.519531     -0.991011 0.133782 -0.133782 -0.991011     28.455754 28.455754 4.623328
437.181122 169.883026     128.421875 -15.965088 29.291435     -0.973938 -0.226813 0.226813 -0.973938     8.587634 8.587634 4.797209
437.181122 169.883026     138.341797 -12.726562 3.339844     -0.973938 -0.226813 0.226813 -0.973938     8.587634 8.587634 5.205058
413.395142 273.389069     43.549805 -18.990234 19.097656     -0.842385 0.538876 -0.538876 -0.842385     11.579106 11.579106 5.196442
514.278442 204.227448     34.453125 10.046875 21.148438     -0.657272 -0.753653 0.753653 -0.657272     17.864948 17.864948 2.220939
514.278442 204.227448     51.207031 -13.625000 50.199219     -0.657272 -0.753653 0.753653 -0.657272     17.864948 17.864948 5.521834
409.450012 275.021057     423.625000 446.361328 2239.837646     -0.889697 0.456552 -0.456552 -0.889697     12.468227 12.468227 5.022984
436.624603 169.909378     51.843750 68.125000 143.812500     -0.980430 -0.196870 0.196870 -0.980430     10.957292 10.957292 4.794164
436.624603 169.909378     355.482422 62.265625 91.109375     -0.980430 -0.196870 0.196870 -0.980430     10.957292 10.957292 5.388345
400.486084 278.721619     148.822266 -13.003906 3.832031     -0.914489 0.404611 -0.404611 -0.914489     12.286795 12.286795 4.883029
512.601807 204.374252     555.390625 545.056641 2172.443848     -0.814132 -0.580679 0.580679 -0.814132     25.213695 25.213695 2.312657
512.601807 204.374252     46.651367 -18.482422 19.460938     -0.814132 -0.580679 0.580679 -0.814132     25.213695 25.213695 5.390291
506.095459 200.969635     404.392578 -54.203125 162.914062     -0.881560 -0.472072 0.472072 -0.881560     23.063803 23.063803 1.664844
506.095459 200.969635     34.230469 1.046875 24.613281     -0.881560 -0.472072 0.472072 -0.881560     23.063803 23.063803 5.484802
504.894928 199.225922     37.625000 -2.372559 32.152344     -0.856068 -0.516863 0.516863 -0.856068     27.308486 27.308486 5.391008
505.787842 199.080627     318.194824 87.634766 96.722656     -0.844602 -0.535395 0.535395 -0.844602     30.823814 30.823814 5.521540
456.058319 183.954163     72.095131 55.771973 179.718750     -0.999723 -0.023549 0.023549 -0.999723     14.153583 14.153583 0.814146
505.066010 200.983505     134.433594 64.917969 62.816406     -0.805157 -0.593061 0.593061 -0.805157     38.695392 38.695392 5.579759
525.908630 184.105774     155.554688 -13.765625 4.511719     -0.290306 -0.956934 0.956934 -0.290306     14.365877 14.365877 4.687193
525.908630 184.105774     137.281250 65.386719 132.711121     -0.290306 -0.956934 0.956934 -0.290306     14.365877 14.365877 5.431651
392.013824 317.354828     345.829102 103.671875 106.398438     0.624969 -0.780649 0.780649 0.624969     6.471408 6.471408 1.173222
422.056458 194.060486     230.687500 91.993164 172.404663     -0.988640 -0.150303 0.150303 -0.988640     8.694800 8.694800 4.493267
525.751099 184.360519     230.092834 166.315430 1139.250000     -0.303430 -0.952854 0.952854 -0.303430     14.685246 14.685246 4.671758
525.751099 184.360519     171.835938 -14.867188 5.304688     -0.303430 -0.952854 0.952854 -0.303430     14.685246 14.685246 5.456687
410.430389 202.940933     32.562500 -14.339844 67.644043     -0.996483 -0.083798 0.083798 -0.996483     6.335188 6.335188 4.995768
491.458344 223.988098     548.562500 125.818359 162.869507     -0.999954 0.009630 -0.009630 -0.999954     10.372183 10.372183 5.024857
422.438599 194.214035     51.218750 17.296875 49.435547     -0.989115 -0.147148 0.147148 -0.989115     9.208142 9.208142 4.479348
409.493256 202.817566     625.968750 286.501953 544.393066     -0.996006 -0.089291 0.089291 -0.996006     7.092866 7.092866 4.985616
437.328644 257.488586     405.144043 146.886719 132.839844     -0.891378 0.453262 -0.453262 -0.891378     24.294660 24.294660 2.468102
437.328644 257.488586     63.250000 -10.570312 98.035156     -0.891378 0.453262 -0.453262 -0.891378     24.294660 24.294660 5.206473
390.013916 319.846954     670.031250 305.419922 598.294434     0.627974 -0.778234 0.778234 0.627974     7.415666 7.415666 1.117616
525.539001 185.031921     440.682617 172.111328 152.925781     -0.312152 -0.950032 0.950032 -0.312152     16.253464 16.253464 4.696622
525.539001 185.031921     282.487305 667.577148 5843.281250     -0.312152 -0.950032 0.950032 -0.312152     16.253464 16.253464 5.501141
432.462067 259.207855     20.291721 94.097046 453.333984     -0.918166 0.396197 -0.396197 -0.918166     24.292796 24.292796 2.289288
432.462067 259.207855     26.869488 122.859863 583.150391     -0.918166 0.396197 -0.396197 -0.918166     24.292796 24.292796 5.084666
465.222229 229.989166     41.422409 189.681763 893.467773     -0.983765 0.179462 -0.179462 -0.983765     13.013316 13.013316 4.738049
411.676483 288.813721     61.817871 250.398438 1023.859375     0.632960 -0.774185 0.774185 0.632960     41.540579 41.540579 1.046181
411.676483 288.813721     82.586105 380.697998 1782.666016     0.632960 -0.774185 0.774185 0.632960     41.540579 41.540579 4.136860
522.335999 185.061829     121.779785 500.437500 2068.734375     -0.759499 -0.650508 0.650508 -0.759499     31.981983 31.981983 0.687447
472.385651 229.653336     64.375000 17.687500 41.566895     -0.988054 0.154107 -0.154107 -0.988054     16.588393 16.588393 1.641307
472.385651 229.653336     30.242188 16.027344 38.708984     -0.988054 0.154107 -0.154107 -0.988054     16.588393 16.588393 4.811329
304.661896 293.190491     875.074219 3842.238281 16919.367188     -0.897370 0.441278 -0.441278 -0.897370     8.897096 8.897096 0.350157
304.661896 293.190491     34.820312 17.882812 39.070312     -0.897370 0.441278 -0.441278 -0.897370     8.897096 8.897096 0.839021
467.718445 230.559494     322.697876 750.377930 6547.640625     -0.987562 0.157232 -0.157232 -0.987562     16.361694 16.361694 4.823371
303.544434 293.737030     32.457031 3.511719 95.519531     -0.907989 0.418994 -0.418994 -0.907989     9.713036 9.713036 4.822175
407.481293 293.731537     127.440430 501.332031 2004.390625     0.609676 -0.792651 0.792651 0.609676     46.328126 46.328126 0.978390
407.481293 293.731537     232.200684 933.945312 3823.187500     0.609676 -0.792651 0.792651 0.609676     46.328126 46.328126 1.357797
425.648224 200.900681     56.332031 8.183594 130.003906     -0.992064 -0.125733 0.125733 -0.992064     23.207370 23.207370 4.514256
520.778259 184.696838     244.833984 966.386719 3930.343750     -0.863045 -0.505128 0.505128 -0.863045     32.762538 32.762538 0.870963
301.427399 295.095886     15.648438 -5.296875 26.406250     -0.898871 0.438213 -0.438213 -0.898871     10.649478 10.649478 4.769120
466.547211 231.018570     62.222656 3.949219 129.488281     -0.987548 0.157319 -0.157319 -0.987548     16.941207 16.941207 4.806417
432.682343 200.556198     20.500000 -5.218750 34.992188     -0.996642 -0.081887 0.081887 -0.996642     26.891929 26.891929 4.536996
410.644531 180.203125     115.722656 -5.101562 123.363281     -0.985329 -0.170667 0.170667 -0.985329     8.138519 8.138519 4.187842
410.644531 180.203125     59.648438 -2.972656 10.617188     -0.985329 -0.170667 0.170667 -0.985329     8.138519 8.138519 4.855747
302.252441 294.684479     23.414062 -7.546875 46.773438     -0.904374 0.426742 -0.426742 -0.904374     10.726417 10.726417 4.739366
405.758942 295.443237     26.156250 -9.093750 51.828125     0.610539 -0.791986 0.791986 0.610539     48.353094 48.353094 0.886121
405.758942 295.443237     266.957031 -131.746094 203.371094     0.610539 -0.791986 0.791986 0.610539     48.353094 48.353094 1.381422
431.664978 200.915115     41.046875 -17.695312 27.826172     -0.997976 -0.063598 0.063598 -0.997976     28.336798 28.336798 4.562663
516.515076 185.396088     132.453125 -48.527344 69.879883     -0.934581 -0.355750 0.355750 -0.934581     34.190518 34.190518 1.255065
313.882050 289.679565     115.601562 -23.582031 60.384766     -0.916696 0.399586 -0.399586 -0.916696     10.530178 10.530178 4.706285
428.008972 198.361557     53.246094 14.144531 50.226562     -0.995046 -0.099418 0.099418 -0.995046     39.407088 39.407088 4.515521
602.532410 462.040955     55.737488 -24.810547 30.765625     -0.994032 0.109092 -0.109092 -0.994032     8.183859 8.183859 1.557378
440.230499 258.996613     66.052612 -33.218750 43.968750     -0.724622 0.689147 -0.689147 -0.724622     80.209790 80.209790 1.632589
310.703217 291.039459     28084.968750 514.453125 7661.109375     -0.917876 0.396867 -0.396867 -0.917876     10.367333 10.367333 4.703822
430.410400 198.515778     30.781738 24.136719 93.820312     -0.997139 -0.075584 0.075584 -0.997139     40.761845 40.761845 4.509785
601.298950 460.218567     171.625000 -106.382812 72.541992     -0.997337 0.072933 -0.072933 -0.997337     15.861275 15.861275 2.862752
440.493011 163.372086     400.093750 -246.640625 161.930664     -0.963943 -0.266107 0.266107 -0.963943     12.846689 12.846689 4.785211
429.019043 243.582733     32.982605 0.917969 19.203125     0.666999 -0.745059 0.745059 0.666999     150.617305 150.617305 4.351296
359.627899 59.713177     257.762085 -94.306641 65.484375     -0.477908 -0.878410 0.878410 -0.477908     4.337034 4.337034 1.596374
581.412842 416.981323     279.777954 -99.769531 69.421875     -0.274574 -0.961566 0.961566 -0.274574     30.226642 30.226642 3.161890
581.412842 416.981323     496.500000 -310.445312 208.643555     -0.274574 -0.961566 0.961566 -0.274574     30.226642 30.226642 3.438362
600.313049 458.992767     580.875000 -365.078125 248.064453     -0.995789 0.091677 -0.091677 -0.995789     18.824677 18.824677 1.573148
600.313049 458.992767     20.187500 5.410156 52.867188     -0.995789 0.091677 -0.091677 -0.995789     18.824677 18.824677 2.961317
586.665283 378.753143     100.973755 -4.242188 4.609375     -0.414324 -0.910129 0.910129 -0.414324     11.797139 11.797139 0.896491
586.665283 378.753143     128.026733 -7.685547 6.375000     -0.414324 -0.910129 0.910129 -0.414324     11.797139 11.797139 1.569888
428.798584 241.292740     57.609619 -14.959961 14.605957     0.646091 -0.763261 0.763261 0.646091     150.491729 150.491729 4.405683
311.249664 290.838379     18.433594 -5.445312 62.046875     -0.918186 0.396150 -0.396150 -0.918186     10.681091 10.681091 4.702360
549.186951 260.639130     70.058594 -28.575684 28.460449     -0.340020 -0.940418 0.940418 -0.340020     20.900683 20.900683 2.297169
549.186951 260.639130     4.122955 12.158447 160.607422     -0.340020 -0.940418 0.940418 -0.340020     20.900683 20.900683 4.966100
568.868408 233.150375     10.961018 39.598755 289.421875     -0.741150 0.671339 -0.671339 -0.741150     17.410550 17.410550 2.011736
362.074188 63.922848     85.416260 -24.080566 34.300293     -0.479394 -0.877600 0.877600 -0.479394     4.526010 4.526010 1.595484
78.208382 92.969734     28.202148 -5.074707 35.206055     -0.992816 -0.119648 0.119648 -0.992816     29.978384 29.978384 4.517376
425.161530 245.708847     95.481934 -38.203125 54.455566     0.645791 -0.763514 0.763514 0.645791     150.289505 150.289505 4.372623
365.012054 69.180725     99.767822 -39.645996 60.594727     -0.480627 -0.876925 0.876925 -0.480627     4.556180 4.556180 1.595138
365.012054 69.180725     37.572266 -4.421875 22.167969     -0.480627 -0.876925 0.876925 -0.480627     4.556180 4.556180 4.727435
251.472305 439.771973     82.593750 -13.207031 16.433533     -0.764559 0.644554 -0.644554 -0.764559     10.150037 10.150037 4.675143
207.352676 109.361610     126.671875 -19.641602 22.860168     -0.928675 -0.370894 0.370894 -0.928675     12.042655 12.042655 4.671921
366.256958 71.267670     270.187500 -121.480469 63.354492     -0.483721 -0.875223 0.875223 -0.483721     5.118286 5.118286 1.597675
410.910736 260.252319     404.843750 -178.902344 102.960938     0.656343 -0.754463 0.754463 0.656343     154.555069 154.555069 4.456088
311.884888 290.643036     40.703125 -37.666992 60.031250     -0.917481 0.397781 -0.397781 -0.917481     11.427040 11.427040 4.702837
209.508362 108.568565     981.343750 -69.398193 5.822765     -0.983132 -0.182897 0.182897 -0.983132     18.338248 18.338248 4.742885
366.188202 71.019012     22.914062 17.585938 56.652344     -0.484054 -0.875038 0.875038 -0.484054     5.632813 5.632813 1.596899
369.968323 77.001663     276.643555 -93.826172 205.335938     -0.498089 -0.867126 0.867126 -0.498089     7.596280 7.596280 1.602555
369.968323 77.001663     533.291016 -276.183594 1396.953125     -0.498089 -0.867126 0.867126 -0.498089     7.596280 7.596280 4.741948
209.731125 108.634438     25.773438 19.554688 62.003906     -0.979575 -0.201078 0.201078 -0.979575     19.294162 19.294162 4.734366
312.386139 290.525696     298.044922 -83.833984 210.570312     -0.916666 0.399653 -0.399653 -0.916666     12.230347 12.230347 4.707038
235.244995 193.195007     97.023438 11.906250 225.332031     -0.999720 -0.023645 0.023645 -0.999720     7.330272 7.330272 1.761670
235.244995 193.195007     1460.515625 -72.140625 356.601562     -0.999720 -0.023645 0.023645 -0.999720     7.330272 7.330272 4.535506
117.376472 419.374115     287.259766 -12.078125 174.039062     -0.254558 -0.967057 0.967057 -0.254558     4.695044 4.695044 4.711356
213.595352 167.283722     485.794922 -52.628906 83.468750     -0.999199 -0.040017 0.040017 -0.999199     10.410326 10.410326 4.804489
116.817749 412.200012     143.937500 -63.496094 52.636719     -0.264254 -0.964453 0.964453 -0.264254     8.883707 8.883707 3.589626
116.817749 412.200012     616.780273 -74.058594 88.484375     -0.264254 -0.964453 0.964453 -0.264254     8.883707 8.883707 4.717632
369.885376 76.772247     303.767578 67.718750 433.863281     -0.499457 -0.866339 0.866339 -0.499457     7.918156 7.918156 1.600248
369.885376 76.772247     570.305664 -117.837891 2191.687500     -0.499457 -0.866339 0.866339 -0.499457     7.918156 7.918156 4.738176
235.065216 193.130432     151.218750 -82.523438 83.136719     -0.999598 -0.028349 0.028349 -0.999598     8.177824 8.177824 1.789213
235.065216 193.130432     33.847656 15.738281 62.119141     -0.999598 -0.028349 0.028349 -0.999598     8.177824 8.177824 4.519508
206.343079 113.767693     872.115234 -97.937500 90.351562     -0.897249 0.441524 -0.441524 -0.897249     29.988726 29.988726 3.733282
206.343079 113.767693     304.115234 -4.113281 178.820312     -0.897249 0.441524 -0.441524 -0.897249     29.988726 29.988726 5.210351
246.407288 194.172180     146.234375 -57.031250 134.113281     -0.996469 -0.083964 0.083964 -0.996469     8.642221 8.642221 1.653399
246.407288 194.172180     54.101562 0.226562 82.044922     -0.996469 -0.083964 0.083964 -0.996469     8.642221 8.642221 4.718386
215.082031 172.271484     59.671875 -89.046875 459.054688     -0.764749 -0.644328 0.644328 -0.764749     30.347108 30.347108 2.328426
215.082031 172.271484     1108.859375 -117.132812 91.578125     -0.764749 -0.644328 0.644328 -0.764749     30.347108 30.347108 5.557221
149.873093 269.564545     6572.921875 -3522.937500 7233.660156     -0.695046 -0.718966 0.718966 -0.695046     29.290500 29.290500 2.127735
149.873093 269.564545     53.363281 0.390625 115.039062     -0.695046 -0.718966 0.718966 -0.695046     29.290500 29.290500 5.326471
369.269989 75.473129     208.159180 -50.189453 18.468750     -0.496901 -0.867807 0.867807 -0.496901     8.740263 8.740263 1.601169
369.269989 75.473129     114.890625 15.375000 242.996094     -0.496901 -0.867807 0.867807 -0.496901     8.740263 8.740263 4.738272
188.613525 242.961349     1513.264648 -135.601562 92.109375     -0.378143 -0.925747 0.925747 -0.378143     15.153182 15.153182 5.203091
152.318359 270.205994     352.021484 63.914062 471.894531     -0.875701 -0.482853 0.482853 -0.875701     30.615646 30.615646 2.256255
184.004166 266.420837     248.621094 -58.304688 20.406250     -0.861608 -0.507574 0.507574 -0.861608     16.078405 16.078405 1.021151
184.004166 266.420837     364.839844 95.628906 1174.250000     -0.861608 -0.507574 0.507574 -0.861608     16.078405 16.078405 2.327492
341.984741 142.248093     41.308594 25.943359 75.542969     -0.978457 -0.206449 0.206449 -0.978457     9.661668 9.661668 1.648339
366.887878 70.163612     666.563477 -138.453125 35.359375     -0.479194 -0.877709 0.877709 -0.479194     11.365048 11.365048 1.606292
366.887878 70.163612     3.664062 2.804688 271.734375     -0.479194 -0.877709 0.877709 -0.479194     11.365048 11.365048 4.731643
88.565216 224.402740     16.687500 -8.414062 88.105469     -0.998927 -0.046320 0.046320 -0.998927     19.923529 19.923529 1.359228
144.348129 216.546082     823.352539 -163.363281 39.093750     -0.999994 -0.003331 0.003331 -0.999994     21.148005 21.148005 3.148952
144.348129 216.546082     57.015625 -79.062500 448.292969     -0.999994 -0.003331 0.003331 -0.999994     21.148005 21.148005 4.039561
184.979767 245.921967     136.054688 -53.621094 217.945312     -0.718988 0.695022 -0.695022 -0.718988     26.429867 26.429867 1.199478
152.840073 269.845123     56.410156 0.160156 118.666016     -0.891582 -0.452860 0.452860 -0.891582     32.025403 32.025403 2.280809
365.908020 67.453049     2937.472656 -488.148438 90.140625     -0.466856 -0.884333 0.884333 -0.466856     13.875640 13.875640 1.607458
365.908020 67.453049     9.044922 20.070312 1348.398438     -0.466856 -0.884333 0.884333 -0.466856     13.875640 13.875640 4.730398
372.178986 102.688713     117.265625 18.437500 262.386719     -0.332485 -0.943109 0.943109 -0.332485     7.019436 7.019436 1.600625
372.178986 102.688713     102.906250 -39.468750 29.796875     -0.332485 -0.943109 0.943109 -0.332485     7.019436 7.019436 2.200537
340.008087 141.994614     8.656250 15.273438 178.013672     -0.985363 -0.170471 0.170471 -0.985363     11.210122 11.210122 1.660991
340.008087 141.994614     145.062500 20.484375 89.570312     -0.985363 -0.170471 0.170471 -0.985363     11.210122 11.210122 4.589755
152.919525 268.330841     395.074219 84.585938 1278.609375     -0.837987 -0.545690 0.545690 -0.837987     35.700106 35.700106 2.243076
93.170731 240.863419     49.207031 73.886719 274.820312     -0.855499 0.517805 -0.517805 -0.855499     12.184483 12.184483 4.230756
86.792709 225.036469     135.062500 -49.886719 230.542969     -0.998615 0.052610 -0.052610 -0.998615     21.427718 21.427718 1.442240
86.792709 225.036469     25.335938 -17.066406 192.871094     -0.998615 0.052610 -0.052610 -0.998615     21.427718 21.427718 4.055756
178.430695 197.391083     33.585938 5.070312 17.294922     -0.995662 0.093041 -0.093041 -0.995662     6.599206 6.599206 1.762537
178.430695 197.391083     43.710938 -92.007812 1531.695312     -0.995662 0.093041 -0.093041 -0.995662     6.599206 6.599206 4.648542
92.526550 240.964600     9.470703 26.240234 1913.457031     -0.877873 0.478893 -0.478893 -0.877873     13.302206 13.302206 4.183517
183.989319 266.149475     119.062500 -40.156250 32.203125     -0.880931 -0.473245 0.473245 -0.880931     17.859479 17.859479 1.068134
183.989319 266.149475     73.027344 -127.621094 633.648438     -0.880931 -0.473245 0.473245 -0.880931     17.859479 17.859479 2.365697
184.884903 245.979538     116.046875 -21.406250 702.535156     -0.720055 0.693917 -0.693917 -0.720055     27.397872 27.397872 1.416795
468.456940 291.580536     29600.843750 -4199.375000 7318.398438     -0.469322 -0.883027 0.883027 -0.469322     17.793958 17.793958 1.498123
159.864639 266.428162     51.664062 78.003906 284.091797     -0.975874 -0.218335 0.218335 -0.975874     39.533091 39.533091 1.367555
178.016602 197.257263     134.031250 -35.218750 40.828125     -0.996065 0.088628 -0.088628 -0.996065     7.359899 7.359899 1.770609
178.016602 197.257263     139.445312 -42.398438 239.246094     -0.996065 0.088628 -0.088628 -0.996065     7.359899 7.359899 4.635922
91.934105 241.062012     119.781250 27.812500 283.679688     -0.892339 0.451366 -0.451366 -0.892339     14.309784 14.309784 4.137295
85.815697 225.261093     211.949219 269.332031 2301.449219     -0.997636 0.068715 -0.068715 -0.997636     21.198595 21.198595 1.449873
85.815697 225.261093     141.000000 -40.406250 47.296875     -0.997636 0.068715 -0.068715 -0.997636     21.198595 21.198595 4.127369
166.384857 260.814514     43.585938 -90.742188 1507.230469     -0.977826 0.209419 -0.209419 -0.977826     55.352834 55.352834 1.713224
144.309097 216.418182     30135.257812 -3505.265625 6982.449219     -0.994261 -0.106977 0.106977 -0.994261     22.274156 22.274156 1.217924
144.309097 216.418182     35.812500 5.093750 17.253906     -0.994261 -0.106977 0.106977 -0.994261     22.274156 22.274156 2.935887
81.750977 228.054688     10.320312 24.476562 128.277344     -0.944498 -0.328517 0.328517 -0.944498     36.624974 36.624974 1.992674
81.750977 228.054688     154.320312 -54.214844 299.683594     -0.944498 -0.328517 0.328517 -0.944498     36.624974 36.624974 5.475965
150.390091 219.997849     147.250000 -40.750000 81.828125     -0.861102 -0.508433 0.508433 -0.861102     22.267478 22.267478 4.907373
178.021973 197.040298     61.703125 82.121094 116.341797     -0.995939 0.090025 -0.090025 -0.995939     8.134190 8.134190 1.786004
178.021973 197.040298     60.484375 -110.171875 1596.769531     -0.995939 0.090025 -0.090025 -0.995939     8.134190 8.134190 4.665890
80.301712 227.616241     63.472656 83.800781 118.044922     -0.937001 -0.349325 0.349325 -0.937001     37.039213 37.039213 1.947427
80.301712 227.616241     378.093750 -8.187500 90.203125     -0.937001 -0.349325 0.349325 -0.937001     37.039213 37.039213 4.631579
177.951920 196.785263     219.734375 5.312500 57.710938     -0.996100 0.088230 -0.088230 -0.996100     8.986290 8.986290 4.660483
78.105942 226.456558     30343.406250 -3553.648438 8945.226562     -0.916461 -0.400125 0.400125 -0.916461     37.301007 37.301007 1.854454
78.105942 226.456558     214.656250 34.640625 52.277344     -0.916461 -0.400125 0.400125 -0.916461     37.301007 37.301007 5.378749
77.070648 225.862137     100.974365 -124.472168 182.559570     -0.905918 -0.423454 0.423454 -0.905918     38.309678 38.309678 1.892699
77.070648 225.862137     216.703125 31.562500 53.191406     -0.905918 -0.423454 0.423454 -0.905918     38.309678 38.309678 5.330453
6.761468 108.233948     55.546875 -9.558594 44.341797     -0.203549 -0.979065 0.979065 -0.203549     3.841783 3.841783 1.367889
7.556777 112.047623     30684.328125 -1931.671875 10960.480469     -0.206477 -0.978451 0.978451 -0.206477     4.370047 4.370047 1.391311
9.243697 120.168068     314.031250 -81.201172 109.823242     -0.207916 -0.978147 0.978147 -0.207916     4.727103 4.727103 1.415719
79.278748 426.020905     1686.132812 403.738281 2252.894531     -0.237682 -0.971343 0.971343 -0.237682     3.327791 3.327791 4.716082
12.584830 135.512970     30488.812500 -854.835938 12786.902344     -0.208984 -0.977919 0.977919 -0.208984     4.990448 4.990448 1.476706
73.780914 403.802612     57.750000 -73.664062 109.500000     -0.235197 -0.971948 0.971948 -0.235197     3.714842 3.714842 4.710978
530.758606 56.593868     331.890625 -76.726562 104.278320     -0.878033 -0.478600 0.478600 -0.878033     25.426297 25.426297 1.605940
530.758606 56.593868     174.890625 6.726562 72.414062     -0.878033 -0.478600 0.478600 -0.878033     25.426297 25.426297 1.998142
277.071442 172.834824     169.625000 5.250000 72.539062     -0.610173 -0.792268 0.792268 -0.610173     19.038016 19.038016 2.230315
277.071442 172.834824     129.546875 67.117188 363.093750     -0.610173 -0.792268 0.792268 -0.610173     19.038016 19.038016 5.185387
40.456676 258.887939     135.595734 -29.689453 27.515625     -0.221483 -0.975164 0.975164 -0.221483     6.988177 6.988177 4.705207
277.447998 173.112000     17.471346 3.328247 82.140625     -0.664079 -0.747663 0.747663 -0.664079     19.582337 19.582337 2.291309
277.447998 173.112000     2.405079 8.195557 342.484375     -0.664079 -0.747663 0.747663 -0.664079     19.582337 19.582337 5.273000
229.556046 253.353851     27.031319 15.176758 115.515625     -0.055429 -0.998463 0.998463 -0.055429     25.559873 25.559873 1.764952
229.556046 253.353851     178.937500 -42.656250 14.859375     -0.055429 -0.998463 0.998463 -0.055429     25.559873 25.559873 4.614010
89.633919 405.523560     168.265625 0.890625 73.789062     -0.242862 -0.970061 0.970061 -0.242862     6.248469 6.248469 4.718787
84.804405 384.012695     26.418045 21.996826 170.820312     -0.237531 -0.971380 0.971380 -0.237531     8.799694 8.799694 4.724681
229.097626 250.070084     48.466866 -29.998787 63.522476     -0.109089 -0.994032 0.994032 -0.109089     33.504285 33.504285 1.772154
229.097626 250.070084     27.139194 26.983643 207.203125     -0.109089 -0.994032 0.994032 -0.109089     33.504285 33.504285 4.871549
84.803070 382.011658     958.270264 -24.128906 15.109375     -0.239157 -0.970981 0.970981 -0.239157     11.741500 11.741500 4.727420
263.570038 291.217377     2.278028 10.375397 589.996094     0.379131 -0.925343 0.925343 0.379131     16.520703 16.520703 2.124586
263.570038 291.217377     65.406250 45.518555 134.534668     0.379131 -0.925343 0.925343 0.379131     16.520703 16.520703 4.725830
229.753052 249.876526     51.429321 -11.508545 17.734375     -0.058410 -0.998293 0.998293 -0.058410     35.430632 35.430632 4.642240
264.389526 291.805237     2.881623 15.667084 823.191406     0.307041 -0.951696 0.951696 0.307041     19.519991 19.519991 2.255404
264.389526 291.805237     162.033203 -26.648438 16.132812     0.307041 -0.951696 0.951696 0.307041     19.519991 19.519991 4.009806
232.198669 249.338409     192.468750 -200.636719 230.374268     0.447542 -0.894263 0.894263 0.447542     47.871526 47.871526 0.585517
232.198669 249.338409     95.460938 -77.974609 131.406860     0.447542 -0.894263 0.894263 0.447542     47.871526 47.871526 2.543945
264.950226 222.769226     45.625000 -67.796875 138.574829     -0.998181 0.060297 -0.060297 -0.998181     14.538287 14.538287 1.559193
264.950226 222.769226     192.531250 -90.785156 70.947998     -0.998181 0.060297 -0.060297 -0.998181     14.538287 14.538287 5.329032
264.913452 291.451935     38.000000 -31.274414 59.680847     0.282916 -0.959145 0.959145 0.282916     20.713682 20.713682 2.285263
264.913452 291.451935     116.921875 30.343750 20.968750     0.282916 -0.959145 0.959145 0.282916     20.713682 20.713682 4.048974
265.281616 291.387939     97.500000 -69.304688 92.402344     0.303335 -0.952884 0.952884 0.303335     21.703535 21.703535 2.297490
265.281616 291.387939     87.007812 35.042969 26.982422     0.303335 -0.952884 0.952884 0.303335     21.703535 21.703535 4.114321
239.549377 243.599731     237.456055 -51.175781 52.484375     -0.785680 0.618633 -0.618633 -0.785680     44.918050 44.918050 0.918699
239.549377 243.599731     89.978088 0.185547 29.546875     -0.785680 0.618633 -0.618633 -0.785680     44.918050 44.918050 4.219892
