1.0
837
243.553696 94.351868     145.234375 120.822266 380.916016     -0.388446 -0.921471 0.921471 -0.388446     43.699088 43.699088 5.017754
27.854460 239.192490     25.457764 58.755859 151.414062     -0.366611 -0.930374 0.930374 -0.366611     6.832311 6.832311 1.302739
27.854460 239.192490     27.746521 64.516602 166.871094     -0.366611 -0.930374 0.930374 -0.366611     6.832311 6.832311 4.610060
27.440678 237.953384     24.573730 55.273438 286.906250     -0.365241 -0.930913 0.930913 -0.365241     7.020011 7.020011 1.322915
27.440678 237.953384     32.281555 74.967773 194.210938     -0.365241 -0.930913 0.930913 -0.365241     7.020011 7.020011 4.607939
85.099808 449.512482     62.442383 71.816406 251.578125     -0.198090 -0.980184 0.980184 -0.198090     16.474717 16.474717 1.589590
27.025000 236.446426     49.983887 117.041016 382.820312     -0.364857 -0.931064 0.931064 -0.364857     7.668286 7.668286 1.335693
27.025000 236.446426     884.476562 -286.242188 1303.162109     -0.364857 -0.931064 0.931064 -0.364857     7.668286 7.668286 4.613646
57.174038 330.613403     481.784912 30.283203 233.484375     -0.301692 -0.953405 0.953405 -0.301692     16.192421 16.192421 4.746204
48.890293 328.749237     134.420898 77.498047 557.382812     -0.199335 -0.979931 0.979931 -0.199335     37.964511 37.964511 4.745128
26.832298 235.850937     258.441895 -5.999023 1335.085938     -0.357184 -0.934034 0.934034 -0.357184     8.346732 8.346732 1.311276
588.399475 453.444153     15.050781 2.000000 153.750000     0.634877 -0.772613 0.772613 0.634877     21.151248 21.151248 4.516766
145.606476 329.078705     298.562500 -183.750000 252.390625     -0.228799 -0.973474 0.973474 -0.228799     11.859355 11.859355 4.749031
193.245285 103.382072     29.228516 -31.300781 204.546875     0.026771 -0.999642 0.999642 0.026771     14.680963 14.680963 4.736676
146.515762 326.404022     1160.531250 -326.412109 1285.180664     -0.014415 -0.999896 0.999896 -0.014415     17.441171 17.441171 4.677894
195.473282 92.854965     123.125000 212.492188 427.828125     0.185514 -0.982642 0.982642 0.185514     14.699373 14.699373 4.695627
144.367218 330.657684     15.056641 11.172852 110.100586     0.170642 -0.985333 0.985333 0.170642     21.956947 21.956947 4.599510
144.180298 330.795532     26.812500 -31.501953 217.941895     0.171196 -0.985237 0.985237 0.171196     22.210614 22.210614 4.604492
225.889359 323.528198     25.742188 23.455078 115.894531     -0.456791 -0.889574 0.889574 -0.456791     16.844430 16.844430 4.688840
167.625961 93.095421     34.505859 21.570312 35.062500     -0.115201 -0.993342 0.993342 -0.115201     16.693051 16.693051 4.817003
194.924896 91.584984     49.591797 -2.039062 291.882812     0.199053 -0.979989 0.979989 0.199053     19.693698 19.693698 4.692066
144.202988 330.199677     25.006836 5.351562 48.867188     0.168584 -0.985687 0.985687 0.168584     22.170134 22.170134 4.607910
118.462219 322.062225     28.888672 26.455078 115.042969     -0.214953 -0.976624 0.976624 -0.214953     21.797965 21.797965 3.515999
118.462219 322.062225     673.562134 473.613281 5852.031250     -0.214953 -0.976624 0.976624 -0.214953     21.797965 21.797965 6.006959
157.209763 203.910919     53.644531 76.300781 502.055664     -0.482244 -0.876037 0.876037 -0.482244     9.564508 9.564508 1.541899
157.209763 203.910919     1240.007812 2193.191406 3975.179688     -0.482244 -0.876037 0.876037 -0.482244     9.564508 9.564508 3.216127
59.156780 182.411011     59.424805 51.601562 79.070312     -0.550386 -0.834910 0.834910 -0.550386     22.354417 22.354417 2.192373
156.653534 202.644196     27.803711 6.472656 57.062500     -0.476125 -0.879378 0.879378 -0.476125     11.714787 11.714787 1.549213
194.665527 89.970993     125.949219 128.101562 469.515625     0.158540 -0.987353 0.987353 0.158540     20.988637 20.988637 4.700295
220.713333 318.827332     23.443359 -12.285645 109.734375     -0.490787 -0.871280 0.871280 -0.490787     24.451383 24.451383 4.689710
166.377472 91.371834     32.760742 54.175781 135.972656     -0.237600 -0.971363 0.971363 -0.237600     20.127105 20.127105 4.893049
113.078819 343.615753     60.916016 53.765625 85.187500     -0.702530 -0.711654 0.711654 -0.702530     16.356786 16.356786 5.128693
142.462570 326.737427     225.458496 298.384766 677.230469     0.008415 -0.999965 0.999965 0.008415     31.684167 31.684167 4.656986
118.601479 321.833954     178.714844 -20.676758 442.737793     -0.209275 -0.977857 0.977857 -0.209275     21.981718 21.981718 3.564554
118.601479 321.833954     483.968750 -333.343750 510.078125     -0.209275 -0.977857 0.977857 -0.209275     21.981718 21.981718 6.302222
166.433578 91.192986     1187.417969 2057.371094 3723.796875     -0.271906 -0.962324 0.962324 -0.271906     20.823747 20.823747 4.915038
191.061691 77.575760     63.398438 0.234375 223.796875     -0.163277 -0.986580 0.986580 -0.163277     28.820011 28.820011 4.814460
192.795074 268.697357     55.058594 -42.286133 141.749023     -0.485222 -0.874391 0.874391 -0.485222     21.558087 21.558087 4.712320
109.492798 340.671478     274.246094 129.234375 356.984375     -0.637574 -0.770389 0.770389 -0.637574     18.400212 18.400212 4.968644
118.553848 321.584625     899.580322 -277.573242 7558.812500     -0.206773 -0.978389 0.978389 -0.206773     23.137081 23.137081 1.532736
118.553848 321.584625     52.734375 -37.500000 63.812500     -0.206773 -0.978389 0.978389 -0.206773     23.137081 23.137081 2.062732
138.272095 318.893250     1170.015625 2001.769531 3619.687500     -0.314924 -0.949117 0.949117 -0.314924     41.106487 41.106487 4.802387
59.459801 186.537689     20.175781 16.913086 98.916992     -0.091788 -0.995779 0.995779 -0.091788     21.712694 21.712694 1.682645
100.168144 79.837761     47.250000 -25.253906 33.699219     0.138259 -0.990396 0.990396 0.138259     20.976123 20.976123 4.686449
94.924049 225.075943     61.765625 -9.945312 71.613281     -0.393875 -0.919164 0.919164 -0.393875     13.903213 13.903213 1.068738
94.924049 225.075943     101.476562 48.265625 270.546875     -0.393875 -0.919164 0.919164 -0.393875     13.903213 13.903213 4.484154
109.220047 340.168701     61.593750 -31.746094 29.512695     -0.624429 -0.781081 0.781081 -0.624429     19.056601 19.056601 4.962198
76.563416 217.787125     55.000000 -27.523438 39.851562     -0.445207 -0.895427 0.895427 -0.445207     39.513310 39.513310 1.785474
182.945374 81.790810     1454.261230 -442.453125 7028.921875     0.077605 -0.996984 0.996984 0.077605     59.886424 59.886424 4.757115
193.757050 271.630157     90.517578 -108.592285 331.040527     -0.487477 -0.873136 0.873136 -0.487477     28.021208 28.021208 4.719058
383.632355 219.269608     25.593750 1.628906 127.443359     -0.942555 -0.334051 0.334051 -0.942555     22.997955 22.997955 1.367835
383.632355 219.269608     79.125000 -19.054688 27.847656     -0.942555 -0.334051 0.334051 -0.942555     22.997955 22.997955 1.787785
531.417847 105.417839     1489.046875 -283.162109 1265.143311     -0.778634 0.627478 -0.627478 -0.778634     15.976372 15.976372 0.904368
531.417847 105.417839     645.017578 -21.804688 461.413086     -0.778634 0.627478 -0.627478 -0.778634     15.976372 15.976372 3.087656
102.957092 76.945892     69.187500 -28.988281 29.712891     0.376963 -0.926228 0.926228 0.376963     27.684573 27.684573 4.541351
128.735687 316.624939     53.890625 -25.453125 47.281250     -0.589546 -0.807735 0.807735 -0.589546     60.360583 60.360583 5.148581
300.139008 440.969116     102.865234 -48.127930 57.334625     0.653405 -0.757008 0.757008 0.653405     20.308197 20.308197 0.951270
193.803421 272.333405     47.406250 -21.667969 39.155273     -0.488914 -0.872332 0.872332 -0.488914     31.205127 31.205127 4.716994
129.493378 87.456955     69.078125 -37.218750 69.281250     -0.201486 -0.979491 0.979491 -0.201486     18.387709 18.387709 4.894241
179.001740 81.981369     482.062500 -305.843750 546.781250     0.516600 -0.856227 0.856227 0.516600     73.879030 73.879030 4.345583
532.012146 105.477730     133.015625 -52.757812 95.191406     -0.793450 0.608635 -0.608635 -0.793450     17.033322 17.033322 1.107019
532.012146 105.477730     44.812500 -58.695312 364.611328     -0.793450 0.608635 -0.608635 -0.793450     17.033322 17.033322 3.052165
382.184845 214.438385     80.437500 -27.835938 53.507812     0.527404 -0.849615 0.849615 0.527404     33.552021 33.552021 1.138336
565.802979 100.758621     28.445801 1.308105 262.335205     -0.851756 0.523939 -0.523939 -0.851756     14.219427 14.219427 2.233210
565.802979 100.758621     18.784668 12.276855 72.248535     -0.851756 0.523939 -0.523939 -0.851756     14.219427 14.219427 4.380859
379.241516 262.271179     1234.113281 189.073242 787.692383     -0.795402 0.606082 -0.606082 -0.795402     19.552581 19.552581 1.537532
300.260742 442.070557     70.781250 -11.261719 42.613281     0.625102 -0.780543 0.780543 0.625102     22.584380 22.584380 0.922514
107.634171 67.224907     114.046875 -47.554688 60.160156     0.359028 -0.933327 0.933327 0.359028     31.417857 31.417857 4.591825
512.396606 104.525421     1490.404297 -546.125000 7060.289062     -0.015987 -0.999872 0.999872 -0.015987     22.754033 22.754033 1.458880
431.446808 228.795746     128.812500 -10.765625 366.015625     -0.949371 0.314156 -0.314156 -0.949371     20.886145 20.886145 0.568916
431.446808 228.795746     39.500000 21.062500 56.164062     -0.949371 0.314156 -0.314156 -0.949371     20.886145 20.886145 1.309306
66.906776 87.940681     57.406250 -23.093750 46.062500     -0.234283 -0.972168 0.972168 -0.234283     18.254290 18.254290 4.917769
564.542480 100.842102     16.330078 -0.773438 30.234375     -0.883969 0.467545 -0.467545 -0.883969     17.064749 17.064749 4.698923
564.542480 100.842102     72.250000 -24.906250 107.328125     -0.883969 0.467545 -0.467545 -0.883969     17.064749 17.064749 5.068206
79.396866 56.454308     34.718750 -5.960938 57.390625     0.090960 -0.995855 0.995855 0.090960     18.043857 18.043857 4.710801
532.369141 106.412750     25.484375 -16.765625 36.851562     -0.770401 0.637559 -0.637559 -0.770401     20.731062 20.731062 0.894439
532.369141 106.412750     18.046875 -14.000000 65.414062     -0.770401 0.637559 -0.637559 -0.770401     20.731062 20.731062 3.393552
298.106232 443.928406     120.015625 -56.968750 73.250000     0.706141 -0.708071 0.708071 0.706141     25.440247 25.440247 0.835936
377.504028 215.988693     160.156250 -9.960938 524.277344     -0.817754 0.575567 -0.575567 -0.817754     34.288229 34.288229 4.056363
509.742676 120.790443     146.804688 -82.796875 544.453125     0.174997 -0.984569 0.984569 0.174997     26.385506 26.385506 4.714108
378.135132 260.969971     22.535858 6.652344 30.367188     -0.847187 0.531295 -0.531295 -0.847187     27.019163 27.019163 1.492002
365.758942 133.491074     81.328125 -49.562500 51.204590     -0.874190 -0.485584 0.485584 -0.874190     15.676162 15.676162 5.459351
78.089218 53.563198     43.984375 2.593750 32.640625     -0.005593 -0.999984 0.999984 -0.005593     23.997486 23.997486 4.752185
67.003586 87.652328     64.453125 -12.390625 175.437500     -0.213604 -0.976920 0.976920 -0.213604     18.056343 18.056343 4.944179
184.515091 266.052399     539.062500 -293.816406 510.980469     -0.523877 -0.851794 0.851794 -0.523877     49.709044 49.709044 4.729557
562.704895 98.747849     136.515625 33.933594 40.699219     -0.943668 0.330895 -0.330895 -0.943668     27.981310 27.981310 2.444475
562.704895 98.747849     85.218750 -14.078125 64.437500     -0.943668 0.330895 -0.330895 -0.943668     27.981310 27.981310 4.414504
433.535004 225.367493     1648.718750 88.177734 854.534668     -0.863989 0.503511 -0.503511 -0.863989     25.632810 25.632810 4.101911
458.407898 272.109650     594.468750 -309.160156 508.694336     -0.562206 -0.826997 0.826997 -0.562206     22.581477 22.581477 4.197868
379.579651 263.500000     23.657135 6.520020 30.304688     0.516836 -0.856084 0.856084 0.516836     38.975338 38.975338 5.147866
366.157898 132.600006     140.140625 32.164062 40.679688     -0.851154 -0.524916 0.524916 -0.851154     18.688578 18.688578 5.402460
165.177887 346.019226     783.921875 -10.546875 425.390625     0.055370 -0.998466 0.998466 0.055370     18.160824 18.160824 4.639343
414.136047 251.982986     54.562500 10.015625 25.099609     0.239698 -0.970848 0.970848 0.239698     25.947104 25.947104 1.590730
414.136047 251.982986     106.625000 -46.175781 117.308594     0.239698 -0.970848 0.970848 0.239698     25.947104 25.947104 4.158974
515.004883 118.140892     93.171875 -10.640625 95.192871     0.595287 -0.803513 0.803513 0.595287     45.080345 45.080345 4.440449
451.512451 253.412933     4189.569336 -1068.035156 6406.015625     0.582642 -0.812729 0.812729 0.582642     16.512707 16.512707 1.460300
457.113739 309.431274     1742.087891 166.973145 926.643066     0.263776 -0.964584 0.964584 0.263776     16.968296 16.968296 4.526423
434.252930 224.635300     499.375000 -286.093750 603.875000     -0.830575 0.556907 -0.556907 -0.830575     26.642135 26.642135 4.158206
366.787231 132.477203     1338.375000 -355.519531 443.518555     -0.863498 -0.504353 0.504353 -0.863498     19.446812 19.446812 5.472578
180.667389 267.254089     55.218750 11.281250 27.406250     -0.528885 -0.848693 0.848693 -0.528885     62.169856 62.169856 4.718917
377.458160 236.121124     27.609375 -7.593750 58.343750     0.027325 -0.999627 0.999627 0.027325     56.900353 56.900353 1.602204
377.458160 236.121124     2037.750000 -55.876953 1424.810547     0.027325 -0.999627 0.999627 0.027325     56.900353 56.900353 5.355608
20.846535 128.702972     1114.882812 -190.062500 666.281250     -0.496355 -0.868119 0.868119 -0.496355     19.476382 19.476382 1.737182
20.846535 128.702972     20.721130 10.443604 75.578125     -0.496355 -0.868119 0.868119 -0.496355     19.476382 19.476382 3.951655
461.284546 85.386177     48.684692 -2.706055 138.194824     -0.803357 0.595498 -0.595498 -0.803357     17.115267 17.115267 1.385712
461.284546 85.386177     28.505859 1.614746 20.397705     -0.803357 0.595498 -0.595498 -0.803357     17.115267 17.115267 3.940667
432.690979 306.193146     1167.046875 482.203125 986.101562     -0.977093 -0.212814 0.212814 -0.977093     25.485935 25.485935 0.733727
432.690979 306.193146     16.328125 23.851562 117.812500     -0.977093 -0.212814 0.212814 -0.977093     25.485935 25.485935 1.841948
452.201263 267.857147     9609.367188 1863.181641 1664.089844     -0.999451 -0.033143 0.033143 -0.999451     49.413781 49.413781 4.931316
525.881592 120.483734     1198.117188 -252.046875 645.953125     -0.723787 0.690024 -0.690024 -0.723787     68.374797 68.374797 1.148602
369.546692 132.070618     86.931519 5.078003 97.324219     -0.952900 -0.303286 0.303286 -0.952900     24.605969 24.605969 5.859183
378.728607 237.332352     1831.439453 127.319336 955.628906     -0.071449 -0.997444 0.997444 -0.071449     62.264356 62.264356 1.678326
378.728607 237.332352     48.243652 -25.274902 258.931641     -0.071449 -0.997444 0.997444 -0.071449     62.264356 62.264356 5.473184
457.719879 129.822128     12.472656 4.992188 35.046875     0.617523 -0.786552 0.786552 0.617523     32.690705 32.690705 4.401428
447.814056 281.734924     36.890625 -28.265625 63.796875     0.371085 -0.928599 0.928599 0.371085     65.044672 65.044672 4.323822
524.408142 120.077003     27.093750 -6.156250 41.875000     -0.754124 0.656732 -0.656732 -0.754124     69.635355 69.635355 1.093651
20.632744 128.632736     1160.234375 447.210938 1106.109375     -0.522412 -0.852693 0.852693 -0.522412     19.954123 19.954123 1.737535
20.632744 128.632736     17.234375 28.406250 147.609375     -0.522412 -0.852693 0.852693 -0.522412     19.954123 19.954123 3.990919
369.870483 131.537140     75.951218 3.045044 103.605469     -0.959083 -0.283124 0.283124 -0.959083     25.129496 25.129496 5.908326
396.270996 235.398804     2560.765625 69.294434 969.589844     -0.999568 0.029379 -0.029379 -0.999568     92.778677 92.778677 1.063125
396.270996 235.398804     26.437500 20.109375 41.421875     -0.999568 0.029379 -0.029379 -0.999568     92.778677 92.778677 3.333330
378.140106 442.884064     21.761719 10.460938 48.718750     0.175151 -0.984542 0.984542 0.175151     16.336410 16.336410 1.128980
378.140106 442.884064     4277.940430 -860.376953 6214.593750     0.175151 -0.984542 0.984542 0.175151     16.336410 16.336410 1.660043
559.350586 138.565735     631.156250 -307.437500 635.031250     -0.955765 -0.294132 0.294132 -0.955765     21.115190 21.115190 5.590792
411.888885 109.545456     86.406250 4.500000 99.890625     0.665238 -0.746632 0.746632 0.665238     36.414722 36.414722 4.231316
457.828491 84.710564     106.468750 -18.375000 45.570312     0.672852 -0.739777 0.739777 0.672852     41.118742 41.118742 0.201212
514.269836 121.250427     382.000000 71.015625 363.921875     -0.944175 0.329444 -0.329444 -0.944175     80.431708 80.431708 0.850946
559.464050 138.679855     33.230469 13.937500 57.109375     -0.942495 -0.334220 0.334220 -0.942495     21.770787 21.770787 2.050138
559.464050 138.679855     37.125000 -10.343750 47.250000     -0.942495 -0.334220 0.334220 -0.942495     21.770787 21.770787 5.059611
379.816101 442.505737     93.343750 -30.437500 168.421875     0.227471 -0.973785 0.973785 0.227471     22.872892 22.872892 1.350464
379.816101 442.505737     1505.796875 397.156250 1121.000000     0.227471 -0.973785 0.973785 0.227471     22.872892 22.872892 2.003193
413.800812 250.787903     63.515625 1.367188 12.289062     -0.790127 -0.612944 0.612944 -0.790127     104.221130 104.221130 2.328771
20.895424 131.833328     2789.775391 35.301758 978.552979     -0.180903 -0.983501 0.983501 -0.180903     19.511617 19.511617 1.387166
36.026588 74.714920     83.656250 -72.015137 107.458160     0.030190 -0.999544 0.999544 0.030190     31.372120 31.372120 4.790297
40.816833 46.113861     73.151382 -7.276855 139.796875     -0.982095 -0.188388 0.188388 -0.982095     20.168817 20.168817 1.542337
40.816833 46.113861     47.238281 15.851562 58.515625     -0.982095 -0.188388 0.188388 -0.982095     20.168817 20.168817 4.309123
414.154327 252.676758     51.906250 7.281250 25.078125     -0.769547 -0.638590 0.638590 -0.769547     108.929479 108.929479 2.310868
209.170731 463.222229     1813.093750 -532.765625 726.625000     -0.217939 -0.975962 0.975962 -0.217939     14.926102 14.926102 0.165994
37.315056 67.365906     1705.546875 347.414062 1224.093750     0.117466 -0.993077 0.993077 0.117466     30.271994 30.271994 4.721913
222.289368 457.791504     102.093750 -34.993164 66.813019     -0.206711 -0.978402 0.978402 -0.206711     15.205696 15.205696 4.660672
425.052124 435.758301     37.203125 -8.531250 40.125000     0.533967 -0.845506 0.845506 0.533967     19.635621 19.635621 1.472937
425.052124 435.758301     367.367188 550.554688 888.804688     0.533967 -0.845506 0.845506 0.533967     19.635621 19.635621 1.753988
558.262756 411.000000     67.000000 37.812500 37.859375     0.340327 -0.940307 0.940307 0.340327     22.439440 22.439440 1.993679
558.262756 411.000000     132.500000 -52.835938 156.876007     0.340327 -0.940307 0.940307 0.340327     22.439440 22.439440 2.551958
415.816467 254.547363     15.937500 10.546875 84.671875     -0.728150 -0.685418 0.685418 -0.728150     117.788551 117.788551 2.297029
208.683090 460.036407     71.532181 -10.237061 156.207031     -0.204033 -0.978964 0.978964 -0.204033     15.136353 15.136353 1.704235
208.683090 460.036407     122.441406 4.765625 104.953125     -0.204033 -0.978964 0.978964 -0.204033     15.136353 15.136353 6.425095
577.794006 332.456726     18.218750 4.671875 89.843750     -0.672947 -0.739691 0.739691 -0.672947     24.383601 24.383601 1.556121
577.794006 332.456726     183.250000 -101.687500 222.510864     -0.672947 -0.739691 0.739691 -0.672947     24.383601 24.383601 2.328487
545.604858 383.156097     2432.421875 -498.281250 721.937500     -0.570470 -0.821318 0.821318 -0.570470     15.890775 15.890775 1.359482
223.126068 456.375366     113.718750 -35.386719 75.228745     -0.324047 -0.946041 0.946041 -0.324047     19.186332 19.186332 4.728419
581.572754 328.506439     121.968750 -46.898438 89.764709     -0.290040 -0.957015 0.957015 -0.290040     41.498308 41.498308 1.757002
581.572754 328.506439     7856.937500 773.312500 7576.507812     -0.290040 -0.957015 0.957015 -0.290040     41.498308 41.498308 2.673318
554.380127 354.716370     70.250000 13.025879 18.744301     -0.963375 0.268159 -0.268159 -0.963375     28.622111 28.622111 1.083033
554.380127 354.716370     25735.046875 3050.453125 1786.697266     -0.963375 0.268159 -0.268159 -0.963375     28.622111 28.622111 1.568719
557.809509 411.349213     428.468750 -98.805664 93.997513     0.519913 -0.854219 0.854219 0.519913     24.008743 24.008743 1.966591
557.809509 411.349213     121.804688 28.742188 41.910156     0.519913 -0.854219 0.854219 0.519913     24.008743 24.008743 4.319980
420.196411 254.692871     154.984375 11.359375 24.015625     -0.821349 -0.570427 0.570427 -0.821349     128.817444 128.817444 2.466041
224.374481 455.288696     22.289062 -4.445312 56.218750     -0.417988 -0.908453 0.908453 -0.417988     23.303609 23.303609 2.103273
224.374481 455.288696     28715.343750 2539.156250 2008.335449     -0.417988 -0.908453 0.908453 -0.417988     23.303609 23.303609 4.792714
557.417603 411.151093     284.203125 433.992188 1042.640625     0.529339 -0.848410 0.848410 0.529339     24.921768 24.921768 1.873853
557.417603 411.151093     7683.296875 294.375000 7140.710938     0.529339 -0.848410 0.848410 0.529339     24.921768 24.921768 2.810551
544.077515 393.193024     27.437500 1.197266 29.176331     0.334102 -0.942537 0.942537 0.334102     40.886786 40.886786 0.678120
544.077515 393.193024     30.343750 2.148438 27.500977     0.334102 -0.942537 0.942537 0.334102     40.886786 40.886786 1.787174
423.314178 255.970016     9.875000 -3.347656 72.794525     -0.847342 -0.531048 0.531048 -0.847342     132.890514 132.890514 2.512648
208.238724 458.631592     8.237133 3.601624 60.554688     -0.211714 -0.977332 0.977332 -0.211714     15.751151 15.751151 0.170607
208.238724 458.631592     34.406250 -4.049805 23.598282     -0.211714 -0.977332 0.977332 -0.211714     15.751151 15.751151 1.704173
497.311005 213.086121     25783.328125 11385.859375 23464.324219     -0.999645 -0.026661 0.026661 -0.999645     15.751671 15.751671 3.308470
507.645447 416.545441     350.347656 53.382812 75.402344     -0.969245 -0.246098 0.246098 -0.969245     21.688584 21.688584 0.894411
507.645447 416.545441     18.785156 8.281250 37.656250     -0.969245 -0.246098 0.246098 -0.969245     21.688584 21.688584 4.128219
471.673065 422.634613     777.890625 -98.875000 12.945312     -0.997805 -0.066227 0.066227 -0.997805     21.621360 21.621360 2.154990
471.673065 422.634613     19.054688 7.632812 38.562500     -0.997805 -0.066227 0.066227 -0.997805     21.621360 21.621360 3.219540
272.222626 254.229919     814.539062 -102.695312 13.429688     -0.442323 -0.896856 0.896856 -0.442323     3.502829 3.502829 4.867803
507.309845 421.450714     81.093750 -20.257812 19.203125     0.027024 -0.999635 0.999635 0.027024     28.161764 28.161764 1.911350
507.309845 421.450714     105.648438 -28.679688 19.359375     0.027024 -0.999635 0.999635 0.027024     28.161764 28.161764 2.243655
428.596466 257.348053     132.124023 -4.515625 5.421875     -0.885874 -0.463926 0.463926 -0.885874     145.270928 145.270928 2.609609
470.954559 424.863647     95.835938 3.546875 3.781250     0.644675 -0.764457 0.764457 0.644675     24.651059 24.651059 1.333407
470.954559 424.863647     113.628906 6.078125 5.765625     0.644675 -0.764457 0.764457 0.644675     24.651059 24.651059 1.751017
288.241180 276.899811     43.421875 3.988281 18.917969     -0.534793 -0.844983 0.844983 -0.534793     19.573031 19.573031 0.712807
452.820007 433.679993     245.402344 27.089844 5.241211     -0.824488 -0.565880 0.565880 -0.824488     15.528007 15.528007 1.590006
452.820007 433.679993     55.788086 -19.935547 21.609375     -0.824488 -0.565880 0.565880 -0.824488     15.528007 15.528007 3.530514
519.054077 344.876434     352.195312 42.248047 7.651367     -0.148333 -0.988938 0.988938 -0.148333     17.049926 17.049926 0.404604
519.054077 344.876434     59.807129 6.091797 10.306641     -0.148333 -0.988938 0.988938 -0.148333     17.049926 17.049926 1.307488
470.275513 287.178894     755.617188 84.873047 12.948242     -0.799246 -0.601005 0.601005 -0.799246     164.011846 164.011846 2.253458
470.275513 287.178894     247.166016 -21.285156 3.171875     -0.799246 -0.601005 0.601005 -0.799246     164.011846 164.011846 5.392220
518.771545 345.215240     60.593750 7.546875 24.890625     -0.064815 -0.997897 0.997897 -0.064815     19.046913 19.046913 1.304135
518.771545 345.215240     106.875000 -13.359375 64.015625     -0.064815 -0.997897 0.997897 -0.064815     19.046913 19.046913 4.467636
605.425354 56.388733     156.002930 -42.867188 157.896484     0.432356 -0.901703 0.901703 0.432356     21.045880 21.045880 0.428540
605.425354 56.388733     97.828125 80.117188 99.265625     0.432356 -0.901703 0.901703 0.432356     21.045880 21.045880 0.967578
290.426239 279.491791     1417.720703 -70.695312 50.271484     -0.545133 -0.838349 0.838349 -0.545133     20.295762 20.295762 0.739342
290.426239 279.491791     10.765625 11.585938 72.546875     -0.545133 -0.838349 0.838349 -0.545133     20.295762 20.295762 4.728869
504.083344 39.833332     263.703125 -43.414062 15.984375     -0.926427 0.376474 -0.376474 -0.926427     25.451405 25.451405 0.886799
504.083344 39.833332     212.814941 -49.352539 213.226562     -0.926427 0.376474 -0.376474 -0.926427     25.451405 25.451405 4.554547
291.965973 281.023682     73.390625 -17.953125 37.439453     -0.554791 -0.831990 0.831990 -0.554791     21.376701 21.376701 0.754040
109.734543 397.160004     251.787109 -65.782227 283.621094     0.201320 -0.979526 0.979526 0.201320     18.960179 18.960179 0.898720
279.797363 226.155975     47.140625 -3.859375 22.125000     -0.951768 -0.306818 0.306818 -0.951768     25.710972 25.710972 0.976163
279.797363 226.155975     951.976562 -151.710938 31.031250     -0.951768 -0.306818 0.306818 -0.951768     25.710972 25.710972 5.696235
485.552643 378.026306     282.312500 -30.703125 130.859375     -0.996315 -0.085773 0.085773 -0.996315     21.598917 21.598917 2.502313
110.474998 398.519440     220.718750 -123.789062 193.125000     0.144772 -0.989465 0.989465 0.144772     20.070071 20.070071 0.963576
110.713234 399.428925     934.890625 181.929688 600.335938     0.127784 -0.991802 0.991802 0.127784     20.970350 20.970350 0.989088
286.985107 257.338135     590.257812 -371.007812 381.546875     -0.413528 -0.910491 0.910491 -0.413528     41.995402 41.995402 4.828435
576.869141 24.897196     34.587433 -8.799316 32.781250     -0.454100 -0.890951 0.890951 -0.454100     23.307775 23.307775 4.662610
613.816406 99.922707     559.187500 -67.875000 55.515625     -0.880842 -0.473410 0.473410 -0.880842     23.097889 23.097889 1.130520
613.816406 99.922707     392.670410 -137.595703 322.976562     -0.880842 -0.473410 0.473410 -0.880842     23.097889 23.097889 4.325592
286.806396 258.198181     664.437500 -293.992188 1419.140625     -0.423720 -0.905793 0.905793 -0.423720     41.706414 41.706414 4.835376
614.477539 233.653976     346.437500 378.695312 1009.593750     -0.752753 0.658303 -0.658303 -0.752753     22.865884 22.865884 4.874110
230.746704 143.604218     2161.867188 -288.113281 331.046875     -0.996414 0.084615 -0.084615 -0.996414     16.893684 16.893684 3.526616
229.005722 144.244278     689.312500 -118.421875 89.453125     -0.999970 -0.007739 0.007739 -0.999970     19.330138 19.330138 3.329855
286.595154 175.764343     306.747559 -34.068359 13.234375     -0.628677 -0.777667 0.777667 -0.628677     10.693705 10.693705 4.836403
226.126572 147.166061     37.242409 -11.013672 41.886719     -0.977998 -0.208615 0.208615 -0.977998     27.773986 27.773986 2.808866
227.376816 148.196793     2984.484375 287.867188 129.511719     -0.978198 -0.207674 0.207674 -0.978198     32.417328 32.417328 2.829049
227.376816 148.196793     2426.988281 -90.385742 394.583984     -0.978198 -0.207674 0.207674 -0.978198     32.417328 32.417328 6.105523
329.801971 367.985138     4801.453125 -2477.000000 4417.218750     -0.958992 0.283432 -0.283432 -0.958992     14.689046 14.689046 3.799511
226.066223 149.193130     328.078613 -93.378906 98.093750     -0.982900 -0.184140 0.184140 -0.982900     36.392016 36.392016 2.889379
226.066223 149.193130     4902.093750 580.570312 197.148438     -0.982900 -0.184140 0.184140 -0.982900     36.392016 36.392016 6.168970
218.229736 419.531525     56.640625 -23.167969 25.730469     -0.352432 -0.935837 0.935837 -0.352432     17.811404 17.811404 0.880955
218.229736 419.531525     284.890625 -203.703125 257.859375     -0.352432 -0.935837 0.935837 -0.352432     17.811404 17.811404 2.438984
282.716187 168.541183     41.517471 -11.597168 45.355469     -0.604839 -0.796348 0.796348 -0.604839     17.755346 17.755346 4.868016
240.913574 155.374527     748.062500 -126.828125 110.781250     -0.927408 -0.374050 0.374050 -0.927408     52.180637 52.180637 5.609132
286.974731 258.740570     38.371368 17.230713 208.488281     -0.431586 -0.902072 0.902072 -0.431586     42.635648 42.635648 4.831919
347.748901 337.973572     2604.756836 81.723633 484.046875     -0.992011 0.126151 -0.126151 -0.992011     2.743319 2.743319 1.578286
347.748901 337.973572     6661.312500 -1884.929688 3971.968750     -0.992011 0.126151 -0.126151 -0.992011     2.743319 2.743319 4.751315
218.368820 419.695831     356.870605 -136.171875 151.062500     -0.325936 -0.945392 0.945392 -0.325936     18.236484 18.236484 0.872026
218.368820 419.695831     80.265625 -32.363281 32.240234     -0.325936 -0.945392 0.945392 -0.325936     18.236484 18.236484 2.412142
347.324097 338.063232     5221.625000 601.875000 251.421875     -0.992137 0.125159 -0.125159 -0.992137     3.099904 3.099904 1.575860
347.324097 338.063232     21.948490 -9.263123 59.765625     -0.992137 0.125159 -0.125159 -0.992137     3.099904 3.099904 4.756640
338.850739 349.681580     5729.125000 641.953125 295.603516     -0.972893 0.231256 -0.231256 -0.972893     15.506184 15.506184 1.518447
338.850739 349.681580     2731.785156 201.057617 552.058594     -0.972893 0.231256 -0.231256 -0.972893     15.506184 15.506184 4.718046
319.053925 388.362732     9069.257812 -2230.929688 4159.929688     -0.961757 0.273903 -0.273903 -0.961757     14.050981 14.050981 1.997608
319.053925 388.362732     15034.945312 -1813.710938 11506.570312     -0.961757 0.273903 -0.273903 -0.961757     14.050981 14.050981 5.066342
218.407898 420.055908     22.072453 -9.308533 62.823242     -0.308072 -0.951363 0.951363 -0.308072     19.137322 19.137322 2.426251
308.942322 407.644226     41.771065 17.519287 267.781250     -0.961262 0.275636 -0.275636 -0.961262     13.834956 13.834956 1.950428
308.942322 407.644226     22.441734 -9.592346 76.111816     -0.961262 0.275636 -0.275636 -0.961262     13.834956 13.834956 5.086084
329.818573 367.946899     14849.367188 -1418.921875 11595.828125     -0.965585 0.260086 -0.260086 -0.965585     14.985233 14.985233 3.701682
328.793640 368.162689     24.249893 8.311157 320.034668     -0.958297 0.285773 -0.285773 -0.958297     16.325806 16.325806 3.720423
308.253113 408.037354     43.035667 21.006348 321.886719     -0.957286 0.289144 -0.289144 -0.957286     14.717691 14.717691 2.039371
308.253113 408.037354     24.559586 1.096130 301.472656     -0.957286 0.289144 -0.289144 -0.957286     14.717691 14.717691 5.077195
339.063232 349.537537     26.194572 -5.938965 306.317383     -0.975551 0.219774 -0.219774 -0.975551     14.830298 14.830298 1.516286
339.063232 349.537537     25.412636 9.010742 23.455078     -0.975551 0.219774 -0.219774 -0.975551     14.830298 14.830298 4.702383
308.207275 408.363647     14.445337 -9.157345 40.822098     -0.955228 0.295871 -0.295871 -0.955228     15.038040 15.038040 1.946872
308.207275 408.363647     15041.976562 -1070.187500 11821.585938     -0.955228 0.295871 -0.295871 -0.955228     15.038040 15.038040 5.110238
323.485657 378.370972     26.810684 0.374573 398.606445     0.686860 -0.726790 0.726790 0.686860     31.238337 31.238337 0.904583
323.485657 378.370972     27.138851 17.945618 803.204834     0.686860 -0.726790 0.726790 0.686860     31.238337 31.238337 4.003527
338.940979 349.579865     26.461960 11.213135 30.876953     -0.976708 0.214573 -0.214573 -0.976708     14.736748 14.736748 1.516352
338.940979 349.579865     42.062500 -9.773438 20.703125     -0.976708 0.214573 -0.214573 -0.976708     14.736748 14.736748 4.707294
125.759804 368.147064     29.656250 -12.578125 65.496094     -0.999367 0.035572 -0.035572 -0.999367     10.321732 10.321732 3.058339
125.759804 368.147064     28.331848 7.318115 833.205078     -0.999367 0.035572 -0.035572 -0.999367     10.321732 10.321732 4.942444
218.785294 420.285309     53.656250 17.695312 70.810547     -0.342132 -0.939652 0.939652 -0.342132     20.185213 20.185213 2.447486
300.215698 165.701965     78.625000 -52.578125 103.417969     -0.994894 -0.100927 0.100927 -0.994894     18.305178 18.305178 4.162201
300.180206 165.558304     267.031250 -39.125000 107.394531     -0.987646 -0.156703 0.156703 -0.987646     19.242525 19.242525 4.123374
184.194916 124.402542     31.552521 -10.446442 860.162598     -0.993852 -0.110714 0.110714 -0.993852     6.710033 6.710033 0.263055
90.849419 149.138992     51.843750 -16.462891 31.109009     -0.908523 0.417834 -0.417834 -0.908523     15.872266 15.872266 2.263300
185.840454 124.740738     450.625000 -158.859375 249.125000     -0.992779 -0.119957 0.119957 -0.992779     7.181043 7.181043 0.192334
82.639008 163.286301     30.656250 -7.234375 55.014160     -0.992729 -0.120374 0.120374 -0.992729     13.919464 13.919464 1.551740
82.639008 163.286301     19.375000 -12.519531 67.573074     -0.992729 -0.120374 0.120374 -0.992729     13.919464 13.919464 3.027113
86.807457 147.014496     16695.609375 -788.851562 11821.437500     -0.967910 0.251298 -0.251298 -0.967910     25.848999 25.848999 2.221433
534.342834 192.000000     60.343750 -7.539062 131.372070     -0.926284 -0.376827 0.376827 -0.926284     14.925110 14.925110 2.189982
534.342834 192.000000     57.281250 -25.273438 83.061035     -0.926284 -0.376827 0.376827 -0.926284     14.925110 14.925110 5.754872
265.088226 465.335297     47.468750 -11.312500 29.355469     -0.666798 -0.745238 0.745238 -0.666798     12.483933 12.483933 1.765903
300.427704 165.150772     54.750000 -12.396484 66.680664     -0.997744 -0.067132 0.067132 -0.997744     20.906940 20.906940 4.199994
84.455399 152.176056     374.656250 -104.625000 304.824219     0.650062 -0.759881 0.759881 0.650062     35.881164 35.881164 1.031179
187.829819 125.522804     25.406250 -12.265625 46.992188     -0.993695 -0.112115 0.112115 -0.993695     8.263752 8.263752 0.372877
187.829819 125.522804     117.781250 -54.815430 71.135178     -0.993695 -0.112115 0.112115 -0.993695     8.263752 8.263752 1.584938
154.533615 373.310913     180.250000 -108.945312 127.441895     -0.996273 0.086260 -0.086260 -0.996273     5.187615 5.187615 1.542221
533.358276 193.684494     112.312500 -46.351562 37.441406     -0.980070 -0.198654 0.198654 -0.980070     21.749910 21.749910 2.610524
533.358276 193.684494     54.781250 -18.687500 63.572266     -0.980070 -0.198654 0.198654 -0.980070     21.749910 21.749910 2.997918
292.605988 287.329498     15.468750 -1.781250 108.984375     -0.606977 -0.794719 0.794719 -0.606977     29.805146 29.805146 0.802074
292.605988 287.329498     33.093750 -4.734375 58.914062     -0.606977 -0.794719 0.794719 -0.606977     29.805146 29.805146 4.756001
81.496872 148.435028     373.937500 -260.520508 278.880981     0.699256 -0.714871 0.714871 0.699256     48.062036 48.062036 1.010108
175.944077 127.700912     116.390625 230.726562 462.257812     -0.998673 0.051493 -0.051493 -0.998673     30.727570 30.727570 0.813475
197.534088 464.681824     38.781311 -31.537079 895.066162     -0.178452 -0.983949 0.983949 -0.178452     13.245880 13.245880 1.663111
197.534088 464.681824     21.406250 2.109375 39.671875     -0.178452 -0.983949 0.983949 -0.178452     13.245880 13.245880 6.310846
519.127319 192.879211     80.906250 -11.593750 78.640625     -0.994667 -0.103141 0.103141 -0.994667     25.724693 25.724693 3.144213
301.049866 163.775558     146.656250 -21.070312 485.778320     -0.997928 0.064342 -0.064342 -0.997928     23.356026 23.356026 4.318729
295.909607 290.052734     112.757812 217.539062 429.664062     -0.623031 -0.782197 0.782197 -0.623031     31.870103 31.870103 0.823170
295.909607 290.052734     52.843750 44.390625 142.859375     -0.623031 -0.782197 0.782197 -0.623031     31.870103 31.870103 1.676666
199.819824 428.369354     55.843750 -23.578613 28.135025     -0.125584 -0.992083 0.992083 -0.125584     23.254485 23.254485 1.873082
306.725861 332.401855     379.000000 -253.458008 279.458557     -0.999943 -0.010675 0.010675 -0.999943     16.867392 16.867392 2.662700
360.456268 327.414459     123.312500 -51.937500 46.562500     -0.985827 0.167768 -0.167768 -0.985827     13.193656 13.193656 1.470133
360.456268 327.414459     39.000000 -10.593750 22.093750     -0.985827 0.167768 -0.167768 -0.985827     13.193656 13.193656 3.370044
79.265251 146.228317     76.171875 -14.968750 95.734375     0.705631 -0.708580 0.708580 0.705631     57.569720 57.569720 0.980200
256.690491 436.197266     60.500000 -6.468750 65.718750     -0.991471 0.130331 -0.130331 -0.991471     8.015500 8.015500 1.595972
256.690491 436.197266     24942.890625 -3232.695312 11833.820312     -0.991471 0.130331 -0.130331 -0.991471     8.015500 8.015500 4.491127
153.723190 373.519043     44.656250 -42.078125 190.343750     -0.995662 0.093047 -0.093047 -0.995662     5.946596 5.946596 1.540846
515.202820 193.896713     372.531250 -238.767578 284.226196     -0.995268 -0.097166 0.097166 -0.995268     29.919693 29.919693 3.150696
301.320709 162.933182     45.750000 -37.001465 58.262299     -0.995498 0.094783 -0.094783 -0.995498     24.648853 24.648853 4.331392
445.080109 179.002579     83.109375 -15.609375 107.953125     -0.995783 0.091739 -0.091739 -0.995783     22.356636 22.356636 0.583197
232.154114 396.109589     402.718750 -221.941406 255.889587     -0.937363 0.348355 -0.348355 -0.937363     15.466379 15.466379 5.097684
318.108124 315.112610     42.734375 12.452148 25.899353     -0.817559 -0.575844 0.575844 -0.817559     83.895073 83.895073 3.905517
195.424210 440.370605     46.640625 -31.344238 59.755936     -0.006605 -0.999978 0.999978 -0.006605     26.074665 26.074665 1.621355
263.000000 434.791870     18.000000 0.855469 70.169678     -0.988171 0.153356 -0.153356 -0.988171     8.904598 8.904598 1.590980
263.000000 434.791870     58.343750 -17.530273 49.626373     -0.988171 0.153356 -0.153356 -0.988171     8.904598 8.904598 4.527158
509.787384 193.032883     25.656250 8.218750 54.648438     -0.998199 -0.059989 0.059989 -0.998199     34.197835 34.197835 3.260430
385.000000 179.665741     190.562500 -16.949219 27.877464     -0.923999 0.382395 -0.382395 -0.923999     24.651458 24.651458 3.855360
78.190895 142.056046     160.156250 26.437500 115.203125     0.618394 -0.785868 0.785868 0.618394     63.643363 63.643363 1.088371
174.014999 128.126877     38.703125 10.963867 36.200073     -0.998202 0.059941 -0.059941 -0.998202     31.491710 31.491710 0.830085
443.003876 366.196899     43.250000 4.843750 18.250000     -0.988824 0.149087 -0.149087 -0.988824     20.886553 20.886553 3.129247
269.874298 433.091919     1015.312500 -271.818359 310.868530     -0.987365 0.158463 -0.158463 -0.987365     11.633206 11.633206 1.590595
66.609123 408.277283     1832.593750 7.959961 318.534424     -0.937455 0.348106 -0.348106 -0.937455     31.382600 31.382600 3.627358
234.431229 394.516724     64.372284 -77.386566 925.981445     -0.949254 0.314511 -0.314511 -0.949254     21.188352 21.188352 5.244085
326.527710 315.422791     28624.984375 -2571.023438 11773.851562     -0.910895 -0.412638 0.412638 -0.910895     85.814188 85.814188 0.864225
326.527710 315.422791     15.503906 -47.216797 244.973145     -0.910895 -0.412638 0.412638 -0.910895     85.814188 85.814188 4.042351
440.046021 365.417694     21.046875 -6.796875 37.445312     -0.947009 0.321208 -0.321208 -0.947009     21.768114 21.768114 3.618622
153.037674 373.721741     40.562500 3.578125 18.617188     -0.994674 0.103073 -0.103073 -0.994674     7.454259 7.454259 1.528413
243.718826 391.601471     46.937500 7.625000 20.140625     -0.745241 0.666795 -0.666795 -0.745241     40.840152 40.840152 6.358751
78.998955 140.022232     48.562500 -7.218750 22.367188     -0.722114 0.691774 -0.691774 -0.722114     63.821713 63.821713 0.999950
78.998955 140.022232     31.375000 15.843750 38.703125     -0.722114 0.691774 -0.691774 -0.722114     63.821713 63.821713 4.139395
189.105164 435.725708     8.662354 -13.219971 189.497803     -0.090716 -0.995877 0.995877 -0.090716     40.687535 40.687535 1.686973
330.855438 307.970154     50.906250 -7.171875 22.679688     -0.915653 -0.401969 0.401969 -0.915653     102.662088 102.662088 0.722468
330.855438 307.970154     48.625000 12.218750 26.875000     -0.915653 -0.401969 0.401969 -0.915653     102.662088 102.662088 3.950537
156.016220 371.933075     314.734375 11.690918 145.169159     -0.984657 0.174504 -0.174504 -0.984657     14.277849 14.277849 1.491148
258.648041 383.738922     105.000000 15.109375 44.062500     -0.797110 0.603834 -0.603834 -0.797110     45.111808 45.111808 1.636307
258.648041 383.738922     22.628906 -65.915527 290.692383     -0.797110 0.603834 -0.603834 -0.797110     45.111808 45.111808 4.715100
306.443817 160.291061     10.477051 -15.328857 200.446289     -0.994457 0.105143 -0.105143 -0.994457     26.902636 26.902636 4.495248
165.463821 133.041748     40.546875 13.101562 47.331055     -0.973109 0.230346 -0.230346 -0.973109     58.526678 58.526678 0.894389
422.334106 365.021729     23.875000 1.015625 48.656250     -0.991349 0.131253 -0.131253 -0.991349     30.695510 30.695510 3.148176
79.162178 139.401428     24.281250 11.796875 51.843750     -0.789147 0.614205 -0.614205 -0.789147     66.118425 66.118425 0.935529
79.162178 139.401428     37.156250 -6.750000 22.453125     -0.789147 0.614205 -0.614205 -0.789147     66.118425 66.118425 4.086552
63.171787 409.820526     40.000000 -15.296875 62.109375     -0.931094 0.364779 -0.364779 -0.931094     34.201420 34.201420 3.677958
454.997101 185.944931     42.765625 13.398438 47.149414     -0.995077 -0.099109 0.099109 -0.995077     41.985676 41.985676 3.121198
174.522385 416.079712     28.347656 -84.945801 390.421387     -0.423890 -0.905714 0.905714 -0.423890     57.616094 57.616094 4.822152
419.460876 366.304352     15.482910 -12.467041 226.226807     -0.982019 0.188783 -0.188783 -0.982019     32.808721 32.808721 3.377818
309.694916 159.501205     33318.242188 -2613.382812 16378.992188     -0.998971 0.045345 -0.045345 -0.998971     27.839845 27.839845 4.514521
327.087067 297.842072     80.312500 0.968750 69.773438     -0.824869 -0.565324 0.565324 -0.824869     128.279680 128.279680 0.523121
327.087067 297.842072     136.140625 -43.453125 83.328125     -0.824869 -0.565324 0.565324 -0.824869     128.279680 128.279680 3.697837
172.769562 412.925110     30.722656 -90.895508 411.644775     -0.413067 -0.910701 0.910701 -0.413067     59.473694 59.473694 4.866876
100.398766 137.096512     24.019531 -4.268066 307.368652     -0.988400 0.151871 -0.151871 -0.988400     76.205263 76.205263 0.713136
100.398766 137.096512     7.826172 7.164551 71.457153     -0.988400 0.151871 -0.151871 -0.988400     76.205263 76.205263 4.530043
419.501862 365.595062     28.961914 -11.284424 361.701172     -0.982376 0.186916 -0.186916 -0.982376     36.812392 36.812392 3.341088
76.171425 370.176178     42.890625 20.617188 64.890747     -0.993503 0.113804 -0.113804 -0.993503     13.746681 13.746681 0.287222
76.171425 370.176178     8.855469 7.465576 75.393433     -0.993503 0.113804 -0.113804 -0.993503     13.746681 13.746681 3.587124
451.430634 184.833206     17.998047 1.143555 36.527832     -0.995054 -0.099332 0.099332 -0.995054     45.174102 45.174102 3.128453
106.486755 139.206589     8.968750 3.265625 87.156250     -0.999016 0.044341 -0.044341 -0.999016     88.933053 88.933053 0.504774
106.486755 139.206589     33.729004 -21.968018 426.182617     -0.999016 0.044341 -0.044341 -0.999016     88.933053 88.933053 4.449752
64.820290 409.342621     31.203125 -10.648438 32.107422     -0.942414 0.334449 -0.334449 -0.942414     36.267569 36.267569 3.663632
431.419464 182.005524     19.886719 -1.312500 42.504150     -0.992691 -0.120683 0.120683 -0.992691     50.625968 50.625968 1.676331
431.419464 182.005524     24.156250 -19.890625 65.851562     -0.992691 -0.120683 0.120683 -0.992691     50.625968 50.625968 2.999490
325.051453 170.897110     24.804688 -20.859375 122.531250     -0.881743 0.471729 -0.471729 -0.881743     16.433132 16.433132 2.486453
325.051453 170.897110     39.484375 -5.355469 32.070312     -0.881743 0.471729 -0.471729 -0.881743     16.433132 16.433132 4.146175
349.520813 362.904175     98.062500 -37.632812 51.437500     -0.730138 0.683299 -0.683299 -0.730138     36.895607 36.895607 1.530756
349.520813 362.904175     25.734375 -10.152344 76.207520     -0.730138 0.683299 -0.683299 -0.730138     36.895607 36.895607 4.112336
419.028564 364.063446     26.189453 -5.735352 48.508301     -0.982117 0.188273 -0.188273 -0.982117     41.844726 41.844726 3.325931
109.768211 141.102386     223.078125 -13.906250 35.833984     -0.999261 -0.038450 0.038450 -0.999261     98.682675 98.682675 0.265165
109.768211 141.102386     17.056641 29.316406 81.320312     -0.999261 -0.038450 0.038450 -0.999261     98.682675 98.682675 4.388821
67.112816 406.154572     98.859375 -41.207031 52.898438     -0.895238 0.445588 -0.445588 -0.895238     41.067399 41.067399 3.834102
323.831421 171.280182     31.033203 -11.934570 54.259277     -0.893271 0.449518 -0.449518 -0.893271     17.974192 17.974192 2.439565
323.831421 171.280182     19.265625 -34.968750 148.640625     -0.893271 0.449518 -0.449518 -0.893271     17.974192 17.974192 4.660714
427.726776 179.987503     119.562500 -86.947266 195.376465     -0.992951 -0.118530 0.118530 -0.992951     60.302585 60.302585 0.175013
427.726776 179.987503     102.187500 -35.320312 59.714844     -0.992951 -0.118530 0.118530 -0.992951     60.302585 60.302585 3.018937
418.183533 178.327713     64.757812 12.290924 28.089935     -0.993277 -0.115759 0.115759 -0.993277     66.865358 66.865358 0.163042
418.183533 178.327713     20.029297 8.929199 152.647217     -0.993277 -0.115759 0.115759 -0.993277     66.865358 66.865358 3.058431
110.980003 141.933350     100.781250 -78.355469 282.364258     -0.995843 -0.091088 0.091088 -0.995843     103.955672 103.955672 4.341271
586.730164 36.380951     14.789062 1.007812 19.066406     -0.875466 0.483280 -0.483280 -0.875466     21.116975 21.116975 2.588092
586.730164 36.380951     1543.437500 -38.093750 12.542969     -0.875466 0.483280 -0.483280 -0.875466     21.116975 21.116975 3.304088
549.679871 244.142288     145.953125 11.906250 64.951172     -0.900551 0.434751 -0.434751 -0.900551     21.707630 21.707630 0.304998
549.679871 244.142288     32.500000 1.673828 54.220413     -0.900551 0.434751 -0.434751 -0.900551     21.707630 21.707630 1.047042
549.983215 243.848999     436.585938 17.941406 430.923828     -0.901381 0.433027 -0.433027 -0.901381     22.009045 22.009045 1.164037
549.983215 243.848999     34.812500 -0.135742 61.216080     -0.901381 0.433027 -0.433027 -0.901381     22.009045 22.009045 2.585798
586.939270 38.055695     46.859375 42.585938 105.366455     0.532157 -0.846646 0.846646 0.532157     30.836732 30.836732 0.428042
586.939270 38.055695     156.468750 -41.046875 275.216309     0.532157 -0.846646 0.846646 0.532157     30.836732 30.836732 1.739976
614.305176 195.375000     27.718750 9.976562 68.531128     -0.902307 0.431095 -0.431095 -0.902307     17.599557 17.599557 1.096604
614.305176 195.375000     1013.953125 -367.019531 413.921387     -0.902307 0.431095 -0.431095 -0.902307     17.599557 17.599557 4.698537
516.678162 378.019165     473.953125 -260.008789 376.078247     -0.934708 -0.355418 0.355418 -0.934708     20.167726 20.167726 0.723838
516.678162 378.019165     49.976562 -38.460938 44.638672     -0.934708 -0.355418 0.355418 -0.934708     20.167726 20.167726 1.592300
614.330811 375.755646     47.531250 31.039062 50.671875     0.019037 -0.999819 0.999819 0.019037     17.679236 17.679236 0.795371
614.330811 375.755646     34.906250 8.070312 47.086548     0.019037 -0.999819 0.999819 0.019037     17.679236 17.679236 1.570582
590.657959 399.420288     64.976562 -111.132812 321.613281     -0.852886 0.522097 -0.522097 -0.852886     17.949409 17.949409 2.288463
590.657959 399.420288     278.625000 49.546875 188.076172     -0.852886 0.522097 -0.522097 -0.852886     17.949409 17.949409 4.628234
278.700012 260.674988     173.781250 -91.023438 171.179688     -0.447352 -0.894358 0.894358 -0.447352     4.461129 4.461129 1.566770
278.700012 260.674988     109.687500 13.777344 176.548828     -0.447352 -0.894358 0.894358 -0.447352     4.461129 4.461129 4.781263
279.971497 261.618225     118.460938 -53.452148 148.076172     -0.453452 -0.891280 0.891280 -0.453452     6.492383 6.492383 3.332638
279.971497 261.618225     244.531250 75.810547 67.283691     -0.453452 -0.891280 0.891280 -0.453452     6.492383 6.492383 4.801264
610.838989 371.516876     35.296875 20.179688 28.478516     -0.379492 -0.925195 0.925195 -0.379492     26.483490 26.483490 1.343186
592.564697 398.703979     166.109375 -80.757812 160.695312     -0.892820 0.450414 -0.450414 -0.892820     20.305346 20.305346 2.082177
592.564697 398.703979     24.218750 -9.671875 32.748047     -0.892820 0.450414 -0.450414 -0.892820     20.305346 20.305346 4.699015
489.484863 384.510834     107.781250 113.746094 147.566406     -0.901030 0.433757 -0.433757 -0.901030     18.550652 18.550652 0.166852
489.484863 384.510834     74.750000 65.695312 107.386719     -0.901030 0.433757 -0.433757 -0.901030     18.550652 18.550652 1.673356
513.286377 379.368530     22.156250 -50.601562 206.726562     0.559423 -0.828883 0.828883 0.559423     33.715231 33.715231 0.545143
513.286377 379.368530     98.281250 25.718750 70.074219     0.559423 -0.828883 0.828883 0.559423     33.715231 33.715231 1.574955
496.927185 27.466019     209.792969 -245.328125 337.921875     -0.883186 -0.469023 0.469023 -0.883186     19.762402 19.762402 0.535547
496.927185 27.466019     21.937500 -0.937500 28.898438     -0.883186 -0.469023 0.469023 -0.883186     19.762402 19.762402 2.735519
543.764404 43.908653     255.312500 69.833984 530.714355     -0.016391 -0.999866 0.999866 -0.016391     19.084444 19.084444 0.235474
543.764404 43.908653     125.890625 -76.484375 141.130859     -0.016391 -0.999866 0.999866 -0.016391     19.084444 19.084444 0.753374
496.891663 28.500000     70.250000 -67.402344 160.946289     -0.746128 -0.665803 0.665803 -0.746128     23.128657 23.128657 2.363203
496.891663 28.500000     24.125000 -9.312500 36.107422     -0.746128 -0.665803 0.665803 -0.746128     23.128657 23.128657 5.035592
520.869568 264.869568     190.921875 -146.195312 245.269531     -0.982965 -0.183791 0.183791 -0.982965     18.740938 18.740938 3.711371
520.869568 264.869568     59.468750 -58.214844 196.561096     -0.982965 -0.183791 0.183791 -0.982965     18.740938 18.740938 4.899340
490.651733 296.079590     121.812500 113.390625 142.410156     0.458966 -0.888454 0.888454 0.458966     18.944665 18.944665 0.899600
490.651733 296.079590     140.406250 -56.414062 45.203125     0.458966 -0.888454 0.888454 0.458966     18.944665 18.944665 1.869212
473.979675 46.871330     28.875000 -42.226562 253.242188     -0.984609 0.174769 -0.174769 -0.984609     27.473796 27.473796 4.309213
473.979675 46.871330     18.640625 11.031250 32.796875     -0.984609 0.174769 -0.174769 -0.984609     27.473796 27.473796 4.899195
221.411270 36.135212     82.263672 -9.583008 26.268555     0.193966 -0.981008 0.981008 0.193966     11.176090 11.176090 0.311255
221.411270 36.135212     337.156250 70.945312 63.605469     0.193966 -0.981008 0.981008 0.193966     11.176090 11.176090 1.546503
490.424255 296.095245     28.257812 -6.304688 32.593750     0.339211 -0.940710 0.940710 0.339211     19.405381 19.405381 2.199449
490.424255 296.095245     67.103516 -2.422119 48.392212     0.339211 -0.940710 0.940710 0.339211     19.405381 19.405381 2.999133
503.457825 314.281128     174.640625 -184.945312 373.546875     -0.987605 -0.156959 0.156959 -0.987605     19.117597 19.117597 0.449654
503.457825 314.281128     371.218750 28.921631 10.926514     -0.987605 -0.156959 0.156959 -0.987605     19.117597 19.117597 1.755889
521.552917 265.321564     601.906250 394.093750 622.597656     -0.966725 -0.255817 0.255817 -0.966725     19.156938 19.156938 0.990685
521.552917 265.321564     113.000000 8.296875 236.037598     -0.966725 -0.255817 0.255817 -0.966725     19.156938 19.156938 3.645621
524.472656 283.606964     211.285156 -252.339844 358.289062     -0.968450 0.249208 -0.249208 -0.968450     20.379393 20.379393 0.956350
524.472656 283.606964     268.875000 -99.031250 248.234375     -0.968450 0.249208 -0.249208 -0.968450     20.379393 20.379393 4.054299
453.722717 419.154541     36.500000 40.070312 106.226562     -0.622368 -0.782725 0.782725 -0.622368     19.499675 19.499675 3.566385
453.722717 419.154541     140.500000 -4.426514 20.548393     -0.622368 -0.782725 0.782725 -0.622368     19.499675 19.499675 5.773651
56.888561 60.026394     40.707031 -28.732422 71.021393     0.072527 -0.997366 0.997366 0.072527     12.487819 12.487819 4.704859
524.430481 283.681610     45.859375 -47.531250 120.898438     -0.972496 0.232920 -0.232920 -0.972496     20.602910 20.602910 1.055800
524.430481 283.681610     65.320312 -116.125000 368.156250     -0.972496 0.232920 -0.232920 -0.972496     20.602910 20.602910 3.986373
521.132019 264.541260     25.343750 9.312500 29.109375     -0.912370 -0.409367 0.409367 -0.912370     20.813477 20.813477 1.058078
521.132019 264.541260     22.988281 -17.480469 56.011719     -0.912370 -0.409367 0.409367 -0.912370     20.813477 20.813477 1.867823
221.663879 34.970772     148.398438 -62.648438 51.546875     0.226545 -0.974001 0.974001 0.226545     12.156207 12.156207 1.528611
56.840687 60.843136     43.953125 29.226562 166.496094     0.079916 -0.996802 0.996802 0.079916     13.684807 13.684807 4.715794
491.350952 98.033653     120.328125 -43.726562 64.127197     -0.612110 -0.790773 0.790773 -0.612110     24.813494 24.813494 1.731376
542.850769 435.825867     47.250000 -38.828125 138.164062     -0.040881 -0.999164 0.999164 -0.040881     21.968780 21.968780 1.917531
542.850769 435.825867     47.437500 8.421875 33.824219     -0.040881 -0.999164 0.999164 -0.040881     21.968780 21.968780 2.411099
527.891541 418.429718     40.593750 -10.759766 93.692444     -0.346640 -0.937998 0.937998 -0.346640     20.085172 20.085172 0.432113
527.891541 418.429718     40.375000 -31.230957 33.947632     -0.346640 -0.937998 0.937998 -0.346640     20.085172 20.085172 1.765288
564.147461 443.751160     390.929688 -158.894531 239.501282     -0.931827 0.362904 -0.362904 -0.931827     20.036024 20.036024 2.509773
221.240570 36.538601     205.093750 124.992188 239.572266     0.208912 -0.977934 0.977934 0.208912     13.139037 13.139037 1.536990
541.647278 438.073639     80.097656 -5.432617 28.377930     0.455120 -0.890430 0.890430 0.455120     25.527899 25.527899 1.297420
541.647278 438.073639     118.406250 109.039062 138.296875     0.455120 -0.890430 0.890430 0.455120     25.527899 25.527899 2.129434
490.927216 97.896553     86.539062 -87.372559 141.438477     -0.647516 -0.762052 0.762052 -0.647516     25.208427 25.208427 1.766663
221.058090 36.431709     56.406250 -48.046875 139.539062     0.217605 -0.976037 0.976037 0.217605     13.803477 13.803477 1.536435
569.463989 304.966217     45.949219 -29.460938 35.109863     -0.869946 -0.493147 0.493147 -0.869946     28.700775 28.700775 1.622799
569.463989 304.966217     31.343750 3.550781 71.536133     -0.869946 -0.493147 0.493147 -0.869946     28.700775 28.700775 2.555462
56.287643 61.509651     3214.312500 -137.578125 1104.367188     0.058850 -0.998267 0.998267 0.058850     17.281381 17.281381 4.714783
56.010418 61.980904     87.953125 -182.492188 560.218750     0.074676 -0.997208 0.997208 0.074676     18.456319 18.456319 4.710759
489.398163 94.172226     240.875000 142.195312 233.169922     0.195239 -0.980756 0.980756 0.195239     30.186873 30.186873 1.090430
489.398163 94.172226     264.125000 40.208984 570.183838     0.195239 -0.980756 0.980756 0.195239     30.186873 30.186873 1.599986
553.368530 338.024841     151.562500 94.136719 594.865234     -0.995871 -0.090780 0.090780 -0.995871     37.564929 37.564929 1.350862
553.368530 338.024841     22.390625 -13.507812 24.267578     -0.995871 -0.090780 0.090780 -0.995871     37.564929 37.564929 3.356968
408.804688 435.179688     164.230469 -79.376953 52.958618     -0.871586 0.490243 -0.490243 -0.871586     34.532015 34.532015 4.436160
408.804688 435.179688     71.733398 -25.386719 49.308594     -0.871586 0.490243 -0.490243 -0.871586     34.532015 34.532015 4.985020
220.848877 36.529659     35.750000 -2.000000 36.351562     0.220802 -0.975319 0.975319 0.220802     14.332932 14.332932 1.530596
55.412445 61.797394     70.500000 14.359375 34.335938     0.015058 -0.999887 0.999887 0.015058     22.024848 22.024848 4.726941
97.245285 34.599056     144.206055 -49.580566 64.477783     -0.110522 -0.993874 0.993874 -0.110522     11.930902 11.930902 1.477424
55.376080 59.713932     80.812500 9.843750 17.257812     0.033855 -0.999427 0.999427 0.033855     24.056975 24.056975 4.742762
402.461548 41.615383     1062.421875 -1004.632812 1655.491699     -0.514427 -0.857534 0.857534 -0.514427     24.861248 24.861248 1.376444
402.461548 41.615383     113.531250 -41.460938 23.072266     -0.514427 -0.857534 0.857534 -0.514427     24.861248 24.861248 1.955692
97.186440 34.661018     69.039062 33.937500 134.382812     -0.110148 -0.993915 0.993915 -0.110148     12.750269 12.750269 1.471626
356.228577 109.306122     252.312500 -132.062500 1073.538086     0.683644 -0.729816 0.729816 0.683644     19.918139 19.918139 0.882853
356.228577 109.306122     65.234375 43.632812 42.916992     0.683644 -0.729816 0.729816 0.683644     19.918139 19.918139 3.592683
397.585724 41.679592     26.031250 7.656250 28.695312     -0.911897 -0.410419 0.410419 -0.911897     31.055087 31.055087 4.361276
397.585724 41.679592     13.031250 9.203125 62.882812     -0.911897 -0.410419 0.410419 -0.911897     31.055087 31.055087 4.835942
167.156403 54.687202     177.812500 -121.238281 184.664062     -0.061365 -0.998115 0.998115 -0.061365     19.053523 19.053523 0.149834
167.156403 54.687202     9.453125 -6.484375 81.464844     -0.061365 -0.998115 0.998115 -0.061365     19.053523 19.053523 0.764484
319.049744 456.278595     463.515625 -145.352539 228.816833     -0.041658 -0.999132 0.999132 -0.041658     13.373855 13.373855 1.503097
55.092213 58.819672     48.898438 -37.820312 46.388672     0.055715 -0.998447 0.998447 0.055715     25.655190 25.655190 4.719917
413.948273 281.267242     64.744141 -106.156250 200.906250     -0.099737 -0.995014 0.995014 -0.099737     17.917487 17.917487 4.600425
413.948273 281.267242     129.025391 -68.874023 64.891602     -0.099737 -0.995014 0.995014 -0.099737     17.917487 17.917487 5.269235
97.164230 34.156933     110.687500 34.625000 44.011719     -0.090178 -0.995926 0.995926 -0.090178     13.655941 13.655941 1.557608
356.420654 109.302582     1224.140625 -10.326172 884.802002     0.691945 -0.721950 0.721950 0.691945     20.620236 20.620236 0.945680
356.420654 109.302582     15.718750 17.203125 85.734375     0.691945 -0.721950 0.721950 0.691945     20.620236 20.620236 3.940120
166.743195 55.603111     115.972656 -3.449219 25.991455     0.057740 -0.998332 0.998332 0.057740     20.029201 20.029201 0.503957
166.743195 55.603111     3334.218750 -91.859375 1145.894531     0.057740 -0.998332 0.998332 0.057740     20.029201 20.029201 1.300624
446.050629 312.890289     270.132812 -140.101562 134.960938     0.371807 -0.928310 0.928310 0.371807     18.106360 18.106360 4.420559
440.670441 112.575760     177.331055 -56.814941 65.894043     -0.885762 0.464140 -0.464140 -0.885762     24.343311 24.343311 1.160779
440.670441 112.575760     95.375000 5.296875 16.101562     -0.885762 0.464140 -0.464140 -0.885762     24.343311 24.343311 1.641366
528.122375 139.125000     42.519531 -33.553223 36.890930     -0.873675 0.486510 -0.486510 -0.873675     24.844519 24.844519 0.987196
354.911835 82.719009     57.187500 -49.062500 141.265625     0.190075 -0.981770 0.981770 0.190075     21.938984 21.938984 4.286975
388.640686 72.115257     131.199219 26.038269 9.060720     -0.952747 -0.303764 0.303764 -0.952747     26.105165 26.105165 0.463363
388.640686 72.115257     22.828125 -10.269531 23.977539     -0.952747 -0.303764 0.303764 -0.952747     26.105165 26.105165 2.750692
352.648804 110.150131     15.546875 0.359375 73.281250     -0.916330 0.400423 -0.400423 -0.916330     21.052533 21.052533 4.378856
165.748444 55.754658     47.140625 -1.882812 24.738281     0.235149 -0.971959 0.971959 0.235149     22.410671 22.410671 5.581038
196.275864 16.655172     99.617188 -100.940918 154.554138     0.001158 -0.999999 0.999999 0.001158     14.126922 14.126922 1.588809
430.889069 113.830345     219.179688 -118.226562 215.984375     -0.997283 0.073662 -0.073662 -0.997283     26.548791 26.548791 1.470205
430.889069 113.830345     258.718750 -231.007812 1747.776367     -0.997283 0.073662 -0.073662 -0.997283     26.548791 26.548791 4.230878
138.579437 282.948608     3869.843750 -187.406250 1092.113281     -0.361435 -0.932397 0.932397 -0.361435     10.736461 10.736461 1.830645
138.579437 282.948608     68.570312 -52.652344 149.145508     -0.361435 -0.932397 0.932397 -0.361435     10.736461 10.736461 4.630555
96.643867 31.035378     100.085938 -39.416016 56.090820     -0.084396 -0.996432 0.996432 -0.084396     16.600251 16.600251 1.605712
350.740509 111.257385     35.648438 -2.203125 38.632812     -0.862283 0.506428 -0.506428 -0.862283     24.106360 24.106360 0.962094
165.334229 56.536388     29.812500 12.328125 33.128906     0.388982 -0.921245 0.921245 0.388982     22.942947 22.942947 5.298742
372.179688 440.863281     2893.718750 -27.560547 893.660889     0.245263 -0.969457 0.969457 0.245263     14.525226 14.525226 4.624230
386.517700 82.482315     141.812500 -83.375000 138.726562     0.547884 -0.836554 0.836554 0.547884     35.609247 35.609247 4.352692
527.634277 138.704010     23.312500 -47.953125 172.460938     -0.870426 0.492299 -0.492299 -0.870426     28.367222 28.367222 0.915666
95.925491 31.152941     16.390625 16.687500 83.625000     -0.066878 -0.997761 0.997761 -0.066878     19.836168 19.836168 1.586894
351.205811 99.125351     330.007812 -570.011719 2232.001953     0.348532 -0.937297 0.937297 0.348532     38.089505 38.089505 4.568494
164.939392 56.657341     299.703125 -211.875000 253.103516     0.448300 -0.893883 0.893883 0.448300     23.984725 23.984725 5.482051
94.942688 31.280542     118.281250 106.843750 137.657227     -0.074448 -0.997225 0.997225 -0.074448     23.766871 23.766871 1.582874
370.448273 241.957855     298.593750 396.750000 678.783203     0.150084 -0.988673 0.988673 0.150084     21.569496 21.569496 5.332997
527.471008 138.682968     126.068359 24.826721 8.975060     -0.861120 0.508401 -0.508401 -0.861120     28.933949 28.933949 0.937848
412.273499 231.901703     238.062500 0.812500 47.257812     0.497682 -0.867359 0.867359 0.497682     21.005645 21.005645 1.269207
95.516960 30.115789     3857.093750 -124.726562 1076.824219     0.062435 -0.998049 0.998049 0.062435     25.875748 25.875748 1.559822
373.150787 243.878311     100.792969 -41.708008 58.596680     -0.185173 -0.982706 0.982706 -0.185173     28.228455 28.228455 5.653252
168.460464 63.525509     320.875000 -136.929688 131.921875     -0.624784 -0.780798 0.780798 -0.624784     35.766817 35.766817 0.662807
168.460464 63.525509     26.031250 13.640625 25.910156     -0.624784 -0.780798 0.780798 -0.624784     35.766817 35.766817 4.235677
96.831581 290.231567     113.812500 -39.070312 22.628906     0.531321 -0.847170 0.847170 0.531321     18.767104 18.767104 1.937542
96.831581 290.231567     248.390625 -112.390625 137.875000     0.531321 -0.847170 0.847170 0.531321     18.767104 18.767104 5.229630
408.495483 228.174210     141.390625 -94.664062 151.281250     -0.614876 -0.788624 0.788624 -0.614876     32.970548 32.970548 2.227010
376.472534 241.632278     31.062500 2.115234 69.531250     -0.976059 0.217508 -0.217508 -0.976059     37.254167 37.254167 1.122091
543.013000 111.961037     42.929688 5.515625 64.910156     0.647507 -0.762060 0.762060 0.647507     16.023145 16.023145 0.806974
543.013000 111.961037     62.531250 -65.945312 217.605469     0.647507 -0.762060 0.762060 0.647507     16.023145 16.023145 2.140446
112.995728 269.307678     72.500000 41.025391 91.842773     -0.266297 -0.963891 0.963891 -0.266297     12.490833 12.490833 0.905599
112.995728 269.307678     1209.359375 -1033.029297 2049.518555     -0.266297 -0.963891 0.963891 -0.266297     12.490833 12.490833 5.164693
97.769409 288.981171     329.804688 -498.328125 2368.171875     0.416804 -0.908996 0.908996 0.416804     23.799046 23.799046 1.715922
97.769409 288.981171     239.062500 145.875000 242.802734     0.416804 -0.908996 0.908996 0.416804     23.799046 23.799046 2.025424
376.518524 241.656296     136.890625 -100.945312 172.875000     -0.980971 0.194152 -0.194152 -0.980971     38.403884 38.403884 1.110622
104.526962 281.218140     39.406250 7.828125 18.660156     0.550047 -0.835134 0.835134 0.550047     30.811337 30.811337 2.014966
104.526962 281.218140     17.187500 -1.140625 76.742188     0.550047 -0.835134 0.835134 0.550047     30.811337 30.811337 5.422113
68.441788 243.994034     37.648438 -3.984375 42.710938     0.174244 -0.984703 0.984703 0.174244     20.602153 20.602153 3.166245
68.441788 243.994034     47.312500 17.507812 23.683594     0.174244 -0.984703 0.984703 0.174244     20.602153 20.602153 5.673121
80.395744 210.970215     68.601562 -112.441406 212.542969     -0.341644 -0.939829 0.939829 -0.341644     15.034201 15.034201 0.870488
132.628571 320.799988     25.343750 -9.531250 25.337891     0.024293 -0.999705 0.999705 0.024293     14.728911 14.728911 1.932325
132.628571 320.799988     34.468750 -22.617188 25.578125     0.024293 -0.999705 0.999705 0.024293     14.728911 14.728911 5.232681
68.116722 254.384964     390.056641 -115.351318 116.477173     0.047987 -0.998848 0.998848 0.047987     30.198384 30.198384 2.268102
126.319038 313.643219     39.156250 39.433594 46.792480     -0.535384 -0.844609 0.844609 -0.535384     27.013186 27.013186 0.897004
126.319038 313.643219     294.562500 12.912109 640.791992     -0.535384 -0.844609 0.844609 -0.535384     27.013186 27.013186 4.978298
45.401543 269.189178     32.812500 -26.468750 44.039062     -0.308497 -0.951225 0.951225 -0.308497     13.229692 13.229692 2.457039
301.666656 18.714743     67.625000 -60.820312 204.007812     0.207501 -0.978235 0.978235 0.207501     15.436219 15.436219 1.493268
269.374390 23.394089     55.656250 2.062500 16.445312     0.312581 -0.949891 0.949891 0.312581     20.096334 20.096334 1.308921
