1.0
517
283.357361 400.764343     950.367188 284.398438 121.109375     -0.955158 -0.296097 0.296097 -0.955158     25.829559 25.829559 0.266531
182.821106 370.123840     112.296875 2.960938 4.906250     -0.999621 -0.027540 0.027540 -0.999621     9.884313 9.884313 1.002373
352.693298 436.510315     141.750000 42.078125 26.781250     -0.950505 -0.310708 0.310708 -0.950505     16.241470 16.241470 6.335119
253.601822 392.345093     4720.382812 1307.226562 436.328125     -0.962704 -0.270556 0.270556 -0.962704     37.365904 37.365904 0.665385
349.716980 368.784363     50.000000 27.562500 39.796875     -0.768765 -0.639531 0.639531 -0.768765     18.481685 18.481685 0.796021
274.615784 397.500549     6682.695312 1986.781250 746.187500     -0.956823 -0.290670 0.290670 -0.956823     53.742662 53.742662 0.419266
287.012299 394.585876     7735.710938 1966.140625 873.484375     -0.966344 -0.257252 0.257252 -0.966344     84.196343 84.196343 0.464812
310.153168 340.045044     39.882812 14.992188 14.523438     -0.907128 -0.420854 0.420854 -0.907128     12.379457 12.379457 1.463761
456.670807 434.872681     78.515625 54.578125 97.484375     -0.643735 -0.765248 0.765248 -0.643735     25.694931 25.694931 2.453674
593.445557 427.346924     18.125000 7.984375 91.265625     -0.107271 -0.994230 0.994230 -0.107271     18.697234 18.697234 0.811524
593.445557 427.346924     163.937500 -69.843750 298.625000     -0.107271 -0.994230 0.994230 -0.107271     18.697234 18.697234 1.135379
13.474886 189.091324     459.750000 -386.187500 918.625000     -0.993426 0.114473 -0.114473 -0.993426     10.327266 10.327266 1.009032
13.474886 189.091324     29.568848 -17.206055 21.472656     -0.993426 0.114473 -0.114473 -0.993426     10.327266 10.327266 1.589296
49.717823 220.168320     21289.914062 6882.898438 3902.734375     -0.783906 0.620879 -0.620879 -0.783906     12.603945 12.603945 0.832530
49.717823 220.168320     33.135010 -17.909180 22.218750     -0.783906 0.620879 -0.620879 -0.783906     12.603945 12.603945 4.167344
14.532000 189.464005     450.923828 -18.774414 188.195312     -0.997770 0.066748 -0.066748 -0.997770     11.291484 11.291484 0.938357
14.532000 189.464005     549.375000 -316.703125 1578.765625     -0.997770 0.066748 -0.066748 -0.997770     11.291484 11.291484 1.580219
88.860657 184.021851     832.042969 -23.561523 366.072266     -0.991950 -0.126633 0.126633 -0.991950     18.488037 18.488037 0.696493
88.860657 184.021851     41.181641 4.101562 8.449219     -0.991950 -0.126633 0.126633 -0.991950     18.488037 18.488037 4.840002
49.327354 220.161438     595.875000 -545.359375 3031.671875     -0.803595 0.595177 -0.595177 -0.803595     13.465784 13.465784 0.841025
49.327354 220.161438     93.019806 19.136963 59.023438     -0.803595 0.595177 -0.595177 -0.803595     13.465784 13.465784 4.137774
83.293053 165.957870     466.992188 42.530762 89.183777     -0.997482 0.070919 -0.070919 -0.997482     61.513615 61.513615 0.648313
15.464286 189.667862     50.726562 -2.458984 10.750000     -0.998717 0.050631 -0.050631 -0.998717     11.857517 11.857517 0.927085
15.464286 189.667862     39.864014 -20.041992 22.957031     -0.998717 0.050631 -0.050631 -0.998717     11.857517 11.857517 1.580202
128.673080 192.336533     667.410156 107.244629 111.267395     -0.992472 -0.122469 0.122469 -0.992472     12.682574 12.682574 0.527618
130.307083 191.562988     158.757812 -68.289062 44.968750     -0.998128 0.061165 -0.061165 -0.998128     14.650465 14.650465 0.760777
48.514057 220.337357     44.750000 -46.097656 71.144043     -0.833257 0.552886 -0.552886 -0.833257     13.985282 13.985282 4.136344
130.882141 191.067856     659.187500 276.437500 19264.601562     -0.990368 0.138458 -0.138458 -0.990368     15.466091 15.466091 0.833273
150.303314 192.184830     189.828125 71.974609 51.763794     -0.751190 0.660086 -0.660086 -0.751190     10.745818 10.745818 1.400954
150.303314 192.184830     1416.218750 1574.609375 20668.195312     -0.751190 0.660086 -0.660086 -0.751190     10.745818 10.745818 4.011692
138.237183 186.551285     218.898438 77.270508 56.268799     -0.905566 0.424206 -0.424206 -0.905566     16.211982 16.211982 1.242731
587.339905 86.897232     66.580933 -17.265625 25.687500     0.601985 -0.798507 0.798507 0.601985     14.228480 14.228480 0.770237
587.339905 86.897232     2178.632812 251.723633 369.838745     0.601985 -0.798507 0.798507 0.601985     14.228480 14.228480 1.554278
47.562725 220.526886     276.574219 94.085938 66.090210     -0.879233 0.476392 -0.476392 -0.879233     14.865634 14.865634 4.034441
46.677418 220.429031     307.183594 99.274414 73.039307     -0.907166 0.420773 -0.420773 -0.907166     16.199232 16.199232 4.031719
227.449005 33.746460     2603.644531 346.721680 430.856689     -0.919203 -0.393784 0.393784 -0.919203     18.806833 18.806833 1.540865
45.811111 219.708328     98.125000 59.796875 42.761719     -0.919604 0.392846 -0.392846 -0.919604     19.385034 19.385034 4.014928
227.864197 34.806171     322.949219 99.674805 83.151245     -0.919837 -0.392301 0.392301 -0.919837     20.654660 20.654660 1.539790
228.635788 35.975506     45.640625 10.929688 14.460938     -0.928683 -0.370875 0.370875 -0.928683     22.683928 22.683928 0.294886
228.635788 35.975506     114.578125 67.234375 47.511719     -0.928683 -0.370875 0.370875 -0.928683     22.683928 22.683928 1.557183
44.686718 219.817047     94.437500 -167.066406 300.854492     -0.939159 0.343483 -0.343483 -0.939159     19.806577 19.806577 4.014423
230.347214 37.697964     94.171875 30.257812 155.109375     -0.934215 -0.356710 0.356710 -0.934215     24.715405 24.715405 0.359758
230.347214 37.697964     243.139587 105.337891 148.859375     -0.934215 -0.356710 0.356710 -0.934215     24.715405 24.715405 1.577529
464.866974 208.087158     2862.140625 558.678223 550.209045     -0.829954 -0.557832 0.557832 -0.829954     8.039977 8.039977 1.539637
413.579987 319.579987     122.421875 -25.429688 109.898438     -0.973140 0.230213 -0.230213 -0.973140     17.318807 17.318807 0.813654
413.579987 319.579987     165.380859 -69.230469 45.746094     -0.973140 0.230213 -0.230213 -0.973140     17.318807 17.318807 4.180344
231.253098 38.994583     61.062500 31.250000 21.476562     -0.938803 -0.344456 0.344456 -0.938803     27.229484 27.229484 0.385972
231.253098 38.994583     246.562500 128.757812 78.937500     -0.938803 -0.344456 0.344456 -0.938803     27.229484 27.229484 3.633682
466.073944 208.945526     100.875000 50.484375 31.328125     -0.836687 -0.547682 0.547682 -0.836687     8.725477 8.725477 1.506150
467.157898 209.625000     109.492188 -180.109375 309.999023     -0.842644 -0.538471 0.538471 -0.842644     9.598791 9.598791 1.520416
231.695068 40.627163     78.859375 18.695312 76.144531     -0.940474 -0.339867 0.339867 -0.940474     30.893381 30.893381 0.381597
231.695068 40.627163     403.574219 115.744141 106.297729     -0.940474 -0.339867 0.339867 -0.940474     30.893381 30.893381 1.579535
403.394470 318.246552     232.687500 -355.234375 567.537109     -0.993785 -0.111317 0.111317 -0.993785     23.335667 23.335667 1.471948
423.116577 266.865479     481.609375 -119.531250 269.136719     -0.953629 -0.300984 0.300984 -0.953629     14.932485 14.932485 1.728766
468.795654 210.534058     21092.976562 6769.976562 5138.015625     -0.850388 -0.526156 0.526156 -0.850388     10.941689 10.941689 1.538013
355.112152 123.925232     21.687500 -8.250000 27.085938     0.487048 -0.873375 0.873375 0.487048     5.073042 5.073042 1.567161
355.112152 123.925232     26.312500 -3.937500 12.781250     0.487048 -0.873375 0.873375 0.487048     5.073042 5.073042 5.890040
470.867554 211.565125     25.921875 -12.312500 121.078125     -0.859019 -0.511944 0.511944 -0.859019     12.123872 12.123872 1.527554
399.352325 312.156433     229.557861 89.008789 143.621094     -0.381078 -0.924543 0.924543 -0.381078     40.674674 40.674674 1.092308
354.888428 124.822311     71.781250 -38.468750 58.343750     0.493817 -0.869566 0.869566 0.493817     6.867843 6.867843 5.875169
232.532593 42.549862     441.605469 123.840820 119.866211     -0.943177 -0.332292 0.332292 -0.943177     34.471326 34.471326 0.377544
232.532593 42.549862     883.031250 -795.414062 1455.875000     -0.943177 -0.332292 0.332292 -0.943177     34.471326 34.471326 1.588372
409.275787 138.373718     89.093750 17.312500 135.250000     0.538446 -0.842660 0.842660 0.538446     11.646140 11.646140 3.212001
420.371826 274.341766     1010.984375 -896.914062 1562.000000     -0.787113 0.616808 -0.616808 -0.787113     42.683842 42.683842 2.738057
138.182175 186.331390     232.687500 -114.437500 259.375000     -0.909338 0.416058 -0.416058 -0.909338     16.879759 16.879759 1.239746
582.839600 280.009430     292.781250 38.765625 115.953125     -0.876093 -0.482143 0.482143 -0.876093     9.308221 9.308221 1.557843
475.107971 213.677734     1126.046875 -1071.625000 1854.812500     -0.879073 -0.476688 0.476688 -0.879073     13.587441 13.587441 1.511275
586.343872 281.698242     297.156250 230.531250 381.390625     -0.885227 -0.465159 0.465159 -0.885227     9.859153 9.859153 1.560903
401.837402 149.464752     310.750000 -50.125000 366.953125     0.542223 -0.840235 0.840235 0.542223     12.137022 12.137022 1.652811
401.837402 149.464752     1137.312500 -1161.851562 2177.429688     0.542223 -0.840235 0.840235 0.542223     12.137022 12.137022 3.178609
423.102600 276.560425     502.074219 76.415039 156.433350     -0.999535 0.030507 -0.030507 -0.999535     54.345393 54.345393 2.220998
477.324921 214.929703     353.250000 -535.835938 841.195312     -0.890853 -0.454292 0.454292 -0.890853     15.503917 15.503917 1.504518
477.324921 214.929703     1028.750000 -1005.703125 2554.687500     -0.890853 -0.454292 0.454292 -0.890853     15.503917 15.503917 4.735621
356.275543 123.547989     528.019531 66.740234 189.927490     0.506776 -0.862078 0.862078 0.506776     8.555034 8.555034 5.820638
443.982880 240.878952     1049.843750 -1218.921875 3418.332031     -0.732263 -0.681022 0.681022 -0.732263     34.494027 34.494027 1.462922
233.165421 43.810528     355.804688 176.546875 90.224609     -0.945780 -0.324807 0.324807 -0.945780     36.709627 36.709627 0.390567
233.165421 43.810528     972.468750 -934.078125 3398.617188     -0.945780 -0.324807 0.324807 -0.945780     36.709627 36.709627 1.596839
405.888245 314.477783     413.882812 200.136719 99.701172     -0.780621 -0.625004 0.625004 -0.780621     50.754632 50.754632 1.540800
405.888245 314.477783     602.355469 85.374023 213.014404     -0.780621 -0.625004 0.625004 -0.780621     50.754632 50.754632 4.726089
150.536484 192.171677     1740.017578 693.078125 276.476562     -0.756859 0.653579 -0.653579 -0.756859     11.551685 11.551685 5.357217
591.533325 284.250580     499.125000 241.521484 121.234375     -0.891655 -0.452715 0.452715 -0.891655     11.476826 11.476826 1.568783
397.253876 156.624176     4808.058594 1813.944336 1792.508179     0.535570 -0.844491 0.844491 0.535570     12.241774 12.241774 1.618916
397.253876 156.624176     523.375000 259.355469 134.511719     0.535570 -0.844491 0.844491 0.535570     12.241774 12.241774 4.833547
462.084625 229.508347     663.949219 92.477539 241.920654     -0.912227 0.409685 -0.409685 -0.912227     66.052689 66.052689 0.999662
462.084625 229.508347     514.886719 254.367188 132.185547     -0.912227 0.409685 -0.409685 -0.912227     66.052689 66.052689 4.272807
522.655151 345.314667     5.023438 -5.617188 189.585938     0.586959 -0.809617 0.809617 0.586959     17.834074 17.834074 0.163317
525.056091 383.757019     230.860535 94.939941 156.050781     -0.965475 0.260495 -0.260495 -0.965475     15.404779 15.404779 0.706523
525.056091 383.757019     2697.079590 786.994141 821.580078     -0.965475 0.260495 -0.260495 -0.965475     15.404779 15.404779 1.118135
504.704987 373.916656     7.492188 -7.984375 255.718750     0.126277 -0.991995 0.991995 0.126277     22.207646 22.207646 0.923529
596.430298 286.404297     3109.949219 1078.161133 1394.239990     -0.893407 -0.449247 0.449247 -0.893407     14.366336 14.366336 1.580333
528.926636 341.206573     4176.250000 691.742188 17054.648438     -0.765523 0.643409 -0.643409 -0.765523     22.950629 22.950629 2.831494
234.154968 45.509769     16.296875 1.007812 20.726562     -0.946678 -0.322182 0.322182 -0.946678     39.671429 39.671429 0.384557
234.154968 45.509769     18.906250 -19.523438 484.203125     -0.946678 -0.322182 0.322182 -0.946678     39.671429 39.671429 1.604681
435.365631 277.474854     24.937500 -19.492188 480.820312     0.574980 -0.818167 0.818167 0.574980     81.005172 81.005172 1.549887
511.502106 376.805542     25.062500 -12.921875 25.218750     -0.316279 -0.948666 0.948666 -0.316279     41.076367 41.076367 1.076028
557.253418 365.057220     19.781250 -2.929688 25.710938     -0.992845 -0.119411 0.119411 -0.992845     22.910030 22.910030 2.065722
549.621094 381.816406     61.406250 -104.093750 204.992188     -0.989342 0.145609 -0.145609 -0.989342     20.862110 20.862110 2.335695
439.637482 274.363342     36.578125 13.820312 19.343750     0.594293 -0.804249 0.804249 0.594293     83.972641 83.972641 1.520233
544.607666 334.023987     9537.414062 -2526.432617 3192.589844     0.664899 -0.746933 0.746933 0.664899     51.469145 51.469145 6.264493
521.131592 377.963257     20213.625000 6037.351562 4885.820312     -0.978733 -0.205139 0.205139 -0.978733     46.728112 46.728112 1.954274
444.525208 268.363922     21.234375 -5.812500 32.421875     0.582269 -0.812997 0.812997 0.582269     85.209199 85.209199 1.538061
552.789795 339.283722     46.546875 16.507812 22.585938     0.505459 -0.862850 0.862850 0.505459     75.485629 75.485629 0.244159
447.462433 262.910828     24551.187500 -5443.687500 17024.187500     0.543805 -0.839211 0.839211 0.543805     88.231847 88.231847 1.567296
447.462433 262.910828     240.421875 92.996094 37.710938     0.543805 -0.839211 0.839211 0.543805     88.231847 88.231847 4.665952
391.068878 165.789215     71.343750 -55.015625 82.976562     0.541119 -0.840946 0.840946 0.541119     13.087853 13.087853 1.592430
451.686340 246.192169     51.921875 -14.468750 167.554688     0.389339 -0.921095 0.921095 0.389339     104.047940 104.047940 1.645731
451.686340 246.192169     256.421875 95.750000 44.226562     0.389339 -0.921095 0.921095 0.389339     104.047940 104.047940 4.730280
199.199127 170.406921     236.861328 94.351562 40.109375     -0.894735 -0.446598 0.446598 -0.894735     6.525645 6.525645 4.700138
195.993271 169.040405     88.828125 -54.312500 206.371094     -0.899287 -0.437359 0.437359 -0.899287     6.922829 6.922829 4.706876
128.414017 328.554138     157.625000 -244.710938 470.742188     -0.928989 -0.370107 0.370107 -0.928989     2.683173 2.683173 4.711849
189.817978 166.419357     1125.660156 463.031250 223.898438     -0.898934 -0.438085 0.438085 -0.898934     8.456826 8.456826 4.705052
190.259109 166.969635     1228.599609 575.445312 331.281250     -0.894380 -0.447307 0.447307 -0.894380     9.858999 9.858999 4.698278
190.271561 167.111923     124.191406 43.320312 71.671875     -0.894750 -0.446567 0.446567 -0.894750     10.292808 10.292808 4.700896
192.834442 168.749664     36.548828 -24.574219 28.468750     -0.907515 -0.420020 0.420020 -0.907515     12.847929 12.847929 4.699873
350.533325 296.486115     69.656250 -97.715820 171.763000     0.030393 -0.999538 0.999538 0.030393     9.912914 9.912914 1.660815
351.151581 294.685028     27.175781 -1.617188 15.523438     0.032116 -0.999484 0.999484 0.032116     12.104607 12.104607 1.667384
471.759613 396.418274     42.890625 -8.156250 34.656250     -0.728083 0.685489 -0.685489 -0.728083     12.654019 12.654019 4.616823
376.511627 249.511627     251.998047 99.257812 45.437500     -0.211894 -0.977293 0.977293 -0.211894     18.044026 18.044026 0.648620
376.511627 249.511627     47.453125 13.792969 44.875000     -0.211894 -0.977293 0.977293 -0.211894     18.044026 18.044026 4.060231
353.890167 287.233154     24.580078 -8.734375 33.468750     0.041849 -0.999124 0.999124 0.041849     19.138760 19.138760 1.678531
354.819031 286.703918     74.066406 -36.753906 77.054688     0.042640 -0.999090 0.999090 0.042640     22.093850 22.093850 1.706068
471.265045 395.787140     22.963867 1.666016 53.320312     0.704966 -0.709241 0.709241 0.704966     15.729746 15.729746 1.450305
471.265045 395.787140     165.234375 -186.578125 314.429688     0.704966 -0.709241 0.709241 0.704966     15.729746 15.729746 3.153371
377.397003 248.194763     73.765625 31.510254 21.967377     0.379927 -0.925017 0.925017 0.379927     19.395969 19.395969 2.688388
377.397003 248.194763     75.390625 -35.113281 78.765625     0.379927 -0.925017 0.925017 0.379927     19.395969 19.395969 3.692185
505.318970 289.698273     72.593750 30.168457 24.738815     0.464890 -0.885369 0.885369 0.464890     11.690198 11.690198 2.185296
363.653076 339.930603     153.843750 -132.843750 338.365967     -0.874384 -0.485235 0.485235 -0.874384     15.375405 15.375405 1.689104
363.653076 339.930603     234.777344 107.378906 50.441406     -0.874384 -0.485235 0.485235 -0.874384     15.375405 15.375405 4.796679
377.822357 247.167770     247.742188 116.542969 57.109375     0.391524 -0.920168 0.920168 0.391524     19.491393 19.491393 2.614230
377.822357 247.167770     40.054688 9.015625 17.921875     0.391524 -0.920168 0.920168 0.391524     19.491393 19.491393 5.528826
379.262726 246.158188     487.722656 211.335938 151.828125     0.706021 -0.708191 0.708191 0.706021     20.802964 20.802964 2.206371
379.262726 246.158188     78.250000 31.357910 37.515854     0.706021 -0.708191 0.708191 0.706021     20.802964 20.802964 5.502888
364.469635 340.038330     65.921875 6.281250 8.234375     -0.890888 -0.454223 0.454223 -0.890888     16.938995 16.938995 1.706105
364.469635 340.038330     171.429688 43.328125 78.750000     -0.890888 -0.454223 0.454223 -0.890888     16.938995 16.938995 3.321224
130.960403 314.420807     38.187500 20.109375 39.906250     -0.931890 -0.362740 0.362740 -0.931890     5.533421 5.533421 1.504284
130.960403 314.420807     659.152344 301.195312 354.500000     -0.931890 -0.362740 0.362740 -0.931890     5.533421 5.533421 4.712899
501.293732 287.021515     51.428711 8.039062 67.296875     0.474885 -0.880048 0.880048 0.474885     21.009093 21.009093 2.243288
501.293732 287.021515     55.931641 -3.923828 15.953125     0.474885 -0.880048 0.880048 0.474885     21.009093 21.009093 3.882854
366.903473 340.195557     4228.792969 1404.335938 746.265625     -0.921982 -0.387233 0.387233 -0.921982     19.532754 19.532754 1.738653
366.903473 340.195557     71.975952 -6.193848 12.851562     -0.921982 -0.387233 0.387233 -0.921982     19.532754 19.532754 4.705843
382.397522 242.246384     127.142822 12.494141 80.140625     0.668903 -0.743349 0.743349 0.668903     21.028978 21.028978 2.094274
361.198730 169.399582     94.765625 -27.828125 37.656250     0.094113 -0.995562 0.995562 0.094113     30.431005 30.431005 0.749336
361.198730 169.399582     529.000000 190.601562 72.000000     0.094113 -0.995562 0.995562 0.094113     30.431005 30.431005 3.891904
131.916321 314.849365     485.773438 164.984375 59.078125     -0.929777 -0.368123 0.368123 -0.929777     6.075182 6.075182 4.709412
499.076935 288.255096     1047.499023 400.042969 156.718750     0.515380 -0.856961 0.856961 0.515380     24.120379 24.120379 3.645525
361.765198 168.079849     11343.583984 4223.296875 1578.859375     0.122302 -0.992493 0.992493 0.122302     31.863985 31.863985 0.723684
361.765198 168.079849     1962.811523 471.171875 738.046875     0.122302 -0.992493 0.992493 0.122302     31.863985 31.863985 3.863695
139.314209 262.710724     28.921875 8.746094 78.911133     -0.933376 -0.358900 0.358900 -0.933376     12.248721 12.248721 0.195394
139.314209 262.710724     551.851562 65.640625 102.480469     -0.933376 -0.358900 0.358900 -0.933376     12.248721 12.248721 3.141904
132.663040 315.097839     24.515625 31.730469 137.542969     -0.927824 -0.373018 0.373018 -0.927824     6.639131 6.639131 3.122890
132.663040 315.097839     5758.368164 867.570312 1481.609375     -0.927824 -0.373018 0.373018 -0.927824     6.639131 6.639131 4.697884
392.391754 224.574020     81.218750 -23.085938 123.450195     0.502657 -0.864486 0.864486 0.502657     20.625862 20.625862 1.617435
497.838440 288.798584     127.125000 -171.375000 258.476562     0.534947 -0.844885 0.844885 0.534947     25.856297 25.856297 3.546655
364.563904 164.715851     786.148438 13.250000 154.613281     0.364405 -0.931241 0.931241 0.364405     36.991812 36.991812 0.414056
364.563904 164.715851     42.412109 -11.557617 13.589844     0.364405 -0.931241 0.931241 0.364405     36.991812 36.991812 3.511783
152.803009 269.236572     77.109375 43.074219 30.275757     -0.924288 -0.381697 0.381697 -0.924288     18.816465 18.816465 4.742919
133.203827 315.181519     21.546875 -6.226562 28.703125     -0.928052 -0.372450 0.372450 -0.928052     7.203374 7.203374 3.138902
133.203827 315.181519     23.046875 1.406250 23.421875     -0.928052 -0.372450 0.372450 -0.928052     7.203374 7.203374 4.713446
392.866211 222.234543     5918.292969 1061.457031 1522.203125     0.480148 -0.877188 0.877188 0.480148     21.896594 21.896594 1.592113
155.355072 270.597168     159.656250 52.641602 27.537006     -0.921315 -0.388816 0.388816 -0.921315     24.018679 24.018679 4.739452
285.014557 361.572815     36.882812 -9.726562 91.609375     0.135516 -0.990775 0.990775 0.135516     8.822032 8.822032 1.587816
162.615906 275.884338     47.662598 -10.695312 14.785156     -0.898574 -0.438821 0.438821 -0.898574     31.902682 31.902682 1.504697
162.615906 275.884338     135.437500 55.003906 64.319519     -0.898574 -0.438821 0.438821 -0.898574     31.902682 31.902682 4.733675
133.867020 315.553192     2503.375000 419.765625 352.957031     -0.929368 -0.369155 0.369155 -0.929368     8.301574 8.301574 3.151267
391.451508 164.913437     189.671875 -167.191406 553.968750     0.539087 -0.842250 0.842250 0.539087     14.203711 14.203711 1.592405
232.471588 344.037872     48.406250 -36.140625 56.726562     -0.871313 -0.490727 0.490727 -0.871313     30.940150 30.940150 2.848928
150.638138 192.202332     245.750000 -299.625000 1233.234375     -0.762307 0.647216 -0.647216 -0.762307     12.409471 12.409471 5.363998
328.652679 17.919161     741.756836 287.325928 132.068329     0.518134 -0.855299 0.855299 0.518134     14.554343 14.554343 4.577163
260.432495 325.029999     158.859375 -287.851562 563.441406     -0.978764 -0.204989 0.204989 -0.978764     20.862889 20.862889 1.572736
159.793274 206.221161     376.687500 -153.992188 512.679688     -0.923128 -0.384493 0.384493 -0.923128     10.678079 10.678079 4.715706
209.200958 324.052643     2548.578125 367.312500 377.841797     -0.990850 0.134965 -0.134965 -0.990850     17.603663 17.603663 3.720427
264.033325 357.925934     51.241211 -11.110352 21.058594     0.383209 -0.923662 0.923662 0.383209     17.809602 17.809602 1.559952
359.626221 20.554098     519.437500 -687.710938 1455.933105     0.550556 -0.834798 0.834798 0.550556     17.684773 17.684773 4.443753
206.657684 327.964966     2655.140625 184.183594 450.234375     -0.851654 0.524104 -0.524104 -0.851654     24.497918 24.497918 1.071384
206.657684 327.964966     165.843750 15.421875 58.730469     -0.851654 0.524104 -0.524104 -0.851654     24.497918 24.497918 1.904900
166.826080 199.409607     48.240234 -12.070312 39.148438     0.702817 -0.711370 0.711370 0.702817     27.852472 27.852472 2.477563
166.826080 199.409607     2914.970703 518.352417 182.094269     0.702817 -0.711370 0.711370 0.702817     27.852472 27.852472 4.415544
382.788544 25.044052     951.804688 275.152344 122.929688     0.512659 -0.858592 0.858592 0.512659     10.770475 10.770475 4.604202
373.133331 26.620832     53.195312 4.828125 19.144531     0.530362 -0.847771 0.847771 0.530362     6.564323 6.564323 4.645531
133.698517 316.161346     679.359375 -832.585938 4603.238281     -0.927634 -0.373492 0.373492 -0.927634     10.527959 10.527959 3.103751
133.698517 316.161346     49.553711 -9.308594 44.902344     -0.927634 -0.373492 0.373492 -0.927634     10.527959 10.527959 6.197963
194.036621 239.301407     873.875000 -972.437500 2147.218750     -0.739274 -0.673405 0.673405 -0.739274     25.579240 25.579240 2.777958
138.425919 299.726837     2890.648438 403.930908 181.712311     0.522733 -0.852496 0.852496 0.522733     19.730507 19.730507 1.469223
167.565521 199.148270     55.875000 -4.468750 27.425781     0.692597 -0.721325 0.721325 0.692597     28.021772 28.021772 2.538693
167.565521 199.148270     306.300781 134.207031 138.175781     0.692597 -0.721325 0.721325 0.692597     28.021772 28.021772 4.393778
79.410469 276.691467     312.875000 142.285156 73.910156     -0.054636 -0.998506 0.998506 -0.054636     21.521439 21.521439 3.830381
496.397430 289.342499     1173.234375 468.648438 271.761719     0.560693 -0.828024 0.828024 0.560693     28.064172 28.064172 3.433466
461.217377 15.670290     321.000000 131.554688 133.855469     -0.904149 -0.427218 0.427218 -0.904149     11.972456 11.972456 1.620746
167.970673 199.106476     51.258301 -8.663086 65.851562     0.689926 -0.723880 0.723880 0.689926     29.137046 29.137046 2.609419
167.970673 199.106476     2788.364746 160.453613 283.034668     0.689926 -0.723880 0.723880 0.689926     29.137046 29.137046 4.383762
461.287750 14.672364     67.851562 -61.289062 225.558594     -0.900391 -0.435082 0.435082 -0.900391     14.344321 14.344321 1.628476
434.238403 55.622383     721.062500 -913.765625 4929.615234     0.463448 -0.886124 0.886124 0.463448     41.332847 41.332847 0.253434
211.666672 191.985504     487.980469 239.175781 142.269531     -0.908657 -0.417543 0.417543 -0.908657     4.717663 4.717663 1.584494
211.666672 191.985504     558.250000 229.902344 202.605469     -0.908657 -0.417543 0.417543 -0.908657     4.717663 4.717663 4.701963
208.199997 210.532578     916.765625 -1054.156250 2342.515625     -0.119418 -0.992844 0.992844 -0.119418     26.600454 26.600454 5.266367
212.525421 192.758469     2903.312500 -163.292969 682.451172     -0.903629 -0.428316 0.428316 -0.903629     6.151266 6.151266 1.571615
212.525421 192.758469     631.226562 284.773438 398.832031     -0.903629 -0.428316 0.428316 -0.903629     6.151266 6.151266 6.165512
308.664215 455.782288     1187.953125 -1331.785156 5026.339844     -0.942148 -0.335198 0.335198 -0.942148     17.261644 17.261644 3.126715
214.776031 427.439697     68.181641 -65.597656 294.097656     -0.900599 -0.434650 0.434650 -0.900599     31.766463 31.766463 5.976358
124.891762 393.750580     1130.437500 -1238.933594 5783.307617     -0.385717 -0.922617 0.922617 -0.385717     31.198935 31.198935 5.400754
59.493629 365.079620     232.117188 -248.251953 432.792114     -0.995307 0.096765 -0.096765 -0.995307     17.757417 17.757417 3.921939
23.166079 351.908142     635.656250 192.515625 279.445312     -0.994673 0.103082 -0.103082 -0.994673     15.724050 15.724050 4.756637
56.592033 371.013733     134.871094 54.265625 28.109375     -0.970302 -0.241896 0.241896 -0.970302     39.493965 39.493965 0.189042
236.098526 418.630554     67.304688 -18.125000 180.164062     -0.940190 -0.340650 0.340650 -0.940190     7.717542 7.717542 6.277452
327.913727 450.665924     129.359375 51.812500 26.734375     -0.946325 -0.323217 0.323217 -0.946325     7.432059 7.432059 1.611956
126.888725 378.019562     1223.250000 -848.664062 6081.611328     -0.933800 -0.357795 0.357795 -0.933800     8.343911 8.343911 4.696575
126.311401 432.657898     5208.193359 1053.691406 990.718750     -0.255991 -0.966679 0.966679 -0.255991     18.121173 18.121173 4.728379
126.311401 432.657898     67.273438 -15.203125 188.375000     -0.255991 -0.966679 0.966679 -0.255991     18.121173 18.121173 5.159792
172.344986 393.923737     134.757812 51.607422 26.570312     -0.937099 -0.349064 0.349064 -0.937099     10.748127 10.748127 4.711112
383.890503 117.841850     130.597656 53.531250 28.078125     -0.167508 -0.985871 0.985871 -0.167508     23.570654 23.570654 4.043373
282.724701 188.516663     2188.698242 451.676758 970.472412     -0.989918 -0.141639 0.141639 -0.989918     43.417070 43.417070 3.815371
407.981750 88.070992     412.132812 113.023438 242.812500     -0.253021 -0.967461 0.967461 -0.253021     18.121721 18.121721 1.264338
382.084412 117.143875     92.812500 -75.133301 213.513611     0.403163 -0.915128 0.915128 0.403163     37.930528 37.930528 3.266492
384.212708 196.734924     45.750000 137.109375 443.437500     0.566635 -0.823969 0.823969 0.566635     13.702712 13.702712 1.589238
384.212708 196.734924     1352.218750 -519.179688 6044.634766     0.566635 -0.823969 0.823969 0.566635     13.702712 13.702712 2.936975
282.245911 183.651443     214.062500 107.070312 56.851562     -0.999780 -0.020967 0.020967 -0.999780     55.904312 55.904312 3.936002
71.286850 207.278885     25.382812 -39.515137 85.267380     -0.943427 0.331579 -0.331579 -0.943427     13.890191 13.890191 4.808672
454.355225 22.428572     106.000000 47.437500 30.664062     -0.859541 -0.511066 0.511066 -0.859541     9.719024 9.719024 1.578103
70.893616 207.237595     34.226562 -50.841309 100.368042     -0.958699 0.284423 -0.284423 -0.958699     15.334448 15.334448 4.781255
263.135376 170.642838     2879.890625 -58.707031 844.695312     -0.982733 -0.185031 0.185031 -0.982733     74.477752 74.477752 3.850663
395.909576 99.987968     139.422119 40.970947 18.632812     0.362831 -0.931855 0.931855 0.362831     50.225611 50.225611 0.474708
395.909576 99.987968     4607.984375 1483.226562 2475.296875     0.362831 -0.931855 0.931855 0.362831     50.225611 50.225611 3.528076
458.375000 327.052338     58.062500 152.890625 487.468750     0.665449 -0.746443 0.746443 0.665449     18.104955 18.104955 3.042642
219.435120 445.893127     154.515625 70.656250 43.703125     -0.245990 -0.969272 0.969272 -0.245990     20.975806 20.975806 4.729394
219.435120 445.893127     189.890625 78.625000 46.984375     -0.245990 -0.969272 0.969272 -0.245990     20.975806 20.975806 5.191281
526.844666 265.800049     1953.875000 63.921875 7579.758789     0.269351 -0.963042 0.963042 0.269351     57.266579 57.266579 0.901415
526.844666 265.800049     343.093750 175.593750 108.906250     0.269351 -0.963042 0.963042 0.269351     57.266579 57.266579 5.111653
362.355621 199.813385     353.312500 213.046875 357.187500     0.460989 -0.887406 0.887406 0.460989     13.742561 13.742561 1.578866
406.321472 195.500366     344.062500 171.890625 107.933594     0.545926 -0.837834 0.837834 0.545926     74.806654 74.806654 3.142006
406.321472 195.500366     468.578125 343.093750 473.515625     0.545926 -0.837834 0.837834 0.545926     74.806654 74.806654 6.295955
263.646576 168.074921     4428.765625 3594.921875 13680.814453     -0.986719 -0.162439 0.162439 -0.986719     80.167335 80.167335 3.861345
70.928368 206.607452     4725.925781 1608.695312 2548.218750     -0.950079 0.312010 -0.312010 -0.950079     18.776330 18.776330 4.796466
404.676849 83.996696     8920.890625 3557.707031 10110.191406     0.467543 -0.883970 0.883970 0.467543     56.150610 56.150610 4.567775
266.933929 164.714584     11.929688 -16.093750 63.375000     -0.996577 -0.082675 0.082675 -0.996577     93.850060 93.850060 3.930013
196.795639 199.353180     12.453125 -17.617188 70.250000     -0.990190 -0.139726 0.139726 -0.990190     33.841162 33.841162 0.524465
70.917992 205.175400     16984.281250 -337.390625 11116.820312     -0.822329 0.569012 -0.569012 -0.822329     24.972513 24.972513 1.304957
199.812500 188.661179     13.609375 -17.500000 85.984375     -0.957368 -0.288872 0.288872 -0.957368     28.427174 28.427174 4.698029
335.914490 196.881042     276.625000 124.984375 78.945312     -0.990470 -0.137725 0.137725 -0.990470     19.341196 19.341196 1.851179
335.914490 196.881042     20941.312500 4164.792969 12574.871094     -0.990470 -0.137725 0.137725 -0.990470     19.341196 19.341196 5.063589
407.156982 130.286118     11450.537109 2144.941406 1543.453125     0.199324 -0.979934 0.979934 0.199324     101.624984 101.624984 4.656846
70.913757 205.104721     263.312500 120.046875 83.492188     -0.788160 0.615471 -0.615471 -0.788160     27.605695 27.605695 1.220684
512.514648 281.784241     71.562500 9.960938 109.703125     0.475521 -0.879704 0.879704 0.475521     83.973876 83.973876 4.939704
335.338348 198.253128     70.515625 8.601562 110.328125     -0.988440 0.151610 -0.151610 -0.988440     23.269984 23.269984 5.297589
206.675827 206.610809     274.531250 119.015625 84.367188     -0.874880 -0.484340 0.484340 -0.874880     35.965624 35.965624 1.422348
206.675827 206.610809     776.439453 302.621094 118.367188     -0.874880 -0.484340 0.484340 -0.874880     35.965624 35.965624 4.704790
204.856583 227.560074     334.203125 164.890625 116.242188     -0.906387 -0.422448 0.422448 -0.906387     12.400739 12.400739 1.565745
208.082428 195.496750     22038.664062 4864.453125 12705.738281     -0.920108 -0.391664 0.391664 -0.920108     38.255684 38.255684 1.546960
208.082428 195.496750     19.109375 -14.488770 27.284523     -0.920108 -0.391664 0.391664 -0.920108     38.255684 38.255684 4.671923
208.118576 207.231873     145.437500 85.968750 55.882812     -0.888711 -0.458467 0.458467 -0.888711     36.555178 36.555178 1.467036
70.175697 206.497543     148.234375 85.953125 55.750000     0.421777 -0.906700 0.906700 0.421777     30.925321 30.925321 4.739307
337.627533 192.448242     147.750000 85.523438 56.226562     0.324381 -0.945926 0.945926 0.324381     30.795927 30.795927 1.604770
408.736908 132.170700     25307.171875 6120.183594 12460.093750     0.203407 -0.979094 0.979094 0.203407     103.717685 103.717685 4.658629
207.177750 231.275894     71.203125 110.414062 1196.062500     -0.890436 -0.455109 0.455109 -0.890436     20.137137 20.137137 1.558150
208.672089 204.928009     53.250000 15.316406 19.383656     -0.897723 -0.440560 0.440560 -0.897723     42.638645 42.638645 1.485598
510.330200 285.665833     48.593750 -15.750000 28.468750     0.468943 -0.883228 0.883228 0.468943     85.033324 85.033324 4.856248
79.248886 291.115570     65.343750 -27.437500 58.984375     -0.963267 -0.268545 0.268545 -0.963267     27.584072 27.584072 4.826024
270.832489 153.026337     277.875000 -136.750000 230.281250     -0.997336 0.072939 -0.072939 -0.997336     116.523846 116.523846 4.017666
209.025192 215.411362     24.375000 14.156250 31.609375     -0.829998 -0.557766 0.557766 -0.829998     64.815917 64.815917 1.364000
401.380737 138.976440     94.796875 24.203125 109.031250     0.298690 -0.954350 0.954350 0.298690     124.961839 124.961839 4.638354
66.350815 218.730865     237.062500 16.867188 31.082031     0.260040 -0.965598 0.965598 0.260040     31.983542 31.983542 1.583085
209.275986 216.914230     91.609375 25.687500 107.500000     -0.825346 -0.564627 0.564627 -0.825346     68.066662 68.066662 1.359047
44.621952 192.837402     90.968750 26.484375 106.218750     -0.873427 0.486955 -0.486955 -0.873427     15.823046 15.823046 1.149773
98.604652 276.308136     26356.648438 1238.656250 10256.250000     -0.837344 -0.546676 0.546676 -0.837344     29.873148 29.873148 4.582036
131.686646 287.397827     93.328125 28.578125 104.046875     -0.985024 -0.172415 0.172415 -0.985024     26.476174 26.476174 1.446251
131.686646 287.397827     24.760593 -16.591305 73.077812     -0.985024 -0.172415 0.172415 -0.985024     26.476174 26.476174 4.639255
64.982956 220.058868     69.303558 -46.952797 133.928711     0.319408 -0.947617 0.947617 0.319408     36.261664 36.261664 1.573197
88.695007 293.075775     27331.523438 -1604.546875 419.968750     -0.817398 -0.576073 0.576073 -0.817398     44.866916 44.866916 2.683186
88.695007 293.075775     28846.937500 -1489.812500 408.968750     -0.817398 -0.576073 0.576073 -0.817398     44.866916 44.866916 4.608878
508.947510 288.552216     89.203125 31.093750 122.343750     0.473475 -0.880807 0.880807 0.473475     87.041166 87.041166 1.584593
508.947510 288.552216     429.281250 568.890625 941.578125     0.473475 -0.880807 0.880807 0.473475     87.041166 87.041166 4.830763
113.364868 262.292786     31568.437500 -1608.953125 420.828125     -0.928328 -0.371763 0.371763 -0.928328     10.074201 10.074201 4.707331
173.546448 303.546448     97.468750 22.096191 16.970858     -0.975729 -0.218981 0.218981 -0.975729     23.452410 23.452410 1.410413
173.546448 303.546448     412.843750 152.484375 67.593750     -0.975729 -0.218981 0.218981 -0.975729     23.452410 23.452410 3.159260
358.170685 39.905907     198.203125 -5.539062 7830.914062     0.559140 -0.829074 0.829074 0.559140     36.194205 36.194205 4.559742
102.789268 233.835251     158.421875 36.328125 18.187500     -0.868901 -0.494987 0.494987 -0.868901     41.058079 41.058079 1.589445
102.789268 233.835251     7.684082 23.879883 122.125000     -0.868901 -0.494987 0.494987 -0.868901     41.058079 41.058079 2.831686
108.000000 291.773590     165.421875 35.546875 18.937500     -0.916270 -0.400562 0.400562 -0.916270     62.884836 62.884836 3.059094
153.858337 278.879181     11.598633 43.922852 221.716797     -0.922299 -0.386477 0.386477 -0.922299     10.428068 10.428068 4.780163
268.449829 148.284943     187.015625 37.671875 19.281250     -0.998239 0.059317 -0.059317 -0.998239     121.887410 121.887410 3.996824
261.922852 349.517151     62.156250 31.937500 77.703125     0.154769 -0.987951 0.987951 0.154769     36.130624 36.130624 1.685211
195.000000 295.593292     13.064453 50.075195 259.380859     -0.922949 -0.384922 0.384922 -0.922949     10.187935 10.187935 4.741044
134.448196 298.742828     16.343750 -13.734375 41.242188     -0.925719 -0.378211 0.378211 -0.925719     68.310387 68.310387 3.079845
230.581680 354.629486     1.750000 6.937500 198.467285     -0.905205 -0.424975 0.424975 -0.905205     24.009787 24.009787 2.984327
170.265869 231.900009     13.156250 -0.656250 34.765625     -0.973279 -0.229628 0.229628 -0.973279     122.588365 122.588365 1.548117
170.265869 231.900009     13.804199 51.531250 267.056641     -0.973279 -0.229628 0.229628 -0.973279     122.588365 122.588365 4.692472
261.907043 350.055267     207.539062 -28.628906 7631.718750     0.122688 -0.992445 0.992445 0.122688     36.389951 36.389951 1.695077
113.809158 262.469452     190.328125 37.812500 20.531250     -0.928316 -0.371793 0.371793 -0.928316     10.931734 10.931734 4.712595
15.591837 178.873474     1.906250 6.705078 229.871338     -0.954991 -0.296634 0.296634 -0.954991     10.739794 10.739794 0.390081
15.591837 178.873474     14.399902 52.309570 274.539062     -0.954991 -0.296634 0.296634 -0.954991     10.739794 10.739794 4.684969
194.769547 295.411530     1609.750000 982.796875 4304.962891     -0.919678 -0.392672 0.392672 -0.919678     10.283309 10.283309 4.746985
252.028717 348.771545     2.140625 5.039062 248.749268     -0.894291 -0.447486 0.447486 -0.894291     61.414332 61.414332 2.951599
267.566711 145.449997     215.859375 42.296875 22.546875     -0.998077 0.061992 -0.061992 -0.998077     125.327082 125.327082 3.996106
539.015564 442.005188     22.031250 22.781250 89.718750     -0.297271 -0.954793 0.954793 -0.297271     7.873741 7.873741 1.584363
539.015564 442.005188     2.718750 6.640625 250.622559     -0.297271 -0.954793 0.954793 -0.297271     7.873741 7.873741 4.717449
482.846161 231.888107     18.890625 -15.507812 43.226562     -0.892130 -0.451779 0.451779 -0.892130     7.298550 7.298550 1.580984
482.846161 231.888107     96.062500 -3.625000 76.296875     -0.892130 -0.451779 0.451779 -0.892130     7.298550 7.298550 4.693597
280.892700 15.283262     19.650879 59.866211 311.433594     0.445005 -0.895528 0.895528 0.445005     10.787817 10.787817 1.575952
280.892700 15.283262     35.953125 10.125000 106.359375     0.445005 -0.895528 0.895528 0.445005     10.787817 10.787817 4.609156
585.079834 298.343750     141.140625 -38.656250 159.328125     -0.900514 -0.434826 0.434826 -0.900514     12.534074 12.534074 1.641940
480.834259 230.925415     3.828125 8.986328 245.182617     -0.890294 -0.455387 0.455387 -0.890294     7.978645 7.978645 1.584807
480.834259 230.925415     5.281250 10.126953 230.979980     -0.890294 -0.455387 0.455387 -0.890294     7.978645 7.978645 4.677507
538.049438 439.379761     1633.515625 961.380859 5063.154297     -0.304877 -0.952392 0.952392 -0.304877     11.178701 11.178701 1.569164
538.049438 439.379761     24.972656 72.291016 521.404297     -0.304877 -0.952392 0.952392 -0.304877     11.178701 11.178701 3.206569
506.332367 292.930023     6.828125 12.568359 241.967041     0.486142 -0.873880 0.873880 0.486142     89.150102 89.150102 1.600476
506.332367 292.930023     15.718750 -28.984375 197.265625     0.486142 -0.873880 0.873880 0.486142     89.150102 89.150102 4.762902
346.271606 292.283936     61.437500 -121.015625 309.609375     0.040952 -0.999161 0.999161 0.040952     7.331001 7.331001 1.585243
481.703339 232.791748     218.203125 7.843750 7559.005859     -0.862829 -0.505496 0.505496 -0.862829     13.581845 13.581845 1.577329
481.703339 232.791748     300.062500 -35.062500 78.093750     -0.862829 -0.505496 0.505496 -0.862829     13.581845 13.581845 4.664241
279.717712 16.933933     131.937500 -5.218750 81.500000     0.476831 -0.878995 0.878995 0.476831     11.601416 11.601416 1.572375
491.209808 383.428558     9.875000 14.826172 235.974121     -0.068817 -0.997629 0.997629 -0.068817     14.534791 14.534791 1.140721
491.209808 383.428558     368.390625 60.046875 34.000000     -0.068817 -0.997629 0.997629 -0.068817     14.534791 14.534791 4.113618
264.928253 141.551773     35.692383 77.899414 507.144531     -0.999585 0.028810 -0.028810 -0.999585     130.655333 130.655333 3.943339
16.107527 179.071686     39.578125 5.968750 109.859375     -0.955915 -0.293644 0.293644 -0.955915     11.065890 11.065890 0.390409
16.107527 179.071686     159.796875 -67.062500 188.265625     -0.955915 -0.293644 0.293644 -0.955915     11.065890 11.065890 4.694815
537.494934 437.419891     47.890625 1.937500 39.742188     -0.304488 -0.952516 0.952516 -0.304488     13.640538 13.640538 1.564515
537.494934 437.419891     12.515625 16.347656 235.002930     -0.304488 -0.952516 0.952516 -0.304488     13.640538 13.640538 3.187360
398.588837 363.878052     270.132812 -191.760742 150.561523     -0.899185 -0.437568 0.437568 -0.899185     13.737796 13.737796 1.605111
504.355103 423.399994     64.085938 -124.906250 314.812500     -0.914480 -0.404630 0.404630 -0.914480     15.714691 15.714691 1.606507
491.843262 387.680237     16.359375 16.937500 236.572021     -0.155016 -0.987912 0.987912 -0.155016     16.057385 16.057385 1.223024
491.843262 387.680237     2122.097656 790.667969 14809.062500     -0.155016 -0.987912 0.987912 -0.155016     16.057385 16.057385 5.368683
476.681671 232.065094     20.187500 -32.687500 187.734375     -0.881704 -0.471804 0.471804 -0.881704     17.396584 17.396584 1.588696
591.365601 302.125641     76.289062 94.230469 465.457031     -0.898335 -0.439311 0.439311 -0.898335     17.716619 17.716619 1.643121
492.101746 396.350891     45.406250 -1.984375 110.921875     -0.130001 -0.991514 0.991514 -0.130001     25.505537 25.505537 1.818477
475.452606 232.078491     68.679688 -133.445312 330.328125     -0.884921 -0.465742 0.465742 -0.884921     18.806571 18.806571 1.587839
509.809998 416.314606     263.343750 -184.259766 144.848145     -0.704558 -0.709646 0.709646 -0.704558     50.900598 50.900598 0.892639
509.809998 416.314606     361.750000 52.203125 36.687500     -0.704558 -0.709646 0.709646 -0.704558     50.900598 50.900598 1.548251
318.677887 375.673065     131.062500 -247.500000 573.328125     0.275912 -0.961183 0.961183 0.275912     12.166573 12.166573 2.573136
318.677887 375.673065     44.765625 0.531250 47.679688     0.275912 -0.961183 0.961183 0.275912     12.166573 12.166573 4.695625
318.434052 376.561707     6.343750 -1.500000 262.421875     0.270327 -0.962768 0.962768 0.270327     12.329136 12.329136 2.566026
318.434052 376.561707     445.437500 44.531250 276.843750     0.270327 -0.962768 0.962768 0.270327     12.329136 12.329136 4.714775
318.585541 377.019012     23.562500 -35.562500 180.078125     0.243173 -0.969983 0.969983 0.243173     13.032080 13.032080 1.777560
318.585541 377.019012     137.117188 -266.921875 632.109375     0.243173 -0.969983 0.969983 0.243173     13.032080 13.032080 2.668533
334.612244 385.227417     43.000000 6.185547 231.728271     0.227531 -0.973771 0.973771 0.227531     16.402597 16.402597 1.590441
318.685699 378.193665     3045.824219 576.109375 14657.640625     0.223319 -0.974745 0.974745 0.223319     13.942773 13.942773 1.776494
318.685699 378.193665     82.562500 -101.328125 328.312500     0.223319 -0.974745 0.974745 0.223319     13.942773 13.942773 4.753324
591.422119 302.645294     1555.640625 57.218750 285.453125     -0.900082 -0.435722 0.435722 -0.900082     19.324592 19.324592 1.650055
591.620056 303.626984     85.000000 -142.234375 683.765625     -0.894278 -0.447512 0.447512 -0.894278     21.776800 21.776800 1.657916
327.048004 382.422821     88.817261 21.074219 18.703125     -0.238358 -0.971177 0.971177 -0.238358     37.411694 37.411694 0.711104
327.048004 382.422821     961.531250 -326.404297 230.611328     -0.238358 -0.971177 0.971177 -0.238358     37.411694 37.411694 3.586064
475.012817 232.284149     160.132812 -294.734375 653.343750     -0.886080 -0.463532 0.463532 -0.886080     20.094958 20.094958 1.588314
327.125427 382.957428     1172.390625 -21.218750 648.000000     -0.202525 -0.979277 0.979277 -0.202525     37.308427 37.308427 0.676484
327.125427 382.957428     222.250000 -424.953125 1227.390625     -0.202525 -0.979277 0.979277 -0.202525     37.308427 37.308427 3.530698
591.442871 304.145813     87.895874 20.775391 18.796875     -0.901158 -0.433490 0.433490 -0.901158     23.433000 23.433000 1.664656
153.247574 340.601929     85.656250 -0.078125 94.148438     -0.931674 -0.363295 0.363295 -0.931674     2.714336 2.714336 2.315692
153.247574 340.601929     72.757812 -114.976562 187.343750     -0.931674 -0.363295 0.363295 -0.931674     2.714336 2.714336 4.553683
475.013458 233.582733     133.736206 16.967773 16.578125     -0.880733 -0.473614 0.473614 -0.880733     23.629202 23.629202 1.588298
444.569611 259.839661     75.476562 -119.484375 196.140625     -0.854971 -0.518676 0.518676 -0.854971     8.689854 8.689854 1.576254
443.783508 259.783508     2103.000000 -412.917969 267.992676     -0.858423 -0.512943 0.512943 -0.858423     9.428038 9.428038 1.576584
327.004150 383.135284     80.484375 -79.609375 270.296875     -0.238500 -0.971142 0.971142 -0.238500     37.308830 37.308830 0.720236
327.004150 383.135284     152.637695 23.810547 19.109375     -0.238500 -0.971142 0.971142 -0.238500     37.308830 37.308830 3.581031
443.928802 260.145508     106.156250 -25.890625 114.812500     -0.857842 -0.513914 0.513914 -0.857842     10.053657 10.053657 1.577206
326.173462 369.669067     1116.171875 -94.625000 630.703125     -0.096774 -0.995306 0.995306 -0.096774     34.992397 34.992397 4.818276
399.614807 440.851837     32.968750 -49.765625 154.515625     -0.613366 -0.789799 0.789799 -0.613366     16.461092 16.461092 5.424803
