1.0
550
346.869415 225.749146     56.796875 -11.554688 26.984375     -0.946138 0.323763 -0.323763 -0.946138     21.595512 21.595512 4.939447
284.805725 162.457001     209.515625 26.378906 25.451172     -0.990276 -0.139119 0.139119 -0.990276     20.984351 20.984351 1.500212
284.805725 162.457001     1717.382812 -14.386719 847.621094     -0.990276 -0.139119 0.139119 -0.990276     20.984351 20.984351 4.684871
300.348541 192.516739     71.398438 -14.534668 9.057255     -0.999863 0.016534 -0.016534 -0.999863     130.994311 130.994311 4.720000
297.922333 193.376633     21.347656 1.796875 31.550781     -0.999488 0.031992 -0.031992 -0.999488     128.086815 128.086815 4.730011
253.945862 182.057327     79.078125 -12.150879 10.478127     -0.168518 -0.985699 0.985699 -0.168518     20.641445 20.641445 1.745439
253.945862 182.057327     208.707031 -8.669189 13.839951     -0.168518 -0.985699 0.985699 -0.168518     20.641445 20.641445 4.828692
298.327698 194.317154     21.437500 -3.468750 18.695312     -0.999922 0.012450 -0.012450 -0.999922     128.123371 128.123371 4.722444
318.222626 330.791534     32.617188 -2.539062 25.289062     -0.769715 0.638387 -0.638387 -0.769715     26.881440 26.881440 1.903654
292.294403 298.439240     46.429688 1.203125 7.615234     -0.826921 0.562319 -0.562319 -0.826921     18.188302 18.188302 1.597071
292.294403 298.439240     30.218750 1.324219 26.835938     -0.826921 0.562319 -0.562319 -0.826921     18.188302 18.188302 3.640778
289.179657 191.396606     42.375000 -4.031250 29.195312     -0.999987 -0.005012 0.005012 -0.999987     21.830853 21.830853 0.746174
289.179657 191.396606     430.078125 -319.625000 353.031250     -0.999987 -0.005012 0.005012 -0.999987     21.830853 21.830853 6.306796
319.518066 331.039154     1743.515625 27.644531 1011.554688     -0.800479 0.599360 -0.599360 -0.800479     31.009502 31.009502 1.876231
319.518066 331.039154     48.375000 -6.687500 35.140625     -0.800479 0.599360 -0.599360 -0.800479     31.009502 31.009502 4.932600
292.470398 299.095398     49.906250 2.285156 8.782227     -0.954447 0.298379 -0.298379 -0.954447     22.271728 22.271728 1.103995
292.470398 299.095398     184.484375 -0.789062 2.156250     -0.954447 0.298379 -0.298379 -0.954447     22.271728 22.271728 3.189528
280.976074 119.253586     414.250000 -362.265625 712.796875     -0.999521 -0.030952 0.030952 -0.999521     12.387657 12.387657 5.451092
289.158813 191.144119     1684.382812 40.207031 1200.144531     -0.945354 -0.326045 0.326045 -0.945354     23.112320 23.112320 0.264102
289.158813 191.144119     59.710938 -8.414062 50.093750     -0.945354 -0.326045 0.326045 -0.945354     23.112320 23.112320 2.557374
291.904755 299.103638     61.515625 5.292969 10.388672     -0.962560 0.271068 -0.271068 -0.962560     23.837289 23.837289 1.188083
291.904755 299.103638     24.882812 0.636719 31.960938     -0.962560 0.271068 -0.271068 -0.962560     23.837289 23.837289 4.686258
317.879608 334.154785     448.835938 -89.312500 1212.796875     -0.748218 0.663453 -0.663453 -0.748218     37.546427 37.546427 1.950056
317.879608 334.154785     37.109375 0.753906 31.195312     -0.748218 0.663453 -0.663453 -0.748218     37.546427 37.546427 4.977630
298.687012 198.298462     70.000000 -7.109375 54.710938     -0.999290 -0.037687 0.037687 -0.999290     143.048488 143.048488 4.673263
291.688110 299.002380     460.789062 -55.132812 1251.750000     -0.922865 0.385123 -0.385123 -0.922865     25.594616 25.594616 1.347176
291.688110 299.002380     226.929688 2.363281 2.484375     -0.922865 0.385123 -0.385123 -0.922865     25.594616 25.594616 4.719871
280.619049 119.021645     1668.937500 -86.228516 22.786919     -0.998469 -0.055312 0.055312 -0.998469     13.239208 13.239208 5.424434
334.550232 108.985649     253.781250 68.107422 28.626953     -0.999991 0.004328 -0.004328 -0.999991     6.602644 6.602644 4.705335
317.255127 341.905029     1649.640625 78.656250 1352.347656     0.556336 -0.830957 0.830957 0.556336     58.966916 58.966916 2.159535
298.864197 204.798584     251.164062 65.708984 30.631836     -0.996617 -0.082188 0.082188 -0.996617     155.678460 155.678460 4.621715
291.643372 299.749115     76.523438 1.843750 88.078125     -0.864923 0.501905 -0.501905 -0.864923     30.257660 30.257660 1.407093
291.643372 299.749115     479.898438 -36.304688 1264.437500     -0.864923 0.501905 -0.501905 -0.864923     30.257660 30.257660 4.855223
279.849823 118.531136     234.617188 -1.847656 4.272461     -0.994794 -0.101906 0.101906 -0.994794     14.120583 14.120583 5.382279
253.947983 182.046249     272.601562 33.152344 37.372070     -0.088886 -0.996042 0.996042 -0.088886     22.421560 22.421560 6.336411
320.839172 353.839172     1346.875000 57.093750 2059.285156     0.114592 -0.993413 0.993413 0.114592     94.235372 94.235372 2.958421
288.875000 191.183670     241.218750 -8.359375 6.822266     -0.992220 -0.124494 0.124494 -0.992220     25.095609 25.095609 0.478706
288.875000 191.183670     273.445312 30.994141 39.215820     -0.992220 -0.124494 0.124494 -0.992220     25.095609 25.095609 3.012942
292.206146 299.735382     25.117188 0.822266 13.290344     -0.930665 0.365873 -0.365873 -0.930665     32.423748 32.423748 1.311808
292.206146 299.735382     499.390625 -58.460938 1254.976562     -0.930665 0.365873 -0.365873 -0.930665     32.423748 32.423748 4.721588
321.358582 355.141418     397.859375 51.923828 41.486328     0.069202 -0.997603 0.997603 0.069202     96.195287 96.195287 3.025783
331.922791 108.953667     251.500000 -14.031250 9.699219     -0.999945 -0.010528 0.010528 -0.999945     7.057248 7.057248 4.704002
271.263672 115.562943     502.640625 -61.398438 1261.429688     -0.963225 -0.268695 0.268695 -0.963225     13.963156 13.963156 1.547456
271.263672 115.562943     450.171875 -19.892578 45.468506     -0.963225 -0.268695 0.268695 -0.963225     13.963156 13.963156 4.982036
299.333069 207.259430     26.871094 -0.896484 16.919922     -0.970537 -0.240953 0.240953 -0.970537     164.285126 164.285126 4.472460
270.518829 115.665276     1312.984375 41.085938 2196.480469     -0.964116 -0.265483 0.265483 -0.964116     15.934043 15.934043 1.528344
270.518829 115.665276     503.750000 -59.390625 1207.601562     -0.964116 -0.265483 0.265483 -0.964116     15.934043 15.934043 5.018891
292.717438 299.686523     1731.914062 -108.500244 33.249924     -0.153845 -0.988095 0.988095 -0.153845     39.291048 39.291048 2.883326
292.717438 299.686523     1298.320312 17.765625 46.565430     -0.153845 -0.988095 0.988095 -0.153845     39.291048 39.291048 5.672283
321.913910 356.344299     454.601562 21.923828 64.261963     0.046127 -0.998936 0.998936 0.046127     98.407295 98.407295 1.570657
321.913910 356.344299     487.625000 -62.804688 1163.375000     0.046127 -0.998936 0.998936 0.046127     98.407295 98.407295 3.073802
330.637970 109.456970     1830.671875 -65.402588 43.825394     -0.999968 0.008020 -0.008020 -0.999968     9.285324 9.285324 4.708362
273.113678 114.038849     61.332031 -4.601562 19.891724     -0.990579 -0.136940 0.136940 -0.990579     25.767756 25.767756 1.223452
273.113678 114.038849     1300.671875 539.992188 5680.558594     -0.990579 -0.136940 0.136940 -0.990579     25.767756 25.767756 2.690185
299.192688 222.500046     1819.257812 -146.816895 87.048538     -0.079382 -0.996844 0.996844 -0.079382     164.870102 164.870102 3.262768
329.065826 110.073418     441.351562 -0.320312 78.961670     -0.999366 0.035596 -0.035596 -0.999366     11.494413 11.494413 4.709062
272.960693 113.862411     413.445312 3.892578 76.774414     -0.991645 -0.128998 0.128998 -0.991645     26.692230 26.692230 1.225415
272.960693 113.862411     37.929688 -7.226562 16.890625     -0.991645 -0.128998 0.128998 -0.991645     26.692230 26.692230 2.711822
252.544113 29.093138     1327.906250 515.343750 6069.648438     -0.997615 -0.069027 0.069027 -0.997615     16.370014 16.370014 6.107010
322.652344 355.744751     1822.554688 -106.504883 102.442352     0.076687 -0.997055 0.997055 0.076687     100.107976 100.107976 3.032166
269.895477 113.409241     101.222656 -12.117188 7.065430     -0.989967 -0.141300 0.141300 -0.989967     26.268251 26.268251 1.509989
328.873627 110.574280     42.093750 -3.726562 27.429688     -0.998332 0.057738 -0.057738 -0.998332     13.415537 13.415537 4.708565
288.227051 112.491089     197.246094 -18.705078 11.343750     -0.999994 -0.003599 0.003599 -0.999994     26.087841 26.087841 1.498187
288.227051 112.491089     45.476562 -1.835938 33.835938     -0.999994 -0.003599 0.003599 -0.999994     26.087841 26.087841 4.711889
323.113556 355.952606     1369.664062 701.132812 6622.800781     0.080135 -0.996784 0.996784 0.080135     100.391823 100.391823 3.027979
298.442383 53.041473     1796.437500 -86.437012 106.770538     -0.998800 0.048976 -0.048976 -0.998800     30.016406 30.016406 4.709387
252.423996 29.275999     205.386719 -17.837891 19.438965     -0.996030 0.089014 -0.089014 -0.996030     18.466349 18.466349 6.345315
298.459686 226.256516     1435.843750 924.375000 7216.527344     -0.046354 -0.998925 0.998925 -0.046354     162.939640 162.939640 3.228061
323.298431 355.220245     415.031250 5.214844 78.074707     0.083495 -0.996508 0.996508 0.083495     100.499602 100.499602 3.016796
288.101929 113.672302     418.843750 13.890625 80.778320     -0.999899 -0.014188 0.014188 -0.999899     30.624257 30.624257 1.511890
288.101929 113.672302     26.132812 1.699219 37.554688     -0.999899 -0.014188 0.014188 -0.999899     30.624257 30.624257 4.721072
301.543396 54.920753     410.734375 16.060547 81.952637     -0.998436 -0.055902 0.055902 -0.998436     35.727407 35.727407 4.680810
323.315033 354.603546     1618.390625 -55.048340 239.404907     0.091763 -0.995781 0.995781 0.091763     98.778583 98.778583 3.004127
248.855270 29.718422     208.671875 6.671875 20.906250     -0.994036 0.109050 -0.109050 -0.994036     19.813757 19.813757 1.562019
248.855270 29.718422     36.031250 8.554688 12.843750     -0.994036 0.109050 -0.109050 -0.994036     19.813757 19.813757 6.425066
299.334839 226.891266     233.695312 2.187500 23.406250     -0.120584 -0.992703 0.992703 -0.120584     158.146612 158.146612 1.649677
299.334839 226.891266     37.046875 10.906250 17.750000     -0.120584 -0.992703 0.992703 -0.120584     158.146612 158.146612 3.464271
299.707977 57.056046     41.460938 15.031250 23.609375     -1.000000 0.000884 -0.000884 -1.000000     39.987099 39.987099 4.720137
300.478607 57.705883     1695.710938 677.558594 12759.714844     -0.999933 -0.011560 0.011560 -0.999933     39.417897 39.417897 4.730845
351.857147 363.000000     335.453125 -65.640625 74.390625     -0.955052 0.296439 -0.296439 -0.955052     17.222462 17.222462 4.936652
300.112579 227.517776     45.585938 22.125000 34.515625     -0.106813 -0.994279 0.994279 -0.106813     160.527297 160.527297 1.651321
300.112579 227.517776     48.320312 27.398438 44.500000     -0.106813 -0.994279 0.994279 -0.106813     160.527297 160.527297 3.443773
236.759430 93.141510     1725.757812 808.203125 14559.417969     -0.992078 0.125624 -0.125624 -0.992078     10.583193 10.583193 1.661842
351.766876 361.687103     8.207031 18.273438 436.343750     -0.972487 0.232956 -0.232956 -0.972487     23.181335 23.181335 4.930565
243.282379 91.272018     71.156250 -10.187500 393.406250     -0.995075 0.099129 -0.099129 -0.995075     13.855590 13.855590 1.648628
351.681702 360.904755     1768.031250 378.492188 15924.687500     -0.988352 0.152185 -0.152185 -0.988352     26.066322 26.066322 4.867106
300.331757 230.598251     1754.882812 160.562500 16961.164062     -0.130059 -0.991506 0.991506 -0.130059     160.851836 160.851836 1.654074
300.331757 230.598251     39.906250 -21.796875 49.515625     -0.130059 -0.991506 0.991506 -0.130059     160.851836 160.851836 3.482411
245.252808 89.067200     78.428711 7.054688 17.796875     -0.995512 0.094636 -0.094636 -0.995512     18.955230 18.955230 1.667520
301.987610 237.318405     121.812500 -8.203125 8.437500     -0.154150 -0.988047 0.988047 -0.154150     161.726464 161.726464 1.651201
301.987610 237.318405     43.125000 -13.656250 51.046875     -0.154150 -0.988047 0.988047 -0.154150     161.726464 161.726464 3.608276
299.968811 57.781776     234.187500 137.796875 219.765625     -0.999880 -0.015471 0.015471 -0.999880     39.741400 39.741400 4.717384
300.873535 235.957794     86.968750 34.734375 38.984375     -0.172004 -0.985096 0.985096 -0.172004     163.578378 163.578378 1.660886
300.873535 235.957794     94.046875 51.718750 117.953125     -0.172004 -0.985096 0.985096 -0.172004     163.578378 163.578378 3.648967
299.234528 57.473347     102.406250 31.640625 43.078125     -0.999160 -0.040985 0.040985 -0.999160     40.301648 40.301648 4.689220
253.976379 182.120728     36.718750 9.640625 29.859375     -0.144095 -0.989564 0.989564 -0.144095     22.894955 22.894955 1.704764
253.976379 182.120728     26.722656 39.343750 83.781250     -0.144095 -0.989564 0.989564 -0.144095     22.894955 22.894955 4.847192
298.684418 56.870724     63.734375 -5.890625 45.218750     -0.998815 -0.048675 0.048675 -0.998815     40.542469 40.542469 4.696921
338.092224 442.596527     202.718750 11.421875 40.656250     -0.998155 -0.060722 0.060722 -0.998155     18.821601 18.821601 4.700560
299.768402 233.429916     112.171875 -5.375000 9.468750     -0.140582 -0.990069 0.990069 -0.140582     172.718890 172.718890 1.654447
336.208130 442.748871     238.734375 96.750000 147.296875     -0.999371 -0.035466 0.035466 -0.999371     20.458663 20.458663 4.706243
284.585144 433.489075     56.870605 36.695312 115.250000     -0.949911 -0.312522 0.312522 -0.949911     14.251045 14.251045 1.192013
284.585144 433.489075     109.931152 -13.027344 86.593750     -0.949911 -0.312522 0.312522 -0.949911     14.251045 14.251045 5.718941
335.038300 442.817993     38.203125 -1.796875 24.281250     -0.999946 -0.010401 0.010401 -0.999946     21.760419 21.760419 4.708180
284.220581 432.639709     141.187500 1.531250 53.859375     -0.911756 -0.410733 0.410733 -0.911756     16.122873 16.122873 1.144444
284.220581 432.639709     179.373047 75.226562 351.718750     -0.911756 -0.410733 0.410733 -0.911756     16.122873 16.122873 5.646902
332.058075 443.103241     83.718750 33.515625 38.468750     -0.999300 0.037420 -0.037420 -0.999300     22.647785 22.647785 4.707489
284.067322 432.051270     335.625000 16.875000 13.687500     -0.869074 -0.494682 0.494682 -0.869074     17.459482 17.459482 5.525863
300.452515 198.468704     87.875000 -16.171875 30.875000     -0.060899 -0.998144 0.998144 -0.060899     183.032861 183.032861 1.586666
336.911682 439.520508     104.328125 -40.468750 24.906250     -0.972985 0.230870 -0.230870 -0.972985     34.511043 34.511043 0.616100
336.911682 439.520508     70.718750 14.968750 31.671875     -0.972985 0.230870 -0.230870 -0.972985     34.511043 34.511043 4.805897
283.314362 430.777771     44.708008 39.500000 150.968750     -0.788257 -0.615347 0.615347 -0.788257     18.686602 18.686602 5.365726
283.096619 429.823669     90.603516 7.957031 32.453125     -0.731283 -0.682074 0.682074 -0.731283     19.586745 19.586745 5.286388
338.791748 438.840210     48.681641 27.890625 126.828125     -0.977455 0.211142 -0.211142 -0.977455     35.772609 35.772609 0.608307
338.791748 438.840210     85.046875 37.328125 108.875000     -0.977455 0.211142 -0.211142 -0.977455     35.772609 35.772609 4.829973
234.824905 423.389099     121.031250 23.265625 74.843750     -0.034552 -0.999403 0.999403 -0.034552     10.774462 10.774462 4.698057
300.548218 204.687286     150.890625 -5.421875 55.484375     -0.062604 -0.998038 0.998038 -0.062604     184.173806 184.173806 1.571664
234.988373 413.436035     72.439453 0.035156 16.453125     -0.042565 -0.999094 0.999094 -0.042565     12.264884 12.264884 1.591971
241.915436 408.563995     332.796875 -2.550781 337.093750     0.031566 -0.999502 0.999502 0.031566     37.873457 37.873457 1.613480
241.915436 408.563995     114.359375 41.750000 62.687500     0.031566 -0.999502 0.999502 0.031566     37.873457 37.873457 4.764079
297.182648 216.441162     186.484375 4.093750 16.421875     -0.026707 -0.999643 0.999643 -0.026707     188.673957 188.673957 1.575739
295.217255 225.938080     204.390625 71.515625 58.171875     -0.010557 -0.999944 0.999944 -0.010557     188.419875 188.419875 1.558184
403.797302 457.608093     78.063477 -17.285156 27.234375     0.626393 -0.779507 0.779507 0.626393     21.293511 21.293511 1.052185
398.445831 419.112488     374.843750 -58.171875 84.421875     -0.999840 -0.017902 0.017902 -0.999840     15.351150 15.351150 4.699258
102.929909 452.294403     144.177734 1.824219 33.078125     -0.993473 -0.114069 0.114069 -0.993473     18.546805 18.546805 1.590613
102.929909 452.294403     348.281250 41.734375 71.578125     -0.993473 -0.114069 0.114069 -0.993473     18.546805 18.546805 4.550392
395.046722 406.686920     419.656250 65.468750 40.546875     -0.997420 0.071793 -0.071793 -0.997420     12.605661 12.605661 4.729826
443.925079 445.565552     23.675781 4.355469 52.781250     -0.885532 -0.464578 0.464578 -0.885532     20.504211 20.504211 1.438252
443.925079 445.565552     305.390625 -33.953125 39.609375     -0.885532 -0.464578 0.464578 -0.885532     20.504211 20.504211 2.048566
467.445404 373.895203     262.625000 22.640625 21.187500     -0.917593 -0.397522 0.397522 -0.917593     24.387634 24.387634 2.273969
467.445404 373.895203     26.656250 -15.062500 57.468750     -0.917593 -0.397522 0.397522 -0.917593     24.387634 24.387634 5.257765
418.230774 436.914520     87.062500 46.765625 38.632812     -0.817060 -0.576552 0.576552 -0.817060     21.607754 21.607754 3.027953
418.230774 436.914520     77.156250 -19.828125 15.156250     -0.817060 -0.576552 0.576552 -0.817060     21.607754 21.607754 5.962335
195.370728 450.219513     126.654297 -21.210938 27.421875     -0.454403 -0.890796 0.890796 -0.454403     11.607096 11.607096 1.649147
508.835510 444.195831     161.608398 -8.966797 50.500000     -0.960128 0.279561 -0.279561 -0.960128     29.680756 29.680756 1.344661
508.835510 444.195831     70.687500 -2.609375 25.593750     -0.960128 0.279561 -0.279561 -0.960128     29.680756 29.680756 3.088227
171.445892 368.121216     658.515625 195.015625 166.289062     -0.868342 -0.495966 0.495966 -0.868342     23.676660 23.676660 0.513920
171.445892 368.121216     96.953125 11.312500 51.421875     -0.868342 -0.495966 0.495966 -0.868342     23.676660 23.676660 1.111238
444.980286 402.847290     100.218750 -17.750000 17.218750     -0.998641 0.052122 -0.052122 -0.998641     13.640430 13.640430 1.236061
444.980286 402.847290     55.625000 17.953125 83.406250     -0.998641 0.052122 -0.052122 -0.998641     13.640430 13.640430 1.799978
82.990738 425.548615     257.198730 62.787109 109.546875     -0.913016 0.407924 -0.407924 -0.913016     40.443286 40.443286 3.588322
396.317780 413.727112     66.637695 61.460938 104.664062     -0.999846 -0.017526 0.017526 -0.999846     33.016796 33.016796 4.699620
444.187073 445.659851     100.593750 -39.742188 244.945312     -0.883036 -0.469305 0.469305 -0.883036     20.452139 20.452139 1.403705
444.187073 445.659851     64.937500 -18.187500 100.875000     -0.883036 -0.469305 0.469305 -0.883036     20.452139 20.452139 1.986141
486.635010 415.845703     97.846680 -28.671875 67.054688     -0.966886 0.255210 -0.255210 -0.966886     23.211637 23.211637 0.757214
486.635010 415.845703     189.437500 17.953125 38.656250     -0.966886 0.255210 -0.255210 -0.966886     23.211637 23.211637 1.191546
404.215973 390.704224     117.687500 0.531250 24.593750     -0.922061 0.387045 -0.387045 -0.922061     12.663367 12.663367 4.817748
415.614594 436.479156     35.622185 18.382324 43.375000     -0.946993 -0.321255 0.321255 -0.946993     23.206186 23.206186 1.477111
415.614594 436.479156     46.515625 6.312500 22.460938     -0.946993 -0.321255 0.321255 -0.946993     23.206186 23.206186 1.887502
40.879581 448.243469     34.734375 -1.054688 27.398438     -0.314234 -0.949346 0.949346 -0.314234     25.309649 25.309649 1.724193
173.763641 374.864929     34.437500 24.203125 58.453125     -0.305025 -0.952344 0.952344 -0.305025     28.370913 28.370913 0.495373
173.763641 374.864929     134.281250 42.062500 47.804688     -0.305025 -0.952344 0.952344 -0.305025     28.370913 28.370913 1.688614
393.670532 366.741821     63.578125 33.039062 41.953125     -0.589890 -0.807484 0.807484 -0.589890     34.205211 34.205211 3.988904
546.285400 426.371674     24.671875 -7.390625 45.625000     -0.923169 -0.384395 0.384395 -0.923169     36.323739 36.323739 2.498132
546.285400 426.371674     191.783203 94.716797 88.000000     -0.923169 -0.384395 0.384395 -0.923169     36.323739 36.323739 3.543740
395.403168 413.963501     48.906250 -48.828125 93.148438     -0.998399 0.056556 -0.056556 -0.998399     33.426623 33.426623 4.738770
128.947830 423.382599     158.062500 -25.406250 34.390625     -1.000000 -0.000628 0.000628 -1.000000     18.253091 18.253091 1.149605
128.947830 423.382599     111.000000 -32.859375 24.937500     -1.000000 -0.000628 0.000628 -1.000000     18.253091 18.253091 2.871668
430.061127 375.949768     112.781250 12.265625 138.277344     -0.873561 -0.486715 0.486715 -0.873561     28.255558 28.255558 1.499770
430.061127 375.949768     49.863220 -30.679443 69.382812     -0.873561 -0.486715 0.486715 -0.873561     28.255558 28.255558 1.951679
438.147400 402.173401     14.500000 -8.937500 97.031250     -0.999711 -0.024051 0.024051 -0.999711     18.180995 18.180995 1.074929
438.147400 402.173401     42.593750 -2.093750 16.894531     -0.999711 -0.024051 0.024051 -0.999711     18.180995 18.180995 3.466256
469.930176 375.630402     70.206543 28.868164 34.050781     -0.925974 -0.377587 0.377587 -0.925974     24.237304 24.237304 2.062715
469.930176 375.630402     86.218750 25.609375 47.886719     -0.925974 -0.377587 0.377587 -0.925974     24.237304 24.237304 5.102280
127.709160 373.820709     37.247131 15.654297 33.886719     -0.955740 0.294213 -0.294213 -0.955740     21.065261 21.065261 1.964943
127.709160 373.820709     56.937500 6.656250 23.980469     -0.955740 0.294213 -0.294213 -0.955740     21.065261 21.065261 3.155281
395.468689 377.152740     75.421875 -21.507812 23.625000     -0.420879 -0.907117 0.907117 -0.420879     47.434472 47.434472 3.768240
491.019653 440.901764     39.125000 4.265625 27.332031     -0.989290 -0.145964 0.145964 -0.989290     36.397316 36.397316 1.558898
491.019653 440.901764     18.750000 -4.716797 107.469360     -0.989290 -0.145964 0.145964 -0.989290     36.397316 36.397316 2.783819
93.406250 386.778137     22.062500 5.969238 19.551598     -0.994008 0.109305 -0.109305 -0.994008     33.292454 33.292454 1.063468
93.406250 386.778137     25.031250 6.137207 22.642807     -0.994008 0.109305 -0.109305 -0.994008     33.292454 33.292454 1.564038
398.405182 334.761047     38.687500 -5.062500 25.097328     -0.955937 -0.293571 0.293571 -0.955937     30.942125 30.942125 4.481849
145.673264 394.069305     57.375000 23.976562 32.750870     -0.144890 -0.989448 0.989448 -0.144890     21.599056 21.599056 1.544056
145.673264 394.069305     2.421875 -10.152344 689.355469     -0.144890 -0.989448 0.989448 -0.144890     21.599056 21.599056 4.918477
439.452728 404.171021     8.734375 8.992188 2463.913086     -0.992189 0.124747 -0.124747 -0.992189     26.751538 26.751538 4.713110
518.639221 369.537262     3781.811523 -474.394531 963.630615     -0.995707 -0.092565 0.092565 -0.995707     19.657708 19.657708 0.619465
518.639221 369.537262     113.939697 -84.461182 147.732422     -0.995707 -0.092565 0.092565 -0.995707     19.657708 19.657708 1.362572
502.087555 347.728119     143.162109 31.869141 26.509766     0.377466 -0.926023 0.926023 0.377466     20.382799 20.382799 0.777704
502.087555 347.728119     63.687500 53.875000 81.433594     0.377466 -0.926023 0.926023 0.377466     20.382799 20.382799 1.614056
424.547516 327.996185     6177.578125 -196.031250 1934.150391     -0.854344 -0.519707 0.519707 -0.854344     14.361095 14.361095 0.522321
424.547516 327.996185     4022.348633 -497.917969 2119.304199     -0.854344 -0.519707 0.519707 -0.854344     14.361095 14.361095 0.985726
621.661743 404.769623     32.593750 12.093750 54.527344     -0.959796 0.280697 -0.280697 -0.959796     13.765449 13.765449 1.675191
129.121658 373.347168     51.968750 26.039062 49.679688     -0.979669 0.200622 -0.200622 -0.979669     21.617886 21.617886 1.841922
129.121658 373.347168     104.312500 28.609375 72.394531     -0.979669 0.200622 -0.200622 -0.979669     21.617886 21.617886 2.823682
86.578064 342.431213     6443.953125 214.332031 2489.660645     -0.996801 0.079928 -0.079928 -0.996801     31.750045 31.750045 2.344661
86.578064 342.431213     90.593750 25.781250 43.890625     -0.996801 0.079928 -0.079928 -0.996801     31.750045 31.750045 4.140413
568.311951 379.935791     4039.435547 -690.273438 3151.931152     -0.998341 0.057577 -0.057577 -0.998341     22.698590 22.698590 1.343019
568.311951 379.935791     61.734375 26.757812 84.160156     -0.998341 0.057577 -0.057577 -0.998341     22.698590 22.698590 2.886565
447.813995 330.823883     6322.312500 303.500000 3942.462891     -0.944397 -0.328806 0.328806 -0.944397     44.636609 44.636609 4.565805
399.058838 334.895416     30.427734 -13.583984 68.707031     -0.973532 -0.228549 0.228549 -0.973532     31.424736 31.424736 4.558931
622.221802 429.391144     62.000000 19.593750 107.062500     -0.979651 0.200710 -0.200710 -0.979651     16.584287 16.584287 1.646653
574.220276 408.720276     34.500000 23.500000 171.148438     -0.440490 -0.897758 0.897758 -0.440490     30.790062 30.790062 1.948139
574.220276 408.720276     76.446045 59.744141 79.960938     -0.440490 -0.897758 0.897758 -0.440490     30.790062 30.790062 2.834695
449.028564 256.195923     117.323242 2.791016 22.070312     -0.841767 0.539841 -0.539841 -0.841767     21.128621 21.128621 0.889374
449.028564 256.195923     115.123901 32.035645 25.140625     -0.841767 0.539841 -0.539841 -0.841767     21.128621 21.128621 3.487599
80.177711 339.140900     40.109375 10.078125 18.558594     -0.938552 -0.345137 0.345137 -0.938552     41.842245 41.842245 0.263874
80.177711 339.140900     300.593750 -78.500000 49.390625     -0.938552 -0.345137 0.345137 -0.938552     41.842245 41.842245 1.671311
517.321777 334.094910     6307.406250 629.554688 6189.023438     -0.762507 0.646980 -0.646980 -0.762507     31.012462 31.012462 0.529921
517.321777 334.094910     92.187500 12.562500 35.421875     -0.762507 0.646980 -0.646980 -0.762507     31.012462 31.012462 1.069197
416.003876 243.845566     54.255859 29.828125 33.984375     -0.987154 -0.159770 0.159770 -0.987154     14.097862 14.097862 4.689003
122.052834 307.743408     4053.801758 -987.516602 6361.243164     -0.593492 -0.804840 0.804840 -0.593492     20.776273 20.776273 1.753075
122.052834 307.743408     34.859375 -17.984375 47.500000     -0.593492 -0.804840 0.804840 -0.593492     20.776273 20.776273 3.534637
576.028198 336.769958     25.451599 17.212402 63.046875     -0.974711 -0.223470 0.223470 -0.974711     19.154354 19.154354 2.771556
576.028198 336.769958     169.484375 -73.062500 139.640625     -0.974711 -0.223470 0.223470 -0.974711     19.154354 19.154354 3.274931
597.407959 394.388062     29.093750 -3.484375 31.914062     -0.988537 0.150977 -0.150977 -0.988537     21.010848 21.010848 0.533908
597.407959 394.388062     56.968750 -1.687500 26.937500     -0.988537 0.150977 -0.150977 -0.988537     21.010848 21.010848 3.144187
396.909180 278.412567     78.571045 44.164062 49.500000     0.249015 -0.968500 0.968500 0.249015     42.779701 42.779701 2.704845
99.621239 280.609222     158.359375 19.812500 24.296875     -0.858220 0.513282 -0.513282 -0.858220     31.790092 31.790092 0.874883
99.621239 280.609222     49.314453 -18.611328 105.632812     -0.858220 0.513282 -0.513282 -0.858220     31.790092 31.790092 1.559318
565.148254 332.624146     94.494141 0.363281 13.359375     -0.993176 -0.116624 0.116624 -0.993176     27.204759 27.204759 1.787365
565.148254 332.624146     30.212646 -16.880859 63.109375     -0.993176 -0.116624 0.116624 -0.993176     27.204759 27.204759 4.736020
483.564209 296.811920     110.718750 0.937500 17.406250     -0.970941 -0.239318 0.239318 -0.970941     20.574910 20.574910 2.001634
483.564209 296.811920     98.184113 -20.156738 370.500000     -0.970941 -0.239318 0.239318 -0.970941     20.574910 20.574910 3.240294
186.052628 234.942978     204.906250 50.750000 70.125000     -0.990217 0.139537 -0.139537 -0.990217     23.490610 23.490610 1.570060
186.052628 234.942978     318.968750 43.015625 157.656250     -0.990217 0.139537 -0.139537 -0.990217     23.490610 23.490610 3.845637
62.227131 283.082031     62.468750 -12.265625 57.132812     -0.882149 0.470971 -0.470971 -0.882149     32.343109 32.343109 0.293458
62.227131 283.082031     24.173210 10.438232 51.398438     -0.882149 0.470971 -0.470971 -0.882149     32.343109 32.343109 1.552222
527.586792 273.987610     74.171875 24.296875 58.953125     -0.527051 -0.849834 0.849834 -0.527051     19.834330 19.834330 1.680398
527.586792 273.987610     159.468750 23.390625 15.734375     -0.527051 -0.849834 0.849834 -0.527051     19.834330 19.834330 5.205252
494.828949 239.052628     57.734375 24.218750 30.757812     -0.926495 -0.376307 0.376307 -0.926495     24.941726 24.941726 2.302125
455.063202 205.840149     433.295288 -56.849609 338.453125     -0.809639 -0.586928 0.586928 -0.809639     19.093095 19.093095 0.784894
455.063202 205.840149     271.718750 -104.171875 322.703125     -0.809639 -0.586928 0.586928 -0.809639     19.093095 19.093095 1.556074
426.406921 204.160172     438.125000 223.875000 254.125000     0.302377 -0.953189 0.953189 0.302377     21.263332 21.263332 0.813640
426.406921 204.160172     63.531250 -5.843750 27.875000     0.302377 -0.953189 0.953189 0.302377     21.263332 21.263332 1.516657
142.412521 223.970535     3987.898438 -752.234375 9096.244141     -0.860371 -0.509668 0.509668 -0.860371     25.412674 25.412674 1.793317
142.412521 223.970535     34.671875 2.617188 48.851562     -0.860371 -0.509668 0.509668 -0.860371     25.412674 25.412674 3.061132
569.840027 246.861816     157.328125 -15.574219 57.757812     0.541910 -0.840436 0.840436 0.541910     18.782873 18.782873 1.274992
541.142883 250.431076     46.406250 -52.890625 109.265625     -0.981063 0.193687 -0.193687 -0.981063     24.389328 24.389328 2.309766
558.583618 276.482635     34.500000 -24.406250 73.640625     -0.947305 0.320332 -0.320332 -0.947305     16.732556 16.732556 2.766148
558.583618 276.482635     79.812500 -0.015625 62.187500     -0.947305 0.320332 -0.320332 -0.947305     16.732556 16.732556 5.227969
599.723083 219.465378     68.995178 8.941406 26.359375     0.106443 -0.994319 0.994319 0.106443     16.560507 16.560507 1.665346
599.723083 219.465378     53.078125 -26.324219 120.671875     0.106443 -0.994319 0.994319 0.106443     16.560507 16.560507 4.792627
398.600006 154.386673     6331.375000 1336.328125 12836.193359     -0.996741 0.080674 -0.080674 -0.996741     18.403332 18.403332 0.308775
398.600006 154.386673     42.734375 -27.265625 55.250000     -0.996741 0.080674 -0.080674 -0.996741     18.403332 18.403332 1.626049
75.853882 200.347031     64.152603 -12.593262 48.265625     -0.874855 -0.484384 0.484384 -0.874855     19.127508 19.127508 2.155588
75.853882 200.347031     52.589844 16.953125 88.828125     -0.874855 -0.484384 0.484384 -0.874855     19.127508 19.127508 2.692862
28.387255 220.274506     4065.844727 -924.808594 12321.154297     -0.743881 -0.668312 0.668312 -0.743881     20.035219 20.035219 1.642683
28.387255 220.274506     85.609375 -7.710938 138.265625     -0.743881 -0.668312 0.668312 -0.743881     20.035219 20.035219 2.096597
547.603455 180.448273     62.566406 52.179688 123.046875     -0.981635 -0.190771 0.190771 -0.981635     21.433843 21.433843 0.793772
547.603455 180.448273     93.714844 64.632812 70.828125     -0.981635 -0.190771 0.190771 -0.981635     21.433843 21.433843 1.384912
501.201935 155.705124     157.910156 42.910156 35.921875     -0.940560 0.339629 -0.339629 -0.940560     17.920338 17.920338 4.709269
181.544556 122.410889     151.750000 13.281250 66.578125     -0.015314 -0.999883 0.999883 -0.015314     20.147875 20.147875 1.243028
181.544556 122.410889     6230.578125 956.929688 15146.742188     -0.015314 -0.999883 0.999883 -0.015314     20.147875 20.147875 3.151174
399.329254 124.219513     117.437500 2.093750 13.359375     -0.738622 0.674119 -0.674119 -0.738622     29.455810 29.455810 5.396837
377.754944 125.895775     205.171875 -43.289062 54.093750     0.014774 -0.999891 0.999891 0.014774     6.782717 6.782717 2.770481
377.908356 104.444740     91.921875 -2.421875 20.203125     -0.003662 -0.999993 0.999993 -0.003662     13.274192 13.274192 4.709624
494.602875 83.971291     204.750000 -36.140625 56.890625     -0.553138 -0.833089 0.833089 -0.553138     19.049551 19.049551 0.768962
494.602875 83.971291     6234.671875 397.593750 17623.375000     -0.553138 -0.833089 0.833089 -0.553138     19.049551 19.049551 1.538373
74.023041 130.410141     4203.616211 -125.687500 17970.824219     -0.931278 0.364310 -0.364310 -0.931278     21.063005 21.063005 0.511713
74.023041 130.410141     39.492188 -3.375000 60.015625     -0.931278 0.364310 -0.364310 -0.931278     21.063005 21.063005 1.231884
177.116928 132.491928     41.476562 -3.765625 57.046875     -0.968904 -0.247439 0.247439 -0.968904     19.287646 19.287646 1.463749
464.221405 137.974167     145.457031 28.953125 12.500000     -0.405124 -0.914262 0.914262 -0.405124     23.484145 23.484145 1.557549
442.735596 151.179657     41.976562 29.015625 34.890625     -0.722465 -0.691407 0.691407 -0.722465     22.391746 22.391746 0.782633
442.735596 151.179657     131.894531 4.542969 3.066406     -0.722465 -0.691407 0.691407 -0.722465     22.391746 22.391746 1.573908
529.313904 165.874786     193.023438 29.062500 14.968750     -0.862310 -0.506381 0.506381 -0.862310     33.552624 33.552624 1.528451
529.313904 165.874786     52.812500 30.187500 38.312500     -0.862310 -0.506381 0.506381 -0.862310     33.552624 33.552624 2.489054
597.138489 200.538467     62.812500 29.578125 42.968750     -0.914144 -0.405389 0.405389 -0.914144     25.637203 25.637203 1.245856
597.138489 200.538467     164.976562 79.703125 75.171875     -0.914144 -0.405389 0.405389 -0.914144     25.637203 25.637203 1.540806
498.504486 203.235825     274.796875 9.125000 3.933594     -0.553855 -0.832613 0.832613 -0.553855     29.827579 29.827579 1.593542
498.504486 203.235825     44.328125 1.109375 21.266357     -0.553855 -0.832613 0.832613 -0.553855     29.827579 29.827579 2.353748
117.153488 231.409302     57.292969 1.074219 27.543945     0.303738 -0.952756 0.952756 0.303738     22.988426 22.988426 1.363085
157.345139 241.376099     129.722656 8.578125 170.554688     -0.902763 -0.430138 0.430138 -0.902763     20.258790 20.258790 0.292319
157.345139 241.376099     110.320312 5.652344 5.485840     -0.902763 -0.430138 0.430138 -0.902763     20.258790 20.258790 1.474721
580.750671 273.080322     307.890625 17.320312 6.316406     -0.350298 -0.936638 0.936638 -0.350298     33.273245 33.273245 1.608171
580.750671 273.080322     39.742188 -0.125000 27.445557     -0.350298 -0.936638 0.936638 -0.350298     33.273245 33.273245 4.700868
36.129631 299.966675     232.289062 -5.462891 16.566406     -0.696634 -0.717427 0.717427 -0.696634     19.320417 19.320417 1.430650
36.129631 299.966675     143.351562 13.683594 162.972656     -0.696634 -0.717427 0.717427 -0.696634     19.320417 19.320417 2.100273
459.154358 225.189133     49.476562 1.093750 20.145020     -0.608486 -0.793565 0.793565 -0.608486     34.261672 34.261672 1.019070
459.154358 225.189133     245.671875 -10.078125 19.134277     -0.608486 -0.793565 0.793565 -0.608486     34.261672 34.261672 1.607844
118.983162 260.690247     246.609375 58.626953 46.809082     -0.999572 -0.029263 0.029263 -0.999572     21.101403 21.101403 3.227092
495.764160 248.806610     194.539062 20.363281 115.679688     -0.930146 -0.367191 0.367191 -0.930146     17.182743 17.182743 5.252003
495.764160 248.806610     54.039062 -0.330078 21.024658     -0.930146 -0.367191 0.367191 -0.930146     17.182743 17.182743 6.072536
611.172424 327.676727     5.195312 4.238281 108.732422     -0.961250 0.275680 -0.275680 -0.961250     23.329520 23.329520 1.668541
90.559319 267.148315     43.511719 8.365234 11.139648     -0.812938 -0.582350 0.582350 -0.812938     15.984148 15.984148 1.979891
500.781555 325.834961     41.742188 9.617188 40.375000     0.578120 -0.815952 0.815952 0.578120     21.162946 21.162946 1.000245
500.781555 325.834961     56.023438 13.164062 12.889648     0.578120 -0.815952 0.815952 0.578120     21.162946 21.162946 1.437588
480.447357 295.162292     320.390625 9.765625 41.735840     -0.774630 0.632415 -0.632415 -0.774630     40.247157 40.247157 4.691473
580.373779 315.368927     38.984375 19.820312 33.445312     0.558950 -0.829201 0.829201 0.558950     23.272004 23.272004 0.807386
580.373779 315.368927     41.132812 -17.242188 42.406250     0.558950 -0.829201 0.829201 0.558950     23.272004 23.272004 3.850436
36.611111 396.027771     54.007812 5.725586 16.624817     -0.810132 -0.586247 0.586247 -0.810132     18.846860 18.846860 1.854045
36.611111 396.027771     199.695312 19.945312 117.753906     -0.810132 -0.586247 0.586247 -0.810132     18.846860 18.846860 2.529167
612.559631 376.584106     155.296875 30.679688 21.507812     -0.982177 -0.187960 0.187960 -0.982177     26.868917 26.868917 1.492309
411.783905 257.565338     23.671875 -4.257812 60.308594     -0.838166 -0.545415 0.545415 -0.838166     30.069908 30.069908 2.067096
499.402588 302.827911     1097.085938 27.250000 8.734375     -0.989694 -0.143200 0.143200 -0.989694     20.831731 20.831731 1.572623
499.402588 302.827911     163.585938 11.093750 163.382812     -0.989694 -0.143200 0.143200 -0.989694     20.831731 20.831731 2.968652
81.460480 316.687286     29.683594 0.921875 71.820312     0.287879 -0.957667 0.957667 0.287879     29.754429 29.754429 0.615407
81.460480 316.687286     1477.148438 30.093750 19.888672     0.287879 -0.957667 0.957667 0.287879     29.754429 29.754429 1.159607
143.881851 327.582275     57.937500 8.367188 77.019531     -0.999990 -0.004477 0.004477 -0.999990     16.446714 16.446714 1.006144
143.881851 327.582275     228.773438 12.285156 118.117188     -0.999990 -0.004477 0.004477 -0.999990     16.446714 16.446714 4.714132
54.610878 344.104614     906.226562 277.386719 290.996094     0.388669 -0.921377 0.921377 0.388669     21.624224 21.624224 4.392645
110.330162 334.342865     1316.101562 84.746094 235.226562     -0.470301 -0.882506 0.882506 -0.470301     34.192064 34.192064 1.823148
110.330162 334.342865     144.601562 -30.523438 80.742188     -0.470301 -0.882506 0.882506 -0.470301     34.192064 34.192064 2.982297
594.211975 416.050690     259.906250 30.804688 74.808594     -0.977977 -0.208714 0.208714 -0.977977     22.351600 22.351600 0.252379
594.211975 416.050690     476.820312 62.921875 72.617188     -0.977977 -0.208714 0.208714 -0.977977     22.351600 22.351600 1.756373
581.524902 391.118774     573.859375 32.953125 73.183594     -0.999950 -0.010045 0.010045 -0.999950     18.769279 18.769279 0.765927
581.524902 391.118774     1245.843750 81.988281 232.437500     -0.999950 -0.010045 0.010045 -0.999950     18.769279 18.769279 3.462883
554.563110 352.767151     190.189819 -87.288086 69.867188     -0.970144 -0.242531 0.242531 -0.970144     54.541517 54.541517 1.504805
554.563110 352.767151     196.923340 6.504883 25.421875     -0.970144 -0.242531 0.242531 -0.970144     54.541517 54.541517 3.755603
606.308105 348.476196     262.901367 -4.779297 10.781250     -0.778635 0.627477 -0.627477 -0.778635     30.931845 30.931845 0.419002
606.308105 348.476196     35.593750 -13.093750 59.328125     -0.778635 0.627477 -0.627477 -0.778635     30.931845 30.931845 1.091546
480.990906 360.236359     60.801544 12.226074 28.531250     -0.805875 -0.592086 0.592086 -0.805875     28.849853 28.849853 1.948797
480.990906 360.236359     62.156250 -0.593750 37.605469     -0.805875 -0.592086 0.592086 -0.805875     28.849853 28.849853 2.254032
545.368408 397.964905     231.890625 -119.929688 195.753906     -0.987649 -0.156680 0.156680 -0.987649     15.603840 15.603840 0.788267
545.368408 397.964905     59.859375 -20.054688 34.742188     -0.987649 -0.156680 0.156680 -0.987649     15.603840 15.603840 1.782554
460.317963 329.847931     156.649506 -57.179199 72.695312     -0.862138 -0.506674 0.506674 -0.862138     18.292704 18.292704 2.011173
460.317963 329.847931     331.812500 -118.093750 199.968750     -0.862138 -0.506674 0.506674 -0.862138     18.292704 18.292704 2.433213
213.681320 280.901093     89.417480 41.761719 110.312500     -0.175894 -0.984409 0.984409 -0.175894     26.317974 26.317974 0.182448
202.311600 311.621368     29.243164 -13.644531 53.664062     -0.988532 0.151012 -0.151012 -0.988532     33.487569 33.487569 1.623892
412.846741 359.881226     65.343750 -9.343750 59.789062     0.494545 -0.869152 0.869152 0.494545     18.174433 18.174433 1.345788
412.846741 359.881226     353.047852 -124.042969 111.625000     0.494545 -0.869152 0.869152 0.494545     18.174433 18.174433 4.714536
377.378723 403.676605     142.030273 15.304688 39.125000     0.432679 -0.901548 0.901548 0.432679     21.480954 21.480954 2.359683
442.328247 354.043243     61.388168 10.832031 38.687500     -1.000000 0.000887 -0.000887 -1.000000     35.486569 35.486569 3.444819
442.328247 354.043243     154.500000 -0.515625 100.937500     -1.000000 0.000887 -0.000887 -1.000000     35.486569 35.486569 5.912213
467.143921 391.943939     66.617676 26.285156 29.937500     -0.916505 -0.400023 0.400023 -0.916505     33.550337 33.550337 2.599161
467.143921 391.943939     103.359375 5.265625 17.437500     -0.916505 -0.400023 0.400023 -0.916505     33.550337 33.550337 5.122415
131.626801 381.114838     140.558594 -8.039062 18.312500     -0.977229 0.212188 -0.212188 -0.977229     11.788691 11.788691 1.326253
131.626801 381.114838     31.406250 -6.406250 50.218750     -0.977229 0.212188 -0.212188 -0.977229     11.788691 11.788691 1.681504
438.518616 424.079071     125.191406 6.375000 76.175781     -0.935924 -0.352202 0.352202 -0.935924     32.442973 32.442973 1.564626
438.518616 424.079071     250.898438 2.894531 99.015625     -0.935924 -0.352202 0.352202 -0.935924     32.442973 32.442973 2.723291
157.450150 393.276367     202.942871 25.191406 66.203125     0.324865 -0.945760 0.945760 0.324865     29.861779 29.861779 1.397840
157.450150 393.276367     3886.968750 -1167.506836 9163.406250     0.324865 -0.945760 0.945760 0.324865     29.861779 29.861779 4.704683
488.264465 455.103302     77.281250 -9.343750 49.375000     0.623018 -0.782207 0.782207 0.623018     20.630257 20.630257 1.010216
488.264465 455.103302     145.250000 2.000000 11.875000     0.623018 -0.782207 0.782207 0.623018     20.630257 20.630257 1.503491
186.200699 419.906586     244.244385 53.359375 109.218750     -0.367279 -0.930111 0.930111 -0.367279     30.485780 30.485780 1.215785
186.200699 419.906586     82.789062 11.742188 19.902344     -0.367279 -0.930111 0.930111 -0.367279     30.485780 30.485780 1.986272
153.603775 425.292450     1165.142822 -281.015625 402.968750     -0.874401 0.485204 -0.485204 -0.874401     20.660908 20.660908 1.426021
153.603775 425.292450     106.937500 12.906250 36.796875     -0.874401 0.485204 -0.485204 -0.874401     20.660908 20.660908 3.705355
505.684540 428.870117     116.660156 39.238281 147.859375     -0.969995 -0.243125 0.243125 -0.969995     36.655003 36.655003 1.392705
505.684540 428.870117     57.875000 2.500000 41.968750     -0.969995 -0.243125 0.243125 -0.969995     36.655003 36.655003 2.898823
205.410355 384.852112     40.765625 18.708984 79.796875     0.141974 -0.989870 0.989870 0.141974     41.366584 41.366584 6.012870
119.247124 434.310333     165.593750 -10.312500 40.593750     -0.953383 -0.301762 0.301762 -0.953383     21.269393 21.269393 1.596608
119.247124 434.310333     66.796875 -66.742188 94.937500     -0.953383 -0.301762 0.301762 -0.953383     21.269393 21.269393 4.438297
399.396423 430.578583     20.640625 12.472656 64.164062     -0.707806 -0.706407 0.706407 -0.707806     21.551871 21.551871 1.922831
399.396423 430.578583     167.593750 69.800781 185.484375     -0.707806 -0.706407 0.706407 -0.707806     21.551871 21.551871 2.806258
189.256226 453.818512     270.808594 -180.828125 238.609375     -0.708124 -0.706088 0.706088 -0.708124     16.286772 16.286772 1.828209
399.059509 430.651794     3937.473633 -1229.783203 16038.589844     -0.746934 -0.664898 0.664898 -0.746934     22.040246 22.040246 0.272741
399.059509 430.651794     239.387207 4.519531 31.000000     -0.746934 -0.664898 0.664898 -0.746934     22.040246 22.040246 1.092579
425.857910 452.614746     254.554688 -31.898438 29.921875     0.687488 -0.726195 0.726195 0.687488     27.140990 27.140990 0.912989
425.857910 452.614746     77.875000 -3.359375 27.796875     0.687488 -0.726195 0.726195 0.687488     27.140990 27.140990 4.131024
324.668030 212.453445     70.195312 -14.460938 119.437500     -0.999644 -0.026664 0.026664 -0.999644     6.046996 6.046996 1.566454
324.668030 212.453445     244.203125 -51.867188 13.210938     -0.999644 -0.026664 0.026664 -0.999644     6.046996 6.046996 4.710547
254.741623 210.846893     49.921875 15.062500 16.125000     -0.999839 -0.017918 0.017918 -0.999839     6.942382 6.942382 1.564090
254.741623 210.846893     145.593750 -18.867188 6.140625     -0.999839 -0.017918 0.017918 -0.999839     6.942382 6.942382 4.708659
324.473145 212.456375     86.914062 16.968750 21.875000     -0.999703 -0.024355 0.024355 -0.999703     7.033687 7.033687 1.566547
324.473145 212.456375     368.640625 -81.539062 20.886719     -0.999703 -0.024355 0.024355 -0.999703     7.033687 7.033687 4.709065
252.507095 359.223419     209.453125 -29.421875 10.734375     -0.978984 -0.203935 0.203935 -0.978984     11.445119 11.445119 1.496182
297.640625 398.617188     4535.875000 743.306641 18968.882812     -0.748734 -0.662871 0.662871 -0.748734     13.651001 13.651001 0.238259
255.397430 210.918808     177.414062 28.437500 27.203125     -0.999380 -0.035198 0.035198 -0.999380     7.671679 7.671679 1.560236
255.397430 210.918808     187.945312 -43.687500 13.132812     -0.999380 -0.035198 0.035198 -0.999380     7.671679 7.671679 4.707835
252.423447 359.617218     67.343750 -25.390625 34.234375     -0.987580 -0.157115 0.157115 -0.987580     14.473754 14.473754 1.501205
295.618073 398.236145     305.312500 -40.250000 17.078125     -0.785342 -0.619062 0.619062 -0.785342     17.145298 17.145298 0.425110
324.359894 212.471970     258.601562 44.093750 47.328125     -0.999448 -0.033234 0.033234 -0.999448     7.816093 7.816093 4.708835
293.940369 397.926605     68.625000 -25.312500 34.140625     -0.811797 -0.583939 0.583939 -0.811797     20.958951 20.958951 0.503721
294.758881 399.267395     4668.656250 861.507812 19054.933594     -0.863376 -0.504561 0.504561 -0.863376     24.062601 24.062601 0.769542
255.996140 210.818527     339.234375 -51.968750 23.250000     -0.999796 -0.020187 0.020187 -0.999796     8.394623 8.394623 1.561254
255.996140 210.818527     291.687500 55.375000 69.921875     -0.999796 -0.020187 0.020187 -0.999796     8.394623 8.394623 3.135936
292.422089 398.550507     199.593750 -46.000000 14.070312     -0.815660 -0.578531 0.578531 -0.815660     33.616315 33.616315 0.632872
323.882050 212.359253     402.406250 -67.257812 32.750000     -0.999434 -0.033631 0.033631 -0.999434     8.569557 8.569557 4.709940
313.833344 56.447620     326.570312 72.531250 84.156250     -0.998850 -0.047939 0.047939 -0.998850     20.725964 20.725964 3.060145
313.833344 56.447620     374.781250 -83.039062 21.742188     -0.998850 -0.047939 0.047939 -0.998850     20.725964 20.725964 6.234647
241.552536 52.867702     809.062500 281.265625 238.093750     -0.970973 -0.239190 0.239190 -0.970973     17.247906 17.247906 1.473212
240.574646 54.585915     4742.213867 1132.623047 19063.359375     -0.999350 -0.036039 0.036039 -0.999350     23.600433 23.600433 1.635294
313.957458 56.272339     907.937500 294.750000 280.437500     -0.998956 -0.045674 0.045674 -0.998956     20.512679 20.512679 3.040029
313.957458 56.272339     6594.515625 -1658.593750 20666.093750     -0.998956 -0.045674 0.045674 -0.998956     20.512679 20.512679 6.197302
249.662506 181.396591     415.203125 -101.796875 29.835938     -0.197576 -0.980288 0.980288 -0.197576     50.910444 50.910444 0.192807
249.662506 181.396591     410.273438 -81.882812 21.312500     -0.197576 -0.980288 0.980288 -0.197576     50.910444 50.910444 1.834644
285.475739 77.063110     207.562500 -19.281250 14.429688     -0.998558 -0.053683 0.053683 -0.998558     10.243768 10.243768 4.567833
322.559021 212.019272     49.960938 39.054688 144.031250     -0.998366 -0.057151 0.057151 -0.998366     10.384093 10.384093 4.702372
276.620178 55.211540     195.304688 -25.410156 184.761719     -0.999948 0.010164 -0.010164 -0.999948     23.574282 23.574282 1.659437
276.620178 55.211540     267.656250 -33.765625 122.054688     -0.999948 0.010164 -0.010164 -0.999948     23.574282 23.574282 6.314804
327.132660 187.160645     220.242188 -24.035156 174.949219     -0.965988 -0.258589 0.258589 -0.965988     46.879294 46.879294 4.504569
293.006592 78.030769     8.476562 11.429688 95.105469     -0.999680 0.025299 -0.025299 -0.999680     18.239247 18.239247 0.194353
293.006592 78.030769     429.789062 -114.718750 37.601562     -0.999680 0.025299 -0.025299 -0.999680     18.239247 18.239247 3.418883
251.052475 181.719482     8.519531 12.867188 108.558594     -0.456796 -0.889571 0.889571 -0.456796     52.541238 52.541238 0.488114
313.595520 56.239700     54.554688 5.695312 18.242188     -0.999307 -0.037212 0.037212 -0.999307     20.177014 20.177014 3.046486
313.595520 56.239700     74.546875 3.765625 37.937500     -0.999307 -0.037212 0.037212 -0.999307     20.177014 20.177014 6.202536
294.486053 77.387520     64.671875 0.789062 34.695312     -0.999016 0.044356 -0.044356 -0.999016     19.452709 19.452709 0.267571
294.486053 77.387520     62.281250 -5.714844 7.117188     -0.999016 0.044356 -0.044356 -0.999016     19.452709 19.452709 3.525665
286.226288 60.642334     49.656250 2.792969 22.065918     -0.965001 -0.262246 0.262246 -0.965001     25.005091 25.005091 1.539634
286.226288 60.642334     9.027344 14.421875 122.550781     -0.965001 -0.262246 0.262246 -0.965001     25.005091 25.005091 5.671985
296.565216 78.287437     77.906250 -8.679688 43.890625     -0.996758 0.080458 -0.080458 -0.996758     23.156899 23.156899 3.573892
296.565216 78.287437     67.226562 -6.066406 8.539062     -0.996758 0.080458 -0.080458 -0.996758     23.156899 23.156899 4.618162
326.785950 187.090683     17.386719 13.660156 123.679688     -0.971727 -0.236108 0.236108 -0.971727     47.353144 47.353144 4.517202
312.977203 56.416939     228.578125 -29.652344 178.683594     -0.999950 0.009997 -0.009997 -0.999950     20.632075 20.632075 3.193326
312.977203 56.416939     61.531250 7.730469 61.636719     -0.999950 0.009997 -0.009997 -0.999950     20.632075 20.632075 6.356080
223.555557 132.038651     52.109375 9.265625 23.492188     -0.040832 -0.999166 0.999166 -0.040832     10.084528 10.084528 1.571676
223.555557 132.038651     69.500000 -4.792969 10.378906     -0.040832 -0.999166 0.999166 -0.040832     10.084528 10.084528 6.387656
296.678345 58.546932     278.593750 -37.585938 124.625000     -0.999699 -0.024530 0.024530 -0.999699     28.651640 28.651640 1.572545
296.678345 58.546932     59.312500 15.785156 42.823242     -0.999699 -0.024530 0.024530 -0.999699     28.651640 28.651640 4.689472
254.140915 128.050003     86.242188 -2.273438 10.638672     -0.976552 -0.215279 0.215279 -0.976552     12.802099 12.802099 0.894136
254.140915 128.050003     21.546875 10.378906 116.542969     -0.976552 -0.215279 0.215279 -0.976552     12.802099 12.802099 2.595968
242.165283 278.698334     431.671875 -80.335938 21.445312     -0.564579 -0.825379 0.825379 -0.564579     22.766341 22.766341 0.668868
242.165283 278.698334     90.140625 -0.988281 12.365234     -0.564579 -0.825379 0.825379 -0.564579     22.766341 22.766341 5.435594
253.889801 127.755104     219.929688 -14.269531 13.074219     -0.971692 -0.236251 0.236251 -0.971692     13.579103 13.579103 0.876380
253.889801 127.755104     68.609375 9.080078 44.295898     -0.971692 -0.236251 0.236251 -0.971692     13.579103 13.579103 2.578515
251.987198 181.819016     63.398438 7.898438 62.230957     -0.569833 -0.821760 0.821760 -0.569833     54.032747 54.032747 0.612449
242.972412 279.641388     31.500000 -6.929688 52.343750     -0.731745 -0.681578 0.681578 -0.731745     25.222948 25.222948 0.876360
254.651077 127.949638     237.304688 -12.496094 14.646484     -0.962694 -0.270594 0.270594 -0.962694     13.641384 13.641384 0.973381
254.651077 127.949638     433.609375 -119.789062 41.515625     -0.962694 -0.270594 0.270594 -0.962694     13.641384 13.641384 2.490751
259.043274 128.521637     34.031250 -8.070312 58.187500     -0.977360 -0.211582 0.211582 -0.977360     15.107296 15.107296 1.341382
259.043274 128.521637     121.664062 29.236328 29.221191     -0.977360 -0.211582 0.211582 -0.977360     15.107296 15.107296 2.444167
296.244629 58.500565     426.585938 -87.285156 20.605957     -0.999388 -0.034981 0.034981 -0.999388     28.952182 28.952182 1.597589
296.244629 58.500565     55.453125 -11.312500 12.667969     -0.999388 -0.034981 0.034981 -0.999388     28.952182 28.952182 4.690067
321.050781 289.806335     131.851562 8.935547 36.524902     -0.754449 -0.656358 0.656358 -0.754449     18.113252 18.113252 3.884480
330.812714 377.346039     98.000000 -9.601562 12.123047     0.693937 -0.720036 0.720036 0.693937     22.280950 22.280950 1.448681
330.812714 377.346039     42.000000 -6.296875 69.054688     0.693937 -0.720036 0.720036 0.693937     22.280950 22.280950 4.682087
301.876251 25.123762     74.101562 5.425781 45.708008     -0.982673 -0.185348 0.185348 -0.982673     18.490863 18.490863 5.955499
305.067871 25.560715     73.570312 -17.488281 15.867188     -0.988976 -0.148076 0.148076 -0.988976     17.868765 17.868765 5.868650
326.588501 187.080383     165.406250 7.363281 49.499512     -0.974453 -0.224591 0.224591 -0.974453     47.868859 47.868859 4.529759
258.611450 128.568512     594.039062 -126.960938 41.640625     -0.976976 -0.213350 0.213350 -0.976976     17.316547 17.316547 1.289791
258.611450 128.568512     179.140625 -25.796875 15.323242     -0.976976 -0.213350 0.213350 -0.976976     17.316547 17.316547 2.449514
240.409866 249.639481     36.234375 -6.707031 8.541016     0.113942 -0.993487 0.993487 0.113942     21.667186 21.667186 4.705551
293.484619 211.080597     1460.968750 -322.175781 88.714844     -0.999687 -0.025014 0.025014 -0.999687     12.769633 12.769633 1.568350
293.484619 211.080597     239.476562 -12.394531 17.232422     -0.999687 -0.025014 0.025014 -0.999687     12.769633 12.769633 4.703151
252.809448 182.163208     362.953125 -60.130859 23.688477     -0.710336 -0.703863 0.703863 -0.710336     55.550884 55.550884 0.787622
252.809448 182.163208     51.890625 -1.890625 73.625000     -0.710336 -0.703863 0.703863 -0.710336     55.550884 55.550884 2.360491
240.829041 250.275742     38.359375 18.128906 41.749023     -0.021862 -0.999761 0.999761 -0.021862     24.508867 24.508867 4.802542
292.570160 145.695221     298.812500 -56.640625 136.800781     -0.999787 -0.020638 0.020638 -0.999787     19.752628 19.752628 1.573308
292.570160 145.695221     1490.828125 -341.648438 87.218750     -0.999787 -0.020638 0.020638 -0.999787     19.752628 19.752628 4.709809
242.649628 249.807297     82.609375 -2.128906 49.793457     -0.352248 -0.935907 0.935907 -0.352248     33.308613 33.308613 0.404013
242.649628 249.807297     41.968750 24.960938 73.929688     -0.352248 -0.935907 0.935907 -0.352248     33.308613 33.308613 5.170014
324.769287 187.351639     67.703125 6.552734 62.725586     -0.994038 -0.109031 0.109031 -0.994038     48.627011 48.627011 4.630925
271.430725 194.366211     116.906250 -27.214844 19.639832     -0.933449 -0.358710 0.358710 -0.933449     61.107383 61.107383 1.344342
271.430725 194.366211     79.210938 7.585938 78.320312     -0.933449 -0.358710 0.358710 -0.933449     61.107383 61.107383 2.400127
292.194885 191.632919     2146.609375 -471.820312 125.492188     -0.996977 -0.077693 0.077693 -0.996977     68.041189 68.041189 1.507573
292.194885 191.632919     254.023438 -20.902344 175.105469     -0.996977 -0.077693 0.077693 -0.996977     68.041189 68.041189 4.665137
313.804871 254.840103     30.187500 -10.042969 12.914062     -0.928129 0.372260 -0.372260 -0.928129     37.244033 37.244033 0.668491
304.901581 250.560974     170.796875 -59.859375 101.851562     -0.987122 -0.159967 0.159967 -0.987122     37.600344 37.600344 6.038360
308.643036 250.593170     213.179688 -49.556641 25.401672     -0.988634 -0.150341 0.150341 -0.988634     35.731449 35.731449 4.649628
308.643036 250.593170     66.484375 -36.507812 53.460938     -0.988634 -0.150341 0.150341 -0.988634     35.731449 35.731449 5.912348
312.368011 250.083557     104.398438 1.789062 79.609375     -0.997859 -0.065394 0.065394 -0.997859     37.924088 37.924088 4.703147
292.249359 191.218857     96.679688 -25.382812 43.148438     -0.996785 -0.080123 0.080123 -0.996785     67.626961 67.626961 1.505054
292.249359 191.218857     109.437500 -14.087891 62.456055     -0.996785 -0.080123 0.080123 -0.996785     67.626961 67.626961 4.662150
292.275116 191.290115     75.664062 -14.360352 16.497803     -0.996480 -0.083831 0.083831 -0.996480     66.673779 66.673779 1.511382
292.275116 191.290115     126.195312 -32.669922 15.235840     -0.996480 -0.083831 0.083831 -0.996480     66.673779 66.673779 4.663156
