1.0
643
330.023682 435.921600     4782.804688 482.531250 65.750000     -0.994914 -0.100731 0.100731 -0.994914     18.496827 18.496827 4.717049
157.473328 343.179993     46.779297 -140.968750 465.039062     0.292228 -0.956349 0.956349 0.292228     8.660499 8.660499 3.052696
367.893677 418.746674     572.765625 -29.687500 21.531250     -0.998561 0.053624 -0.053624 -0.998561     20.092890 20.092890 0.660599
367.893677 418.746674     5881.218750 665.906250 96.203125     -0.998561 0.053624 -0.053624 -0.998561     20.092890 20.092890 3.853839
344.446777 438.136414     92.953125 -285.546875 888.070312     -0.993607 -0.112896 0.112896 -0.993607     20.394998 20.394998 4.722879
128.778976 341.468994     61.677734 -187.578125 611.664062     0.306425 -0.951895 0.951895 0.306425     4.572659 4.572659 4.720571
155.977310 348.040131     993.546875 -34.000000 37.218750     0.294863 -0.955540 0.955540 0.294863     8.765597 8.765597 2.975863
362.531097 416.478333     73.509766 -224.160156 725.343750     -0.999370 0.035485 -0.035485 -0.999370     27.004306 27.004306 4.733060
155.293930 350.289276     291.296875 -118.484375 59.390625     0.296704 -0.954969 0.954969 0.296704     8.846015 8.846015 2.925340
155.293930 350.289276     105.065430 -309.148438 964.039062     0.296704 -0.954969 0.954969 0.296704     8.846015 8.846015 4.715208
336.544769 315.792908     1819.828125 -87.812500 100.562500     -0.921800 0.387665 -0.387665 -0.921800     13.914930 13.914930 4.330506
127.081413 341.393494     50.121094 -26.585938 92.757812     0.306914 -0.951737 0.951737 0.306914     10.429956 10.429956 3.136184
363.808167 410.973450     31.234375 -30.984375 166.218750     -0.998705 0.050877 -0.050877 -0.998705     44.111263 44.111263 4.743573
249.753296 256.332245     61.435547 -199.949219 656.031250     0.432676 -0.901549 0.901549 0.432676     27.505945 27.505945 1.370826
249.753296 256.332245     97.630859 -305.500000 1001.921875     0.432676 -0.901549 0.901549 0.432676     27.505945 27.505945 5.866141
372.429474 265.940430     99.251953 -301.738281 921.078125     0.213533 -0.976936 0.976936 0.213533     22.256578 22.256578 1.487803
150.953049 343.549286     106.863281 -315.914062 988.062500     0.291729 -0.956501 0.956501 0.291729     3.024729 3.024729 4.694790
155.784882 348.144714     2228.875000 -351.476562 432.992188     0.292752 -0.956188 0.956188 0.292752     9.108636 9.108636 4.709586
120.637131 338.645569     3584.312500 -77.484375 359.531250     0.311425 -0.950271 0.950271 0.311425     2.720603 2.720603 4.704417
127.051033 341.425262     49.039062 -25.160156 93.445312     0.306035 -0.952020 0.952020 0.306035     10.369588 10.369588 3.144314
252.382446 325.234467     121.757812 -394.261719 1328.804688     -0.982651 0.185466 -0.185466 -0.982651     86.166987 86.166987 3.822023
249.650742 256.334320     32.843750 -33.250000 170.046875     0.411296 -0.911502 0.911502 0.411296     27.625046 27.625046 1.395112
249.650742 256.334320     146.111328 -430.117188 1319.023438     0.411296 -0.911502 0.911502 0.411296     27.625046 27.625046 5.911317
156.901627 344.182861     54.199219 -171.261719 548.179688     0.285314 -0.958434 0.958434 0.285314     9.429554 9.429554 4.715999
162.021820 327.656372     102.689453 -311.609375 950.226562     0.289084 -0.957304 0.957304 0.289084     9.537195 9.537195 4.708840
372.432587 266.002808     273.679688 -886.593750 2922.242188     0.223749 -0.974647 0.974647 0.223749     22.594555 22.594555 1.477983
129.383514 334.496429     82.136719 -263.316406 851.171875     0.311149 -0.950361 0.950361 0.311149     10.350600 10.350600 3.042645
129.383514 334.496429     184.734375 -547.812500 1677.531250     0.311149 -0.950361 0.950361 0.311149     10.350600 10.350600 4.722932
173.341339 359.620178     17.460938 -35.570312 176.093750     0.298518 -0.954404 0.954404 0.298518     3.577573 3.577573 4.711294
120.787315 338.149261     286.742188 -886.429688 2838.656250     0.311739 -0.950168 0.950168 0.311739     3.032160 3.032160 4.712733
164.305923 320.229431     755.882812 71.500000 72.402344     0.290718 -0.956809 0.956809 0.290718     9.326590 9.326590 4.704358
149.610718 347.557129     294.126953 -887.757812 2733.117188     0.295735 -0.955270 0.955270 0.295735     3.539218 3.539218 4.696102
130.724167 330.469543     49.339844 -25.214844 94.859375     0.311311 -0.950308 0.950308 0.311311     10.337181 10.337181 3.005664
130.724167 330.469543     343.666016 -1076.527344 3475.414062     0.311311 -0.950308 0.950308 0.311311     10.337181 10.337181 4.724331
345.333344 265.090485     107.481445 -326.085938 995.171875     0.209229 -0.977867 0.977867 0.209229     14.123217 14.123217 1.554019
162.289673 322.789032     7196.257812 499.101562 1357.296875     0.298944 -0.954271 0.954271 0.298944     13.537919 13.537919 4.727035
320.165588 206.582581     1837.648438 79.121094 126.179688     -0.994687 -0.102941 0.102941 -0.994687     36.280920 36.280920 6.376171
135.484802 315.579041     6557.390625 741.171875 107.734375     0.309461 -0.950912 0.950912 0.309461     10.279508 10.279508 4.708842
249.661377 256.314819     414.781250 -1270.972656 3949.281250     0.406175 -0.913795 0.913795 0.406175     27.788018 27.788018 1.406749
249.661377 256.314819     1933.695312 90.031250 191.976562     0.406175 -0.913795 0.913795 0.406175     27.788018 27.788018 5.927325
164.654404 314.564117     94.671875 34.078125 118.562500     0.296610 -0.954999 0.954999 0.296610     13.730846 13.730846 4.718654
120.931374 337.650330     5.437500 -20.203125 162.515625     0.311540 -0.950233 0.950233 0.311540     3.403603 3.403603 4.695293
306.934113 198.576981     32.859375 -32.359375 167.773438     -0.998938 -0.046083 0.046083 -0.998938     49.811912 49.811912 0.330290
306.934113 198.576981     9.640625 -34.179688 208.582031     -0.998938 -0.046083 0.046083 -0.998938     49.811912 49.811912 1.683292
342.287567 438.009460     28.820312 -35.468750 165.140625     -0.993627 -0.112715 0.112715 -0.993627     21.887547 21.887547 4.723548
140.198975 300.533813     7.234375 -29.367188 209.863281     0.306717 -0.951801 0.951801 0.306717     10.272958 10.272958 4.711480
305.632263 193.703857     1935.968750 67.953125 309.011719     -0.998674 -0.051485 0.051485 -0.998674     61.591690 61.591690 0.263838
305.632263 193.703857     8.718750 -40.851562 298.011719     -0.998674 -0.051485 0.051485 -0.998674     61.591690 61.591690 1.698909
450.530792 217.636734     13.000000 -54.953125 341.121094     -0.578449 -0.815719 0.815719 -0.578449     37.785565 37.785565 5.288858
417.008667 209.554108     486.484375 -1500.472656 4682.820312     0.125557 -0.992086 0.992086 0.125557     7.637586 7.637586 4.712699
166.959564 306.179749     16.757812 -33.250000 169.601562     0.292467 -0.956275 0.956275 0.292467     14.069985 14.069985 4.711506
372.488556 266.083984     112.013672 -340.378906 1041.421875     0.221780 -0.975097 0.975097 0.221780     22.723631 22.723631 1.490169
397.009033 203.246994     1943.828125 59.796875 455.863281     0.164734 -0.986338 0.986338 0.164734     8.923276 8.923276 4.703081
283.205688 257.215179     49.406250 -24.398438 96.593750     0.237612 -0.971360 0.971360 0.237612     20.196943 20.196943 1.535634
283.205688 257.215179     7228.421875 718.750000 1825.812500     0.237612 -0.971360 0.971360 0.237612     20.196943 20.196943 4.642800
417.620209 205.857147     11.031250 -56.164062 401.539062     0.140598 -0.990067 0.990067 0.140598     7.876921 7.876921 4.712557
306.202118 186.975922     179.937500 -7.398438 379.140625     -0.999132 -0.041658 0.041658 -0.999132     78.740801 78.740801 0.236133
306.202118 186.975922     182.500000 -23.585938 468.628906     -0.999132 -0.041658 0.041658 -0.999132     78.740801 78.740801 1.739311
418.289764 200.982956     400.169922 -1295.898438 4319.210938     0.137193 -0.990544 0.990544 0.137193     7.872674 7.872674 4.711178
398.106110 196.516937     544.654297 -1624.460938 4952.234375     0.160903 -0.986970 0.986970 0.160903     9.046184 9.046184 4.707551
143.016388 291.727539     5940.804688 965.140625 8782.265625     0.305445 -0.952210 0.952210 0.305445     10.232347 10.232347 4.709488
345.476410 264.622314     183.765625 -39.000000 566.664062     0.203754 -0.979022 0.979022 0.203754     14.114391 14.114391 1.551246
121.037460 337.299713     18.734375 -90.242188 564.570312     0.310854 -0.950458 0.950458 0.310854     3.738672 3.738672 4.708773
306.420197 180.393204     14.281250 -78.195312 556.238281     -0.999196 -0.040090 0.040090 -0.999196     95.826133 95.826133 0.199921
306.420197 180.393204     181.828125 -62.328125 827.914062     -0.999196 -0.040090 0.040090 -0.999196     95.826133 95.826133 1.773174
249.611511 256.342926     17.265625 -97.953125 692.015625     0.390415 -0.920639 0.920639 0.390415     28.123966 28.123966 1.408471
249.611511 256.342926     24.375000 -126.554688 800.552734     0.390415 -0.920639 0.920639 0.390415     28.123966 28.123966 5.924745
419.002380 196.201416     32.890625 -33.335938 173.101562     0.139585 -0.990210 0.990210 0.139585     7.941029 7.941029 4.716019
459.153229 201.686447     5666.398438 1046.664062 11352.867188     0.037064 -0.999313 0.999313 0.037064     60.317309 60.317309 3.233700
459.787323 197.864838     436.189453 -1417.035156 4724.062500     0.081605 -0.996665 0.996665 0.081605     60.469154 60.469154 3.163115
168.628723 299.615112     29.171875 -35.968750 167.007812     0.288013 -0.957627 0.957627 0.288013     14.525740 14.525740 4.723893
141.568375 292.222992     61.312500 -25.632812 165.296875     0.312291 -0.949986 0.949986 0.312291     14.679653 14.679653 4.718943
460.296936 194.141815     189.500000 -109.148438 1244.314453     0.100311 -0.994956 0.994956 0.100311     60.345934 60.345934 3.126183
399.546356 187.514908     34.843750 -190.093750 1194.679688     0.158992 -0.987280 0.987280 0.158992     9.224127 9.224127 4.704940
419.873077 189.992310     8.343750 -18.343750 120.750000     0.140006 -0.990151 0.990151 0.140006     8.080664 8.080664 4.713926
461.006500 185.891342     31.500000 -197.125000 1392.048828     0.095155 -0.995462 0.995462 0.095155     59.677237 59.677237 3.135989
461.006500 185.891342     445.310547 -1431.132812 4750.382812     0.095155 -0.995462 0.995462 0.095155     59.677237 59.677237 4.703918
420.543915 185.444260     590.541016 -1805.964844 5652.296875     0.140815 -0.990036 0.990036 0.140815     8.216028 8.216028 4.710547
400.712341 180.178085     200.156250 -176.234375 1651.296875     0.156960 -0.987605 0.987605 0.156960     9.289684 9.289684 4.701954
143.313538 285.400909     18.718750 -36.640625 174.593750     0.307984 -0.951392 0.951392 0.307984     15.568246 15.568246 4.713050
372.372192 266.399109     51.320312 -27.136719 98.171875     0.220115 -0.975474 0.975474 0.220115     22.665166 22.665166 1.489532
170.362640 293.310730     45.437500 -254.871094 1604.011719     0.287885 -0.957665 0.957665 0.287885     14.381038 14.381038 4.728509
283.031525 257.381104     5513.953125 558.539062 14682.257812     0.238197 -0.971217 0.971217 0.238197     20.300086 20.300086 1.532413
283.031525 257.381104     76.394531 -2.080078 41.889526     0.238197 -0.971217 0.971217 0.238197     20.300086 20.300086 4.640315
368.610138 265.645020     447.917969 -1430.621094 4752.195312     0.227024 -0.973889 0.973889 0.227024     33.475042 33.475042 1.459473
312.652863 255.474518     208.828125 -249.148438 2279.431641     -0.024296 -0.999705 0.999705 -0.024296     25.268923 25.268923 1.667194
312.652863 255.474518     34.093750 -208.578125 1471.070312     -0.024296 -0.999705 0.999705 -0.024296     25.268923 25.268923 4.800107
421.990631 175.104279     18.265625 10.546875 168.843750     0.139739 -0.990188 0.990188 0.139739     8.215089 8.215089 4.715668
462.224396 174.805222     56.484375 -44.687500 178.343750     0.101859 -0.994799 0.994799 0.101859     60.092124 60.092124 3.100834
462.224396 174.805222     49.296875 -269.109375 1678.369141     0.101859 -0.994799 0.994799 0.101859     60.092124 60.092124 4.704112
402.289673 170.254166     610.373047 -1875.593750 5896.234375     0.157717 -0.987484 0.987484 0.157717     9.527571 9.527571 4.695102
420.089996 268.420013     79.453125 -2.222656 42.256836     0.157088 -0.987585 0.987585 0.157088     10.482146 10.482146 0.897578
420.089996 268.420013     8.375000 -18.906250 122.640625     0.157088 -0.987585 0.987585 0.157088     10.482146 10.482146 1.587227
423.049927 167.785141     18.515625 -36.367188 181.218750     0.140557 -0.990073 0.990073 0.140557     8.436626 8.436626 1.578353
423.049927 167.785141     29.632812 -35.320312 167.320312     0.140557 -0.990073 0.990073 0.140557     8.436626 8.436626 4.724982
170.136551 292.102570     95.757812 -290.675781 886.738281     0.289185 -0.957273 0.957273 0.289185     16.210420 16.210420 4.716918
145.558990 277.590881     60.984375 -26.101562 173.039062     0.304952 -0.952368 0.952368 0.304952     15.758208 15.758208 4.732319
463.524109 165.800674     7188.734375 -1751.046875 15942.664062     0.118857 -0.992911 0.992911 0.118857     60.216000 60.216000 1.552881
463.524109 165.800674     67.265625 -24.710938 61.765625     0.118857 -0.992911 0.992911 0.118857     60.216000 60.216000 3.030230
345.419220 264.888458     44.453125 7.546875 169.203125     0.217969 -0.975956 0.975956 0.217969     14.606273 14.606273 1.537609
249.508591 256.615875     31.710938 5.351562 189.183594     0.416262 -0.909245 0.909245 0.416262     28.065300 28.065300 1.407767
249.508591 256.615875     582.291016 -1766.582031 5559.843750     0.416262 -0.909245 0.909245 0.416262     28.065300 28.065300 5.918375
397.850464 260.676025     80.179688 2.181641 50.670044     -0.750378 0.661009 -0.661009 -0.750378     27.963550 27.963550 0.793155
397.850464 260.676025     16.039062 -10.132812 40.171875     -0.750378 0.661009 -0.661009 -0.750378     27.963550 27.963550 2.343821
403.646851 161.456314     22.031250 -2.265625 136.281250     0.157388 -0.987537 0.987537 0.157388     9.876959 9.876959 1.563413
403.646851 161.456314     8330.445312 -1991.265625 15518.593750     0.157388 -0.987537 0.987537 0.157388     9.876959 9.876959 4.694424
211.901749 42.182457     59.128906 -44.605469 182.742188     -0.998201 0.059958 -0.059958 -0.998201     29.081486 29.081486 1.858598
211.901749 42.182457     30.570312 -37.179688 170.210938     -0.998201 0.059958 -0.059958 -0.998201     29.081486 29.081486 4.926474
170.178513 289.984650     20.062500 -5.078125 38.023438     0.289147 -0.957285 0.957285 0.289147     17.887673 17.887673 4.717303
464.726166 155.336807     8.937500 -20.343750 131.882812     0.117807 -0.993037 0.993037 0.117807     60.251436 60.251436 1.549731
464.726166 155.336807     611.609375 -1851.535156 5836.109375     0.117807 -0.993037 0.993037 0.117807     60.251436 60.251436 4.697724
423.304199 165.992813     63.171875 -26.429688 161.328125     0.140798 -0.990038 0.990038 0.140798     9.472274 9.472274 1.572918
423.304199 165.992813     63.781250 -26.570312 174.750000     0.140798 -0.990038 0.990038 0.140798     9.472274 9.472274 4.725124
436.259613 268.519226     32.539062 6.554688 194.593750     -0.069534 -0.997580 0.997580 -0.069534     18.841239 18.841239 0.802063
436.259613 268.519226     118.931641 -353.414062 1055.773438     -0.069534 -0.997580 0.997580 -0.069534     18.841239 18.841239 1.615834
251.016724 250.740128     623.337891 -1857.226562 5845.531250     0.311152 -0.950360 0.950360 0.311152     29.112424 29.112424 1.503779
251.016724 250.740128     31.843750 -38.601562 175.187500     0.311152 -0.950360 0.950360 0.311152     29.112424 29.112424 4.623434
403.659668 161.284164     66.750000 -24.390625 65.531250     0.158871 -0.987299 0.987299 0.158871     11.016546 11.016546 1.565047
403.659668 161.284164     60.382812 -43.820312 184.878906     0.158871 -0.987299 0.987299 0.158871     11.016546 11.016546 4.696876
146.949615 272.395721     33.125000 6.710938 192.617188     0.303717 -0.952762 0.952762 0.303717     15.897554 15.897554 4.708817
211.463943 42.006271     21.531250 -3.703125 37.929688     -0.998232 0.059438 -0.059438 -0.998232     29.206523 29.206523 1.895965
211.463943 42.006271     9.140625 -21.335938 141.156250     -0.998232 0.059438 -0.059438 -0.998232     29.206523 29.206523 4.942020
419.977264 268.745453     23.859375 -2.851562 139.164062     0.159108 -0.987261 0.987261 0.159108     10.387150 10.387150 1.578642
419.977264 268.745453     65.656250 -27.585938 160.875000     0.159108 -0.987261 0.987261 0.159108     10.387150 10.387150 4.668894
345.491302 265.125427     66.125000 -25.210938 177.945312     0.208649 -0.977991 0.977991 0.208649     14.758949 14.758949 1.543188
282.951019 257.925262     636.658203 -1889.617188 5963.296875     0.234804 -0.972043 0.972043 0.234804     20.671094 20.671094 1.527625
282.951019 257.925262     23.593750 -5.289062 38.640625     0.234804 -0.972043 0.972043 0.234804     20.671094 20.671094 4.624485
149.045670 236.826477     25.468750 -2.742188 135.742188     0.311630 -0.950203 0.950203 0.311630     2.941815 2.941815 6.336138
368.547089 266.085876     561.359375 -30.140625 158.445312     0.216265 -0.976335 0.976335 0.216265     33.434334 33.434334 1.459962
397.918304 260.783112     10025.671875 -2431.117188 15268.773438     -0.745186 0.666857 -0.666857 -0.745186     28.336475 28.336475 0.779550
397.918304 260.783112     35.046875 -28.726562 190.523438     -0.745186 0.666857 -0.666857 -0.745186     28.336475 28.336475 2.318715
341.559662 260.386108     34.765625 4.664062 193.242188     -0.060167 -0.998188 0.998188 -0.060167     29.849022 29.849022 4.794923
312.731415 255.688568     63.464844 -44.605469 186.832031     -0.033925 -0.999424 0.999424 -0.033925     25.267922 25.267922 1.675337
312.731415 255.688568     110.039062 -319.746094 933.328125     -0.033925 -0.999424 0.999424 -0.033925     25.267922 25.267922 4.806408
146.268158 271.023254     25.921875 -2.687500 137.234375     0.303766 -0.952747 0.952747 0.303766     19.640012 19.640012 4.699787
211.437851 42.596046     60.398438 -45.843750 183.476562     -0.997308 -0.073332 0.073332 -0.997308     31.981557 31.981557 1.816862
211.437851 42.596046     36.375000 3.703125 196.468750     -0.997308 -0.073332 0.073332 -0.997308     31.981557 31.981557 4.830427
330.282166 272.891083     10.031250 -22.523438 153.796875     0.342200 -0.939627 0.939627 0.342200     15.813398 15.813398 1.426960
330.282166 272.891083     67.828125 -48.832031 194.503906     0.342200 -0.939627 0.939627 0.342200     15.813398 15.813398 4.052737
434.364441 271.204071     64.289062 -37.187500 181.773438     0.019819 -0.999804 0.999804 0.019819     21.100317 21.100317 0.708785
434.364441 271.204071     54.585938 -21.640625 192.632812     0.019819 -0.999804 0.999804 0.019819     21.100317 21.100317 1.593534
397.682861 260.971863     74.781250 -10.468750 152.742188     -0.716268 0.697825 -0.697825 -0.716268     28.453266 28.453266 0.923414
397.682861 260.971863     31.882812 11.250000 21.046875     -0.716268 0.697825 -0.697825 -0.716268     28.453266 28.453266 4.129159
251.240051 250.872421     101.792969 22.460938 19.078125     0.307504 -0.951547 0.951547 0.307504     30.090872 30.090872 1.492308
283.039276 258.043884     104.343750 20.937500 15.312500     0.242223 -0.970221 0.970221 0.242223     20.762576 20.762576 1.521983
283.039276 258.043884     10327.750000 -2011.671875 13472.117188     0.242223 -0.970221 0.970221 0.242223     20.762576 20.762576 4.634971
401.231537 281.704437     98.888672 30.382812 33.906250     0.254489 -0.967076 0.967076 0.254489     19.473189 19.473189 1.408447
419.971313 269.467224     49.421875 6.890625 21.171875     0.159118 -0.987260 0.987260 0.159118     10.704577 10.704577 1.572550
419.971313 269.467224     110.750000 20.921875 15.484375     0.159118 -0.987260 0.987260 0.159118     10.704577 10.704577 4.694039
146.248184 269.239502     71.187500 -3.179688 32.656250     0.303440 -0.952851 0.952851 0.303440     21.097202 21.097202 4.746871
338.416077 264.005554     37.072510 4.134766 50.640625     0.244491 -0.969652 0.969652 0.244491     33.827257 33.827257 1.461743
338.416077 264.005554     76.703125 14.562500 20.046875     0.244491 -0.969652 0.969652 0.244491     33.827257 33.827257 4.642808
368.662140 266.093719     133.187500 24.531250 15.953125     0.221453 -0.975171 0.975171 0.221453     34.196257 34.196257 1.458636
312.834167 256.309052     34.406738 3.843750 59.171875     -0.040349 -0.999186 0.999186 -0.040349     25.564743 25.564743 1.672664
312.834167 256.309052     79.442139 -11.837891 14.570312     -0.040349 -0.999186 0.999186 -0.040349     25.564743 25.564743 4.804514
141.830444 244.660904     106.861328 10.867188 32.640625     0.317584 -0.948230 0.948230 0.317584     3.382436 3.382436 0.238050
141.830444 244.660904     171.062500 27.843750 16.875000     0.317584 -0.948230 0.948230 0.317584     3.382436 3.382436 0.637597
145.798920 267.194275     86.500000 7.906250 9.750000     0.304229 -0.952599 0.952599 0.304229     24.729716 24.729716 4.720857
283.221771 257.736389     36.028076 4.429688 56.687500     0.244515 -0.969646 0.969646 0.244515     21.159389 21.159389 1.524784
283.221771 257.736389     46.304688 -3.757812 37.562500     0.244515 -0.969646 0.969646 0.244515     21.159389 21.159389 4.644566
397.875000 261.201385     53.062500 40.031250 39.484375     -0.715883 0.698221 -0.698221 -0.715883     29.073757 29.073757 0.857249
397.875000 261.201385     118.593750 45.171875 40.304688     -0.715883 0.698221 -0.698221 -0.715883     29.073757 29.073757 2.476708
251.356522 251.145340     37.035156 12.478516 41.218750     0.301905 -0.953338 0.953338 0.301905     30.687791 30.687791 1.493104
312.961884 256.621063     220.482422 12.789062 28.671875     -0.041966 -0.999119 0.999119 -0.041966     25.789014 25.789014 1.672742
312.961884 256.621063     83.948242 -2.773438 9.578125     -0.041966 -0.999119 0.999119 -0.041966     25.789014 25.789014 4.801237
401.546997 281.953003     29.156250 6.015625 43.781250     0.210523 -0.977589 0.977589 0.210523     20.490465 20.490465 1.444734
420.169678 269.382660     34.437500 -34.578125 60.671875     0.155681 -0.987807 0.987807 0.155681     10.816889 10.816889 1.565370
420.169678 269.382660     88.721832 3.593750 33.421875     0.155681 -0.987807 0.987807 0.155681     10.816889 10.816889 4.695564
434.656860 271.490204     33.355469 0.230469 66.578125     0.024708 -0.999695 0.999695 0.024708     21.948238 21.948238 0.672316
434.656860 271.490204     51.843750 11.968750 28.046875     0.024708 -0.999695 0.999695 0.024708     21.948238 21.948238 1.576663
338.729675 264.146423     91.463867 40.164062 25.890625     0.259569 -0.965725 0.965725 0.259569     34.342301 34.342301 1.458974
369.057770 266.225555     75.781250 7.406250 19.984375     0.210229 -0.977652 0.977652 0.210229     35.060686 35.060686 1.468223
145.824127 265.400085     81.411621 -13.537109 17.476562     0.303664 -0.952779 0.952779 0.303664     26.397507 26.397507 4.712539
401.821716 282.120148     62.750000 3.203125 19.734375     0.301602 -0.953434 0.953434 0.301602     21.068772 21.068772 1.365985
435.105957 271.576172     118.187500 7.070312 56.531250     0.024844 -0.999691 0.999691 0.024844     22.679554 22.679554 1.580170
435.105957 271.576172     120.750977 71.931641 85.062500     0.024844 -0.999691 0.999691 0.024844     22.679554 22.679554 3.451646
363.325195 263.943390     87.312500 39.562500 34.937500     -0.997244 0.074188 -0.074188 -0.997244     56.241553 56.241553 0.398062
363.325195 263.943390     131.429199 -42.781250 74.203125     -0.997244 0.074188 -0.074188 -0.997244     56.241553 56.241553 3.509026
420.170502 269.888519     11598.421875 -2193.515625 14388.890625     0.144930 -0.989442 0.989442 0.144930     10.981221 10.981221 1.572452
420.170502 269.888519     127.265625 -27.500000 25.000000     0.144930 -0.989442 0.989442 0.144930     10.981221 10.981221 4.690907
283.093872 256.359192     71.468750 -40.125000 38.789062     0.176060 -0.984379 0.984379 0.176060     24.610108 24.610108 1.551481
283.093872 256.359192     164.812500 55.578125 47.648438     0.176060 -0.984379 0.984379 0.176060     24.610108 24.610108 4.684050
313.247986 256.580658     29.338318 -3.741699 35.765625     -0.029392 -0.999568 0.999568 -0.029392     26.480685 26.480685 1.669529
313.247986 256.580658     82.003662 -9.235352 92.562500     -0.029392 -0.999568 0.999568 -0.029392     26.480685 26.480685 4.801796
251.585556 251.210007     212.844727 29.396484 40.750000     0.307954 -0.951401 0.951401 0.307954     31.508592 31.508592 1.490494
144.795914 222.008163     141.281250 16.296875 28.890625     0.324234 -0.945977 0.945977 0.324234     3.004743 3.004743 0.608630
435.139160 271.634186     44.218750 -12.593750 24.703125     0.024123 -0.999709 0.999709 0.024123     22.882412 22.882412 1.578724
435.139160 271.634186     186.656250 -17.734375 32.750000     0.024123 -0.999709 0.999709 0.024123     22.882412 22.882412 4.716952
280.960999 258.029236     98.863770 21.688477 19.343750     0.314692 -0.949194 0.949194 0.314692     30.253791 30.253791 1.478190
313.191620 256.764587     44.375000 -43.656250 68.031250     -0.023112 -0.999733 0.999733 -0.023112     27.108304 27.108304 1.666922
313.191620 256.764587     133.531250 22.828125 25.875000     -0.023112 -0.999733 0.999733 -0.023112     27.108304 27.108304 4.793326
420.209442 270.085541     76.843750 18.203125 19.218750     0.151240 -0.988497 0.988497 0.151240     11.547703 11.547703 1.567790
420.209442 270.085541     131.968750 -16.453125 25.984375     0.151240 -0.988497 0.988497 0.151240     11.547703 11.547703 4.691471
251.559921 251.642502     63.007324 -32.056641 33.292969     0.322525 -0.946561 0.946561 0.322525     32.196052 32.196052 1.479187
280.607025 257.810150     88.937500 89.343750 98.929688     0.278458 -0.960448 0.960448 0.278458     32.916963 32.916963 1.477950
280.607025 257.810150     1005.937500 -17.250000 61.765625     0.278458 -0.960448 0.960448 0.278458     32.916963 32.916963 4.597792
310.966400 259.711029     173.031250 16.390625 59.562500     0.151326 -0.988484 0.988484 0.151326     32.222324 32.222324 1.564388
310.966400 259.711029     29.411110 -3.128906 36.906250     0.151326 -0.988484 0.988484 0.151326     32.222324 32.222324 4.686967
429.024109 271.430817     111.625000 -60.726562 45.632812     0.130810 -0.991407 0.991407 0.130810     38.553199 38.553199 1.521599
429.024109 271.430817     40.015472 15.601074 46.375000     0.130810 -0.991407 0.991407 0.130810     38.553199 38.553199 3.177266
177.666672 447.353241     130.695648 24.200684 66.890625     -0.969218 -0.246205 0.246205 -0.969218     16.455795 16.455795 1.718352
177.666672 447.353241     178.567871 -0.751953 87.648438     -0.969218 -0.246205 0.246205 -0.969218     16.455795 16.455795 3.197037
175.240265 445.662323     91.562500 10.125000 11.726562     -0.930163 -0.367146 0.367146 -0.930163     21.065491 21.065491 5.769257
52.780220 430.754578     46.031250 1.328125 23.601562     -0.270278 -0.962782 0.962782 -0.270278     26.966895 26.966895 1.747805
52.780220 430.754578     204.812500 21.703125 61.132812     -0.270278 -0.962782 0.962782 -0.270278     26.966895 26.966895 4.864871
482.507050 379.000000     839.000000 -22.906250 98.593750     -0.971948 -0.235194 0.235194 -0.971948     18.291829 18.291829 4.642322
52.724918 430.042084     221.734863 123.396484 130.042969     -0.149925 -0.988697 0.988697 -0.149925     26.171234 26.171234 1.577809
52.724918 430.042084     97.250000 41.062500 27.734375     -0.149925 -0.988697 0.988697 -0.149925     26.171234 26.171234 4.583128
62.156864 349.941162     200.937500 23.406250 53.484375     -0.984732 0.174079 -0.174079 -0.984732     15.895658 15.895658 0.602534
62.156864 349.941162     76.230713 9.887695 228.609375     -0.984732 0.174079 -0.174079 -0.984732     15.895658 15.895658 1.181088
543.179260 451.929260     74.564453 -42.811523 34.765625     -0.994844 -0.101417 0.101417 -0.994844     13.457947 13.457947 1.222987
543.179260 451.929260     420.250000 -125.718750 158.519531     -0.994844 -0.101417 0.101417 -0.994844     13.457947 13.457947 4.362447
52.579544 430.213074     159.375000 -2.968750 51.078125     -0.201173 -0.979556 0.979556 -0.201173     26.667330 26.667330 1.645169
52.579544 430.213074     243.718750 -2.000000 81.328125     -0.201173 -0.979556 0.979556 -0.201173     26.667330 26.667330 4.734539
577.246399 458.603851     122.349609 -25.320312 56.789062     -0.763939 -0.645288 0.645288 -0.763939     10.715837 10.715837 1.834063
577.246399 458.603851     158.593750 59.906250 75.640625     -0.763939 -0.645288 0.645288 -0.763939     10.715837 10.715837 5.092832
529.882874 339.741730     73.982422 -35.810547 75.433594     -0.909640 -0.415398 0.415398 -0.909640     19.961128 19.961128 4.893843
529.882874 339.741730     214.599121 9.870117 17.046875     -0.909640 -0.415398 0.415398 -0.909640     19.961128 19.961128 5.685554
73.873833 429.355133     120.062500 0.765625 31.101562     -0.646017 -0.763323 0.763323 -0.646017     23.153944 23.153944 2.469429
73.873833 429.355133     55.281250 -13.375000 23.593750     -0.646017 -0.763323 0.763323 -0.646017     23.153944 23.153944 4.774403
71.814156 462.809723     201.936523 -48.675781 52.433594     -0.999307 0.037215 -0.037215 -0.999307     13.851553 13.851553 0.571266
71.814156 462.809723     41.509766 -14.074219 29.708984     -0.999307 0.037215 -0.037215 -0.999307     13.851553 13.851553 1.306208
541.294983 375.825012     103.250000 -26.859375 73.365234     -0.337444 -0.941346 0.941346 -0.337444     23.382613 23.382613 2.136940
541.294983 375.825012     33.322060 -13.781982 51.578125     -0.337444 -0.941346 0.941346 -0.337444     23.382613 23.382613 5.085689
593.714294 390.080353     53.968750 13.656250 19.328125     0.568029 -0.823009 0.823009 0.568029     14.631686 14.631686 1.633513
593.714294 390.080353     115.093750 -96.140625 129.351562     0.568029 -0.823009 0.823009 0.568029     14.631686 14.631686 4.164545
72.873016 430.006348     136.408203 -48.333984 96.552734     -0.006937 -0.999976 0.999976 -0.006937     25.988764 25.988764 1.850780
72.873016 430.006348     353.843750 10.359375 102.218750     -0.006937 -0.999976 0.999976 -0.006937     25.988764 25.988764 5.120452
543.383118 450.927216     108.062500 -54.375000 45.677734     -0.991595 -0.129380 0.129380 -0.991595     19.624353 19.624353 0.294034
543.383118 450.927216     238.412109 -15.835938 11.843750     -0.991595 -0.129380 0.129380 -0.991595     19.624353 19.624353 0.912413
61.557896 350.343872     118.718750 -20.328125 77.482422     -0.980010 0.198948 -0.198948 -0.980010     17.269944 17.269944 0.663855
61.557896 350.343872     40.582031 -13.056641 23.547852     -0.980010 0.198948 -0.198948 -0.980010     17.269944 17.269944 1.372494
582.848328 363.109009     31.028320 30.323242 81.473633     -0.997269 -0.073854 0.073854 -0.997269     19.870017 19.870017 0.486126
582.848328 363.109009     146.437500 35.164062 36.099609     -0.997269 -0.073854 0.073854 -0.997269     19.870017 19.870017 4.042397
515.904907 230.498566     29.009766 9.020264 163.787109     -0.993653 -0.112485 0.112485 -0.993653     33.593899 33.593899 4.729094
91.701660 281.251373     56.662109 -25.958008 32.451172     -0.787647 -0.616127 0.616127 -0.787647     24.147359 24.147359 1.434962
510.022156 441.484192     110.531250 12.414062 24.406250     -0.969719 0.244225 -0.244225 -0.969719     19.131138 19.131138 0.491861
510.022156 441.484192     98.332031 -42.911621 41.395996     -0.969719 0.244225 -0.244225 -0.969719     19.131138 19.131138 1.108284
52.527557 329.758545     58.902344 10.520508 23.022156     0.054891 -0.998492 0.998492 0.054891     29.567243 29.567243 1.725386
52.527557 329.758545     109.906250 16.238281 11.957031     0.054891 -0.998492 0.998492 0.054891     29.567243 29.567243 4.856103
511.913055 258.193237     43.766319 13.358887 182.595703     -0.829804 0.558054 -0.558054 -0.829804     15.460940 15.460940 1.312937
511.913055 258.193237     109.384766 43.200195 36.178223     -0.829804 0.558054 -0.558054 -0.829804     15.460940 15.460940 3.914863
530.489563 338.935028     397.635742 27.869141 64.296875     -0.928833 -0.370498 0.370498 -0.928833     22.714575 22.714575 1.129470
530.489563 338.935028     98.656250 36.335938 118.964844     -0.928833 -0.370498 0.370498 -0.928833     22.714575 22.714575 4.646117
57.089146 352.189911     169.737305 113.984619 154.773804     -0.986484 -0.163858 0.163858 -0.986484     26.950139 26.950139 1.636978
575.631836 360.469971     72.468750 -16.457031 20.966797     -0.990058 -0.140663 0.140663 -0.990058     23.198032 23.198032 1.687059
575.631836 360.469971     81.031250 2.125000 34.727539     -0.990058 -0.140663 0.140663 -0.990058     23.198032 23.198032 4.760854
618.183167 411.579193     31.656250 -7.218750 31.117188     -0.897909 0.440182 -0.440182 -0.897909     19.370547 19.370547 1.415778
618.183167 411.579193     45.343750 -12.838867 75.507446     -0.897909 0.440182 -0.440182 -0.897909     19.370547 19.370547 3.639805
528.538452 292.369232     72.843750 17.275391 46.952698     -0.993594 0.113009 -0.113009 -0.993594     24.946781 24.946781 0.154107
528.538452 292.369232     70.234375 -14.653809 16.609024     -0.993594 0.113009 -0.113009 -0.993594     24.946781 24.946781 1.284927
23.220833 311.316681     62.218750 15.966797 33.588135     -0.968990 -0.247099 0.247099 -0.968990     16.724660 16.724660 4.605100
593.917603 390.142334     44.085205 33.143066 72.682861     0.607656 -0.794201 0.794201 0.607656     14.906420 14.906420 1.652973
593.917603 390.142334     115.343750 61.492188 61.295410     0.607656 -0.794201 0.794201 0.607656     14.906420 14.906420 4.093913
611.872314 285.684387     116.500000 37.298828 50.502441     -0.979957 -0.199209 0.199209 -0.979957     20.736366 20.736366 1.447401
578.853210 410.596344     190.718750 -121.410156 173.249268     -0.960576 -0.278017 0.278017 -0.960576     16.807521 16.807521 1.845030
578.853210 410.596344     17.042969 0.242188 37.598145     -0.960576 -0.278017 0.278017 -0.960576     16.807521 16.807521 5.112175
539.884644 451.423065     75.281250 30.449219 59.821686     -0.988693 0.149955 -0.149955 -0.988693     21.809421 21.809421 1.373794
539.884644 451.423065     107.003693 -28.776184 46.797607     -0.988693 0.149955 -0.149955 -0.988693     21.809421 21.809421 4.103340
74.920563 203.350464     57.914062 -40.238281 98.296875     -0.842763 0.538284 -0.538284 -0.842763     16.110976 16.110976 1.461125
74.920563 203.350464     195.647766 38.191406 26.588501     -0.842763 0.538284 -0.538284 -0.842763     16.110976 16.110976 4.516309
531.867920 206.259430     267.156250 -103.299805 150.505493     -0.687083 -0.726579 0.726579 -0.687083     9.493040 9.493040 1.984305
531.867920 206.259430     38.084961 19.786133 68.106323     -0.687083 -0.726579 0.726579 -0.687083     9.493040 9.493040 4.896400
534.222412 336.374817     132.656250 -66.267578 163.931519     -0.990129 -0.140159 0.140159 -0.990129     34.046391 34.046391 1.277312
534.222412 336.374817     60.625000 -6.246094 23.814514     -0.990129 -0.140159 0.140159 -0.990129     34.046391 34.046391 2.772025
545.454956 144.112610     74.031250 21.117188 36.503906     -0.859485 0.511161 -0.511161 -0.859485     13.882325 13.882325 1.213007
545.454956 144.112610     494.906250 -3.896484 498.370605     -0.859485 0.511161 -0.511161 -0.859485     13.882325 13.882325 4.094532
500.968506 193.070862     117.734375 -45.937500 50.082092     -0.876369 -0.481640 0.481640 -0.876369     23.409460 23.409460 4.368239
55.391575 356.218079     37.564453 0.869995 23.453392     -0.999966 0.008270 -0.008270 -0.999966     42.127840 42.127840 1.208758
55.391575 356.218079     105.539062 -105.746094 200.259766     -0.999966 0.008270 -0.008270 -0.999966     42.127840 42.127840 1.838619
575.763916 360.888641     79.937500 -14.944336 26.808155     -0.983812 -0.179204 0.179204 -0.983812     26.153572 26.153572 1.767019
575.763916 360.888641     49.914062 -13.685791 31.946716     -0.983812 -0.179204 0.179204 -0.983812     26.153572 26.153572 3.247593
546.977966 418.711487     418.039062 -24.487427 12.189430     -0.896097 -0.443857 0.443857 -0.896097     18.873542 18.873542 0.173600
546.977966 418.711487     58.662109 5.775391 23.206223     -0.896097 -0.443857 0.443857 -0.896097     18.873542 18.873542 1.643254
611.515015 308.167389     212.972656 -69.553711 52.994812     -0.992297 -0.123884 0.123884 -0.992297     14.555603 14.555603 1.501227
618.859009 411.409698     55.320312 -38.197266 102.801758     -0.932424 0.361365 -0.361365 -0.932424     19.168523 19.168523 1.570006
618.859009 411.409698     147.162109 -18.668457 66.940430     -0.932424 0.361365 -0.361365 -0.932424     19.168523 19.168523 3.824406
574.369202 392.940399     131.562500 -4.121094 12.262695     -0.998567 0.053516 -0.053516 -0.998567     54.454862 54.454862 1.623995
540.868835 266.125000     588.796875 -56.942627 43.741943     -0.983299 0.182000 -0.182000 -0.983299     27.257936 27.257936 1.025752
540.868835 266.125000     426.609375 54.209717 74.454407     -0.983299 0.182000 -0.182000 -0.983299     27.257936 27.257936 3.321197
579.658447 295.452667     1546.416260 -54.584717 799.175049     -0.998264 -0.058904 0.058904 -0.998264     21.825322 21.825322 3.267828
579.658447 295.452667     4286.000000 958.216797 1126.450806     -0.998264 -0.058904 0.058904 -0.998264     21.825322 21.825322 6.170510
533.564148 336.799469     144.500000 -18.171875 18.335449     -0.989260 -0.146168 0.146168 -0.989260     34.249133 34.249133 1.228013
533.564148 336.799469     33.312500 -10.742188 59.117188     -0.989260 -0.146168 0.146168 -0.989260     34.249133 34.249133 2.578887
89.262115 214.168762     157.187500 -121.578125 160.078125     -0.821058 -0.570845 0.570845 -0.821058     29.934638 29.934638 1.487474
533.632080 308.990570     355.304688 153.714844 389.585938     -0.907215 -0.420667 0.420667 -0.907215     13.268590 13.268590 4.629602
533.632080 308.990570     61.468750 -43.234375 97.738281     -0.907215 -0.420667 0.420667 -0.907215     13.268590 13.268590 5.107759
530.831848 293.070038     305.254395 124.766113 125.114258     -0.988211 -0.153100 0.153100 -0.988211     31.774627 31.774627 3.066370
34.049328 196.134537     126.375000 56.015625 102.531250     -0.665152 -0.746708 0.746708 -0.665152     16.242819 16.242819 1.125008
34.049328 196.134537     210.468750 -122.593750 147.855469     -0.665152 -0.746708 0.746708 -0.665152     16.242819 16.242819 1.595965
129.854843 150.737900     33.601562 -3.385742 23.727539     0.568163 -0.822916 0.822916 0.568163     26.259937 26.259937 1.050573
129.854843 150.737900     386.143433 76.604004 106.953125     0.568163 -0.822916 0.822916 0.568163     26.259937 26.259937 1.657400
63.805969 195.840790     133.875000 -16.937500 13.078125     -0.843062 0.537817 -0.537817 -0.843062     12.286509 12.286509 1.453245
63.805969 195.840790     144.186890 -1.052734 37.363281     -0.843062 0.537817 -0.537817 -0.843062     12.286509 12.286509 4.536090
572.565735 190.786850     84.236084 6.145508 23.992188     -0.927670 0.373400 -0.373400 -0.927670     46.747181 46.747181 1.787360
543.334412 267.093506     76.919434 5.482422 32.535156     -0.999625 0.027382 -0.027382 -0.999625     32.135421 32.135421 0.449978
543.334412 267.093506     48.156250 12.390625 22.226562     -0.999625 0.027382 -0.027382 -0.999625     32.135421 32.135421 0.962537
611.888916 210.685181     148.437500 -38.375000 59.359375     -0.974359 0.224999 -0.224999 -0.974359     16.379378 16.379378 1.670760
159.667465 108.760765     173.026855 33.236328 57.625000     -0.946414 0.322955 -0.322955 -0.946414     31.225187 31.225187 2.349449
159.667465 108.760765     53.009567 12.031006 44.109375     -0.946414 0.322955 -0.322955 -0.946414     31.225187 31.225187 2.659014
129.872818 147.935165     66.156250 15.218750 16.812500     0.699908 -0.714233 0.714233 0.699908     28.062871 28.062871 0.895110
129.872818 147.935165     120.375000 -86.921875 86.382812     0.699908 -0.714233 0.714233 0.699908     28.062871 28.062871 3.810952
22.954683 289.936554     272.781250 -11.015625 29.593750     -0.998760 -0.049776 0.049776 -0.998760     18.309509 18.309509 4.696253
575.630127 321.294525     297.156250 -130.953125 127.601562     -0.999963 -0.008605 0.008605 -0.999963     25.093290 25.093290 1.591406
575.630127 321.294525     73.863403 6.239258 32.718750     -0.999963 -0.008605 0.008605 -0.999963     25.093290 25.093290 4.530597
618.739441 411.658997     78.343750 -14.156250 28.546875     -0.939183 0.343417 -0.343417 -0.939183     19.461190 19.461190 1.461386
34.546467 196.078064     52218.242188 998.703125 4704.756836     -0.675428 -0.737426 0.737426 -0.675428     16.719044 16.719044 1.082178
34.546467 196.078064     76.224609 -10.757812 60.511719     -0.675428 -0.737426 0.737426 -0.675428     16.719044 16.719044 1.531298
93.709244 171.018494     41.843750 7.546875 42.078125     -0.958644 0.284609 -0.284609 -0.958644     27.733441 27.733441 0.438903
93.709244 171.018494     58.343750 -20.359375 32.171875     -0.958644 0.284609 -0.284609 -0.958644     27.733441 27.733441 3.127989
92.766052 150.784409     68.072021 13.380859 27.250000     -0.832656 0.553791 -0.553791 -0.832656     20.299126 20.299126 1.364413
92.766052 150.784409     268.843750 64.265625 113.109375     -0.832656 0.553791 -0.553791 -0.832656     20.299126 20.299126 3.494889
544.129578 140.371826     375.375000 -18.796875 171.609375     -0.862019 0.506876 -0.506876 -0.862019     34.144187 34.144187 0.645655
544.129578 140.371826     230.225952 -30.929688 97.859375     -0.862019 0.506876 -0.506876 -0.862019     34.144187 34.144187 3.585623
612.209900 210.662552     398.343750 67.312500 144.125000     -0.975118 0.221687 -0.221687 -0.975118     16.437735 16.437735 1.654079
160.225571 105.522202     166.784271 27.826172 458.921875     -0.831014 0.556252 -0.556252 -0.831014     36.056095 36.056095 1.295344
160.225571 105.522202     57.968750 4.062500 28.779297     -0.831014 0.556252 -0.556252 -0.831014     36.056095 36.056095 2.782793
155.398438 136.050781     60.859375 -49.437500 131.304688     0.084533 -0.996421 0.996421 0.084533     26.409888 26.409888 0.179649
150.614716 160.220779     158.655518 65.859375 60.546875     0.269666 -0.962954 0.962954 0.269666     20.476576 20.476576 0.252880
85.432899 146.497833     88.937500 17.062500 54.031250     -0.881772 -0.471676 0.471676 -0.881772     30.439697 30.439697 0.864583
85.432899 146.497833     31.781250 13.968750 46.640625     -0.881772 -0.471676 0.471676 -0.881772     30.439697 30.439697 2.094704
578.138672 157.684372     95.312500 26.015625 91.671875     -0.865330 0.501202 -0.501202 -0.865330     16.947476 16.947476 0.662803
578.138672 157.684372     146.368042 29.879883 13.335938     -0.865330 0.501202 -0.501202 -0.865330     16.947476 16.947476 1.012546
33.368771 216.013290     72.619522 67.333984 130.203125     -0.997590 0.069389 -0.069389 -0.997590     14.748922 14.748922 4.722638
545.053711 141.776291     82.893066 35.447266 44.890625     -0.925229 0.379409 -0.379409 -0.925229     37.419458 37.419458 0.558935
545.053711 141.776291     681.138672 84.311523 708.000000     -0.925229 0.379409 -0.379409 -0.925229     37.419458 37.419458 2.879012
136.139633 95.509010     242.435242 -43.536133 114.828125     -0.879305 0.476260 -0.476260 -0.879305     18.265759 18.265759 1.154370
136.139633 95.509010     53295.773438 8319.902344 15144.386719     -0.879305 0.476260 -0.476260 -0.879305     18.265759 18.265759 3.681872
105.643478 122.713043     93.963867 54.863281 78.812500     -0.424567 -0.905396 0.905396 -0.424567     18.449368 18.449368 1.922993
105.643478 122.713043     66.341797 28.587891 35.695312     -0.424567 -0.905396 0.905396 -0.424567     18.449368 18.449368 5.084496
579.126282 127.494881     31.328125 2.968750 33.234375     -0.960018 -0.279938 0.279938 -0.960018     22.877488 22.877488 2.128048
579.126282 127.494881     207.437500 38.765625 24.921875     -0.960018 -0.279938 0.279938 -0.960018     22.877488 22.877488 5.189367
137.925003 94.235718     190.270996 -117.046875 186.843750     -0.843400 0.537286 -0.537286 -0.843400     17.951957 17.951957 0.589990
137.925003 94.235718     52.859375 -21.460938 36.515625     -0.843400 0.537286 -0.537286 -0.843400     17.951957 17.951957 1.086403
605.283264 247.917847     113.666016 -36.671875 41.500000     -0.999660 0.026087 -0.026087 -0.999660     22.190627 22.190627 1.580363
606.635986 215.391861     217.416016 -40.882812 57.859375     -0.872716 0.488229 -0.488229 -0.872716     24.119968 24.119968 1.881408
545.394836 69.017166     167.937500 13.429688 27.765625     -0.987215 -0.159396 0.159396 -0.987215     13.749091 13.749091 1.273552
545.394836 69.017166     1357.398438 -80.453125 79.453125     -0.987215 -0.159396 0.159396 -0.987215     13.749091 13.749091 2.303995
129.795303 73.802017     112.882812 -38.609375 58.062500     -0.907317 -0.420447 0.420447 -0.907317     18.089466 18.089466 2.129875
129.795303 73.802017     53874.453125 1959.312500 21975.882812     -0.907317 -0.420447 0.420447 -0.907317     18.089466 18.089466 2.549699
88.577866 92.366806     62.875000 24.328125 22.656250     -0.996571 -0.082745 0.082745 -0.996571     35.428152 35.428152 2.189542
88.577866 92.366806     621.851562 62.843750 66.125000     -0.996571 -0.082745 0.082745 -0.996571     35.428152 35.428152 3.328936
127.259842 56.023621     52094.640625 1960.656250 22643.867188     -0.957505 0.288417 -0.288417 -0.957505     25.437900 25.437900 1.637899
127.259842 56.023621     46.871094 -5.246094 24.000000     -0.957505 0.288417 -0.288417 -0.957505     25.437900 25.437900 4.216078
570.128906 93.893333     17.648438 -58.414062 250.031250     -0.959849 0.280516 -0.280516 -0.959849     18.088227 18.088227 0.452840
570.128906 93.893333     22.228516 -68.058594 267.718750     -0.959849 0.280516 -0.280516 -0.959849     18.088227 18.088227 3.700659
76.852844 48.117058     55.830078 -182.910156 814.515625     -0.913113 -0.407706 0.407706 -0.913113     23.147215 23.147215 1.544784
76.852844 48.117058     21.490234 -65.531250 233.421875     -0.913113 -0.407706 0.407706 -0.913113     23.147215 23.147215 4.850009
55.190971 59.215279     30.523438 -93.019531 319.093750     -0.549484 -0.835504 0.835504 -0.549484     21.244604 21.244604 2.649287
55.190971 59.215279     32.398438 -98.886719 348.421875     -0.549484 -0.835504 0.835504 -0.549484     21.244604 21.244604 3.131067
194.237869 87.674759     23.656250 6.562500 22.435059     -0.011780 -0.999931 0.999931 -0.011780     18.575854 18.575854 1.549914
194.237869 87.674759     90.296875 -4.023438 30.934570     -0.011780 -0.999931 0.999931 -0.011780     18.575854 18.575854 4.820989
191.231689 92.238503     22.218750 6.269531 23.889160     0.525120 -0.851028 0.851028 0.525120     25.883935 25.883935 4.841098
75.430656 34.208031     88.062500 128.509766 194.725586     -0.444747 -0.895656 0.895656 -0.444747     23.922040 23.922040 5.041767
70.764709 65.366516     23.921875 -2.015625 28.492188     -0.859760 0.510698 -0.510698 -0.859760     27.582676 27.582676 4.627089
509.184998 33.965000     17.437500 -4.929688 26.390625     -0.992133 -0.125186 0.125186 -0.992133     20.359237 20.359237 0.894373
509.184998 33.965000     22.187500 -6.203125 24.414062     -0.992133 -0.125186 0.125186 -0.992133     20.359237 20.359237 3.244720
614.837219 96.682167     2017.062500 137.031250 9.546875     -0.912201 -0.409742 0.409742 -0.912201     23.390691 23.390691 1.547771
465.368744 26.721874     22.453125 -6.039062 25.117188     -0.892452 0.451141 -0.451141 -0.892452     23.322135 23.322135 0.848930
465.368744 26.721874     22.390625 -4.039062 27.679688     -0.892452 0.451141 -0.451141 -0.892452     23.322135 23.322135 4.114576
188.329514 97.304245     23.968750 -3.429688 28.671875     0.543716 -0.839269 0.839269 0.543716     27.384295 27.384295 4.769871
200.178085 26.479452     466.343750 18.671875 12.484375     -0.936647 0.350275 -0.350275 -0.936647     23.375751 23.375751 4.131875
212.093460 115.171341     503.437500 32.468750 14.500000     0.485861 -0.874036 0.874036 0.485861     26.272879 26.272879 2.671757
212.093460 115.171341     372.500000 14.164062 36.757812     0.485861 -0.874036 0.874036 0.485861     26.272879 26.272879 4.782499
538.307678 77.915382     516.156250 32.351562 15.781250     -0.999405 0.034482 -0.034482 -0.999405     15.666532 15.666532 4.722580
573.248108 84.571426     108.399170 -22.447266 90.531250     -0.990183 0.139777 -0.139777 -0.990183     17.870300 17.870300 0.358859
573.248108 84.571426     50.328125 -3.531250 212.703125     -0.990183 0.139777 -0.139777 -0.990183     17.870300 17.870300 1.262838
541.810669 161.334946     53.140625 1.984375 25.437500     0.340215 -0.940348 0.940348 0.340215     24.410584 24.410584 0.898623
541.810669 161.334946     4174.125000 -3686.406250 26117.468750     0.340215 -0.940348 0.940348 0.340215     24.410584 24.410584 1.333306
34.442509 182.191635     144.734375 110.929688 348.894531     -0.999465 0.032699 -0.032699 -0.999465     33.565737 33.565737 4.716549
202.203644 110.574944     97.328125 4.906250 53.621094     -0.666775 -0.745259 0.745259 -0.666775     66.407827 66.407827 1.258113
569.614746 144.915298     23.109375 -8.474609 34.593018     0.553713 -0.832707 0.832707 0.553713     25.740559 25.740559 1.223144
569.614746 144.915298     9093.116211 -6808.731445 24447.640625     0.553713 -0.832707 0.832707 0.553713     25.740559 25.740559 1.606480
71.191109 108.954071     261.593750 -138.995117 329.313843     -0.890316 -0.455343 0.455343 -0.890316     35.233549 35.233549 0.535902
71.191109 108.954071     137.718750 33.757812 80.957031     -0.890316 -0.455343 0.455343 -0.890316     35.233549 35.233549 1.320919
546.138550 122.679657     11120.593750 -8011.125000 24949.304688     -0.608893 -0.793252 0.793252 -0.608893     21.604393 21.604393 1.689139
546.138550 122.679657     700.585938 -54.175781 330.017578     -0.608893 -0.793252 0.793252 -0.608893     21.604393 21.604393 2.514461
558.190308 151.431763     102.796875 0.789062 54.714844     -0.789756 0.613421 -0.613421 -0.789756     32.647218 32.647218 0.457916
558.190308 151.431763     47.339844 -22.796875 129.726562     -0.789756 0.613421 -0.613421 -0.789756     32.647218 32.647218 3.480183
101.230766 96.216347     531.500000 -341.718750 407.882812     -0.955170 0.296057 -0.296057 -0.955170     21.429698 21.429698 1.031057
101.230766 96.216347     242.921875 -121.335938 511.351562     -0.955170 0.296057 -0.296057 -0.955170     21.429698 21.429698 3.578457
621.602722 401.986298     135.218750 20.304688 94.460938     -0.990671 0.136278 -0.136278 -0.990671     14.752987 14.752987 1.597456
28.945763 245.037292     50837.429688 6229.515625 29268.261719     -0.999951 0.009853 -0.009853 -0.999951     27.502661 27.502661 4.703478
26.246862 298.698730     65.875000 -26.789062 108.675781     -0.994941 -0.100460 0.100460 -0.994941     21.754916 21.754916 4.646147
67.502090 184.380753     447.906250 -272.421875 678.546875     -0.992677 -0.120801 0.120801 -0.992677     25.403282 25.403282 1.289160
67.502090 184.380753     97.429688 13.996094 13.265625     -0.992677 -0.120801 0.120801 -0.992677     25.403282 25.403282 3.433484
584.588501 186.612442     27.164062 8.140625 53.734375     -0.928153 -0.372199 0.372199 -0.928153     18.694121 18.694121 2.336921
584.588501 186.612442     2159.187500 -104.191406 580.945312     -0.928153 -0.372199 0.372199 -0.928153     18.694121 18.694121 3.020294
116.113121 175.144791     82.265625 -25.687500 54.003906     -0.939114 0.343604 -0.343604 -0.939114     20.565817 20.565817 4.620392
116.113121 175.144791     251.015625 -74.587891 376.820435     -0.939114 0.343604 -0.343604 -0.939114     20.565817 20.565817 6.361018
576.525757 281.762878     133.437500 21.273438 97.250000     -0.937439 0.348149 -0.348149 -0.937439     30.222969 30.222969 0.555860
576.525757 281.762878     668.968750 -280.703125 592.796875     -0.937439 0.348149 -0.348149 -0.937439     30.222969 30.222969 3.072525
85.289375 257.402924     91.269531 9.378906 18.496094     -0.966056 -0.258333 0.258333 -0.966056     31.415435 31.415435 1.494903
511.029663 278.172119     454.767578 -208.232422 97.673828     0.456062 -0.889948 0.889948 0.456062     25.785140 25.785140 1.217265
605.743042 359.718262     95.748047 -72.781250 183.210938     -0.771978 0.635650 -0.635650 -0.771978     17.318260 17.318260 1.868493
613.058411 404.065430     60.703125 -24.960938 127.500000     -0.998980 0.045158 -0.045158 -0.998980     24.273234 24.273234 1.588782
26.488136 299.806793     56.914062 38.195312 163.046875     -0.989181 -0.146702 0.146702 -0.989181     25.373547 25.373547 4.611370
118.543106 176.043106     39.208984 24.632812 136.890625     -0.891563 0.452896 -0.452896 -0.891563     33.387140 33.387140 3.180809
118.543106 176.043106     62.099609 14.089844 195.734375     -0.891563 0.452896 -0.452896 -0.891563     33.387140 33.387140 3.881759
584.479675 188.808121     38.009766 -36.851562 91.414062     -0.701596 -0.712575 0.712575 -0.701596     26.398226 26.398226 2.010257
584.479675 188.808121     77.781250 -58.023438 270.105469     -0.701596 -0.712575 0.712575 -0.701596     26.398226 26.398226 2.479382
56.078342 380.479248     64.382812 -28.101562 74.046875     -0.958204 -0.286087 0.286087 -0.958204     21.700515 21.700515 1.616543
56.078342 380.479248     718.984375 -301.617188 550.359375     -0.958204 -0.286087 0.286087 -0.958204     21.700515 21.700515 4.613122
84.633667 362.118805     110.132812 -60.656250 169.351562     0.657697 -0.753282 0.753282 0.657697     14.916766 14.916766 1.412900
84.633667 362.118805     132.335938 -42.023438 65.585938     0.657697 -0.753282 0.753282 0.657697     14.916766 14.916766 4.651495
80.906540 290.467285     52.093750 51.890625 81.781250     -0.694730 -0.719271 0.719271 -0.694730     21.034805 21.034805 1.912780
80.906540 290.467285     1346.906250 -954.093750 1303.988281     -0.694730 -0.719271 0.719271 -0.694730     21.034805 21.034805 3.030259
500.738800 169.787308     917.183594 -487.357422 281.142578     -0.990801 -0.135324 0.135324 -0.990801     23.907004 23.907004 4.679453
507.347229 206.783737     28.922852 27.810547 86.566406     -0.973882 0.227056 -0.227056 -0.973882     35.129712 35.129712 4.966107
511.596344 321.908264     1327.703125 -905.500000 1248.328125     0.458117 -0.888892 0.888892 0.458117     26.766598 26.766598 1.105970
60.495495 381.211700     54.687500 53.085938 82.937500     -0.893685 -0.448695 0.448695 -0.893685     23.589896 23.589896 1.553204
535.384827 392.731781     115.658203 1.849609 144.425781     -0.926030 -0.377450 0.377450 -0.926030     30.875569 30.875569 1.381960
535.384827 392.731781     136.898438 -25.398438 164.992188     -0.926030 -0.377450 0.377450 -0.926030     30.875569 30.875569 3.121841
615.952576 426.844818     91.804688 -38.052734 18.757812     -0.514981 -0.857201 0.857201 -0.514981     21.763089 21.763089 2.140240
615.952576 426.844818     2096.273438 -368.644531 665.464844     -0.514981 -0.857201 0.857201 -0.514981     21.763089 21.763089 4.738417
511.131378 425.211670     348.828125 -145.441406 423.999756     -0.731368 -0.681983 0.681983 -0.731368     36.947427 36.947427 1.779815
511.131378 425.211670     1355.218750 -874.109375 1178.859375     -0.731368 -0.681983 0.681983 -0.731368     36.947427 36.947427 2.741179
31.455000 320.494995     42.796875 -16.796875 24.101562     -0.977801 -0.209535 0.209535 -0.977801     11.848686 11.848686 4.692831
83.748734 290.451782     32.482422 29.287109 85.488281     -0.753918 -0.656968 0.656968 -0.753918     25.056692 25.056692 1.532078
105.600861 283.377686     245.714844 -63.609375 199.953125     -0.858027 -0.513605 0.513605 -0.858027     19.398569 19.398569 1.582331
506.359436 390.414734     106.046875 -43.224609 20.979980     -0.589201 -0.807987 0.807987 -0.589201     24.301354 24.301354 1.542215
506.359436 390.414734     45.378906 50.226562 97.773438     -0.589201 -0.807987 0.807987 -0.589201     24.301354 24.301354 2.548512
190.857147 454.728577     173.007812 -18.515625 157.281250     0.470012 -0.882660 0.882660 0.470012     19.735310 19.735310 4.479724
478.601929 329.169891     39.468750 45.320312 110.140625     -0.197217 -0.980360 0.980360 -0.197217     21.393045 21.393045 3.730994
130.645493 438.421417     23.503906 46.093750 105.031250     -0.922323 0.386419 -0.386419 -0.922323     23.005456 23.005456 0.894422
257.361237 453.986786     638.460938 -490.240234 831.982422     -0.927608 -0.373556 0.373556 -0.927608     21.829929 21.829929 5.821427
485.582794 304.205292     328.867188 74.687500 211.734375     -0.743539 -0.668693 0.668693 -0.743539     25.152879 25.152879 2.325145
485.582794 304.205292     166.937500 -129.523438 152.023438     -0.743539 -0.668693 0.668693 -0.743539     25.152879 25.152879 4.204341
480.260132 327.956085     52.687500 5.968750 23.835938     0.129162 -0.991624 0.991624 0.129162     23.952320 23.952320 3.086667
249.902634 453.573669     38.335938 46.632812 122.765625     -0.995523 -0.094520 0.094520 -0.995523     23.161034 23.161034 0.171792
236.181107 219.232285     117.273438 52.613281 36.363281     -0.976965 0.213401 -0.213401 -0.976965     21.512675 21.512675 0.530113
333.599030 279.589203     74.226562 19.474609 72.504883     -0.934803 0.355167 -0.355167 -0.934803     46.217764 46.217764 3.802110
120.321426 389.674103     15.656250 -1.179688 26.296875     0.238229 -0.971209 0.971209 0.238229     8.631769 8.631769 3.587333
121.498268 386.162628     826.398438 113.859375 247.687500     0.230818 -0.972997 0.972997 0.230818     8.761970 8.761970 3.740923
122.222221 384.586426     92.500000 9.906250 68.625000     0.250440 -0.968132 0.968132 0.250440     9.675390 9.675390 3.605387
123.639229 380.799042     1471.658203 -568.394531 679.851562     0.250749 -0.968052 0.968052 0.250749     10.562870 10.562870 3.620366
124.309013 379.442047     64.945312 9.185547 62.556641     0.247425 -0.968907 0.968907 0.247425     11.476141 11.476141 3.632231
125.782608 375.610443     318.078125 -68.328125 151.031250     0.239685 -0.970851 0.970851 0.239685     12.422864 12.422864 3.737043
126.354355 376.369354     476.921875 -252.429688 223.531250     0.213539 -0.976935 0.976935 0.213539     16.701088 16.701088 3.773602
148.842102 393.698578     3963.140625 -1749.523438 1545.406250     0.275964 -0.961168 0.961168 0.275964     7.763098 7.763098 4.689646
127.304878 373.501343     485.460938 -223.507812 205.429688     0.222759 -0.974874 0.974874 0.222759     16.858510 16.858510 3.770553
149.604248 391.097870     90.628906 8.128906 67.798828     0.273400 -0.961900 0.961900 0.273400     7.615939 7.615939 4.687705
151.045135 386.937500     74.390625 20.449219 73.627930     0.282422 -0.959290 0.959290 0.282422     7.971307 7.971307 4.682807
151.615616 386.126129     490.453125 -158.679688 187.648438     0.275965 -0.961168 0.961168 0.275965     9.007420 9.007420 4.682546
229.386963 82.660866     244.625000 -4.628906 55.290039     -0.554574 -0.832135 0.832135 -0.554574     6.836427 6.836427 1.504236
152.441925 384.808075     464.718750 -167.355469 434.381592     0.270537 -0.962709 0.962709 0.270537     10.236639 10.236639 3.436284
152.441925 384.808075     111.929688 -45.957031 22.790771     0.270537 -0.962709 0.962709 0.270537     10.236639 10.236639 4.686598
420.000000 323.000000     383.335938 -75.814453 94.498047     0.487172 -0.873306 0.873306 0.487172     21.489510 21.489510 1.070053
420.000000 323.000000     9587.796875 -625.929688 3272.117188     0.487172 -0.873306 0.873306 0.487172     21.489510 21.489510 2.552547
426.797089 78.666664     131.164062 -55.970703 28.109863     -0.739136 -0.673557 0.673557 -0.739136     18.254038 18.254038 1.055584
426.797089 78.666664     88.667969 7.162109 70.947266     -0.739136 -0.673557 0.673557 -0.739136     18.254038 18.254038 4.182324
404.518219 76.562752     231.023438 -43.861328 28.133301     -0.997732 0.067316 -0.067316 -0.997732     24.918427 24.918427 4.815849
229.553360 82.897232     71.628906 10.910156 60.162109     -0.556212 -0.831040 0.831040 -0.556212     6.775013 6.775013 1.500135
404.119995 76.680000     565.656250 -193.851562 461.560669     -0.993459 0.114189 -0.114189 -0.993459     24.893149 24.893149 4.792450
426.829163 78.445831     42.648438 8.417969 37.706055     -0.658768 -0.752346 0.752346 -0.658768     18.405515 18.405515 0.974238
426.829163 78.445831     12905.437500 -4299.296875 5824.863281     -0.658768 -0.752346 0.752346 -0.658768     18.405515 18.405515 4.107421
153.112839 382.980103     1002.031250 -209.822266 436.527344     0.271788 -0.962357 0.962357 0.271788     10.371253 10.371253 4.684692
154.687027 377.530548     58.273438 -5.929688 40.624023     0.263770 -0.964586 0.964586 0.263770     10.352929 10.352929 3.511651
154.687027 377.530548     376.429688 -72.662109 96.666016     0.263770 -0.964586 0.964586 0.263770     10.352929 10.352929 4.690672
229.384079 82.546715     42.417969 9.050781 38.852539     -0.555291 -0.831656 0.831656 -0.555291     6.761048 6.761048 1.514575
420.148651 323.288300     158.351562 -68.906250 34.876953     0.353589 -0.935401 0.935401 0.353589     21.656155 21.656155 1.221199
420.148651 323.288300     89.019531 5.279297 72.240234     0.353589 -0.935401 0.935401 0.353589     21.656155 21.656155 2.813376
406.470032 433.497681     58.312500 -6.052734 41.584961     -0.998002 -0.063175 0.063175 -0.998002     2.064324 2.064324 4.171382
406.470032 433.497681     364.878906 -136.378906 133.751953     -0.998002 -0.063175 0.063175 -0.998002     2.064324 2.064324 4.716393
228.913040 81.937889     644.582031 -272.939453 194.230469     -0.559889 -0.828568 0.828568 -0.559889     7.046448 7.046448 1.506114
420.157898 323.295532     679.000000 -287.865234 201.816406     0.404048 -0.914738 0.914738 0.404048     21.664425 21.664425 1.164927
420.157898 323.295532     56.875000 0.613281 65.255859     0.404048 -0.914738 0.914738 0.404048     21.664425 21.664425 2.712643
397.704712 432.866150     144.906250 -13.482422 4.575195     -0.997779 -0.066615 0.066615 -0.997779     1.988657 1.988657 4.208265
397.704712 432.866150     19.000000 -7.765625 24.609375     -0.997779 -0.066615 0.066615 -0.997779     1.988657 1.988657 4.725810
400.487549 321.925385     230.382812 45.402344 75.109375     0.404806 -0.914403 0.914403 0.404806     17.576015 17.576015 1.227759
381.000000 321.312805     1092.510742 -525.658203 614.890625     0.641620 -0.767023 0.767023 0.641620     18.553182 18.553182 0.981549
392.379425 432.471619     21.515625 -7.953125 25.148438     -0.997700 -0.067788 0.067788 -0.997700     2.188048 2.188048 4.168199
392.379425 432.471619     77.074219 2.015625 74.709961     -0.997700 -0.067788 0.067788 -0.997700     2.188048 2.188048 4.723596
420.087921 323.406586     59.273438 -6.281250 37.168945     0.466444 -0.884551 0.884551 0.466444     21.868230 21.868230 2.566546
400.542603 322.004486     2439.143555 -216.304688 520.414062     0.408170 -0.912906 0.912906 0.408170     17.932426 17.932426 1.212386
400.542603 322.004486     66.109375 2.281250 91.749023     0.408170 -0.912906 0.912906 0.408170     17.932426 17.932426 2.807775
420.136200 323.395355     179.890625 -5.625000 5.054199     0.491092 -0.871107 0.871107 0.491092     22.172243 22.172243 2.523388
381.044708 321.406494     255.281250 15.992188 20.500488     0.626342 -0.779549 0.779549 0.626342     18.879061 18.879061 0.944800
381.044708 321.406494     13559.734375 5241.632812 4810.132812     0.626342 -0.779549 0.779549 0.626342     18.879061 18.879061 2.474517
380.787537 321.124542     195.164062 -21.539062 6.089844     0.475514 -0.879708 0.879708 0.475514     20.228671 20.228671 1.050604
380.787537 321.124542     229.171875 44.675781 77.264648     0.475514 -0.879708 0.879708 0.475514     20.228671 20.228671 2.669552
400.698792 322.337341     726.375000 -202.488281 380.487305     0.434325 -0.900756 0.900756 0.434325     18.514093 18.514093 1.200819
422.921173 323.719208     57.562500 -0.089844 67.810547     -0.999974 0.007160 -0.007160 -0.999974     24.778290 24.778290 1.606502
422.921173 323.719208     78.917969 0.662109 75.386719     -0.999974 0.007160 -0.007160 -0.999974     24.778290 24.778290 1.872730
380.913177 321.064301     35.000000 -0.812500 46.700195     0.466105 -0.884729 0.884729 0.466105     21.184380 21.184380 1.062474
380.913177 321.064301     419.898438 15.039062 85.284180     0.466105 -0.884729 0.884729 0.466105     21.184380 21.184380 2.668018
414.340790 323.238831     295.109375 -22.117188 5.956543     -0.999025 -0.044156 0.044156 -0.999025     25.019068 25.019068 1.666894
414.340790 323.238831     60.820312 -5.261719 40.291016     -0.999025 -0.044156 0.044156 -0.999025     25.019068 25.019068 3.170050
404.163849 322.592682     357.625000 18.851562 22.101562     -0.998486 -0.055003 0.055003 -0.998486     25.165448 25.165448 4.712552
358.925751 321.158417     149.445312 -17.351562 66.749023     0.448371 -0.893847 0.893847 0.448371     21.450350 21.450350 1.152256
358.925751 321.158417     80.011719 -0.884766 76.838867     0.448371 -0.893847 0.893847 0.448371     21.450350 21.450350 3.752338
404.751862 322.685272     419.007812 13.183594 92.763672     -0.998753 -0.049934 0.049934 -0.998753     26.047178 26.047178 4.714585
278.345001 406.188690     424.929688 -49.046875 64.553711     -0.996905 -0.078617 0.078617 -0.996905     15.796483 15.796483 1.649378
278.345001 406.188690     769.472656 -91.423828 75.824219     -0.996905 -0.078617 0.078617 -0.996905     15.796483 15.796483 3.104504
286.940826 406.297974     44.996094 34.515625 95.568359     -0.999158 -0.041036 0.041036 -0.999158     15.403879 15.403879 1.623782
289.909241 406.814941     178.062500 251.765625 426.804688     -0.997821 -0.065972 0.065972 -0.997821     15.816256 15.816256 1.584205
289.909241 406.814941     88.656250 20.593750 54.640625     -0.997821 -0.065972 0.065972 -0.997821     15.816256 15.816256 3.184875
405.008270 322.709015     34.203125 8.933594 29.636719     -0.999114 -0.042075 0.042075 -0.999114     27.060431 27.060431 4.711885
358.796753 321.430908     358.843750 263.406250 659.804688     0.537092 -0.843524 0.843524 0.537092     22.075801 22.075801 0.971884
358.796753 321.430908     19.625000 -8.921875 116.546875     0.537092 -0.843524 0.843524 0.537092     22.075801 22.075801 1.855629
289.479248 406.878601     37.706055 11.255859 20.304688     -0.997960 -0.063850 0.063850 -0.997960     15.929379 15.929379 1.618133
289.479248 406.878601     63.623047 -22.683472 85.468384     -0.997960 -0.063850 0.063850 -0.997960     15.929379 15.929379 3.180011
288.096222 406.773743     115.611572 25.827881 45.183594     -0.997934 -0.064254 0.064254 -0.997934     16.655012 16.655012 1.601284
288.096222 406.773743     66.468750 -42.132812 79.272461     -0.997934 -0.064254 0.064254 -0.997934     16.655012 16.655012 3.173862
