1.0
281
413.128082 232.975372     24.656250 43.007812 91.234375     -0.440404 -0.897800 0.897800 -0.440404     8.489800 8.489800 4.705481
437.450562 244.695969     14.406250 3.960938 150.015625     -0.029171 -0.999574 0.999574 -0.029171     17.011343 17.011343 1.632796
413.075562 232.857773     27.421875 47.281250 100.035156     -0.442131 -0.896951 0.896951 -0.442131     9.129226 9.129226 4.701359
333.454590 390.370087     6015.195312 -526.648438 220.671875     -0.995961 0.089785 -0.089785 -0.995961     59.221646 59.221646 3.205658
333.454590 390.370087     24.125000 4.164062 261.625000     -0.995961 0.089785 -0.089785 -0.995961     59.221646 59.221646 4.612764
438.786804 248.035172     89.906250 17.882812 399.507812     -0.017525 -0.999846 0.999846 -0.017525     22.069284 22.069284 1.625343
443.276123 252.977188     34.062500 57.789062 116.394531     -0.057474 -0.998347 0.998347 -0.057474     42.423510 42.423510 1.635355
443.276123 252.977188     39.562500 59.546875 421.000000     -0.057474 -0.998347 0.998347 -0.057474     42.423510 42.423510 4.690637
412.445770 231.775101     317.343750 46.179688 375.164062     -0.458152 -0.888874 0.888874 -0.458152     9.305650 9.305650 4.707396
454.176483 257.304260     1760.718750 -51.187500 4.492188     -0.484443 -0.874823 0.874823 -0.484443     76.865907 76.865907 0.602094
454.176483 257.304260     381.515625 58.109375 424.351562     -0.484443 -0.874823 0.874823 -0.484443     76.865907 76.865907 2.034476
337.825531 292.283295     50.375000 66.500000 568.343750     -0.999691 0.024875 -0.024875 -0.999691     5.552169 5.552169 1.574330
337.805725 292.956421     4013.593750 -868.421875 563.296875     -0.999576 0.029109 -0.029109 -0.999576     7.796212 7.796212 1.576939
457.412231 258.318481     4180.671875 -892.796875 593.968750     -0.571910 -0.820316 0.820316 -0.571910     83.098170 83.098170 0.715590
457.412231 258.318481     16101.867188 -1362.937500 1010.281250     -0.571910 -0.820316 0.820316 -0.571910     83.098170 83.098170 3.918731
421.680542 269.858582     4366.468750 -960.523438 659.726562     -0.972937 0.231071 -0.231071 -0.972937     85.030770 85.030770 1.731664
421.680542 269.858582     59.593750 81.015625 783.406250     -0.972937 0.231071 -0.231071 -0.972937     85.030770 85.030770 4.755854
420.761963 270.935822     65.750000 86.890625 952.437500     -0.973448 0.228910 -0.228910 -0.973448     88.184387 88.184387 1.717350
420.761963 270.935822     119.312500 209.281250 421.421875     -0.973448 0.228910 -0.228910 -0.973448     88.184387 88.184387 4.752882
419.205231 271.847687     71.625000 86.765625 1129.125000     -0.971558 0.236802 -0.236802 -0.971558     92.836821 92.836821 1.737041
419.205231 271.847687     180.937500 333.390625 677.093750     -0.971558 0.236802 -0.236802 -0.971558     92.836821 92.836821 4.746813
562.484497 378.644928     4503.750000 -990.718750 885.765625     -0.455382 -0.890296 0.890296 -0.455382     15.760360 15.760360 6.274633
415.923370 273.640594     250.406250 461.984375 931.375000     -0.967013 0.254729 -0.254729 -0.967013     103.359340 103.359340 1.754916
415.923370 273.640594     85.718750 88.203125 1537.710938     -0.967013 0.254729 -0.254729 -0.967013     103.359340 103.359340 3.682486
412.161865 231.305756     324.000000 608.765625 1234.921875     -0.470235 -0.882541 0.882541 -0.470235     10.005268 10.005268 4.731885
564.078613 381.502228     93.531250 79.656250 1805.765625     -0.447351 -0.894359 0.894359 -0.447351     15.919832 15.919832 6.183954
564.171143 381.256744     49.140625 78.125000 145.945312     -0.448904 -0.893580 0.893580 -0.448904     16.505419 16.505419 1.598605
564.171143 381.256744     401.625000 771.250000 1580.000000     -0.448904 -0.893580 0.893580 -0.448904     16.505419 16.505419 6.189287
414.994019 275.810516     99.781250 75.390625 2092.296875     -0.967368 0.253375 -0.253375 -0.967368     108.742946 108.742946 3.664643
565.001343 382.071625     23.906250 -1.203125 45.496094     -0.446112 -0.894977 0.894977 -0.446112     17.532548 17.532548 1.600356
414.791412 277.635712     469.218750 906.406250 1855.750000     -0.968783 0.247911 -0.247911 -0.968783     113.149797 113.149797 3.644313
565.647766 382.357574     23.875000 11.640625 23.250000     -0.450953 -0.892548 0.892548 -0.450953     18.549828 18.549828 1.612815
281.767334 208.970291     16.750000 23.390625 66.765625     -0.372693 -0.927955 0.927955 -0.372693     12.163024 12.163024 1.673321
281.767334 208.970291     4734.546875 -1214.062500 1160.257812     -0.372693 -0.927955 0.927955 -0.372693     12.163024 12.163024 4.890249
567.683594 385.729980     25.656250 -0.992188 48.156250     -0.447737 -0.894165 0.894165 -0.447737     19.703297 19.703297 1.607466
414.653320 281.570862     113.500000 -0.703125 3211.554688     -0.971704 0.236203 -0.236203 -0.971704     122.171598 122.171598 3.585362
411.575073 230.367416     259.609375 -22.320312 36.144531     -0.486486 -0.873689 0.873689 -0.486486     10.686151 10.686151 4.737751
570.009277 390.011841     509.281250 34.527344 12.816406     -0.443246 -0.896400 0.896400 -0.443246     20.255948 20.255948 1.605479
409.903595 283.379456     123.781250 -60.578125 3768.164062     -0.967545 0.252698 -0.252698 -0.967545     123.244219 123.244219 3.628895
462.024048 255.687286     1045.812500 115.535156 765.789062     0.055469 -0.998460 0.998460 0.055469     21.971529 21.971529 1.564855
571.855774 393.043579     4662.718750 -190.140625 3320.781250     -0.442988 -0.896527 0.896527 -0.442988     20.792331 20.792331 1.603203
452.113312 217.773392     54.109375 85.093750 158.000000     -0.716532 -0.697554 0.697554 -0.716532     15.534898 15.534898 2.196011
452.113312 217.773392     29.421875 -2.328125 48.285156     -0.716532 -0.697554 0.697554 -0.716532     15.534898 15.534898 5.829124
281.828186 209.079300     10.078125 -0.666016 30.640625     -0.367201 -0.930142 0.930142 -0.367201     12.336772 12.336772 1.649349
281.828186 209.079300     226.812500 -273.593750 332.726562     -0.367201 -0.930142 0.930142 -0.367201     12.336772 12.336772 4.899133
405.008636 285.007294     138.375000 -51.312500 4366.664062     -0.955820 0.293953 -0.293953 -0.955820     126.231652 126.231652 3.710437
284.476959 218.528458     11.310547 -1.160156 34.554688     -0.289402 -0.957208 0.957208 -0.289402     13.006309 13.006309 1.665161
315.568726 185.710907     570.750000 1087.171875 2211.031250     -0.999615 -0.027744 0.027744 -0.999615     10.019460 10.019460 6.429748
461.984802 255.343460     470.937500 -590.515625 778.296875     0.043969 -0.999033 0.999033 0.043969     22.773994 22.773994 1.566834
573.866577 396.037109     65.687500 124.453125 288.566406     -0.444933 -0.895564 0.895564 -0.444933     22.017516 22.017516 1.607592
411.056641 183.086334     13.261719 -1.386719 37.656250     -0.995144 0.098426 -0.098426 -0.995144     26.214933 26.214933 0.430547
306.758331 183.491669     526.093750 -634.757812 893.121094     -0.997613 -0.069048 0.069048 -0.997613     14.530650 14.530650 6.274797
363.282043 181.376678     28.265625 95.632812 624.460938     -0.999865 0.016447 -0.016447 -0.999865     32.064748 32.064748 1.553694
363.282043 181.376678     15.105469 -2.181641 42.902344     -0.999865 0.016447 -0.016447 -0.999865     32.064748 32.064748 4.831408
411.292755 229.860870     86.781250 132.976562 309.214844     -0.489368 -0.872077 0.872077 -0.489368     11.347534 11.347534 4.747538
461.843506 255.254639     29538.882812 -526.414062 1462.187500     0.120707 -0.992688 0.992688 0.120707     24.291158 24.291158 1.498666
461.843506 255.254639     12.195312 35.210938 149.148438     0.120707 -0.992688 0.992688 0.120707     24.291158 24.291158 4.555121
287.008514 237.096588     16.990234 -1.541016 47.683594     -0.150768 -0.988569 0.988569 -0.150768     15.973494 15.973494 1.608513
132.744186 234.102325     17.156250 -9.304688 52.953125     0.032339 -0.999477 0.999477 0.032339     14.270447 14.270447 6.124301
579.238098 121.272728     34.937500 91.585938 623.812500     0.636383 -0.771373 0.771373 0.636383     4.714712 4.714712 4.733242
132.717209 234.217209     32.632812 36.320312 273.042969     0.049726 -0.998763 0.998763 0.049726     15.095327 15.095327 6.086023
574.519165 396.073395     41.234375 66.171875 118.496094     -0.445962 -0.895052 0.895052 -0.445962     24.259726 24.259726 1.612683
576.452209 128.463120     75.992188 87.390625 512.339844     0.611614 -0.791157 0.791157 0.611614     17.095172 17.095172 4.681135
414.015778 237.674561     43.601562 70.421875 277.949219     -0.407993 -0.912985 0.912985 -0.407993     14.281440 14.281440 4.713681
132.721008 234.177536     21.576172 -3.160156 55.609375     0.056572 -0.998399 0.998399 0.056572     16.338869 16.338869 6.081665
580.266418 132.840546     101.125000 106.195312 300.550781     0.600943 -0.799292 0.799292 0.600943     31.453118 31.453118 4.621107
287.025574 236.997437     20856.429688 1631.656250 6980.976562     -0.154596 -0.987978 0.987978 -0.154596     16.411884 16.411884 1.618179
132.622223 234.133331     63.226562 15.898438 231.605469     0.077771 -0.996971 0.996971 0.077771     17.390788 17.390788 2.163854
132.622223 234.133331     97.765625 94.851562 501.109375     0.077771 -0.996971 0.996971 0.077771     17.390788 17.390788 4.545796
414.273865 240.063599     143.460938 112.312500 339.859375     -0.357566 -0.933888 0.933888 -0.357566     17.687263 17.687263 2.239350
414.273865 240.063599     101.750000 34.320312 285.671875     -0.357566 -0.933888 0.933888 -0.357566     17.687263 17.687263 4.730429
287.162842 238.517197     155.781250 93.179688 427.191406     -0.144958 -0.989438 0.989438 -0.144958     17.490487 17.490487 1.602374
410.834656 236.984253     30.210938 -5.164062 67.882812     -0.423347 -0.905968 0.905968 -0.423347     22.338812 22.338812 0.570145
410.834656 236.984253     23921.164062 1648.375000 7139.501953     -0.423347 -0.905968 0.905968 -0.423347     22.338812 22.338812 0.932418
319.504028 227.875000     43.656250 -44.171875 56.094727     -0.235247 -0.971936 0.971936 -0.235247     8.624107 8.624107 1.566959
319.504028 227.875000     41.062500 -7.099609 78.304688     -0.235247 -0.971936 0.971936 -0.235247     8.624107 8.624107 4.788499
132.497177 234.350281     261.875000 -274.992188 300.703125     0.050018 -0.998748 0.998748 0.050018     18.506470 18.506470 0.428287
132.497177 234.350281     123.005859 -8.496094 78.917969     0.050018 -0.998748 0.998748 0.050018     18.506470 18.506470 2.257725
378.170624 260.027771     155.777344 -11.548828 81.843750     0.237416 -0.971408 0.971408 0.237416     17.359825 17.359825 2.642772
286.880524 237.906281     406.218750 -421.437500 459.648438     -0.150213 -0.988654 0.988654 -0.150213     20.632507 20.632507 1.618539
354.892792 241.386322     25759.039062 1723.824219 7432.266602     -0.152767 -0.988262 0.988262 -0.152767     18.344366 18.344366 1.633106
319.933197 239.998093     230.884766 2.402344 2.531250     -0.146190 -0.989257 0.989257 -0.146190     23.497368 23.497368 1.612609
365.632843 219.545898     431.062500 -447.164062 489.416016     -0.497911 -0.867228 0.867228 -0.497911     8.102986 8.102986 1.928566
365.632843 219.545898     199.365234 1.076172 91.652344     -0.497911 -0.867228 0.867228 -0.497911     8.102986 8.102986 3.978751
284.498199 236.039490     341.441406 24.679688 6.835938     -0.189342 -0.981911 0.981911 -0.189342     34.606320 34.606320 1.642802
353.239990 236.612900     355.910156 26.070312 7.539062     -0.267289 -0.963616 0.963616 -0.267289     22.076556 22.076556 1.652680
353.239990 236.612900     465.906250 -488.585938 543.177734     -0.267289 -0.963616 0.963616 -0.267289     22.076556 22.076556 3.910528
132.355133 234.591125     608.031250 -637.820312 702.146484     0.091680 -0.995788 0.995788 0.091680     20.761160 20.761160 0.308332
132.355133 234.591125     380.102539 25.425781 8.835938     0.091680 -0.995788 0.995788 0.091680     20.761160 20.761160 2.334695
407.593262 238.813492     634.843750 -667.789062 739.947266     -0.397173 -0.917744 0.917744 -0.397173     33.423420 33.423420 0.206732
407.593262 238.813492     678.656250 -722.882812 813.253906     -0.397173 -0.917744 0.917744 -0.397173     33.423420 33.423420 0.777304
318.940094 240.648132     701.875000 -755.312500 861.945312     -0.093186 -0.995649 0.995649 -0.093186     35.358253 35.358253 1.605025
318.940094 240.648132     397.952148 21.718750 12.460938     -0.093186 -0.995649 0.995649 -0.093186     35.358253 35.358253 3.006413
282.956421 232.785187     403.688477 17.089844 14.382812     -0.218048 -0.975938 0.975938 -0.218048     39.377828 39.377828 0.501817
282.956421 232.785187     702.312500 -774.039062 920.105469     -0.218048 -0.975938 0.975938 -0.218048     39.377828 39.377828 1.670944
360.824249 236.755035     186.437500 4.656250 5283.273438     -0.413387 -0.910556 0.910556 -0.413387     43.273002 43.273002 0.608492
360.824249 236.755035     423.955078 16.335938 19.390625     -0.413387 -0.910556 0.910556 -0.413387     43.273002 43.273002 1.863424
318.644958 232.765167     688.968750 -769.359375 941.419922     -0.177650 -0.984094 0.984094 -0.177650     43.988378 43.988378 3.096630
318.644958 232.765167     445.634766 14.398438 27.023438     -0.177650 -0.984094 0.984094 -0.177650     43.988378 43.988378 6.185028
360.751892 235.326813     679.218750 -793.656250 1049.722656     -0.296332 -0.955085 0.955085 -0.296332     50.686592 50.686592 1.802437
405.819031 240.242722     487.355469 35.031250 65.281250     -0.338235 -0.941062 0.941062 -0.338235     39.012007 39.012007 0.673489
405.819031 240.242722     231.085266 41.267090 15.695312     -0.338235 -0.941062 0.941062 -0.338235     39.012007 39.012007 6.360183
132.012543 234.467743     227.147034 40.079102 17.945312     0.133394 -0.991063 0.991063 0.133394     24.447830 24.447830 0.258125
132.012543 234.467743     233.343353 40.770020 21.171875     0.133394 -0.991063 0.991063 0.133394     24.447830 24.447830 2.216010
627.942566 113.947365     336.528442 79.994141 28.734375     0.674802 -0.737999 0.737999 0.674802     8.396457 8.396457 4.992492
627.942566 113.947365     234.825684 43.026855 26.804688     0.674802 -0.737999 0.737999 0.674802     8.396457 8.396457 6.184192
318.420532 230.884430     17.081539 -0.792603 41.933594     -0.272007 -0.962295 0.962295 -0.272007     46.919638 46.919638 1.748524
318.420532 230.884430     330.595337 77.984375 28.984375     -0.272007 -0.962295 0.962295 -0.272007     46.919638 46.919638 3.755467
628.286255 114.219604     229.339386 46.367188 33.640625     0.655964 -0.754792 0.754792 0.655964     10.328396 10.328396 5.065790
628.286255 114.219604     344.722656 79.582031 32.562500     0.655964 -0.754792 0.754792 0.655964     10.328396 10.328396 6.314108
132.129547 234.547302     16.552742 0.082397 54.847656     0.181122 -0.983461 0.983461 0.181122     28.373198 28.373198 0.161685
132.129547 234.547302     344.044067 80.271484 40.140625     0.181122 -0.983461 0.983461 0.181122     28.373198 28.373198 2.225443
614.955811 129.034012     213.948242 44.344727 59.828125     0.681754 -0.731582 0.731582 0.681754     10.660750 10.660750 4.810022
135.153839 234.229752     260.816040 28.408691 63.343750     -0.983131 0.182900 -0.182900 -0.983131     39.573750 39.573750 1.673545
135.153839 234.229752     49.438477 43.638672 65.265625     -0.983131 0.182900 -0.182900 -0.983131     39.573750 39.573750 4.798052
136.451950 234.110825     99.119141 78.744141 94.679688     -0.988561 0.150824 -0.150824 -0.988561     40.269784 40.269784 4.728503
609.327881 137.259399     147.847229 10.040039 27.343750     0.684375 -0.729131 0.729131 0.684375     14.685602 14.685602 4.811990
130.193542 334.497681     314.816284 45.417969 20.281250     -0.999945 -0.010519 0.010519 -0.999945     7.123629 7.123629 1.272823
608.036133 139.248703     79.524414 -3.249512 35.156250     0.683699 -0.729764 0.729764 0.683699     15.669009 15.669009 4.814213
137.944595 234.060745     172.849121 125.199219 154.382812     -0.999950 -0.009990 0.009990 -0.999950     43.078327 43.078327 4.618450
125.863312 333.586334     146.363281 17.375000 18.269531     -0.997320 -0.073164 0.073164 -0.997320     10.087852 10.087852 1.210552
125.557930 333.161591     173.033325 19.837891 80.484375     -0.997242 -0.074215 0.074215 -0.997242     10.647897 10.647897 1.202198
605.645386 142.757797     570.448853 256.178711 382.718750     0.678664 -0.734449 0.734449 0.678664     17.094577 17.094577 4.818207
138.065674 233.389832     26.074219 -13.890625 123.023438     -0.992459 -0.122580 0.122580 -0.992459     47.481951 47.481951 4.561721
601.323364 147.855728     351.363525 -182.916504 257.621094     0.680596 -0.732659 0.732659 0.680596     17.736499 17.736499 4.787681
124.913437 332.391785     161.980469 30.195312 29.945312     -0.997685 -0.068008 0.068008 -0.997685     11.992962 11.992962 1.183677
599.945190 150.003387     337.626953 -25.785156 10.312500     0.678803 -0.734320 0.734320 0.678803     18.847348 18.847348 4.783207
597.562988 153.356094     524.739136 5.000977 625.710938     0.673537 -0.739154 0.739154 0.673537     20.097595 20.097595 4.756059
136.932846 229.051636     273.252441 -80.856934 283.089844     -0.998663 -0.051685 0.051685 -0.998663     68.326749 68.326749 4.583777
124.309258 331.866669     1263.110596 293.234375 663.523438     -0.997606 -0.069159 0.069159 -0.997606     13.640115 13.640115 1.142306
595.934387 155.950439     171.921875 35.375000 38.039062     0.668815 -0.743429 0.743429 0.668815     21.283198 21.283198 4.745898
124.792336 331.327484     185.164062 41.402344 49.179688     -0.998427 -0.056074 0.056074 -0.998427     15.087523 15.087523 1.118368
125.463989 330.772858     959.647095 464.101562 2091.820312     -0.999042 -0.043772 0.043772 -0.999042     16.615934 16.615934 1.100321
593.781128 160.145798     104.363281 9.695312 28.710938     0.656005 -0.754756 0.754756 0.656005     24.460862 24.460862 4.844802
125.268768 329.473328     5097.270020 386.023438 1666.140625     -0.999188 -0.040281 0.040281 -0.999188     19.476251 19.476251 1.048812
592.946655 162.386307     5972.220703 -923.179688 2297.648438     0.647340 -0.762201 0.762201 0.647340     26.830367 26.830367 4.849407
124.930534 327.923676     5791.148438 -852.992188 2266.007812     -0.999410 -0.034335 0.034335 -0.999410     23.177742 23.177742 1.028737
590.857239 167.425888     22.093750 -32.984375 145.351562     0.621568 -0.783360 0.783360 0.621568     31.654168 31.654168 3.565885
590.857239 167.425888     227.125000 7.140625 11.765625     0.621568 -0.783360 0.783360 0.621568     31.654168 31.654168 4.730197
122.824516 322.702942     125.000000 -25.500000 9.445312     -0.996620 -0.082155 0.082155 -0.996620     35.545297 35.545297 0.802046
122.824516 322.702942     5458.524414 -704.507812 2203.718750     -0.996620 -0.082155 0.082155 -0.996620     35.545297 35.545297 2.679503
21.975460 287.914124     210.906250 -410.671875 990.292969     -0.983309 -0.181944 0.181944 -0.983309     12.775201 12.775201 4.667015
22.273195 288.077332     334.843750 -58.109375 52.835938     -0.983311 -0.181935 0.181935 -0.983311     14.602324 14.602324 4.660024
22.231293 288.267578     176.234375 -2.921875 3.156250     -0.983219 -0.182427 0.182427 -0.983219     16.599675 16.599675 4.659209
34.648289 327.157806     847.593750 -808.234375 1552.523438     -0.971415 -0.237389 0.237389 -0.971415     13.638680 13.638680 4.670067
22.292070 288.431335     607.734375 -21.031250 4.562500     -0.980830 -0.194866 0.194866 -0.980830     19.227347 19.227347 4.652999
34.477966 326.952545     433.906250 1097.234375 3041.156250     -0.971664 -0.236366 0.236366 -0.971664     14.240177 14.240177 4.661341
21.809683 287.956604     9776.472656 704.300781 2144.343750     -0.975622 -0.219459 0.219459 -0.975622     21.679848 21.679848 4.634041
34.501366 326.260925     1418.031250 841.593750 4684.468750     -0.972337 -0.233582 0.233582 -0.972337     16.500167 16.500167 4.654903
33.745514 325.048218     43365.953125 704.148438 3393.320312     -0.970620 -0.240619 0.240619 -0.970620     20.245570 20.245570 4.641066
64.629631 317.121216     1416.296875 22.273438 826.234375     -0.640924 -0.767604 0.767604 -0.640924     16.226008 16.226008 1.985898
67.523361 319.915894     42223.453125 1969.273438 4111.820312     -0.717000 -0.697073 0.697073 -0.717000     19.157528 19.157528 2.035424
33.975246 271.888611     41141.734375 2348.609375 4417.062500     -0.988835 -0.149018 0.149018 -0.988835     16.495278 16.495278 4.673091
64.102539 317.701538     55.590775 -6.104401 26.773407     -0.732649 -0.680607 0.680607 -0.732649     27.767862 27.767862 2.113336
198.765869 229.982147     40862.781250 3798.316406 5822.515625     -0.991241 -0.132068 0.132068 -0.991241     17.974430 17.974430 4.596364
182.208160 295.392700     295.625000 107.440430 336.949097     0.139086 -0.990280 0.990280 0.139086     22.101949 22.101949 3.156331
198.159866 229.602036     39533.324219 5319.558594 8423.644531     -0.977085 -0.212847 0.212847 -0.977085     21.753016 21.753016 4.532656
118.690208 344.592285     43683.023438 207.562500 10886.515625     -0.996949 0.078056 -0.078056 -0.996949     12.959415 12.959415 1.769907
118.690208 344.592285     70.968750 4.503906 22.013672     -0.996949 0.078056 -0.078056 -0.996949     12.959415 12.959415 3.329645
198.094025 229.464172     67.062500 14.234375 110.468750     -0.970603 -0.240686 0.240686 -0.970603     24.344506 24.344506 4.513837
197.697891 229.172821     94.625000 50.335938 49.367188     -0.962837 -0.270083 0.270083 -0.962837     27.581007 27.581007 4.484967
183.184143 188.344986     66.218750 10.757812 107.152344     -0.992141 -0.125127 0.125127 -0.992141     23.593130 23.593130 6.192753
192.949692 292.776093     88.000000 40.015625 55.691406     0.280352 -0.959897 0.959897 0.280352     57.721790 57.721790 1.346393
195.355896 210.829346     64.750000 9.757812 110.957031     -0.546208 -0.837650 0.837650 -0.546208     57.775729 57.775729 5.241910
585.266479 242.127365     63.906250 6.773438 104.789062     0.243244 -0.969965 0.969965 0.243244     16.730124 16.730124 6.011453
533.881775 300.919830     21.352657 13.573242 47.468750     -0.999452 -0.033102 0.033102 -0.999452     15.279554 15.279554 4.814895
211.438049 339.920349     32.888458 34.394531 160.250000     -0.978483 0.206326 -0.206326 -0.978483     9.076523 9.076523 0.780294
588.912720 218.847397     321.656250 -13.125000 4.296875     0.394755 -0.918786 0.918786 0.394755     26.416782 26.416782 1.595437
588.912720 218.847397     84.781250 35.585938 55.316406     0.394755 -0.918786 0.918786 0.394755     26.416782 26.416782 5.416238
536.591858 297.239197     66.171875 5.867188 101.449219     -0.980960 0.194210 -0.194210 -0.980960     28.930304 28.930304 1.663254
489.802521 325.134460     92.890625 16.742188 95.550781     -0.999858 0.016875 -0.016875 -0.999858     7.931928 7.931928 1.664006
598.906616 367.091400     96.359375 17.195312 99.652344     -0.340181 -0.940360 0.940360 -0.340181     21.455442 21.455442 1.197463
474.848114 326.327423     24.531250 -14.867188 29.226562     -0.999394 0.034804 -0.034804 -0.999394     8.806762 8.806762 1.647172
596.206909 362.967224     202.302246 122.626953 259.314453     -0.342730 -0.939434 0.939434 -0.342730     26.086789 26.086789 1.172653
377.648346 268.469788     1884.015625 -1050.460938 9909.257812     0.147603 -0.989047 0.989047 0.147603     51.913837 51.913837 1.463792
311.445251 269.012024     679.000000 201.386719 445.148438     0.427932 -0.903811 0.903811 0.427932     100.204416 100.204416 1.126484
331.536621 267.571960     174.602051 -66.593750 40.175781     -0.999290 -0.037667 0.037667 -0.999290     129.283583 129.283583 2.991509
348.532623 267.810730     75.589844 36.961914 32.362305     -0.995310 -0.096732 0.096732 -0.995310     116.746995 116.746995 2.811594
416.753784 217.136368     7278.117188 684.480469 10470.929688     -0.600933 -0.799299 0.799299 -0.600933     13.145004 13.145004 0.711446
364.950470 166.489166     6757.390625 390.578125 9802.761719     -0.995864 -0.090858 0.090858 -0.995864     20.915445 20.915445 2.024555
364.950470 166.489166     2673.871094 846.365234 565.044189     -0.995864 -0.090858 0.090858 -0.995864     20.915445 20.915445 2.782877
458.906708 255.000000     311.659668 10.619141 308.429688     -0.277775 -0.960646 0.960646 -0.277775     36.746382 36.746382 1.848068
447.855774 220.778839     19726.550781 -5542.218750 15835.361328     -0.844562 -0.535458 0.535458 -0.844562     17.946440 17.946440 2.168550
458.956177 254.708755     26.914062 -15.367188 31.773438     -0.286186 -0.958174 0.958174 -0.286186     35.664023 35.664023 1.869839
447.922089 220.822510     63.523438 -67.578125 92.914062     -0.839651 -0.543126 0.543126 -0.839651     18.448662 18.448662 2.173849
458.913452 254.407745     154.440063 22.552246 6.640625     -0.276775 -0.960935 0.960935 -0.276775     35.678613 35.678613 1.861961
447.496185 220.034348     109.275757 -25.282227 9.898438     -0.828656 -0.559759 0.559759 -0.828656     19.109210 19.109210 2.181221
459.315460 254.049484     145.207886 -5.364258 14.316406     -0.239613 -0.970868 0.970868 -0.239613     35.877078 35.877078 1.837401
448.239380 218.687881     45.867188 0.234375 23.523438     -0.828959 -0.559309 0.559309 -0.828959     24.104360 24.104360 2.292839
459.425415 254.583801     94.676758 10.037109 19.140625     -0.198486 -0.980104 0.980104 -0.198486     35.653491 35.653491 1.784197
448.329742 218.402710     41.101562 34.679688 47.617188     -0.819683 -0.572817 0.572817 -0.819683     24.570090 24.570090 2.300392
449.058014 218.155457     2477.781250 -521.484375 9398.796875     -0.834040 -0.551703 0.551703 -0.834040     25.002749 25.002749 2.322354
480.345001 235.130005     158.278320 9.425293 51.832031     -0.302084 -0.953281 0.953281 -0.302084     9.805975 9.805975 1.784792
459.543976 254.584686     120.203125 -103.757812 112.429688     -0.159305 -0.987229 0.987229 -0.159305     35.664665 35.664665 1.751470
480.309723 234.659286     48.757812 39.632812 57.378906     -0.298737 -0.954335 0.954335 -0.298737     10.199329 10.199329 1.800110
449.074219 217.901031     5.437500 -10.289062 97.406250     -0.831418 -0.555648 0.555648 -0.831418     25.269756 25.269756 2.332618
459.828705 254.660324     2865.656250 -224.015625 9719.960938     -0.159871 -0.987138 0.987138 -0.159871     36.341968 36.341968 1.761270
457.714813 253.785172     2.125000 -3.453125 282.462891     -0.678530 -0.734573 0.734573 -0.678530     39.596360 39.596360 0.711156
457.883759 253.749191     21.437500 6.703125 49.746094     -0.672564 -0.740039 0.740039 -0.672564     40.432919 40.432919 0.717224
457.883759 253.749191     31.781250 -35.648438 411.523438     -0.672564 -0.740039 0.740039 -0.672564     40.432919 40.432919 2.273340
