1.0
457
464.017548 92.824562     517.718750 -0.902344 1.398438     -0.999998 0.001748 -0.001748 -0.999998     5.318498 5.318498 3.067173
464.017548 92.824562     0.843750 -52.593750 2807.468750     -0.999998 0.001748 -0.001748 -0.999998     5.318498 5.318498 4.692075
623.823792 274.627045     1222.906250 0.945312 1.445312     0.018729 -0.999825 0.999825 0.018729     0.000000 0.000000 1.570796
623.823792 274.627045     1451.406250 263.968750 106.167969     0.018729 -0.999825 0.999825 0.018729     0.000000 0.000000 4.712389
448.291779 92.838524     13491.328125 6548.226562 9527.726562     -1.000000 -0.000774 0.000774 -1.000000     5.408582 5.408582 3.006546
569.555237 99.334251     16457.375000 6832.359375 8999.714844     -0.982568 -0.185902 0.185902 -0.982568     33.742498 33.742498 5.515684
341.876251 245.534653     32415.187500 7040.699219 6813.888672     -0.996424 0.084498 -0.084498 -0.996424     10.273663 10.273663 3.175019
341.876251 245.534653     19.898438 17.566406 135.425781     -0.996424 0.084498 -0.084498 -0.996424     10.273663 10.273663 3.500963
347.097687 332.974152     33358.968750 6847.378906 6522.148438     -0.995086 0.099014 -0.099014 -0.995086     44.278639 44.278639 1.626696
347.097687 332.974152     52.765625 12.234375 102.031250     -0.995086 0.099014 -0.099014 -0.995086     44.278639 44.278639 4.793577
327.811859 189.007736     4393.617188 -214.351562 1113.484375     -0.147075 -0.989125 0.989125 -0.147075     18.709639 18.709639 6.065480
289.312042 170.686127     57.312500 -34.406250 181.250000     -0.228455 -0.973555 0.973555 -0.228455     31.786282 31.786282 3.918590
215.192123 271.854675     86.945312 -50.671875 206.843750     -0.991563 0.129622 -0.129622 -0.991563     66.048038 66.048038 6.386043
357.429810 293.266602     8573.273438 265.703125 1263.507812     -0.997890 0.064934 -0.064934 -0.997890     149.216644 149.216644 3.032907
357.429810 293.266602     320.734375 -162.544922 128.000000     -0.997890 0.064934 -0.064934 -0.997890     149.216644 149.216644 6.353104
236.884506 329.639435     352.734375 48.328125 392.029297     -0.143082 -0.989711 0.989711 -0.143082     20.895543 20.895543 0.629716
236.884506 329.639435     14.914062 -5.156250 62.523438     -0.143082 -0.989711 0.989711 -0.143082     20.895543 20.895543 4.767853
315.596741 157.724304     400.945312 -303.812500 507.921875     -0.950047 0.312107 -0.312107 -0.950047     111.990650 111.990650 1.565913
315.596741 157.724304     54.712891 -21.470703 45.910156     -0.950047 0.312107 -0.312107 -0.950047     111.990650 111.990650 5.286730
397.278778 204.258179     23.421875 -4.468750 83.832031     0.250717 -0.968060 0.968060 0.250717     31.307086 31.307086 2.799330
397.278778 204.258179     16.578125 -4.562500 65.132812     0.250717 -0.968060 0.968060 0.250717     31.307086 31.307086 5.956221
201.375107 330.836304     89.562500 -42.269531 93.254395     0.343709 -0.939076 0.939076 0.343709     37.216661 37.216661 1.286392
201.375107 330.836304     34.000000 13.451172 33.776855     0.343709 -0.939076 0.939076 0.343709     37.216661 37.216661 2.709711
314.805145 289.785461     123.765625 13.269531 48.078613     -0.999342 -0.036277 0.036277 -0.999342     159.344643 159.344643 1.486093
314.805145 289.785461     56.390625 19.306641 46.419434     -0.999342 -0.036277 0.036277 -0.999342     159.344643 159.344643 2.758186
198.899246 136.007553     29.968750 -35.296875 78.909180     -0.868900 0.494987 -0.494987 -0.868900     26.775167 26.775167 1.038625
464.162048 166.158020     18.328125 -7.386475 31.940613     -0.558297 -0.829641 0.829641 -0.558297     80.525182 80.525182 0.786953
464.162048 166.158020     93.074219 -55.494141 62.875488     -0.558297 -0.829641 0.829641 -0.558297     80.525182 80.525182 3.958328
307.267975 199.993469     55.105469 15.081543 33.202995     0.106453 -0.994318 0.994318 0.106453     17.053768 17.053768 4.629315
187.422119 348.514313     54.375000 10.194824 65.833542     0.642888 -0.765960 0.765960 0.642888     54.364123 54.364123 2.227118
187.422119 348.514313     103.028320 -66.143066 124.920502     0.642888 -0.765960 0.765960 0.642888     54.364123 54.364123 5.372383
132.516022 156.089737     65.256348 26.959229 23.030396     -0.774861 0.632132 -0.632132 -0.774861     23.978851 23.978851 0.859420
365.996399 211.418320     18.289062 -6.824219 71.550781     0.073375 -0.997304 0.997304 0.073375     21.624874 21.624874 1.547895
365.996399 211.418320     25.328125 -6.968750 95.539062     0.073375 -0.997304 0.997304 0.073375     21.624874 21.624874 4.674089
307.431091 200.052780     19.140625 -9.410156 85.453125     0.092749 -0.995689 0.995689 0.092749     18.085927 18.085927 4.632468
406.971222 66.136360     5.992188 -8.625000 72.140625     0.691509 -0.722367 0.722367 0.691509     31.531686 31.531686 0.964717
322.916656 58.286232     17.662109 5.187500 88.156250     -0.710033 -0.704168 0.704168 -0.710033     20.343182 20.343182 1.598326
322.916656 58.286232     367.007812 -28.242188 185.515625     -0.710033 -0.704168 0.704168 -0.710033     20.343182 20.343182 4.689681
498.377411 44.528786     854.027344 425.242188 493.765625     -0.985817 -0.167825 0.167825 -0.985817     30.460582 30.460582 0.874783
498.377411 44.528786     800.859375 484.148438 793.390625     -0.985817 -0.167825 0.167825 -0.985817     30.460582 30.460582 1.266036
275.089111 68.346535     36.289062 -16.750000 48.687500     -0.790579 -0.612360 0.612360 -0.790579     25.242175 25.242175 2.268741
378.521423 62.610714     37.968750 -36.343750 76.765625     0.463819 -0.885930 0.885930 0.463819     15.253241 15.253241 1.363599
154.894730 59.504642     690.246094 138.953125 1700.312500     -0.794526 0.607230 -0.607230 -0.794526     20.356320 20.356320 0.195946
154.894730 59.504642     28.265625 -41.562500 115.453125     -0.794526 0.607230 -0.607230 -0.794526     20.356320 20.356320 0.582084
81.694115 44.929413     52.765625 -11.828125 74.578125     -0.899047 -0.437853 0.437853 -0.899047     14.159449 14.159449 1.108653
81.694115 44.929413     52.632812 -3.437500 79.468750     -0.899047 -0.437853 0.437853 -0.899047     14.159449 14.159449 1.540947
307.332458 200.167557     44.117188 -20.570312 80.859375     0.125099 -0.992144 0.992144 0.125099     18.786410 18.786410 2.460108
307.332458 200.167557     937.513672 -359.050781 2093.437500     0.125099 -0.992144 0.992144 0.125099     18.786410 18.786410 4.622095
365.998383 211.611389     48.734375 -8.968750 72.437500     0.097824 -0.995204 0.995204 0.097824     22.338831 22.338831 1.529385
365.998383 211.611389     46.132812 -21.015625 90.562500     0.097824 -0.995204 0.995204 0.097824     22.338831 22.338831 4.710450
307.450836 199.829742     30.500000 -36.562500 134.984375     0.137830 -0.990456 0.990456 0.137830     19.002112 19.002112 2.421600
307.450836 199.829742     52.656250 -3.203125 80.109375     0.137830 -0.990456 0.990456 0.137830     19.002112 19.002112 4.624697
210.851669 368.411469     48.406250 -11.859375 73.765625     0.127202 -0.991877 0.991877 0.127202     9.947018 9.947018 1.524164
210.851669 368.411469     43.750000 -21.484375 83.015625     0.127202 -0.991877 0.991877 0.127202     9.947018 9.947018 4.667521
169.596710 428.148163     46.062500 -19.859375 92.296875     -0.072998 -0.997332 0.997332 -0.072998     18.707458 18.707458 1.573502
169.730164 407.741333     10.250000 -5.636719 160.281250     -0.833680 -0.552248 0.552248 -0.833680     65.532752 65.532752 2.178459
169.730164 407.741333     106.703125 -32.500000 59.375000     -0.833680 -0.552248 0.552248 -0.833680     65.532752 65.532752 4.420852
167.084351 399.801758     11.375000 -25.164062 248.671875     -0.709829 -0.704375 0.704375 -0.709829     79.608315 79.608315 2.176951
167.084351 399.801758     45.593750 -23.312500 31.546875     -0.709829 -0.704375 0.704375 -0.709829     79.608315 79.608315 4.203635
234.509338 374.182251     7.750000 5.007812 149.917969     0.571361 -0.820699 0.820699 0.571361     22.331932 22.331932 2.420748
234.509338 374.182251     80.109375 21.031250 128.171875     0.571361 -0.820699 0.820699 0.571361     22.331932 22.331932 5.578646
262.683838 368.511017     42.917969 -42.464844 103.890625     0.514357 -0.857576 0.857576 0.514357     18.095649 18.095649 2.347539
262.683838 368.511017     132.078125 32.976562 225.027344     0.514357 -0.857576 0.857576 0.514357     18.095649 18.095649 5.496518
222.859818 314.750000     69.765625 -40.796875 67.843750     -0.059554 -0.998225 0.998225 -0.059554     23.793659 23.793659 4.713689
396.187500 364.307678     12.437500 -9.500000 265.023438     0.371640 -0.928377 0.928377 0.371640     15.344726 15.344726 3.103604
396.187500 364.307678     14.410156 -7.476562 373.460938     0.371640 -0.928377 0.928377 0.371640     15.344726 15.344726 5.317196
395.887970 362.879669     112.255859 -127.878906 531.531250     0.296694 -0.954973 0.954973 0.296694     18.609457 18.609457 2.344139
395.887970 362.879669     32.640625 -40.046875 142.312500     0.296694 -0.954973 0.954973 0.296694     18.609457 18.609457 5.491592
211.524261 368.664429     6.912109 -19.011719 227.429688     0.219335 -0.975650 0.975650 0.219335     30.842341 30.842341 2.988441
239.332886 365.975922     5.593750 -18.562500 175.292969     0.215088 -0.976595 0.976595 0.215088     31.339498 31.339498 2.974762
360.194183 359.951447     78.910156 34.566406 170.027344     0.618439 -0.785833 0.785833 0.618439     21.471203 21.471203 2.324740
360.194183 359.951447     47.203125 -12.625000 77.609375     0.618439 -0.785833 0.785833 0.618439     21.471203 21.471203 5.459124
266.397705 369.625244     11.687500 -9.085938 296.246094     0.401325 -0.915936 0.915936 0.401325     31.041205 31.041205 2.711753
266.397705 369.625244     36.093750 -1.171875 40.296875     0.401325 -0.915936 0.915936 0.401325     31.041205 31.041205 5.899367
301.227081 369.951965     41.210938 -67.667969 245.878906     0.125068 -0.992148 0.992148 0.125068     32.512146 32.512146 1.860051
301.227081 369.951965     153.843750 -58.015625 369.097656     0.125068 -0.992148 0.992148 0.125068     32.512146 32.512146 3.977646
360.806091 362.114075     6.468750 -19.937500 209.000000     0.408588 -0.912719 0.912719 0.408588     26.587603 26.587603 2.679180
360.806091 362.114075     219.007812 -1.617188 167.859375     0.408588 -0.912719 0.912719 0.408588     26.587603 26.587603 5.805760
325.983063 366.176270     39.000000 -2.703125 41.195312     0.369836 -0.929097 0.929097 0.369836     27.654812 27.654812 2.753524
325.983063 366.176270     53.632812 -21.179688 153.718750     0.369836 -0.929097 0.929097 0.369836     27.654812 27.654812 4.061401
395.955566 362.170380     139.546875 -99.304688 423.675781     0.300596 -0.953751 0.953751 0.300596     19.602913 19.602913 2.348543
395.955566 362.170380     86.500000 -10.578125 286.812500     0.300596 -0.953751 0.953751 0.300596     19.602913 19.602913 5.478072
301.159546 369.606995     150.531250 -39.156250 413.960938     0.114374 -0.993438 0.993438 0.114374     32.539536 32.539536 1.844563
301.159546 369.606995     6.203125 -18.984375 207.878906     0.114374 -0.993438 0.993438 0.114374     32.539536 32.539536 4.945999
360.848480 362.020203     53.734375 -13.000000 80.312500     0.403373 -0.915036 0.915036 0.403373     26.346763 26.346763 2.679740
360.848480 362.020203     42.265625 -20.750000 85.476562     0.403373 -0.915036 0.915036 0.403373     26.346763 26.346763 5.804473
326.058289 366.134979     5.546875 -18.703125 191.312500     0.347468 -0.937692 0.937692 0.347468     27.995455 27.995455 0.797862
326.058289 366.134979     42.410156 -70.882812 257.710938     0.347468 -0.937692 0.937692 0.347468     27.995455 27.995455 2.788652
416.906250 213.473221     171.648438 -46.906250 425.484375     0.180421 -0.983590 0.983590 0.180421     13.002729 13.002729 2.724819
301.014099 369.355621     44.492188 -19.867188 99.218750     0.088877 -0.996043 0.996043 0.088877     32.526489 32.526489 1.892207
301.014099 369.355621     52.492188 -3.789062 85.171875     0.088877 -0.996043 0.996043 0.088877     32.526489 32.526489 4.945749
245.996689 210.105957     12.234375 -13.492188 340.070312     0.037491 -0.999297 0.999297 0.037491     14.257634 14.257634 1.581352
245.996689 210.105957     87.218750 -11.945312 289.695312     0.037491 -0.999297 0.999297 0.037491     14.257634 14.257634 4.701548
368.845459 226.781815     936.457031 -359.507812 2114.562500     -0.891241 0.453529 -0.453529 -0.891241     29.452354 29.452354 1.965389
417.275604 205.863510     53.027344 -24.343750 156.125000     0.104306 -0.994545 0.994545 0.104306     13.300403 13.300403 1.526167
417.275604 205.863510     45.859375 -13.296875 78.890625     0.104306 -0.994545 0.994545 0.104306     13.300403 13.300403 3.052777
187.452759 200.960632     154.875000 -43.726562 433.847656     -0.802641 0.596462 -0.596462 -0.802641     16.970908 16.970908 5.219372
475.605377 214.321838     50.539062 -0.437500 40.421875     -0.035159 -0.999382 0.999382 -0.035159     12.384258 12.384258 1.611550
219.203873 208.098419     6.593750 -19.906250 216.457031     -0.351770 -0.936087 0.936087 -0.351770     38.238375 38.238375 2.115081
219.203873 208.098419     19.035666 7.820038 34.484375     -0.351770 -0.936087 0.936087 -0.351770     38.238375 38.238375 3.733125
185.804626 205.735214     32.203125 -37.625000 144.484375     0.456513 -0.889717 0.889717 0.456513     20.684960 20.684960 2.355827
426.527222 205.681931     25.917465 11.134216 34.135742     -0.303684 -0.952773 0.952773 -0.303684     49.615897 49.615897 3.724948
292.931610 221.198700     50.958511 -25.753750 54.043770     -0.715384 0.698732 -0.698732 -0.715384     23.810272 23.810272 5.530969
162.479172 218.642853     113.833984 -127.158203 536.507812     0.084736 -0.996403 0.996403 0.084736     10.569223 10.569223 1.552843
162.479172 218.642853     37.195312 5.679688 40.140625     0.084736 -0.996403 0.996403 0.084736     10.569223 10.569223 4.691322
371.889526 206.392944     39.515625 -1.890625 45.781250     0.320720 -0.947174 0.947174 0.320720     41.419338 41.419338 5.674094
476.285706 206.320190     70.553146 -17.830521 119.191879     0.037531 -0.999295 0.999295 0.037531     15.640786 15.640786 1.578374
246.984879 210.186554     50.765625 -12.515625 32.328125     0.020810 -0.999783 0.999783 0.020810     16.989832 16.989832 1.582654
246.984879 210.186554     31.328197 14.655212 34.937988     0.020810 -0.999783 0.999783 0.020810     16.989832 16.989832 4.713539
129.820694 200.014786     138.765625 -99.867188 432.445312     0.270459 -0.962731 0.962731 0.270459     39.315421 39.315421 1.396906
129.820694 200.014786     6.015625 -19.546875 203.398438     0.270459 -0.962731 0.962731 0.270459     39.315421 39.315421 4.557555
395.788605 362.406036     45.281250 -16.093750 83.843750     0.310185 -0.950676 0.950676 0.310185     19.909228 19.909228 2.339398
395.788605 362.406036     124.328430 -91.102386 334.467957     0.310185 -0.950676 0.950676 0.310185     19.909228 19.909228 5.461907
162.434204 219.699997     40.992188 -21.445312 89.125000     0.085271 -0.996358 0.996358 0.085271     10.345144 10.345144 1.551357
459.101013 208.915833     36.875000 -3.046875 44.148438     0.107480 -0.994207 0.994207 0.107480     8.522751 8.522751 1.550767
219.804947 209.894730     31.000000 -13.093750 70.375000     -0.318864 -0.947800 0.947800 -0.318864     36.911289 36.911289 1.837379
219.804947 209.894730     173.878265 -22.557312 392.624023     -0.318864 -0.947800 0.947800 -0.318864     36.911289 36.911289 4.988768
476.305481 203.951645     31.656250 -18.187500 132.484375     0.031881 -0.999492 0.999492 0.031881     15.192204 15.192204 1.584013
476.305481 203.951645     73.781250 20.834961 118.102997     0.031881 -0.999492 0.999492 0.031881     15.192204 15.192204 4.696091
435.304138 312.202759     435.218201 -112.789612 388.516602     0.251604 -0.967830 0.967830 0.251604     26.920797 26.920797 2.806992
435.304138 312.202759     33.268799 10.465576 37.741211     0.251604 -0.967830 0.967830 0.251604     26.920797 26.920797 5.948608
184.323868 212.564392     21.984375 -0.515625 55.148438     0.287983 -0.957635 0.957635 0.287983     20.553523 20.553523 2.445068
429.700378 198.787689     32.468750 -17.593750 148.656250     0.244686 -0.969602 0.969602 0.244686     53.092958 53.092958 2.843044
337.612183 214.407059     61.796387 36.216553 51.164551     0.097045 -0.995280 0.995280 0.097045     9.572136 9.572136 1.552916
303.421600 216.794540     17.414062 -6.832031 399.871094     -0.999502 0.031570 -0.031570 -0.999502     58.293378 58.293378 5.118199
310.254822 174.216339     57.019531 -9.825928 21.517151     -0.303735 -0.952757 0.952757 -0.303735     17.494203 17.494203 0.170947
476.473267 201.893066     412.130859 70.632324 193.495789     0.040912 -0.999163 0.999163 0.040912     14.890522 14.890522 1.582211
476.473267 201.893066     56.632812 40.475586 212.112061     0.040912 -0.999163 0.999163 0.040912     14.890522 14.890522 4.700417
247.186081 210.228439     106.835938 -79.308594 76.102051     0.023874 -0.999715 0.999715 0.023874     17.751572 17.751572 1.588155
247.186081 210.228439     69.468750 -5.289062 19.031250     0.023874 -0.999715 0.999715 0.023874     17.751572 17.751572 4.707537
389.767548 315.609650     179.593750 78.428711 171.756500     0.558465 -0.829528 0.829528 0.558465     27.438994 27.438994 2.476545
389.767548 315.609650     40.382812 1.382812 45.304688     0.558465 -0.829528 0.829528 0.558465     27.438994 27.438994 5.619811
239.527847 365.699768     54.312500 -4.500000 84.390625     0.198851 -0.980030 0.980030 0.198851     31.607621 31.607621 3.025340
239.527847 365.699768     171.085938 -49.234375 430.082031     0.198851 -0.980030 0.980030 0.198851     31.607621 31.607621 6.178001
369.853546 204.845688     7.701172 -19.562500 239.804688     0.300323 -0.953838 0.953838 0.300323     46.825967 46.825967 5.810838
217.906464 217.112473     178.562500 102.251953 293.780640     0.052589 -0.998616 0.998616 0.052589     41.717436 41.717436 1.691580
217.906464 217.112473     34.038750 17.308105 45.531250     0.052589 -0.998616 0.998616 0.052589     41.717436 41.717436 4.809090
429.445190 196.302551     3122.818848 -270.179199 550.965942     0.143978 -0.989581 0.989581 0.143978     54.156198 54.156198 3.057506
337.689270 213.146896     29.312500 -24.937500 844.937500     0.092910 -0.995675 0.995675 0.092910     9.473143 9.473143 1.555350
129.767380 200.029419     34.535156 13.519043 80.625061     0.266400 -0.963863 0.963863 0.266400     39.207088 39.207088 1.405283
129.767380 200.029419     87.718750 8.452148 16.237112     0.266400 -0.963863 0.963863 0.266400     39.207088 39.207088 4.559901
162.435410 220.174637     35.211075 6.758972 41.538574     0.081629 -0.996663 0.996663 0.081629     10.301642 10.301642 1.552284
266.609222 369.271332     48.257812 -1.062500 43.312500     0.377599 -0.925969 0.925969 0.377599     31.317265 31.317265 2.752394
266.609222 369.271332     26.015625 -26.859375 94.734375     0.377599 -0.925969 0.925969 0.377599     31.317265 31.317265 5.947280
360.878418 361.781158     43.851562 -19.921875 100.625000     0.373335 -0.927696 0.927696 0.373335     26.206520 26.206520 2.735843
360.878418 361.781158     49.109375 -11.343750 32.156250     0.373335 -0.927696 0.927696 0.373335     26.206520 26.206520 5.858142
459.112457 207.729477     679.843750 227.948242 282.333038     0.099189 -0.995069 0.995069 0.099189     8.635464 8.635464 1.551553
184.340714 213.143097     10.296875 -9.695801 76.465942     0.287052 -0.957915 0.957915 0.287052     20.704499 20.704499 2.441071
306.063751 204.987823     189.171875 170.309570 286.492188     0.176082 -0.984375 0.984375 0.176082     57.497603 57.497603 3.503450
326.234802 366.008301     68.812500 -17.986328 66.263550     0.308865 -0.951106 0.951106 0.308865     27.754630 27.754630 6.003478
300.993622 369.127808     61.394531 1.925781 87.219238     0.113685 -0.993517 0.993517 0.113685     32.468245 32.468245 1.863607
300.993622 369.127808     88.402344 -16.535156 295.167969     0.113685 -0.993517 0.993517 0.113685     32.468245 32.468245 4.987192
476.603943 200.948029     1813.406250 33.878418 181.400970     0.041051 -0.999157 0.999157 0.041051     15.379231 15.379231 1.586226
476.603943 200.948029     45.046875 -10.625000 25.531250     0.041051 -0.999157 0.999157 0.041051     15.379231 15.379231 4.702873
217.883881 217.495499     266.250000 23.085938 420.218750     0.058691 -0.998276 0.998276 0.058691     41.856401 41.856401 1.724738
217.883881 217.495499     29.437500 -46.250000 1637.250000     0.058691 -0.998276 0.998276 0.058691     41.856401 41.856401 4.767525
211.591690 368.138153     17292.349609 -1223.861816 639.043701     0.218815 -0.975766 0.975766 0.218815     31.036392 31.036392 2.985019
429.782013 195.429214     13.375000 -12.289062 346.843750     0.151307 -0.988487 0.988487 0.151307     54.778480 54.778480 3.037164
337.728912 212.350388     31.593750 -5.218750 17.343750     0.093602 -0.995610 0.995610 0.093602     9.778846 9.778846 1.549977
337.728912 212.350388     13.406250 2.515625 65.824219     0.093602 -0.995610 0.995610 0.093602     9.778846 9.778846 4.694989
395.756104 361.939026     12.156250 15.593750 398.632812     0.290950 -0.956738 0.956738 0.290950     20.503973 20.503973 2.362340
130.100891 199.594833     33.687500 0.458984 32.550781     0.267530 -0.963550 0.963550 0.267530     39.877325 39.877325 1.395059
130.100891 199.594833     38879.023438 -1065.435547 624.531494     0.267530 -0.963550 0.963550 0.267530     39.877325 39.877325 4.552805
291.360962 321.278046     55.332031 -22.617188 162.734375     -0.611970 -0.790881 0.790881 -0.611970     25.772262 25.772262 0.729148
291.360962 321.278046     60.781250 -12.476562 48.703125     -0.611970 -0.790881 0.790881 -0.611970     25.772262 25.772262 3.033993
389.753967 315.492065     26.812500 -82.562500 4346.921875     0.268168 -0.963372 0.963372 0.268168     28.098651 28.098651 2.767294
389.753967 315.492065     10.812500 -2.414062 74.998047     0.268168 -0.963372 0.963372 0.268168     28.098651 28.098651 5.909579
369.702209 204.646133     26.093750 -27.937500 103.203125     0.294207 -0.955742 0.955742 0.294207     46.770436 46.770436 5.815983
459.129822 207.624313     24.156250 -131.359375 9931.039062     0.097609 -0.995225 0.995225 0.097609     9.110153 9.110153 1.551986
361.057220 361.667572     28.265625 -8.500000 75.218750     0.355954 -0.934503 0.934503 0.355954     25.781357 25.781357 1.091930
361.057220 361.667572     7.414062 -20.992188 226.960938     0.355954 -0.934503 0.934503 0.355954     25.781357 25.781357 2.741058
435.329163 312.375000     46.015625 -16.296875 88.515625     0.341664 -0.939822 0.939822 0.341664     26.912609 26.912609 2.672991
435.329163 312.375000     41.421875 -1.273438 50.000000     0.341664 -0.939822 0.939822 0.341664     26.912609 26.912609 5.823446
379.442780 359.507477     6.831154 -10.845764 139.335938     0.124479 -0.992222 0.992222 0.124479     11.379370 11.379370 1.515527
379.442780 359.507477     135.523026 -113.810059 768.150391     0.124479 -0.992222 0.992222 0.124479     11.379370 11.379370 4.649290
411.292694 314.258545     303.882812 -4.074219 401.519531     0.015542 -0.999879 0.999879 0.015542     21.095528 21.095528 3.102511
411.292694 314.258545     600.281250 -673.171875 2925.281250     0.015542 -0.999879 0.999879 0.015542     21.095528 21.095528 6.258038
40.009117 83.270515     117.814453 -131.226562 548.625000     -0.756712 -0.653749 0.653749 -0.756712     20.062056 20.062056 2.157634
247.305588 210.200546     36.031250 -2.187500 48.796875     0.017855 -0.999841 0.999841 0.017855     18.712674 18.712674 1.587651
247.305588 210.200546     9.265625 -13.625000 115.898438     0.017855 -0.999841 0.999841 0.017855     18.712674 18.712674 4.702782
187.406784 32.461864     79.515625 -2.390625 57.703125     0.469203 -0.883090 0.883090 0.469203     14.219778 14.219778 1.431162
126.390144 36.581108     34.437500 -43.781250 155.359375     -0.237720 -0.971334 0.971334 -0.237720     30.760718 30.760718 1.588180
145.613739 77.690987     165.679688 -20.234375 63.781250     -0.771435 0.636308 -0.636308 -0.771435     14.709809 14.709809 4.316998
402.367645 256.627441     70.500000 -4.453125 21.820312     -0.994663 0.103182 -0.103182 -0.994663     19.346121 19.346121 1.614493
402.367645 256.627441     127.500000 -0.171875 74.796875     -0.994663 0.103182 -0.103182 -0.994663     19.346121 19.346121 4.782241
291.265472 321.309723     51.203125 0.656250 46.921875     -0.253183 -0.967419 0.967419 -0.253183     28.467939 28.467939 2.586208
300.693420 369.131805     23.953125 0.617188 60.296875     0.144859 -0.989452 0.989452 0.144859     32.961904 32.961904 1.796151
300.693420 369.131805     35.906250 -8.933594 39.252930     0.144859 -0.989452 0.989452 0.144859     32.961904 32.961904 4.977155
306.195953 204.800781     210.101562 -36.656250 102.703125     0.180661 -0.983545 0.983545 0.180661     57.283146 57.283146 3.488981
162.438446 220.151184     375.781250 48.570312 375.546875     0.083402 -0.996516 0.996516 0.083402     11.081267 11.081267 1.552494
448.994995 456.519989     43.304688 2.281250 52.734375     0.325695 -0.945475 0.945475 0.325695     18.424277 18.424277 0.569248
448.994995 456.519989     72.421875 -7.351562 26.968750     0.325695 -0.945475 0.945475 0.325695     18.424277 18.424277 3.709518
326.084564 365.917908     21.777344 6.210938 54.476562     0.301216 -0.953556 0.953556 0.301216     27.578247 27.578247 6.000270
308.447571 16.338709     113.203125 -15.093750 28.671875     0.142057 -0.989858 0.989858 0.142057     13.428865 13.428865 1.029174
308.447571 16.338709     37.328125 -2.718750 53.546875     0.142057 -0.989858 0.989858 0.142057     13.428865 13.428865 5.064422
248.480774 41.675823     172.773438 2.500000 72.179688     -0.073958 -0.997261 0.997261 -0.073958     35.218563 35.218563 0.426320
248.480774 41.675823     173.515625 -12.546875 42.843750     -0.073958 -0.997261 0.997261 -0.073958     35.218563 35.218563 2.352879
217.830917 217.400543     113.843750 -15.234375 31.773438     0.079216 -0.996857 0.996857 0.079216     41.994517 41.994517 1.686248
217.830917 217.400543     9.375000 3.007812 68.656250     0.079216 -0.996857 0.996857 0.079216     41.994517 41.994517 4.779633
435.898285 197.729523     76.398438 0.335938 47.421875     -0.145158 -0.989409 0.989409 -0.145158     72.958729 72.958729 3.561245
474.489990 452.970001     115.242188 -3.750000 26.156250     0.322221 -0.946664 0.946664 0.322221     17.705665 17.705665 0.559914
474.489990 452.970001     251.589844 5.675781 22.359375     0.322221 -0.946664 0.946664 0.322221     17.705665 17.705665 3.694242
476.593842 201.365692     379.156250 15.447754 51.960449     0.036777 -0.999323 0.999323 0.036777     16.176692 16.176692 1.585937
476.593842 201.365692     223.656250 183.042969 1248.830811     0.036777 -0.999323 0.999323 0.036777     16.176692 16.176692 4.694726
402.111115 256.760010     14.781250 -6.609375 125.775391     -0.995230 0.097553 -0.097553 -0.995230     19.806699 19.806699 4.783984
333.907776 77.553398     30.781250 -67.968750 726.453125     -0.480256 -0.877129 0.877129 -0.480256     20.522503 20.522503 1.982441
456.331696 398.440582     11934.656250 -5895.453125 19847.609375     0.249023 -0.968497 0.968497 0.249023     24.094700 24.094700 2.443541
456.331696 398.440582     42.250000 -39.750000 494.289062     0.249023 -0.968497 0.968497 0.249023     24.094700 24.094700 2.969407
239.864792 83.057747     38.875000 31.718750 51.578125     -0.995866 0.090838 -0.090838 -0.995866     24.119092 24.119092 3.439135
303.300842 83.355934     6.863281 -3.833008 96.510269     -0.942866 -0.333173 0.333173 -0.942866     25.609940 25.609940 2.760483
239.611664 365.585266     11.496094 -57.346680 1075.051025     0.197993 -0.980203 0.980203 0.197993     32.061843 32.061843 3.032290
239.611664 365.585266     42.989304 -15.522129 47.889442     0.197993 -0.980203 0.980203 0.197993     32.061843 32.061843 6.185299
266.990051 420.228851     149.436981 9.060989 64.711105     -0.847254 0.531188 -0.531188 -0.847254     28.772183 28.772183 2.328725
266.990051 420.228851     166.757568 -51.996704 167.756714     -0.847254 0.531188 -0.531188 -0.847254     28.772183 28.772183 5.372997
266.686462 369.508362     130.866333 50.562500 103.921875     0.319032 -0.947744 0.947744 0.319032     31.991241 31.991241 2.832523
266.686462 369.508362     967.790527 -186.894958 364.891418     0.319032 -0.947744 0.947744 0.319032     31.991241 31.991241 6.018652
314.196075 320.862732     144.356628 51.630859 135.468750     0.275578 -0.961279 0.961279 0.275578     26.984455 26.984455 5.735327
184.423080 213.403076     100.060638 -29.119507 23.013672     0.287316 -0.957836 0.957836 0.287316     21.649480 21.649480 2.433087
184.423080 213.403076     265.089142 135.465820 316.109375     0.287316 -0.957836 0.957836 0.287316     21.649480 21.649480 5.625782
543.946411 82.053574     37.298828 -20.522949 37.403320     -0.449179 -0.893442 0.893442 -0.449179     14.381973 14.381973 1.858188
448.777283 456.886475     1140.787842 -446.487305 1247.995361     0.308418 -0.951251 0.951251 0.308418     18.573475 18.573475 0.609198
448.777283 456.886475     457.318176 198.947266 390.390625     0.308418 -0.951251 0.951251 0.308418     18.573475 18.573475 3.720699
344.132996 360.758606     21.433594 17.406250 70.927734     0.198332 -0.980135 0.980135 0.198332     11.122805 11.122805 2.994092
344.132996 360.758606     30.650391 4.822266 83.414062     0.198332 -0.980135 0.980135 0.198332     11.122805 11.122805 4.624855
474.220734 453.698212     82.000000 -299.515625 17827.765625     0.318752 -0.947838 0.947838 0.318752     17.610440 17.610440 0.565915
474.220734 453.698212     1460.730469 241.382812 7972.132812     0.318752 -0.947838 0.947838 0.318752     17.610440 17.610440 3.702957
428.347229 405.685181     75.460938 -18.825195 67.057129     0.172818 -0.984954 0.984954 0.172818     23.284719 23.284719 2.684736
428.347229 405.685181     21.679688 -4.813477 54.479004     0.172818 -0.984954 0.984954 0.172818     23.284719 23.284719 5.799427
337.708344 212.388885     1052.984375 -661.500000 949.968750     0.094335 -0.995541 0.995541 0.094335     10.481133 10.481133 1.548114
337.708344 212.388885     5091.351562 -5423.531250 16327.703125     0.094335 -0.995541 0.995541 0.094335     10.481133 10.481133 4.692004
389.249115 315.558716     219.843750 49.640625 13615.015625     0.143806 -0.989606 0.989606 0.143806     28.897157 28.897157 2.933377
389.249115 315.558716     119.070312 -19.666992 77.687500     0.143806 -0.989606 0.989606 0.143806     28.897157 28.897157 6.086197
411.427948 314.454163     30.453125 2.132812 10.144531     0.014077 -0.999901 0.999901 0.014077     21.818646 21.818646 3.115246
411.427948 314.454163     5617.718750 -3846.859375 16575.523438     0.014077 -0.999901 0.999901 0.014077     21.818646 21.818646 6.263938
381.302002 408.971497     14.468750 -11.160156 745.134399     -0.828012 0.560710 -0.560710 -0.828012     37.276904 37.276904 2.431567
381.302002 408.971497     135.000000 -23.294922 85.387695     -0.828012 0.560710 -0.560710 -0.828012     37.276904 37.276904 5.299692
447.055542 460.000000     461.500000 -38.359375 7451.031250     0.401236 -0.915975 0.915975 0.401236     19.575934 19.575934 6.311944
361.308838 361.823517     25.000000 -1.966309 15.207733     0.343265 -0.939238 0.939238 0.343265     25.942391 25.942391 2.762408
361.308838 361.823517     8.765625 -16.875000 291.046875     0.343265 -0.939238 0.939238 0.343265     25.942391 25.942391 5.909846
362.971436 317.052368     636.968750 -1549.140625 22593.335938     0.082412 -0.996598 0.996598 0.082412     25.367457 25.367457 2.967585
362.971436 317.052368     1.367188 61.675781 4825.593750     0.082412 -0.996598 0.996598 0.082412     25.367457 25.367457 6.097543
244.960403 421.658417     10440.070312 -669.132812 18327.757812     0.259377 -0.965776 0.965776 0.259377     22.051585 22.051585 5.565765
266.991180 420.273132     11183.234375 -188.781250 18143.867188     -0.828234 0.560382 -0.560382 -0.828234     29.221677 29.221677 2.278243
266.991180 420.273132     1.550781 0.906250 18742.609375     -0.828234 0.560382 -0.560382 -0.828234     29.221677 29.221677 5.464336
313.079987 206.594070     11714.093750 217.453125 18032.140625     0.041620 -0.999134 0.999134 0.041620     78.423148 78.423148 3.608647
313.079987 206.594070     56.125000 2.320557 11.605753     0.041620 -0.999134 0.999134 0.041620     78.423148 78.423148 5.846251
291.108002 321.303986     27.656250 10.901855 33.790234     -0.024164 -0.999708 0.999708 -0.024164     28.732806 28.732806 2.360335
291.108002 321.303986     82.656250 11.724121 69.477478     -0.024164 -0.999708 0.999708 -0.024164     28.732806 28.732806 6.281517
130.349304 199.627457     3.314453 9.628906 19833.000000     0.270181 -0.962809 0.962809 0.270181     40.497496 40.497496 1.392596
130.349304 199.627457     20.075195 14.015625 50.187500     0.270181 -0.962809 0.962809 0.270181     40.497496 40.497496 4.547027
435.332092 312.099640     64.468750 4.851562 62.132812     0.164337 -0.986404 0.986404 0.164337     26.874762 26.874762 2.898137
435.332092 312.099640     138.625000 -18.625000 54.578125     0.164337 -0.986404 0.986404 0.164337     26.874762 26.874762 6.045882
379.491150 359.455750     39.406250 21.140625 58.183594     0.124772 -0.992185 0.992185 0.124772     12.366589 12.366589 1.512304
379.491150 359.455750     29.468750 14.593750 22.578125     0.124772 -0.992185 0.992185 0.124772     12.366589 12.366589 4.645759
381.490967 409.002594     41.281250 57.531250 161.140625     -0.813593 0.581434 -0.581434 -0.813593     37.829389 37.829389 2.413534
381.490967 409.002594     45.466652 3.413330 26.698799     -0.813593 0.581434 -0.581434 -0.813593     37.829389 37.829389 4.688080
462.736969 399.443115     105.280426 -37.266891 77.848679     -0.994185 0.107683 -0.107683 -0.994185     34.106375 34.106375 1.528050
462.736969 399.443115     40.272713 15.292969 85.687500     -0.994185 0.107683 -0.107683 -0.994185     34.106375 34.106375 2.281548
325.898651 366.175690     160.655151 -61.728821 103.937607     0.282326 -0.959318 0.959318 0.282326     27.440524 27.440524 4.108293
325.898651 366.175690     68.799057 55.545410 194.468750     0.282326 -0.959318 0.959318 0.282326     27.440524 27.440524 6.054591
338.272278 320.891083     180.683197 -67.740448 138.875488     -0.328612 -0.944465 0.944465 -0.328612     19.964785 19.964785 0.575341
338.272278 320.891083     121.004791 42.590332 213.984375     -0.328612 -0.944465 0.944465 -0.328612     19.964785 19.964785 3.754431
395.600006 362.508118     208.661072 -124.448822 393.227539     0.308263 -0.951301 0.951301 0.308263     20.250222 20.250222 2.335501
256.571442 421.344543     166.800232 52.113281 485.843750     -0.982188 0.187899 -0.187899 -0.982188     34.830780 34.830780 1.791599
256.571442 421.344543     293.475220 -202.831726 776.051636     -0.982188 0.187899 -0.187899 -0.982188     34.830780 34.830780 5.108017
402.276672 256.814240     30.357422 5.980957 24.726562     -0.995910 0.090354 -0.090354 -0.995910     20.824988 20.824988 1.628162
402.276672 256.814240     203.451416 134.756836 858.109375     -0.995910 0.090354 -0.090354 -0.995910     20.824988 20.824988 4.785893
417.722046 405.996704     25.682007 27.284668 85.261719     -0.999995 0.003261 -0.003261 -0.999995     38.918188 38.918188 1.900575
417.722046 405.996704     223.156525 244.012695 1899.328125     -0.999995 0.003261 -0.003261 -0.999995     38.918188 38.918188 2.314805
468.214630 402.372650     1453.207031 858.972656 3726.593750     -0.957805 0.287417 -0.287417 -0.957805     48.214998 48.214998 2.079279
411.582672 314.393707     75.953125 15.171875 11.671875     -0.016975 -0.999856 0.999856 -0.016975     22.019051 22.019051 3.163629
411.582672 314.393707     198.203125 -5.539062 7830.914062     -0.016975 -0.999856 0.999856 -0.016975     22.019051 22.019051 6.280870
516.495056 83.255737     158.421875 36.328125 18.187500     0.638707 -0.769450 0.769450 0.638707     24.019477 24.019477 0.893686
313.886719 367.893646     7.684082 23.879883 122.125000     -0.955489 0.295027 -0.295027 -0.955489     43.017918 43.017918 2.254350
313.886719 367.893646     66.078125 26.859375 47.312500     -0.955489 0.295027 -0.295027 -0.955489     43.017918 43.017918 4.001521
377.943390 316.266052     62.156250 31.937500 77.703125     -0.996320 0.085711 -0.085711 -0.996320     33.818179 33.818179 4.780716
326.120117 416.915924     13.064453 50.075195 259.380859     -0.880540 0.473972 -0.473972 -0.880540     31.269640 31.269640 2.248726
326.120117 416.915924     120.453125 -8.265625 67.578125     -0.880540 0.473972 -0.473972 -0.880540     31.269640 31.269640 5.439076
314.449768 321.200867     1.750000 6.937500 198.467285     0.269808 -0.962914 0.962914 0.269808     27.205931 27.205931 2.053999
314.449768 321.200867     13.156250 -0.656250 34.765625     0.269808 -0.962914 0.962914 0.269808     27.205931 27.205931 5.713340
338.502228 321.173340     207.539062 -28.628906 7631.718750     -0.353307 -0.935507 0.935507 -0.353307     20.795437 20.795437 0.621006
338.502228 321.173340     190.328125 37.812500 20.531250     -0.353307 -0.935507 0.935507 -0.353307     20.795437 20.795437 3.751650
350.559814 414.612427     1.906250 6.705078 229.871338     0.214421 -0.976741 0.976741 0.214421     16.174753 16.174753 1.597609
350.559814 414.612427     14.399902 52.309570 274.539062     0.214421 -0.976741 0.976741 0.214421     16.174753 16.174753 4.787696
291.247375 321.644592     215.859375 42.296875 22.546875     -0.223418 -0.974723 0.974723 -0.223418     29.433508 29.433508 2.548384
381.170441 283.178040     15.166016 53.207031 281.259766     -0.987790 0.155791 -0.155791 -0.987790     22.861280 22.861280 1.716398
381.170441 283.178040     379.031250 59.718750 27.828125     -0.987790 0.155791 -0.155791 -0.987790     22.861280 22.861280 4.793824
248.205429 311.422485     24.421875 20.687500 100.734375     -0.180527 -0.983570 0.983570 -0.180527     20.442768 20.442768 0.616766
402.352112 257.084503     259.750000 -12.906250 58.687500     -0.994568 0.104085 -0.104085 -0.994568     21.779614 21.779614 1.602561
402.352112 257.084503     22.031250 22.781250 89.718750     -0.994568 0.104085 -0.104085 -0.994568     21.779614 21.779614 4.795199
411.604248 314.551239     2.718750 6.640625 250.622559     -0.011205 -0.999937 0.999937 -0.011205     22.257543 22.257543 3.151555
411.604248 314.551239     269.843750 -11.781250 61.984375     -0.011205 -0.999937 0.999937 -0.011205     22.257543 22.257543 6.276984
326.244904 321.108154     18.890625 -15.507812 43.226562     -0.999435 -0.033602 0.033602 -0.999435     37.307443 37.307443 1.509012
326.244904 321.108154     96.062500 -3.625000 76.296875     -0.999435 -0.033602 0.033602 -0.999435     37.307443 37.307443 4.660501
324.662048 286.425934     19.650879 59.866211 311.433594     -0.115611 -0.993295 0.993295 -0.115611     21.256787 21.256787 3.277574
324.662048 286.425934     35.953125 10.125000 106.359375     -0.115611 -0.993295 0.993295 -0.115611     21.256787 21.256787 6.353501
419.336456 281.289734     141.140625 -38.656250 159.328125     -0.985330 0.170661 -0.170661 -0.985330     22.970996 22.970996 1.724096
419.336456 281.289734     3.828125 8.986328 245.182617     -0.985330 0.170661 -0.170661 -0.985330     22.970996 22.970996 4.827544
434.881958 312.462280     5.281250 10.126953 230.979980     0.161038 -0.986948 0.986948 0.161038     27.329680 27.329680 2.902204
434.881958 312.462280     1633.515625 961.380859 5063.154297     0.161038 -0.986948 0.986948 0.161038     27.329680 27.329680 6.046597
377.621857 316.119324     24.972656 72.291016 521.404297     -0.998598 0.052934 -0.052934 -0.998598     34.835712 34.835712 4.741921
373.995941 283.906494     295.390625 -35.750000 78.312500     -0.994655 0.103258 -0.103258 -0.994655     25.143528 25.143528 1.672116
373.995941 283.906494     6.828125 12.568359 241.967041     -0.994655 0.103258 -0.103258 -0.994655     25.143528 25.143528 4.778868
332.140503 285.545654     15.718750 -28.984375 197.265625     -0.995453 0.095254 -0.095254 -0.995453     27.082434 27.082434 1.686832
402.723816 257.047607     61.437500 -121.015625 309.609375     -0.996176 0.087368 -0.087368 -0.996176     22.488615 22.488615 1.055673
402.723816 257.047607     218.203125 7.843750 7559.005859     -0.996176 0.087368 -0.087368 -0.996176     22.488615 22.488615 1.617471
326.252289 321.049713     300.062500 -35.062500 78.093750     -0.999692 -0.024829 0.024829 -0.999692     38.214935 38.214935 1.523273
326.252289 321.049713     131.937500 -5.218750 81.500000     -0.999692 -0.024829 0.024829 -0.999692     38.214935 38.214935 4.665253
376.095734 283.232513     9.875000 14.826172 235.974121     -0.995504 0.094721 -0.094721 -0.995504     29.041540 29.041540 1.661418
376.095734 283.232513     368.390625 60.046875 34.000000     -0.995504 0.094721 -0.094721 -0.995504     29.041540 29.041540 3.140765
418.740265 281.467529     35.692383 77.899414 507.144531     -0.984246 0.176806 -0.176806 -0.984246     24.248611 24.248611 4.829277
271.379150 324.691956     39.578125 5.968750 109.859375     -0.050543 -0.998722 0.998722 -0.050543     13.666064 13.666064 1.558160
271.379150 324.691956     159.796875 -67.062500 188.265625     -0.050543 -0.998722 0.998722 -0.050543     13.666064 13.666064 3.183965
291.087982 321.956024     2845.808594 -160.046875 1389.812500     0.139387 -0.990238 0.990238 0.139387     30.570137 30.570137 2.224266
372.024628 258.873840     348.156250 -41.671875 82.093750     -0.996947 0.078083 -0.078083 -0.996947     21.911816 21.911816 4.776916
324.411621 284.290558     47.890625 1.937500 39.742188     -0.999735 0.023009 -0.023009 -0.999735     30.553235 30.553235 4.693127
410.139252 256.922638     12.515625 16.347656 235.002930     -0.999013 0.044410 -0.044410 -0.999013     23.359346 23.359346 1.272899
410.139252 256.922638     270.132812 -191.760742 150.561523     -0.999013 0.044410 -0.044410 -0.999013     23.359346 23.359346 1.534336
