1.0
803
383.205292 322.621704     96.359375 16.937500 20.984375     -0.977783 -0.209619 0.209619 -0.977783     18.745769 18.745769 0.951800
385.874756 321.722778     124.015625 11.257812 25.757812     -0.993664 -0.112392 0.112392 -0.993664     22.266798 22.266798 0.996724
385.874756 321.722778     556.406250 -48.203125 57.679688     -0.993664 -0.112392 0.112392 -0.993664     22.266798 22.266798 5.597548
401.951324 315.510254     994.843750 -33.023438 94.234375     -0.995446 0.095330 -0.095330 -0.995446     32.780104 32.780104 1.280068
401.951324 315.510254     1000.359375 -18.593750 99.125000     -0.995446 0.095330 -0.095330 -0.995446     32.780104 32.780104 5.935737
410.342926 309.223114     332.546875 -16.062500 17.390625     -0.999330 0.036594 -0.036594 -0.999330     43.402284 43.402284 1.251198
410.342926 309.223114     517.437500 -20.578125 19.531250     -0.999330 0.036594 -0.036594 -0.999330     43.402284 43.402284 3.065961
409.418640 308.483154     173.406250 -23.265625 5.750000     -0.999787 0.020618 -0.020618 -0.999787     44.715952 44.715952 1.234064
409.418640 308.483154     195.359375 -25.343750 6.187500     -0.999787 0.020618 -0.020618 -0.999787     44.715952 44.715952 3.030908
459.779846 415.247528     195.515625 -22.859375 15.765625     -0.998710 0.050770 -0.050770 -0.998710     18.320078 18.320078 3.247922
462.509155 415.555756     723.359375 -31.359375 21.531250     -0.999150 0.041224 -0.041224 -0.999150     19.450319 19.450319 3.203203
477.404419 454.011017     26.484375 -27.113281 206.600586     -0.990852 0.134950 -0.134950 -0.990852     7.229921 7.229921 3.277760
476.977112 454.225494     212.890625 -28.234375 7.328125     -0.991445 0.130524 -0.130524 -0.991445     7.598197 7.598197 3.246125
476.977112 454.225494     26.015625 9.828125 36.140625     -0.991445 0.130524 -0.130524 -0.991445     7.598197 7.598197 4.878493
213.008392 369.947601     946.246094 -48.523438 55.578125     -0.992256 0.124211 -0.124211 -0.992256     16.165013 16.165013 3.324589
465.264496 415.545319     942.937500 -47.968750 24.250000     -0.999007 0.044549 -0.044549 -0.999007     20.191327 20.191327 3.196873
505.182465 76.175270     241.015625 -22.554688 21.515625     0.145696 -0.989329 0.989329 0.145696     21.341328 21.341328 4.671790
477.229065 454.522339     240.593750 -32.609375 10.343750     -0.991029 0.133644 -0.133644 -0.991029     8.443477 8.443477 3.262765
477.229065 454.522339     49.132812 19.828125 66.500000     -0.991029 0.133644 -0.133644 -0.991029     8.443477 8.443477 4.897056
339.136108 422.888885     392.546875 -31.078125 22.460938     -0.520614 -0.853792 0.853792 -0.520614     20.136063 20.136063 3.982532
339.136108 422.888885     27.156250 -30.050781 249.641602     -0.520614 -0.853792 0.853792 -0.520614     20.136063 20.136063 4.743822
236.550491 373.311066     1131.968750 -64.343750 26.437500     -0.998528 0.054239 -0.054239 -0.998528     32.742680 32.742680 2.997861
236.550491 373.311066     1202.792969 -103.070312 9.046875     -0.998528 0.054239 -0.054239 -0.998528     32.742680 32.742680 4.714868
468.121460 415.577209     269.703125 -37.187500 13.250000     -0.998647 0.052002 -0.052002 -0.998647     20.987631 20.987631 1.594881
468.121460 415.577209     842.906250 -80.296875 27.781250     -0.998647 0.052002 -0.052002 -0.998647     20.987631 20.987631 3.209417
320.661774 362.288147     71.398438 20.718750 111.812500     -0.994869 0.101170 -0.101170 -0.994869     19.729300 19.729300 3.197065
320.661774 362.288147     823.332031 -87.562500 48.343750     -0.994869 0.101170 -0.101170 -0.994869     19.729300 19.729300 6.284570
478.329773 455.063843     1966.828125 -11.671875 231.734375     -0.990492 0.137573 -0.137573 -0.990492     10.850984 10.850984 3.284384
478.329773 455.063843     295.843750 -41.187500 15.562500     -0.990492 0.137573 -0.137573 -0.990492     10.850984 10.850984 4.946155
337.930939 418.315308     1301.796875 -86.562500 29.921875     -0.547193 -0.837006 0.837006 -0.547193     27.063740 27.063740 0.184327
337.930939 418.315308     1321.914062 -120.609375 30.937500     -0.547193 -0.837006 0.837006 -0.547193     27.063740 27.063740 3.987148
327.584106 361.748596     28.234375 -37.734375 321.824219     -0.996541 0.083103 -0.083103 -0.996541     20.058741 20.058741 3.114894
327.584106 361.748596     1952.035156 16.078125 432.781250     -0.996541 0.083103 -0.083103 -0.996541     20.058741 20.058741 6.194088
505.426575 73.968681     326.406250 -46.015625 18.500000     0.131538 -0.991311 0.991311 0.131538     21.660290 21.660290 4.681422
471.132812 415.392700     82.070312 21.953125 132.843750     -0.998322 0.057908 -0.057908 -0.998322     21.442482 21.442482 1.600948
471.132812 415.392700     1575.375000 -117.359375 33.937500     -0.998322 0.057908 -0.057908 -0.998322     21.442482 21.442482 4.768212
223.190704 421.479065     1605.859375 -160.570312 36.773438     -0.996347 0.085395 -0.085395 -0.996347     2.076643 2.076643 1.573158
223.190704 421.479065     364.546875 -51.906250 22.812500     -0.996347 0.085395 -0.085395 -0.996347     2.076643 2.076643 4.711457
479.415802 455.529205     2052.468750 28.429688 606.781250     -0.990057 0.140667 -0.140667 -0.990057     12.701171 12.701171 3.304606
479.415802 455.529205     1861.125000 -158.312500 40.125000     -0.990057 0.140667 -0.140667 -0.990057     12.701171 12.701171 4.988484
342.837189 360.099091     2543.093750 -254.750000 45.921875     -0.995274 0.097110 -0.097110 -0.995274     20.097735 20.097735 3.194956
342.837189 360.099091     75.382812 150.226562 329.121094     -0.995274 0.097110 -0.097110 -0.995274     20.097735 20.097735 6.227096
337.475555 413.546997     93.828125 24.828125 161.828125     -0.388452 -0.921469 0.921469 -0.388452     35.622356 35.622356 6.229969
220.646042 427.482086     30.046875 -60.355469 527.905518     -0.993833 0.110891 -0.110891 -0.993833     27.948449 27.948449 1.545752
220.646042 427.482086     28.710938 -2.679688 46.855469     -0.993833 0.110891 -0.110891 -0.993833     27.948449 27.948449 4.735987
218.098068 388.498932     3287.453125 -329.796875 53.453125     -0.999977 0.006726 -0.006726 -0.999977     68.491103 68.491103 1.512457
218.098068 388.498932     2075.648438 15.609375 792.343750     -0.999977 0.006726 -0.006726 -0.999977     68.491103 68.491103 4.717565
480.161926 455.863556     402.234375 -55.437500 26.984375     -0.989803 0.142440 -0.142440 -0.989803     13.968362 13.968362 3.308753
480.161926 455.863556     101.351562 29.656250 187.156250     -0.989803 0.142440 -0.142440 -0.989803     13.968362 13.968362 5.001568
471.671234 415.513947     2222.718750 -213.609375 49.421875     -0.997713 0.067592 -0.067592 -0.997713     22.071828 22.071828 1.580612
471.671234 415.513947     30.734375 -79.068359 774.837891     -0.997713 0.067592 -0.067592 -0.997713     22.071828 22.071828 4.760432
355.237213 358.989777     17.394531 0.097656 30.164062     -0.995738 0.092229 -0.092229 -0.995738     20.006662 20.006662 6.168544
505.880463 70.608162     102.601562 -73.945312 103.273438     0.125472 -0.992097 0.992097 0.125472     21.796935 21.796935 4.687322
481.277496 456.130890     4674.562500 -477.953125 69.000000     -0.989474 0.144711 -0.144711 -0.989474     15.438476 15.438476 3.319881
481.277496 456.130890     372.664062 572.089844 1577.125000     -0.989474 0.144711 -0.144711 -0.989474     15.438476 15.438476 5.021396
337.445679 412.338623     449.093750 -61.734375 31.531250     -0.348994 -0.937125 0.937125 -0.348994     38.682931 38.682931 6.198629
472.358429 415.687408     107.234375 36.328125 218.031250     -0.997147 0.075484 -0.075484 -0.997147     22.524014 22.524014 1.577144
472.358429 415.687408     67.246094 -8.541992 14.757568     -0.997147 0.075484 -0.075484 -0.997147     22.524014 22.524014 4.763575
362.002289 358.131927     21.199219 -0.863281 29.445312     -0.994910 0.100768 -0.100768 -0.994910     20.379711 20.379711 6.218950
482.286987 456.676605     105.731445 -12.939941 35.589233     -0.989147 0.146927 -0.146927 -0.989147     17.487802 17.487802 5.042398
473.142761 415.762482     2.718750 -11.679688 225.856445     -0.996298 0.085970 -0.085970 -0.996298     23.149536 23.149536 1.579774
473.142761 415.762482     51.062500 4.531250 10.750000     -0.996298 0.085970 -0.085970 -0.996298     23.149536 23.149536 4.754128
378.431366 356.483673     173.600586 -18.701660 62.887329     -0.994941 0.100464 -0.100464 -0.994941     20.224198 20.224198 6.181705
231.039795 186.731339     477.531250 -66.390625 35.781250     -0.421181 -0.906977 0.906977 -0.421181     10.668730 10.668730 1.356301
231.039795 186.731339     4.718750 -14.023438 461.755859     -0.421181 -0.906977 0.906977 -0.421181     10.668730 10.668730 2.493929
337.032715 410.775696     22.875000 38.953125 145.984375     -0.310165 -0.950683 0.950683 -0.310165     41.665193 41.665193 6.169347
506.773285 62.699699     111.281250 44.546875 258.968750     0.118655 -0.992936 0.992936 0.118655     21.503437 21.503437 4.694767
265.995087 251.210785     62.656250 5.125000 14.265625     0.143109 -0.989707 0.989707 0.143109     23.948906 23.948906 1.640866
265.995087 251.210785     16.468750 7.943359 34.502289     0.143109 -0.989707 0.989707 0.143109     23.948906 23.948906 4.410378
389.900543 355.314026     23.664062 -0.414062 30.773438     -0.994944 0.100429 -0.100429 -0.994944     20.206835 20.206835 6.165311
483.765259 457.154938     72.718750 7.656250 16.187500     -0.989700 0.143154 -0.143154 -0.989700     19.597320 19.597320 5.066297
336.589813 409.658691     13.437500 -15.312500 67.132812     -0.297826 -0.954620 0.954620 -0.297826     43.185768 43.185768 4.882581
336.589813 409.658691     6142.625000 -649.171875 88.789062     -0.297826 -0.954620 0.954620 -0.297826     43.185768 43.185768 6.134730
473.358582 415.988159     531.859863 -84.609863 131.233154     -0.995294 0.096898 -0.096898 -0.995294     24.076304 24.076304 1.586550
473.358582 415.988159     13.281250 -41.382812 1127.843750     -0.995294 0.096898 -0.096898 -0.995294     24.076304 24.076304 4.752715
507.425873 55.050472     148.843750 2.406250 7.156250     0.104511 -0.994524 0.994524 0.104511     21.309941 21.309941 4.699238
192.975723 228.223297     523.328125 -59.046875 38.734375     -0.007647 -0.999971 0.999971 -0.007647     18.767635 18.767635 1.244195
192.975723 228.223297     83.125000 9.937500 19.250000     -0.007647 -0.999971 0.999971 -0.007647     18.767635 18.767635 1.846281
260.349823 256.115509     21.867188 36.515625 145.218750     0.705499 -0.708711 0.708711 0.705499     24.229658 24.229658 1.436942
260.349823 256.115509     3257.671875 -418.765625 92.281250     0.705499 -0.708711 0.708711 0.705499     24.229658 24.229658 4.027785
408.272491 353.353973     89.375000 11.156250 21.843750     -0.994769 0.102146 -0.102146 -0.994769     20.085465 20.085465 3.249314
408.272491 353.353973     19.312500 -62.570312 1434.105469     -0.994769 0.102146 -0.102146 -0.994769     20.085465 20.085465 6.154100
254.162048 243.055405     977.390625 -47.839844 2.649414     -0.370799 -0.928713 0.928713 -0.370799     54.047081 54.047081 1.683071
484.720490 457.622131     27.703125 8.448730 63.165909     -0.989686 0.143254 -0.143254 -0.989686     21.390570 21.390570 5.086497
336.087616 408.717133     2744.609375 -422.484375 465.937500     -0.286151 -0.958185 0.958185 -0.286151     44.179230 44.179230 4.852105
336.087616 408.717133     60.500000 -38.250000 99.234375     -0.286151 -0.958185 0.958185 -0.286151     44.179230 44.179230 6.124336
101.818184 39.305195     5954.640625 -1505.031250 807.515625     -0.987649 0.156685 -0.156685 -0.987649     16.474198 16.474198 0.346005
192.860657 228.872955     27.710938 0.714844 45.636719     0.103016 -0.994680 0.994680 0.103016     20.675437 20.675437 0.958784
192.860657 228.872955     108.921875 -0.953125 2.914062     0.103016 -0.994680 0.994680 0.103016     20.675437 20.675437 1.616805
98.379768 35.693199     24.531250 -86.601562 1762.410156     -0.984423 0.175815 -0.175815 -0.984423     25.959266 25.959266 0.347138
475.077118 416.122833     247.937500 -184.281250 255.187500     -0.993490 0.113918 -0.113918 -0.993490     25.793031 25.793031 1.578732
475.077118 416.122833     366.871094 553.246094 1516.367188     -0.993490 0.113918 -0.113918 -0.993490     25.793031 25.793031 4.752302
555.286255 374.894928     27.218750 -92.593750 1906.093750     -0.993894 -0.110340 0.110340 -0.993894     14.404886 14.404886 1.299224
555.286255 374.894928     855.067383 -49.037476 163.509705     -0.993894 -0.110340 0.110340 -0.993894     14.404886 14.404886 5.804070
333.695465 458.154541     1383.203125 -65.210938 3.400391     -0.278375 -0.960472 0.960472 -0.278375     15.316640 15.316640 0.817914
335.425293 406.834473     39.773438 -20.707031 23.896973     -0.268086 -0.963395 0.963395 -0.268086     44.748440 44.748440 4.814933
555.782104 374.016754     36.078125 0.179688 68.292969     -0.994559 -0.104177 0.104177 -0.994559     16.673576 16.673576 1.309553
555.782104 374.016754     33.203125 -83.234375 861.266113     -0.994559 -0.104177 0.104177 -0.994559     16.673576 16.673576 5.810710
398.509247 17.083334     398.250000 -221.625000 263.296875     -0.353300 -0.935510 0.935510 -0.353300     16.515001 16.515001 0.662592
398.509247 17.083334     32.625000 -117.343750 2260.621094     -0.353300 -0.935510 0.935510 -0.353300     16.515001 16.515001 3.796772
192.952209 229.488968     38.046875 -3.609375 12.929688     0.057948 -0.998320 0.998320 0.057948     21.879455 21.879455 0.857737
192.952209 229.488968     167.937500 10.789062 3.203125     0.057948 -0.998320 0.998320 0.057948     21.879455 21.879455 1.833957
555.831238 373.630280     42.703125 -20.724609 24.150391     -0.991266 -0.131875 0.131875 -0.991266     17.526293 17.526293 1.286186
555.831238 373.630280     1007.687500 -38.840088 166.586304     -0.991266 -0.131875 0.131875 -0.991266     17.526293 17.526293 5.768931
570.961914 344.307953     67.750000 -5.742188 7.203125     0.256274 -0.966604 0.966604 0.256274     13.780382 13.780382 1.433075
425.192688 351.420990     485.906250 -221.656250 263.882812     -0.994426 0.105437 -0.105437 -0.994426     20.103921 20.103921 3.254281
425.192688 351.420990     48.863281 4.429688 136.089844     -0.994426 0.105437 -0.105437 -0.994426     20.103921 20.103921 6.179348
413.583344 454.666656     549.968750 -223.750000 263.781250     -0.999856 -0.016975 0.016975 -0.999856     12.003616 12.003616 1.523156
555.908691 373.223907     60.507812 -3.367188 147.902344     -0.988647 -0.150258 0.150258 -0.988647     18.953316 18.953316 1.285695
555.908691 373.223907     2698.890625 -534.484375 517.265625     -0.988647 -0.150258 0.150258 -0.988647     18.953316 18.953316 5.808702
333.680176 458.534424     220.578125 14.707031 3.446289     -0.264109 -0.964493 0.964493 -0.264109     15.502521 15.502521 0.788944
474.904022 416.508026     18.640625 -3.070312 15.961182     -0.991648 0.128971 -0.128971 -0.991648     27.673248 27.673248 1.575606
474.904022 416.508026     49.046875 -5.445312 10.007812     -0.991648 0.128971 -0.128971 -0.991648     27.673248 27.673248 4.753904
192.983612 230.173767     39.312500 -143.804688 2418.013672     -0.091420 -0.995812 0.995812 -0.091420     22.511650 22.511650 1.299942
192.983612 230.173767     68.765625 -0.527344 154.914062     -0.091420 -0.995812 0.995812 -0.091420     22.511650 22.511650 1.677691
556.115479 372.653625     76.070312 -9.968750 5.484375     -0.987298 -0.158879 0.158879 -0.987298     20.148973 20.148973 1.273211
340.955872 104.705879     12792.218750 -1732.578125 660.500000     -0.998804 0.048903 -0.048903 -0.998804     2.493688 2.493688 1.569142
577.464172 344.006287     177.656250 -25.417969 47.488770     0.523580 -0.851976 0.851976 0.523580     27.370038 27.370038 1.123908
393.931793 369.922363     5.109375 -0.799805 89.122803     -0.965201 0.261509 -0.261509 -0.965201     89.971387 89.971387 3.820564
193.055710 231.590530     129.734375 -8.210938 4.546875     -0.039783 -0.999208 0.999208 -0.039783     23.676363 23.676363 4.527360
491.308838 258.083344     27.476562 -2.931641 17.019775     -0.999960 0.008990 -0.008990 -0.999960     7.670479 7.670479 1.504563
573.063293 353.879059     32.468750 8.911621 69.680435     0.700119 -0.714026 0.714026 0.700119     36.901536 36.901536 1.060296
254.538361 243.754944     459.796875 -423.800781 1077.635986     -0.373862 -0.927484 0.927484 -0.373862     53.974107 53.974107 1.687982
334.109985 459.413330     1153.676758 -3.141724 179.475952     -0.283201 -0.959060 0.959060 -0.283201     16.457037 16.457037 0.779681
575.881226 353.287872     2578.156250 -508.609375 510.500000     -0.748553 0.663075 -0.663075 -0.748553     40.436530 40.436530 4.142175
453.994995 240.625000     56.593750 -8.250000 15.507812     -0.968643 0.248455 -0.248455 -0.968643     15.102730 15.102730 0.228879
453.994995 240.625000     3009.277344 -93.148438 264.008850     -0.968643 0.248455 -0.248455 -0.968643     15.102730 15.102730 3.254786
193.585526 233.879379     114.300781 0.828125 202.246094     -0.129997 -0.991514 0.991514 -0.129997     25.387731 25.387731 4.662858
350.758057 104.274193     5.343750 -0.845703 108.651733     -0.998890 0.047104 -0.047104 -0.998890     2.566602 2.566602 1.566596
298.860352 80.540543     3.593750 -34.986328 413.673706     -0.824002 0.566588 -0.566588 -0.824002     13.985314 13.985314 4.161840
193.293304 234.736221     354.417969 524.343750 1461.285156     -0.005578 -0.999984 0.999984 -0.005578     27.028906 27.028906 1.543081
193.293304 234.736221     54.734375 -3.921875 10.371094     -0.005578 -0.999984 0.999984 -0.005578     27.028906 27.028906 4.530018
507.651611 52.567505     70.359375 -4.976562 8.144531     0.099032 -0.995084 0.995084 0.099032     22.463757 22.463757 4.700907
578.837646 352.827332     1292.187500 49.582031 124.171875     -0.803512 0.595289 -0.595289 -0.803512     44.797947 44.797947 4.056313
453.055542 240.256409     125.539062 3.625000 259.835938     -0.990226 0.139474 -0.139474 -0.990226     15.859742 15.859742 3.037235
453.055542 240.256409     75.671875 -11.437500 10.875000     -0.990226 0.139474 -0.139474 -0.990226     15.859742 15.859742 4.389698
445.261078 101.679802     4.390625 -44.644531 546.309570     -0.997880 -0.065077 0.065077 -0.997880     7.114434 7.114434 1.505480
193.635956 239.433884     5.859375 -1.917969 119.333862     -0.053686 -0.998558 0.998558 -0.053686     27.887048 27.887048 1.536033
193.635956 239.433884     44.554688 -8.156250 19.708252     -0.053686 -0.998558 0.998558 -0.053686     27.887048 27.887048 4.698141
299.420624 80.730156     4.593750 -48.642578 628.723145     -0.839209 0.543809 -0.543809 -0.839209     14.734186 14.734186 4.102374
501.978821 238.313553     8763.939453 -30.038086 248.179810     -0.995611 0.093588 -0.093588 -0.995611     11.616064 11.616064 0.486848
501.978821 238.313553     148.468750 -5.050781 290.230469     -0.995611 0.093588 -0.093588 -0.995611     11.616064 11.616064 1.767764
582.293030 353.022339     22150.046875 -2043.000000 1664.843750     -0.850825 0.525449 -0.525449 -0.850825     50.711057 50.711057 3.976200
193.823456 240.799500     174.332031 68.476562 216.421387     -0.050589 -0.998720 0.998720 -0.050589     31.383718 31.383718 1.566301
193.823456 240.799500     74.984375 -9.242188 11.128906     -0.050589 -0.998720 0.998720 -0.050589     31.383718 31.383718 4.679605
298.422363 83.239128     520.875977 -18.298828 235.194336     0.677987 -0.735074 0.735074 0.677987     18.385973 18.385973 1.082047
492.720825 257.620819     4.984375 -49.335938 633.157104     -0.999330 0.036611 -0.036611 -0.999330     8.527307 8.527307 1.507555
584.591003 352.951874     65.335938 -8.695312 12.628906     -0.877146 0.480224 -0.480224 -0.877146     53.487861 53.487861 3.911931
451.870361 240.170364     51.968750 -196.289062 2647.322266     -0.993131 0.117008 -0.117008 -0.993131     16.263961 16.263961 3.014182
451.870361 240.170364     167.949219 79.642578 307.058594     -0.993131 0.117008 -0.117008 -0.993131     16.263961 16.263961 4.407010
193.382843 242.402725     1289.281250 12.826172 126.291016     0.038443 -0.999261 0.999261 0.038443     34.966555 34.966555 5.498776
447.731598 101.913422     178.875000 -4.000000 375.000000     -0.997735 -0.067273 0.067273 -0.997735     7.050315 7.050315 1.519327
447.731598 101.913422     5.937500 -1.035156 148.249512     -0.997735 -0.067273 0.067273 -0.997735     7.050315 7.050315 5.862052
341.814636 63.097561     57.656250 -9.085938 32.675781     -0.836640 0.547754 -0.547754 -0.836640     16.807983 16.807983 0.816492
341.814636 63.097561     67.937500 -10.156250 16.398438     -0.836640 0.547754 -0.547754 -0.836640     16.807983 16.807983 3.368860
314.971191 246.156372     844.839844 49.912109 388.128906     -0.990763 0.135606 -0.135606 -0.990763     13.695467 13.695467 4.768706
193.389099 243.205170     5.562500 -54.876953 702.664429     0.006121 -0.999981 0.999981 0.006121     37.315393 37.315393 1.549966
193.389099 243.205170     162.453125 -17.492188 8.531250     0.006121 -0.999981 0.999981 0.006121     37.315393 37.315393 3.737641
307.947632 219.419052     31.312500 -19.164062 42.804688     -0.990542 0.137209 -0.137209 -0.990542     9.115712 9.115712 1.538247
307.947632 219.419052     69.218750 -2.851562 9.343750     -0.990542 0.137209 -0.137209 -0.990542     9.115712 9.115712 3.538746
334.278778 459.657562     332.730469 476.875000 1432.312500     -0.297519 -0.954716 0.954716 -0.297519     16.701471 16.701471 0.793161
466.325928 363.947052     51.265625 9.367188 9.539062     -0.990340 0.138662 -0.138662 -0.990340     91.993306 91.993306 1.563117
454.912903 102.294296     21.547729 25.193848 66.347656     -0.998672 -0.051527 0.051527 -0.998672     7.878464 7.878464 1.539221
193.213272 243.769287     499.812500 -380.800781 1135.034180     -0.007638 -0.999971 0.999971 -0.007638     40.364882 40.364882 3.567076
193.213272 243.769287     1432.211426 60.809570 410.589844     -0.007638 -0.999971 0.999971 -0.007638     40.364882 40.364882 5.567784
303.091095 84.422997     164.914062 -17.015625 42.484375     -0.982722 0.185090 -0.185090 -0.982722     29.405853 29.405853 2.052784
303.091095 84.422997     6.015625 -55.859375 710.584717     -0.982722 0.185090 -0.185090 -0.982722     29.405853 29.405853 4.862317
413.899048 36.701923     200.937500 5.714844 387.457031     0.009519 -0.999955 0.999955 0.009519     10.164186 10.164186 0.152254
413.899048 36.701923     169.429688 92.082031 389.315430     0.009519 -0.999955 0.999955 0.009519     10.164186 10.164186 2.290965
493.966278 257.265930     171.093750 -26.976562 11.093750     -0.997874 0.065171 -0.065171 -0.997874     9.011944 9.011944 1.516792
342.519531 63.152344     29.500000 -2.984375 85.191406     -0.967533 0.252745 -0.252745 -0.967533     18.142287 18.142287 2.808041
342.519531 63.152344     936.960938 -101.453125 224.723145     -0.967533 0.252745 -0.252745 -0.967533     18.142287 18.142287 4.024941
349.938629 104.339348     23505.953125 -1650.000000 1623.609375     -0.998879 0.047333 -0.047333 -0.998879     2.888584 2.888584 1.570674
308.140411 219.727661     78.515625 -12.328125 17.007812     -0.990639 0.136505 -0.136505 -0.990639     10.048499 10.048499 1.524179
308.140411 219.727661     56.500000 12.109375 12.121094     -0.990639 0.136505 -0.136505 -0.990639     10.048499 10.048499 3.505895
301.026794 86.983925     62.671875 -4.460938 8.988281     -0.915587 0.402119 -0.402119 -0.915587     34.243712 34.243712 0.645704
301.026794 86.983925     76.312500 1.875000 10.664062     -0.915587 0.402119 -0.402119 -0.915587     34.243712 34.243712 5.015052
450.724457 240.393188     79.992188 -8.804688 11.636719     -0.981826 0.189783 -0.189783 -0.981826     16.785132 16.785132 3.142282
450.724457 240.393188     990.531250 -18.796875 107.406250     -0.981826 0.189783 -0.189783 -0.981826     16.785132 16.785132 4.452225
193.322922 245.255707     383.578125 -29.570312 4.226562     -0.009415 -0.999956 0.999956 -0.009415     48.108554 48.108554 3.320922
193.322922 245.255707     1671.978516 -145.008789 478.729492     -0.009415 -0.999956 0.999956 -0.009415     48.108554 48.108554 5.941861
413.562988 36.283466     184.472656 88.017578 374.419922     0.008185 -0.999966 0.999966 0.008185     10.395708 10.395708 0.179076
413.562988 36.283466     136.125000 -31.414062 91.421875     0.008185 -0.999966 0.999966 0.008185     10.395708 10.395708 2.289488
449.280182 36.420288     309.664062 354.562500 1854.062500     0.084402 -0.996432 0.996432 0.084402     3.572549 3.572549 4.714910
254.857300 244.872910     66.265625 19.773438 17.253906     -0.370184 -0.928958 0.928958 -0.370184     54.274991 54.274991 1.690616
313.897430 246.051285     631.011719 -11.328125 4.000000     -0.996174 0.087388 -0.087388 -0.996174     14.249486 14.249486 4.741290
502.210541 238.067673     203.406250 11.542969 420.449219     -0.996856 0.079235 -0.079235 -0.996856     12.526638 12.526638 0.456902
502.210541 238.067673     228.566406 97.058594 355.553711     -0.996856 0.079235 -0.079235 -0.996856     12.526638 12.526638 1.761900
322.149170 91.981483     6.343750 -0.148438 175.013916     -0.999103 -0.042336 0.042336 -0.999103     49.718567 49.718567 4.725830
322.149170 91.981483     963.890625 -92.580078 1139.832031     -0.999103 -0.042336 0.042336 -0.999103     49.718567 49.718567 5.925522
125.067352 86.421669     72.000000 27.914062 24.785156     -0.084832 -0.996395 0.996395 -0.084832     38.124838 38.124838 1.600376
193.541779 246.356735     65.546875 -6.328125 10.214844     -0.026963 -0.999636 0.999636 -0.026963     50.400258 50.400258 3.355665
193.541779 246.356735     103.343750 -2.984375 241.050781     -0.026963 -0.999636 0.999636 -0.026963     50.400258 50.400258 5.971974
307.865723 220.696106     23129.609375 300.093750 2983.609375     -0.985638 0.168871 -0.168871 -0.985638     13.436396 13.436396 0.187833
307.865723 220.696106     297.984375 107.689453 339.747070     -0.985638 0.168871 -0.168871 -0.985638     13.436396 13.436396 3.416175
448.839539 40.500000     911.484375 -109.566406 225.424805     0.081558 -0.996669 0.996669 0.081558     3.864067 3.864067 4.713083
413.335632 36.550175     388.605469 -28.875000 4.687500     0.016895 -0.999857 0.999857 0.016895     10.862600 10.862600 2.274953
413.335632 36.550175     20.640625 31.546875 103.968750     0.016895 -0.999857 0.999857 0.016895     10.862600 10.862600 4.124647
342.017914 63.728359     9206.650391 -266.076172 292.133240     -0.958107 0.286409 -0.286409 -0.958107     18.700781 18.700781 4.270467
448.647064 42.346405     57.609375 9.857422 68.220444     0.077238 -0.997013 0.997013 0.077238     4.088468 4.088468 4.713696
495.936890 256.827240     78.921875 24.453125 29.199219     -0.994808 0.101773 -0.101773 -0.994808     9.857880 9.857880 1.528029
193.973389 245.133972     379.082031 -28.773438 5.054688     0.035561 -0.999368 0.999368 0.035561     54.798292 54.798292 3.158704
193.973389 245.133972     66.812500 73.171875 131.859375     0.035561 -0.999368 0.999368 0.035561     54.798292 54.798292 5.575913
238.714447 87.431152     810.625000 -103.476562 218.744629     -0.594236 -0.804291 0.804291 -0.594236     50.057176 50.057176 2.051645
238.714447 87.431152     1034.500000 -10.515625 150.445312     -0.594236 -0.804291 0.804291 -0.594236     50.057176 50.057176 5.203556
308.380493 221.091202     79.890625 20.156250 30.289062     -0.990092 0.140420 -0.140420 -0.990092     14.100257 14.100257 3.156335
308.380493 221.091202     356.906250 -26.667969 5.578125     -0.990092 0.140420 -0.140420 -0.990092     14.100257 14.100257 3.477695
102.020248 96.454826     866.718750 50.820312 3.855469     -0.997971 0.063663 -0.063663 -0.997971     68.840736 68.840736 3.162412
102.020248 96.454826     98.343750 -6.531250 249.476562     -0.997971 0.063663 -0.063663 -0.997971     68.840736 68.840736 6.351668
448.424164 42.983147     1027.265625 14.914062 186.281250     0.077823 -0.996967 0.996967 0.077823     4.790334 4.790334 4.712604
312.254669 246.590057     1090.406250 -113.218750 1185.318848     -0.987331 0.158677 -0.158677 -0.987331     15.081012 15.081012 4.769046
239.256653 90.782021     31.375000 -83.855469 688.290771     -0.413646 -0.910438 0.910438 -0.413646     51.654949 51.654949 5.033594
321.162537 92.221138     144.187500 -27.742188 87.570312     -0.999939 -0.011027 0.011027 -0.999939     50.542348 50.542348 4.739344
321.162537 92.221138     315.085938 -22.828125 9.757812     -0.999939 -0.011027 0.011027 -0.999939     50.542348 50.542348 6.046139
334.398346 459.631866     226.812500 -672.984375 3865.550781     -0.299066 -0.954232 0.954232 -0.299066     16.314479 16.314479 0.810131
193.960587 241.138885     12.937500 -61.037109 517.573486     0.020382 -0.999792 0.999792 0.020382     60.171151 60.171151 1.535699
193.960587 241.138885     21161.250000 1235.562500 4069.421875     0.020382 -0.999792 0.999792 0.020382     60.171151 60.171151 3.186874
413.194977 35.817612     308.878906 -25.875000 13.250000     0.007273 -0.999974 0.999974 0.007273     10.958189 10.958189 0.200096
413.194977 35.817612     48.812500 -146.226562 1176.966797     0.007273 -0.999974 0.999974 0.007273     10.958189 10.958189 2.249005
311.832489 248.822495     4.656250 -18.998047 172.950439     -0.950965 0.309297 -0.309297 -0.950965     24.532480 24.532480 3.445438
311.832489 248.822495     780.343750 -120.113281 232.400391     -0.950965 0.309297 -0.309297 -0.950965     24.532480 24.532480 3.879993
449.318787 240.648499     90.546875 -13.203125 17.613281     -0.982434 0.186613 -0.186613 -0.982434     17.117320 17.117320 3.142255
449.318787 240.648499     84.453125 11.031250 32.054688     -0.982434 0.186613 -0.186613 -0.982434     17.117320 17.117320 4.475421
90.993805 102.297966     5.125000 -30.060547 246.924927     -0.994217 -0.107386 0.107386 -0.994217     88.036591 88.036591 2.833460
90.993805 102.297966     8.093750 -52.648438 409.504883     -0.994217 -0.107386 0.107386 -0.994217     88.036591 88.036591 5.990501
342.265961 63.688831     281.687500 -17.644531 2.332031     -0.964251 0.264992 -0.264992 -0.964251     19.253009 19.253009 1.856451
342.265961 63.688831     61.500000 -192.390625 1530.271973     -0.964251 0.264992 -0.264992 -0.964251     19.253009 19.253009 4.178453
448.203979 44.828358     11.500000 -75.486328 696.464355     0.078001 -0.996953 0.996953 0.078001     5.069136 5.069136 4.710535
266.796539 345.000000     219.265625 48.003906 820.312500     -0.993763 0.111512 -0.111512 -0.993763     11.533010 11.533010 0.281137
266.796539 345.000000     837.734375 48.328125 3.812500     -0.993763 0.111512 -0.111512 -0.993763     11.533010 11.533010 0.749684
594.594604 215.184677     1788.812500 -388.916016 1089.830566     0.596991 -0.802248 0.802248 0.596991     18.582125 18.582125 5.492800
502.016937 237.793213     224.812500 -671.039062 4164.085938     -0.998873 0.047464 -0.047464 -0.998873     13.655294 13.655294 0.295829
502.016937 237.793213     131.160156 -0.425781 13.189453     -0.998873 0.047464 -0.047464 -0.998873     13.655294 13.655294 1.759330
254.669266 247.290863     22.687500 -160.953125 1277.182617     -0.349697 -0.936863 0.936863 -0.349697     55.975796 55.975796 1.668545
372.690002 237.830002     6.906250 -0.237305 190.522095     -0.977821 -0.209440 0.209440 -0.977821     12.350592 12.350592 1.517130
391.910889 211.549500     73.125000 -225.058594 1804.691895     -0.996948 0.078067 -0.078067 -0.996948     9.780604 9.780604 1.526482
391.910889 211.549500     143.140625 -26.617188 124.859375     -0.996948 0.078067 -0.078067 -0.996948     9.780604 9.780604 3.279826
38.298931 127.900352     64.843750 4.295898 69.585754     -0.409601 -0.912265 0.912265 -0.409601     14.397082 14.397082 4.859342
266.535492 339.742615     3.406250 -3.687500 90.456299     -0.990826 0.135146 -0.135146 -0.990826     28.518603 28.518603 3.269598
448.022217 45.262222     174.921875 -3.781250 17.041016     0.078546 -0.996910 0.996910 0.078546     5.717826 5.717826 4.715058
193.430801 239.814789     11.875000 -81.666016 656.270996     -0.030596 -0.999532 0.999532 -0.030596     63.760818 63.760818 1.547885
193.430801 239.814789     757.476562 -115.113281 231.674316     -0.030596 -0.999532 0.999532 -0.030596     63.760818 63.760818 3.329488
239.778809 93.660904     1812.468750 -401.011719 1111.074951     -0.341591 -0.939849 0.939849 -0.341591     52.471271 52.471271 1.824363
239.778809 93.660904     5862.230469 -349.828125 527.402344     -0.341591 -0.939849 0.939849 -0.341591     52.471271 52.471271 4.952774
498.005920 256.065277     309.742188 -17.546875 2.765625     -0.986807 0.161901 -0.161901 -0.986807     11.619969 11.619969 1.515190
595.882507 221.500000     7.968750 -45.289062 588.136108     0.053359 -0.998575 0.998575 0.053359     24.375105 24.375105 1.200348
595.882507 221.500000     300.531250 -110.562500 4749.194336     0.053359 -0.998575 0.998575 0.053359     24.375105 24.375105 4.869235
327.993011 83.883392     96.156250 -7.484375 19.132812     -0.990387 0.138322 -0.138322 -0.990387     65.297119 65.297119 0.182439
327.993011 83.883392     92.984375 -7.851562 10.300781     -0.990387 0.138322 -0.138322 -0.990387     65.297119 65.297119 4.833498
310.783264 249.384125     17.656250 -123.966797 985.718262     -0.951559 0.307466 -0.307466 -0.951559     24.874816 24.874816 3.435532
310.783264 249.384125     127.171875 -21.617188 169.300781     -0.951559 0.307466 -0.307466 -0.951559     24.874816 24.874816 3.877535
391.924438 211.951111     1184.390625 65.554688 4.847656     -0.997105 0.076031 -0.076031 -0.997105     10.758228 10.758228 1.529777
391.924438 211.951111     298.218750 -24.718750 37.023438     -0.997105 0.076031 -0.076031 -0.997105     10.758228 10.758228 3.238533
197.573532 299.936279     236.703125 47.292969 945.679688     -0.996927 0.078339 -0.078339 -0.996927     5.672613 5.672613 1.570003
267.061920 337.588623     819.203125 -90.744141 228.859863     -0.994366 -0.105998 0.105998 -0.994366     34.775687 34.775687 2.680675
447.997559 240.907089     346.312500 -115.992188 4927.349609     -0.981886 0.189473 -0.189473 -0.981886     17.211470 17.211470 4.501496
447.997559 240.907089     124.046875 -31.820312 191.011719     -0.981886 0.189473 -0.189473 -0.981886     17.211470 17.211470 6.392564
373.245453 238.254547     189.671875 -25.695312 13.210938     -0.968967 -0.247189 0.247189 -0.968967     13.523922 13.523922 1.498784
391.940308 212.791046     318.496094 -16.324219 3.636719     -0.996612 0.082251 -0.082251 -0.996612     13.212016 13.212016 1.555475
391.940308 212.791046     24.849609 0.316406 20.000000     -0.996612 0.082251 -0.082251 -0.996612     13.212016 13.212016 3.244233
502.503082 237.911041     240.250000 -59.296875 95.648438     -0.999593 -0.028526 0.028526 -0.999593     14.658230 14.658230 1.749444
502.503082 237.911041     5743.029297 -129.962891 643.658203     -0.999593 -0.028526 0.028526 -0.999593     14.658230 14.658230 3.016737
600.663269 225.441025     3.390625 -2.968750 110.291016     -0.674684 -0.738106 0.738106 -0.674684     31.089469 31.089469 0.981789
600.663269 225.441025     16.796875 7.787109 188.667480     -0.674684 -0.738106 0.738106 -0.674684     31.089469 31.089469 1.340161
308.498566 221.398865     1686.375000 -294.328125 1376.915039     -0.992064 0.125733 -0.125733 -0.992064     14.596121 14.596121 3.422851
308.498566 221.398865     30839.914062 3326.531250 18087.265625     -0.992064 0.125733 -0.125733 -0.992064     14.596121 14.596121 6.303267
409.578583 307.960968     996.171875 -3.695312 41.105469     -0.999774 0.021270 -0.021270 -0.999774     46.549743 46.549743 3.035579
409.578583 307.960968     1979.312500 -140.398438 31.039062     -0.999774 0.021270 -0.021270 -0.999774     46.549743 46.549743 5.738486
261.988556 299.290100     24.240234 -0.794922 39.964844     -0.211505 -0.977377 0.977377 -0.211505     66.654830 66.654830 1.629440
591.187805 253.314560     133.156250 -61.234375 339.804688     -0.992253 -0.124234 0.124234 -0.992253     17.174363 17.174363 1.537514
196.860870 299.965210     3.828125 -32.496094 420.695068     -0.997012 0.077250 -0.077250 -0.997012     6.260348 6.260348 1.569914
238.230316 94.176216     3.359375 -32.811523 437.389526     -0.365064 -0.930982 0.930982 -0.365064     55.105896 55.105896 4.993943
500.680115 247.079254     25.671875 0.841797 47.851562     -0.888747 0.458398 -0.458398 -0.888747     39.028030 39.028030 0.593964
500.680115 247.079254     4.109375 -40.564453 578.609375     -0.888747 0.458398 -0.458398 -0.888747     39.028030 39.028030 3.784203
262.417694 298.685333     987.750000 -59.609375 87.656250     -0.213565 -0.976929 0.976929 -0.213565     68.564674 68.564674 1.637126
374.353851 238.903839     59.062500 44.072266 199.663452     -0.942934 -0.332981 0.332981 -0.942934     14.421963 14.421963 1.436189
199.268906 355.823517     482.062012 -42.767578 4.500000     -0.999837 0.018058 -0.018058 -0.999837     8.766808 8.766808 2.594524
193.245026 238.257996     437.514160 -39.544922 4.578125     -0.052959 -0.998597 0.998597 -0.052959     64.082605 64.082605 3.349657
193.245026 238.257996     60.408203 5.417969 28.945312     -0.052959 -0.998597 0.998597 -0.052959     64.082605 64.082605 6.178663
235.909424 93.824226     3.875000 -17.562500 144.183594     -0.475687 -0.879615 0.879615 -0.475687     59.712491 59.712491 5.111312
413.145721 34.942856     546.150146 -50.187500 5.593750     0.000880 -1.000000 1.000000 0.000880     11.333944 11.333944 0.260974
413.145721 34.942856     19.830078 -11.876953 472.777344     0.000880 -1.000000 1.000000 0.000880     11.333944 11.333944 2.260192
375.170563 239.531769     503.180420 -44.341797 5.046875     -0.907124 -0.420863 0.420863 -0.907124     15.480480 15.480480 1.385441
375.170563 239.531769     694.040527 -63.000000 6.828125     -0.907124 -0.420863 0.420863 -0.907124     15.480480 15.480480 4.422236
391.362427 213.211411     11966.406250 -321.466797 302.762268     -0.993686 0.112196 -0.112196 -0.993686     13.870183 13.870183 1.573347
391.362427 213.211411     447.580078 -38.085938 3.828125     -0.993686 0.112196 -0.112196 -0.993686     13.870183 13.870183 3.240186
233.056274 93.415436     753.886719 -257.114258 216.164062     -0.636256 -0.771478 0.771478 -0.636256     65.082271 65.082271 5.283612
328.771759 83.661179     770.340576 -66.730469 7.296875     -0.988076 0.153968 -0.153968 -0.988076     64.954738 64.954738 0.203540
328.771759 83.661179     822.712646 -64.623047 5.929688     -0.988076 0.153968 -0.153968 -0.988076     64.954738 64.954738 4.829357
196.915390 299.830780     637.375732 -56.619141 7.359375     -0.997215 0.074582 -0.074582 -0.997215     7.154744 7.154744 1.569307
354.340820 456.807190     695.891479 -123.541016 47.125000     -0.318397 -0.947958 0.947958 -0.318397     14.262065 14.262065 4.704132
374.368958 240.384216     817.355469 -26.690430 2.068604     -0.925455 -0.378857 0.378857 -0.925455     19.712244 19.712244 1.394581
374.368958 240.384216     560.882935 -115.620605 163.238281     -0.925455 -0.378857 0.378857 -0.925455     19.712244 19.712244 5.467008
228.280563 93.587471     94.703491 -14.114258 31.437500     -0.881806 -0.471613 0.471613 -0.881806     75.183856 75.183856 5.591842
197.283279 299.617737     91.492188 -3.343750 12.339844     -0.997088 0.076256 -0.076256 -0.997088     7.602378 7.602378 1.569965
328.239777 85.165733     110.271484 -14.294922 9.277344     -0.985891 0.167391 -0.167391 -0.985891     63.826382 63.826382 0.213496
328.239777 85.165733     125.828125 -6.767578 23.184082     -0.985891 0.167391 -0.167391 -0.985891     63.826382 63.826382 4.832451
407.223969 308.938019     538.312500 -59.171875 8.718750     -0.999929 0.011892 -0.011892 -0.999929     55.172321 55.172321 2.998007
373.915131 240.740829     106.218750 -14.468750 14.390625     -0.942345 -0.334643 0.334643 -0.942345     21.642721 21.642721 1.432095
373.915131 240.740829     133.710938 -13.412109 29.198975     -0.942345 -0.334643 0.334643 -0.942345     21.642721 21.642721 5.495928
197.482666 299.277466     621.125000 -103.187500 72.968750     -0.997164 0.075260 -0.075260 -0.997164     8.497011 8.497011 1.570728
466.863647 202.181824     95.031250 265.250000 856.765625     -0.998282 -0.058594 0.058594 -0.998282     4.203591 4.203591 1.583335
408.134827 311.053070     9.755859 13.621094 186.718750     -0.999843 -0.017726 0.017726 -0.999843     61.374597 61.374597 2.932028
408.134827 311.053070     1143.312500 52.484375 550.667969     -0.999843 -0.017726 0.017726 -0.999843     61.374597 61.374597 5.777913
115.348633 104.271034     1174.671875 41.734375 687.751953     -0.995981 0.089567 -0.089567 -0.995981     94.587983 94.587983 4.794717
605.805481 60.845665     25.078125 -23.570312 86.187500     0.124655 -0.992200 0.992200 0.124655     20.542776 20.542776 4.681461
501.573090 246.738678     23.207031 2.843750 193.125000     -0.925801 0.378011 -0.378011 -0.925801     39.292756 39.292756 0.592301
501.573090 246.738678     188.312500 -25.289062 37.447510     -0.925801 0.378011 -0.378011 -0.925801     39.292756 39.292756 3.680778
197.305161 298.354462     1037.234375 -244.437500 101.484375     -0.997247 0.074148 -0.074148 -0.997247     12.775946 12.775946 1.576657
561.934937 45.984589     11760.794922 -415.887695 21.117676     0.118395 -0.992967 0.992967 0.118395     10.705697 10.705697 4.703608
197.725998 297.614014     84.926758 10.121094 17.789062     -0.996248 0.086539 -0.086539 -0.996248     14.926421 14.926421 1.582357
604.788269 63.830250     737.906250 -55.750000 17.609375     0.126484 -0.991969 0.991969 0.126484     24.716180 24.716180 4.680055
536.044617 45.928570     30.562500 -43.431641 221.635254     0.110797 -0.993843 0.993843 0.110797     7.169408 7.169408 4.704802
327.862579 86.447800     40.434570 75.214844 824.781250     -0.978736 0.205123 -0.205123 -0.978736     64.779239 64.779239 0.297116
327.862579 86.447800     81.674805 -32.091797 42.257812     -0.978736 0.205123 -0.205123 -0.978736     64.779239 64.779239 4.900279
446.923584 241.052399     1311.500000 -189.296875 90.343750     -0.984954 0.172817 -0.172817 -0.984954     17.599953 17.599953 4.507568
446.923584 241.052399     156.820312 420.546875 1291.406250     -0.984954 0.172817 -0.172817 -0.984954     17.599953 17.599953 6.355604
373.027893 241.466141     160.203125 -61.382812 48.246094     -0.980213 -0.197945 0.197945 -0.980213     24.576356 24.576356 1.537710
373.027893 241.466141     35.906250 -18.861328 297.655273     -0.980213 -0.197945 0.197945 -0.980213     24.576356 24.576356 5.679790
582.013489 30.599098     77.177505 5.475098 11.408203     0.121548 -0.992586 0.992586 0.121548     5.407336 5.407336 4.704366
587.158997 54.476986     47.564453 84.214844 913.656250     0.127917 -0.991785 0.991785 0.127917     5.137366 5.137366 4.710875
193.393036 196.975128     40.931641 2.109375 17.718750     -0.998027 0.062787 -0.062787 -0.998027     4.974456 4.974456 1.536846
603.561157 68.406654     10268.000000 -342.836914 18.543457     0.127758 -0.991805 0.991805 0.127758     27.267701 27.267701 1.549953
603.561157 68.406654     38.375000 21.703125 31.976562     0.127758 -0.991805 0.991805 0.127758     27.267701 27.267701 4.680556
543.945312 49.360378     513.807617 -23.702148 9.607422     0.108258 -0.994123 0.994123 0.108258     8.149474 8.149474 4.705172
194.029694 248.078796     1176.140625 4.847656 648.388672     -0.079115 -0.996865 0.996865 -0.079115     66.052863 66.052863 1.555494
465.459290 202.123779     16.406250 -0.980469 19.753906     -0.998336 -0.057663 0.057663 -0.998336     4.547211 4.547211 1.594559
253.224136 163.935959     161.546875 376.984375 1076.078125     -0.999993 0.003609 -0.003609 -0.999993     16.341827 16.341827 4.704514
585.371277 64.341232     237.237488 -20.521973 60.484375     0.125262 -0.992124 0.992124 0.125262     6.922127 6.922127 4.711881
413.048584 34.826088     556.219727 -21.514648 12.181641     0.001292 -0.999999 0.999999 0.001292     11.825623 11.825623 0.262757
413.048584 34.826088     1322.317871 -624.273438 733.769531     0.001292 -0.999999 0.999999 0.001292     11.825623 11.825623 2.260894
602.687988 71.385338     77.992676 -19.471680 18.169922     0.126817 -0.991926 0.991926 0.126817     29.968574 29.968574 4.674465
500.302979 246.111221     9494.486328 -317.912109 17.415039     -0.813877 0.581037 -0.581037 -0.813877     46.299085 46.299085 0.711608
500.302979 246.111221     29.281250 2.244141 27.706055     -0.813877 0.581037 -0.581037 -0.813877     46.299085 46.299085 3.870138
193.901779 197.084824     373.725586 -11.550781 1962.781250     -0.998276 0.058695 -0.058695 -0.998276     5.540401 5.540401 1.529029
262.731171 185.566315     49.048553 -3.683594 15.015625     -0.985365 0.170460 -0.170460 -0.985365     11.690404 11.690404 4.624954
372.974762 241.855850     160.875000 -47.882812 67.968750     -0.992828 -0.119555 0.119555 -0.992828     26.297886 26.297886 1.570668
372.974762 241.855850     694.375000 90.203125 217.608398     -0.992828 -0.119555 0.119555 -0.992828     26.297886 26.297886 5.889709
401.810669 49.878639     5.234375 54.101562 696.785156     0.042247 -0.999107 0.999107 0.042247     8.112895 8.112895 4.841288
257.343353 164.231857     689.795898 4.914062 2013.828125     -0.999714 0.023929 -0.023929 -0.999714     18.526947 18.526947 4.706043
580.758972 38.842484     630.399414 -27.036133 14.886719     0.123800 -0.992307 0.992307 0.123800     5.843668 5.843668 4.706457
328.672638 87.219742     30.320312 5.345703 38.968750     -0.978784 0.204894 -0.204894 -0.978784     64.833907 64.833907 0.281698
122.350380 106.097298     20.335938 -7.042969 31.019531     -0.997875 0.065156 -0.065156 -0.997875     101.080897 101.080897 4.790822
194.345383 197.124496     1274.843750 -118.183594 740.908203     -0.998381 0.056883 -0.056883 -0.998381     5.979916 5.979916 1.544365
525.192810 42.077503     435.468750 -4.882812 81.101562     0.077360 -0.997003 0.997003 0.077360     9.497748 9.497748 4.707310
447.664032 241.412567     174.000000 -52.906250 74.621094     -0.995398 0.095827 -0.095827 -0.995398     19.309298 19.309298 4.451367
447.664032 241.412567     565.312500 -27.429688 91.625000     -0.995398 0.095827 -0.095827 -0.995398     19.309298 19.309298 6.116887
392.921570 213.310928     23.363281 -11.718750 46.451172     -0.995600 0.093704 -0.093704 -0.995600     13.914978 13.914978 1.514322
392.921570 213.310928     1427.475342 -199.287109 1383.468750     -0.995600 0.093704 -0.093704 -0.995600     13.914978 13.914978 3.302395
579.879272 45.329979     146.500000 363.867188 1229.671875     0.125034 -0.992152 0.992152 0.125034     6.417187 6.417187 4.704923
500.276947 243.801926     16165.796875 -958.584961 196.309570     0.388657 -0.921382 0.921382 0.388657     48.893555 48.893555 1.150036
258.901825 172.013474     199.710938 -17.906250 12.382812     -0.999714 0.023902 -0.023902 -0.999714     47.373745 47.373745 4.699386
473.395416 202.625000     25.113281 -32.648438 173.441406     -0.998469 -0.055321 0.055321 -0.998469     4.961340 4.961340 1.590102
379.745514 240.031387     1669.911621 -375.866211 1657.496094     -0.995629 0.093394 -0.093394 -0.995629     26.509818 26.509818 1.622353
379.745514 240.031387     106.609375 -4.087891 9.493164     -0.995629 0.093394 -0.093394 -0.995629     26.509818 26.509818 4.598275
194.252258 253.588593     228.578125 -59.335938 77.390625     -0.066266 -0.997802 0.997802 -0.066266     68.772356 68.772356 1.523662
331.271423 88.003448     602.468750 -12.492188 113.464844     -0.988901 0.148577 -0.148577 -0.988901     66.017633 66.017633 0.174269
500.361084 243.628799     403.781250 14.117188 17.894531     0.370898 -0.928674 0.928674 0.370898     47.482642 47.482642 1.198937
398.291290 212.300003     13.882812 49.351562 257.027344     -0.989978 0.141222 -0.141222 -0.989978     13.903078 13.903078 1.541723
398.291290 212.300003     32.507812 7.101562 46.114258     -0.989978 0.141222 -0.141222 -0.989978     13.903078 13.903078 3.402181
192.745102 197.196075     1598.218750 -278.824219 10160.093750     -0.998666 0.051638 -0.051638 -0.998666     7.520031 7.520031 1.542881
136.721375 223.950378     58.882812 -30.355469 129.242188     -0.997896 -0.064832 0.064832 -0.997896     20.114267 20.114267 1.675154
591.707703 300.218903     35.757812 46.375000 119.445312     -0.941598 0.336739 -0.336739 -0.941598     38.826008 38.826008 3.633226
401.785400 51.665237     50.871094 -20.164062 247.476562     0.027739 -0.999615 0.999615 0.027739     8.184859 8.184859 4.863622
414.074249 35.541485     384.029297 77.839844 50.468750     -0.045169 -0.998979 0.998979 -0.045169     18.248473 18.248473 0.353194
331.178436 89.108551     1534.484375 -179.093750 78.125000     -0.989792 0.142518 -0.142518 -0.989792     70.595201 70.595201 0.153453
136.466019 222.818771     115.953125 281.562500 1043.921875     -0.104578 -0.994517 0.994517 -0.104578     22.261608 22.261608 0.401009
407.016266 239.679764     119.201416 3.786621 7.330078     -0.999993 0.003869 -0.003869 -0.999993     28.846078 28.846078 1.608324
407.016266 239.679764     457.859375 28.906250 75.906250     -0.999993 0.003869 -0.003869 -0.999993     28.846078 28.846078 4.592889
435.930695 207.473526     92.671875 -13.078125 37.085938     -0.997440 0.071509 -0.071509 -0.997440     20.608591 20.608591 1.550275
435.930695 207.473526     815.894531 70.613281 44.804688     -0.997440 0.071509 -0.071509 -0.997440     20.608591 20.608591 4.038038
136.570618 221.646896     5.386719 -15.800781 268.003906     0.050360 -0.998731 0.998731 0.050360     22.137142 22.137142 6.414825
502.345551 246.728333     46.593750 1.572266 138.484070     0.264318 -0.964436 0.964436 0.264318     48.544570 48.544570 1.386170
469.604767 34.009525     115.390625 241.359375 963.015625     0.077254 -0.997011 0.997011 0.077254     5.150802 5.150802 4.711085
137.519836 183.273804     93.546875 -57.695312 168.942383     0.099565 -0.995031 0.995031 0.099565     9.588386 9.588386 0.239233
137.519836 183.273804     15486.109375 -589.833008 227.918457     0.099565 -0.995031 0.995031 0.099565     9.588386 9.588386 1.593512
409.669586 238.475449     57.750000 25.031250 56.257812     -0.999665 0.025863 -0.025863 -0.999665     34.383106 34.383106 1.635601
409.669586 238.475449     9.132812 20.945312 268.285156     -0.999665 0.025863 -0.025863 -0.999665     34.383106 34.383106 4.539661
460.971069 34.528927     1727.217285 -488.404297 9531.476562     0.074959 -0.997187 0.997187 0.074959     4.252267 4.252267 4.710085
137.000000 221.931366     271.812500 -107.847656 235.250000     -0.037872 -0.999283 0.999283 -0.037872     22.786167 22.786167 0.294959
460.515137 37.827274     65.812500 1.468750 43.359375     0.070087 -0.997541 0.997541 0.070087     5.049890 5.049890 4.710881
411.945923 236.321106     109.710938 180.437500 1033.796875     -0.997833 0.065795 -0.065795 -0.997833     41.175796 41.175796 1.641635
411.945923 236.321106     91.187500 21.546875 76.664062     -0.997833 0.065795 -0.065795 -0.997833     41.175796 41.175796 4.552773
418.024353 39.946991     22.703125 -53.417969 224.660156     -0.276343 -0.961059 0.961059 -0.276343     30.649579 30.649579 0.697587
60.118645 377.406769     1384.484375 40.054688 1150.726562     -0.996076 0.088498 -0.088498 -0.996076     3.765579 3.765579 4.715215
55.510715 429.878571     2476.218750 2.703125 126.398438     -0.995922 0.090222 -0.090222 -0.995922     4.490283 4.490283 4.707378
141.672241 266.324402     22.671875 -1.989746 42.861870     -0.986280 -0.165081 0.165081 -0.986280     23.828112 23.828112 1.451731
141.672241 266.324402     88.250000 116.171875 381.820312     -0.986280 -0.165081 0.165081 -0.986280     23.828112 23.828112 4.506717
53.907589 403.122101     158.000000 47.171875 90.046875     -0.995789 0.091670 -0.091670 -0.995789     4.440254 4.440254 4.710468
137.426437 210.462219     57.546875 2.466309 133.312836     0.026194 -0.999657 0.999657 0.026194     19.881070 19.881070 0.608990
137.426437 210.462219     91.906250 -0.718750 43.757812     0.026194 -0.999657 0.999657 0.026194     19.881070 19.881070 4.685911
57.453899 377.702118     15406.640625 -288.769531 294.041260     -0.996087 0.088373 -0.088373 -0.996087     4.072788 4.072788 4.717704
53.312302 430.072540     229.093750 45.875000 91.093750     -0.996122 0.087979 -0.087979 -0.996122     4.784711 4.784711 4.710528
48.873993 403.621979     300.750000 -27.218750 9.460938     -0.995893 0.090543 -0.090543 -0.995893     4.720407 4.720407 4.712583
64.023582 354.740570     10.187500 -40.707031 767.673584     -0.996390 0.084896 -0.084896 -0.996390     3.436099 3.436099 4.711627
49.407692 378.484619     1660.359375 193.718750 1280.302734     -0.996267 0.086321 -0.086321 -0.996267     4.676544 4.676544 4.716058
46.492790 430.764435     85.500000 106.515625 659.343750     -0.995782 0.091753 -0.091753 -0.995782     5.391698 5.391698 4.714262
59.274132 355.100372     2760.539551 -926.908203 9251.898438     -0.996678 0.081440 -0.081440 -0.996678     3.586472 3.586472 4.712122
46.800884 404.002197     9498.835938 3685.140625 6675.904297     -0.995907 0.090384 -0.090384 -0.995907     5.961211 5.961211 4.713360
50.909283 312.026855     1575.531250 -167.359375 89.500000     -0.928095 0.372345 -0.372345 -0.928095     47.838141 47.838141 4.874681
49.046295 378.608795     269.781250 -213.375000 1408.640625     -0.996255 0.086469 -0.086469 -0.996255     5.520634 5.520634 4.716920
50.517906 355.812683     10.156250 -60.802734 797.945312     -0.996923 0.078388 -0.078388 -0.996923     4.144860 4.144860 4.714658
46.560635 430.922455     11494.156250 3290.492188 5308.435547     -0.996049 0.088803 -0.088803 -0.996049     6.841623 6.841623 4.718288
35.471317 383.867279     111.093750 122.109375 910.171875     -0.983494 0.180942 -0.180942 -0.983494     22.226563 22.226563 4.747438
26.484375 218.057297     355.406250 -295.093750 1392.570312     -0.998950 0.045823 -0.045823 -0.998950     14.064090 14.064090 4.720480
180.087814 63.898018     3346.999512 -1691.601562 9687.835938     -0.999466 0.032685 -0.032685 -0.999466     4.920788 4.920788 3.433766
310.739594 202.054688     974.218750 -67.031250 19.062500     -0.999112 0.042132 -0.042132 -0.999112     15.717077 15.717077 3.146499
310.739594 202.054688     1619.625000 -117.078125 101.000000     -0.999112 0.042132 -0.042132 -0.999112     15.717077 15.717077 4.718982
176.142609 63.840000     12.968750 -112.105469 1076.566162     -0.999305 0.037287 -0.037287 -0.999305     5.613431 5.613431 1.621894
176.142609 63.840000     37455.304688 -7695.863281 10913.562500     -0.999305 0.037287 -0.037287 -0.999305     5.613431 5.613431 3.239617
173.446960 63.837341     48.125000 -68.441406 827.396729     -0.999331 0.036559 -0.036559 -0.999331     5.869636 5.869636 4.697831
168.425797 64.014595     35.687500 -73.400391 840.140137     -0.999340 0.036326 -0.036326 -0.999340     6.085508 6.085508 4.703166
104.461815 240.807266     551.390625 -25.562500 5.242188     -0.990502 0.137496 -0.137496 -0.990502     12.152499 12.152499 1.581003
335.931915 43.124413     23.500000 -64.484375 313.062683     -0.997852 0.065507 -0.065507 -0.997852     21.458821 21.458821 4.813194
431.373779 361.734436     225.421875 -92.052734 842.105713     -0.993964 0.109703 -0.109703 -0.993964     6.656306 6.656306 6.275542
335.183044 43.942196     420.070312 -38.718750 7.554688     -0.992120 0.125289 -0.125289 -0.992120     23.600446 23.600446 4.851777
435.264130 365.752289     20.062500 -114.847656 993.090332     -0.983837 0.179067 -0.179067 -0.983837     33.125542 33.125542 0.274637
322.514648 435.171539     379.890625 -5.773438 47.414062     -0.299497 -0.954097 0.954097 -0.299497     15.436812 15.436812 4.744278
36.811661 65.869957     28.625000 -86.869141 935.837158     -0.998533 0.054152 -0.054152 -0.998533     3.902349 3.902349 4.713872
363.237854 368.927185     25.250000 44.156250 214.359375     -0.995438 0.095411 -0.095411 -0.995438     5.213753 5.213753 4.632998
125.932327 461.090240     168.250000 -84.818359 976.789551     -0.076298 -0.997085 0.997085 -0.076298     13.283435 13.283435 1.585617
357.111633 151.144165     38005.601562 -8139.203125 11261.003906     -0.996161 -0.087538 0.087538 -0.996161     105.155272 105.155272 6.016500
433.572083 366.655823     1741.203125 -138.890625 112.718750     -0.980961 0.194203 -0.194203 -0.980961     32.524938 32.524938 0.336410
488.036133 153.331146     208.351562 189.062500 896.375000     -0.996399 -0.084784 0.084784 -0.996399     117.707542 117.707542 1.574122
390.129913 67.620094     1061.187500 -105.937500 36.546875     0.322655 -0.946517 0.946517 0.322655     18.577603 18.577603 5.594358
336.164581 44.854038     209.421875 -85.521484 817.658936     -0.986949 0.161035 -0.161035 -0.986949     25.976046 25.976046 4.844405
420.684937 370.798615     63.125000 2.125000 21.218750     -0.971167 0.238402 -0.238402 -0.971167     28.982212 28.982212 0.623845
315.897552 415.370728     29.328125 50.375000 251.578125     -0.309957 -0.950750 0.950750 -0.309957     19.483543 19.483543 1.584635
315.897552 415.370728     60.171875 1.406250 24.031250     -0.309957 -0.950750 0.950750 -0.309957     19.483543 19.483543 4.742058
97.643600 150.723190     1845.625000 -157.187500 122.203125     -0.998569 0.053478 -0.053478 -0.998569     9.848178 9.848178 1.567865
131.430756 64.146584     59.125000 -66.687500 146.109375     -0.999375 0.035359 -0.035359 -0.999375     11.386829 11.386829 4.716058
34.683998 154.151993     77.781250 -59.984375 134.781250     -0.998680 -0.051355 0.051355 -0.998680     9.698924 9.698924 1.469796
34.683998 154.151993     90.632812 -8.187500 11.687500     -0.998680 -0.051355 0.051355 -0.998680     9.698924 9.698924 4.718674
97.786705 228.526321     2211.312500 -533.875000 501.046875     -0.989300 -0.145895 0.145895 -0.989300     18.166003 18.166003 1.560144
390.161255 60.573963     54.468750 -8.458984 22.867188     0.211725 -0.977329 0.977329 0.211725     20.696880 20.696880 1.504480
390.161255 60.573963     137.625000 -110.765625 203.578125     0.211725 -0.977329 0.977329 0.211725     20.696880 20.696880 4.683827
123.722130 443.660645     972.156250 -245.375000 181.468750     -0.094603 -0.995515 0.995515 -0.094603     25.962693 25.962693 1.590707
116.717018 198.971313     535.455078 -30.089844 8.585938     -0.872732 0.488200 -0.488200 -0.872732     22.185445 22.185445 2.023134
408.712616 371.950378     258.147003 -23.990723 5.559326     -0.988724 0.149751 -0.149751 -0.988724     35.339510 35.339510 0.212726
314.976196 413.724213     156.156250 -110.937500 206.187500     -0.313581 -0.949561 0.949561 -0.313581     19.059930 19.059930 4.735007
340.879303 227.738922     26.500000 49.364990 130.819336     -0.914831 0.403837 -0.403837 -0.914831     20.694952 20.694952 3.942059
388.967896 55.262459     1225.312500 115.843750 414.593750     0.071505 -0.997440 0.997440 0.071505     26.452235 26.452235 4.715961
121.942909 437.211304     143.531250 -6.218750 13.453125     -0.095889 -0.995392 0.995392 -0.095889     28.264791 28.264791 1.591720
83.571426 460.271423     53.140625 3.812500 18.078125     -0.995963 -0.089769 0.089769 -0.995963     18.840241 18.840241 2.831129
141.675629 64.395462     512.117188 -0.351562 2.492188     -0.999442 0.033393 -0.033393 -0.999442     11.981001 11.981001 4.716330
618.611816 227.739136     598.488892 -45.663818 8.526855     -0.756912 -0.653517 0.653517 -0.756912     16.372907 16.372907 2.869816
618.611816 227.739136     142.031250 -10.343750 16.390625     -0.756912 -0.653517 0.653517 -0.756912     16.372907 16.372907 4.408537
99.657692 151.388458     68.664062 4.343750 24.757812     -0.998902 0.046854 -0.046854 -0.998902     13.116284 13.116284 1.565883
99.657692 151.388458     799.398438 -15.007812 3.578125     -0.998902 0.046854 -0.046854 -0.998902     13.116284 13.116284 6.218242
356.079895 155.056046     31.879883 63.013672 166.115234     -0.999958 -0.009184 0.009184 -0.999958     114.581713 114.581713 6.173731
242.018433 147.244232     850.765625 -70.681885 14.781250     0.261854 -0.965107 0.965107 0.261854     18.078706 18.078706 2.780736
242.018433 147.244232     1286.781250 21.718750 409.625000     0.261854 -0.965107 0.965107 0.261854     18.078706 18.078706 4.334154
342.548065 230.600494     85.828125 10.281250 39.625000     -0.900489 0.434878 -0.434878 -0.900489     28.933919 28.933919 3.898764
459.152893 214.822311     223.625000 26.484375 52.218750     -0.991320 -0.131472 0.131472 -0.991320     26.700756 26.700756 3.006644
459.152893 214.822311     5078.281250 -1729.765625 1297.156250     -0.991320 -0.131472 0.131472 -0.991320     26.700756 26.700756 6.056528
493.721771 213.100800     37.161621 74.659180 188.082031     -0.979480 0.201539 -0.201539 -0.979480     18.418561 18.418561 3.789519
311.265381 408.443237     6418.859375 -1802.546875 1248.484375     -0.337943 -0.941166 0.941166 -0.337943     23.026439 23.026439 1.619954
311.265381 408.443237     142.960938 8.679688 51.812500     -0.337943 -0.941166 0.941166 -0.337943     23.026439 23.026439 4.783046
101.729912 151.607147     136.046875 -52.718750 25.953125     -0.999221 0.039454 -0.039454 -0.999221     15.148463 15.148463 1.562485
101.729912 151.607147     1382.656250 -215.968750 530.921875     -0.999221 0.039454 -0.039454 -0.999221     15.148463 15.148463 6.207838
66.204544 178.281250     1401.218750 -249.968750 551.609375     -0.958663 0.284545 -0.284545 -0.958663     15.840031 15.840031 0.721282
66.204544 178.281250     11641.750000 381.640625 1342.421875     -0.958663 0.284545 -0.284545 -0.958663     15.840031 15.840031 1.585064
144.041443 64.300552     13.172913 -8.148582 37.119797     -0.999439 0.033489 -0.033489 -0.999439     11.702185 11.702185 4.714404
269.341553 99.031693     153.351562 15.492188 58.687500     -0.815829 -0.578293 0.578293 -0.815829     22.996417 22.996417 4.127369
34.712280 154.133331     26.253036 -14.359150 45.744919     -0.998546 -0.053897 0.053897 -0.998546     10.586835 10.586835 4.717933
34.712280 154.133331     52.566475 -25.349068 50.351387     -0.998546 -0.053897 0.053897 -0.998546     10.586835 10.586835 5.843073
407.348785 373.026459     132.411697 -67.522812 131.403015     -0.992642 0.121088 -0.121088 -0.992642     32.785024 32.785024 4.623843
407.348785 373.026459     58.265625 -51.093750 52.734375     -0.992642 0.121088 -0.121088 -0.992642     32.785024 32.785024 6.349723
341.891754 230.847809     459.234375 -284.093750 303.632812     -0.920953 0.389673 -0.389673 -0.920953     31.082147 31.082147 3.830807
148.387604 220.558136     3245.031250 -378.777344 336.659180     -0.077525 -0.996990 0.996990 -0.077525     4.561412 4.561412 1.572442
100.036095 151.783417     32.372963 -12.167236 16.164062     -0.999040 0.043798 -0.043798 -0.999040     16.656962 16.656962 1.558850
100.036095 151.783417     2252.312500 -52.906250 22.203125     -0.999040 0.043798 -0.043798 -0.999040     16.656962 16.656962 6.233104
268.640015 98.264618     4944.843750 1275.453125 2062.953125     -0.430748 -0.902472 0.902472 -0.430748     23.713258 23.713258 3.710529
261.678101 55.844578     144.750000 -31.921875 72.289062     -0.998315 0.058033 -0.058033 -0.998315     51.493010 51.493010 4.757478
618.578369 227.470276     140.515350 -24.615234 27.070312     -0.740345 -0.672227 0.672227 -0.740345     17.539882 17.539882 1.166230
618.578369 227.470276     393.472656 -216.539062 121.484375     -0.740345 -0.672227 0.672227 -0.740345     17.539882 17.539882 2.835097
241.568100 148.443573     229.661133 -92.171875 43.890625     0.444801 -0.895629 0.895629 0.444801     18.465443 18.465443 2.454545
355.839661 157.455200     8608.656250 -160.617188 18535.464844     -0.978368 0.206874 -0.206874 -0.978368     120.404942 120.404942 0.216622
476.264038 217.637085     91.796875 -89.921875 353.953125     -0.999905 0.013775 -0.013775 -0.999905     40.508573 40.508573 3.374661
114.637451 169.561798     185.046875 -84.500000 49.296875     -0.649978 -0.759953 0.759953 -0.649978     90.681524 90.681524 5.117623
342.339111 230.438339     537.656250 -1.863281 35.791504     -0.917769 0.397115 -0.397115 -0.917769     32.365225 32.365225 3.823020
479.285004 217.810654     145.896484 -46.237549 138.679688     -0.998339 0.057618 -0.057618 -0.998339     42.700691 42.700691 3.541035
240.926834 149.108017     715.515625 -381.164062 205.406250     0.386152 -0.922435 0.922435 0.386152     19.333014 19.333014 2.448332
311.971283 416.850708     38.562500 5.500000 46.149841     -0.291498 -0.956571 0.956571 -0.291498     26.856296 26.856296 1.631007
311.971283 416.850708     3843.718750 -7.333984 482.583130     -0.291498 -0.956571 0.956571 -0.291498     26.856296 26.856296 4.775938
259.572968 55.565910     363.187500 -152.101562 74.531250     -0.998216 0.059705 -0.059705 -0.998216     53.049515 53.049515 4.751613
353.307678 257.556763     161.937500 -83.500000 55.441406     -0.995543 0.094308 -0.094308 -0.995543     14.710634 14.710634 4.724712
618.843384 227.132523     287.593750 -93.507812 43.792969     -0.727526 -0.686080 0.686080 -0.727526     18.425713 18.425713 1.171215
618.843384 227.132523     88.681152 -32.164062 32.472656     -0.727526 -0.686080 0.686080 -0.727526     18.425713 18.425713 2.743329
239.979233 153.445099     490.199402 -172.845703 186.519531     0.205863 -0.978581 0.978581 0.205863     19.221414 19.221414 1.487436
239.979233 153.445099     219.263672 -103.523438 51.562500     0.205863 -0.978581 0.978581 0.205863     19.221414 19.221414 4.614694
278.752014 72.896004     5153.953125 1499.968750 2703.421875     -0.999118 0.041981 -0.041981 -0.999118     13.738933 13.738933 4.689438
341.240875 230.024353     140.281250 -73.406250 68.859375     -0.945150 0.326636 -0.326636 -0.945150     33.939843 33.939843 3.784540
477.695557 218.221054     437.031250 -218.757812 117.062500     -0.999674 0.025521 -0.025521 -0.999674     47.866533 47.866533 3.417092
358.152222 257.590546     605.125000 -341.625000 196.195312     -0.995810 0.091446 -0.091446 -0.995810     15.757743 15.757743 4.700058
164.928574 302.268921     466.250000 -222.328125 146.281250     -0.943726 -0.330729 0.330729 -0.943726     24.219576 24.219576 5.527485
241.115936 152.654587     377.250000 -144.328125 56.960938     0.268245 -0.963351 0.963351 0.268245     23.729416 23.729416 4.555267
438.481476 255.549118     68.953125 -2.312500 35.781250     -0.999333 -0.036511 0.036511 -0.999333     18.759528 18.759528 1.502808
164.388641 233.406113     217.718750 -98.562500 46.070312     -0.191618 -0.981470 0.981470 -0.191618     9.274409 9.274409 0.470703
164.388641 233.406113     572.250000 -201.437500 88.400391     -0.191618 -0.981470 0.981470 -0.191618     9.274409 9.274409 1.194368
268.204926 97.928963     446.906250 -218.867188 117.078125     -0.392571 -0.919722 0.919722 -0.392571     24.431562 24.431562 3.685053
272.400574 139.850494     243.312500 -103.968750 49.433594     0.348489 -0.937313 0.937313 0.348489     31.045683 31.045683 1.312047
325.248932 280.042206     840.531250 -237.953125 71.394531     -0.406261 -0.913757 0.913757 -0.406261     17.509137 17.509137 1.708282
325.248932 280.042206     514.406250 -259.250000 205.257812     -0.406261 -0.913757 0.913757 -0.406261     17.509137 17.509137 4.723190
278.730652 74.206306     685.250000 -295.484375 218.507812     -0.999977 -0.006855 0.006855 -0.999977     18.051459 18.051459 4.683361
240.830414 149.210526     877.937500 -513.859375 430.519531     0.100985 -0.994888 0.994888 0.100985     31.443492 31.443492 1.504288
240.830414 149.210526     1227.953125 -422.242188 147.976562     0.100985 -0.994888 0.994888 0.100985     31.443492 31.443492 4.620996
169.895966 303.070465     84.593750 -29.140625 22.046875     -0.976259 -0.216605 0.216605 -0.976259     25.928051 25.928051 1.567323
169.895966 303.070465     1803.562500 -583.195312 212.312500     -0.976259 -0.216605 0.216605 -0.976259     25.928051 25.928051 2.354943
408.071838 373.451477     216.093750 -96.859375 45.445312     -0.992739 0.120288 -0.120288 -0.992739     33.802323 33.802323 4.626916
408.071838 373.451477     461.281250 -183.320312 107.439453     -0.992739 0.120288 -0.120288 -0.992739     33.802323 33.802323 6.346789
312.291748 423.262909     1560.203125 -545.539062 193.652344     -0.269348 -0.963043 0.963043 -0.269348     27.448028 27.448028 1.628402
359.493805 261.703461     6159.468750 -1821.625000 579.128906     -0.999255 0.038586 -0.038586 -0.999255     28.655662 28.655662 4.689389
325.757782 280.453278     5928.843750 -1862.015625 6826.851562     -0.391127 -0.920337 0.920337 -0.391127     18.307549 18.307549 1.647656
325.757782 280.453278     354.687500 -167.789062 81.222656     -0.391127 -0.920337 0.920337 -0.391127     18.307549 18.307549 4.738144
353.132965 165.707321     59.460938 -28.285156 29.143555     -0.789715 0.613474 -0.613474 -0.789715     142.373230 142.373230 0.685870
353.132965 165.707321     232.750000 9.203125 5.443359     -0.789715 0.613474 -0.613474 -0.789715     142.373230 142.373230 3.921480
34.720127 153.789307     68.882812 -27.546875 31.285156     -0.999429 -0.033790 0.033790 -0.999429     12.076490 12.076490 4.717253
34.720127 153.789307     465.265625 -220.945312 107.394531     -0.999429 -0.033790 0.033790 -0.999429     12.076490 12.076490 5.961473
436.109100 260.697021     177.828125 -53.664062 21.992188     -0.997181 -0.075039 0.075039 -0.997181     38.640043 38.640043 1.560838
436.109100 260.697021     214.140625 -36.820312 15.605469     -0.997181 -0.075039 0.075039 -0.997181     38.640043 38.640043 2.781538
471.140503 279.741730     17.718750 -0.781250 27.921875     -0.975918 0.218140 -0.218140 -0.975918     26.301983 26.301983 4.158060
179.786255 303.162842     21.031250 -0.625000 26.921875     -0.995901 -0.090448 0.090448 -0.995901     27.882411 27.882411 1.584370
220.884949 231.393799     713.781250 -267.359375 100.687500     0.059843 -0.998208 0.998208 0.059843     9.481508 9.481508 4.739512
311.309906 425.797119     395.718750 -155.687500 68.515625     -0.255963 -0.966687 0.966687 -0.255963     32.288096 32.288096 1.640089
273.898102 86.012741     31469.058594 -2585.835938 19667.675781     0.475929 -0.879484 0.879484 0.475929     35.525877 35.525877 2.405688
273.898102 86.012741     622.625000 -159.875000 126.703125     0.475929 -0.879484 0.879484 0.475929     35.525877 35.525877 4.331840
234.328125 229.566406     1421.031250 -515.421875 198.843750     -0.080044 -0.996791 0.996791 -0.080044     12.283334 12.283334 0.316125
234.328125 229.566406     634.423828 -171.171875 135.875000     -0.080044 -0.996791 0.996791 -0.080044     12.283334 12.283334 5.217164
260.475891 140.599655     140.601562 -27.460449 12.610870     -0.763913 0.645319 -0.645319 -0.763913     54.027207 54.027207 5.223643
528.473694 296.049347     1582.582031 -561.593750 200.500000     -0.997885 -0.064999 0.064999 -0.997885     29.598818 29.598818 1.518884
310.455444 431.137756     1684.187500 203.335938 1043.046875     -0.185081 -0.982723 0.982723 -0.185081     39.159905 39.159905 1.629879
538.825928 262.838043     166.296875 -131.687500 326.484375     -0.812210 -0.583365 0.583365 -0.812210     35.200281 35.200281 2.308469
538.825928 262.838043     706.812500 -268.171875 103.046875     -0.812210 -0.583365 0.583365 -0.812210     35.200281 35.200281 4.903008
431.849152 76.615570     44.800781 -29.859375 32.843750     0.240897 -0.970551 0.970551 0.240897     13.829307 13.829307 1.508493
431.849152 76.615570     88.312500 5.359375 30.589844     0.240897 -0.970551 0.970551 0.240897     13.829307 13.829307 5.663994
404.152466 268.936005     718.683594 -191.269531 140.734375     -0.999999 -0.001150 0.001150 -0.999999     50.591555 50.591555 1.589118
404.152466 268.936005     184.500000 18.882812 12.332031     -0.999999 -0.001150 0.001150 -0.999999     50.591555 50.591555 2.877223
264.336609 123.275345     936.781250 -429.875000 264.468750     0.354340 -0.935117 0.935117 0.354340     57.796533 57.796533 4.470622
543.407776 265.388336     574.406250 -258.164062 122.011719     -0.890070 -0.455824 0.455824 -0.890070     36.527466 36.527466 2.296976
543.407776 265.388336     791.000000 -208.851562 55.947266     -0.890070 -0.455824 0.455824 -0.890070     36.527466 36.527466 4.922767
528.933960 296.731049     539.250000 -120.109375 120.285156     -0.999889 0.014923 -0.014923 -0.999889     29.763711 29.763711 1.576438
528.933960 296.731049     473.406250 -51.992188 105.132812     -0.999889 0.014923 -0.014923 -0.999889     29.763711 29.763711 3.238181
542.690918 266.813782     71.226562 -58.656250 90.484375     -0.957274 -0.289183 0.289183 -0.957274     39.547638 39.547638 2.458114
542.690918 266.813782     1159.343750 -239.906250 223.000000     -0.957274 -0.289183 0.289183 -0.957274     39.547638 39.547638 5.003301
614.620789 317.745453     1566.000000 -389.078125 124.371094     -0.995736 0.092245 -0.092245 -0.995736     11.854216 11.854216 1.579145
453.638824 64.191376     771.687500 -326.070312 144.984375     0.099584 -0.995029 0.995029 0.099584     9.725901 9.725901 4.704018
464.332703 59.295326     1258.156250 -586.945312 391.378906     0.053509 -0.998567 0.998567 0.053509     12.732853 12.732853 4.712147
409.891052 374.426544     95.648438 -6.234375 51.101562     -0.993871 0.110547 -0.110547 -0.993871     37.886924 37.886924 4.628809
409.891052 374.426544     21.902344 -0.257812 12.546875     -0.993871 0.110547 -0.110547 -0.993871     37.886924 37.886924 6.280852
493.579987 42.913769     66.906250 23.253906 29.135742     0.076502 -0.997069 0.997069 0.076502     10.544827 10.544827 4.707445
308.362091 434.549744     906.687500 25.562500 1202.812500     -0.147762 -0.989023 0.989023 -0.147762     43.361506 43.361506 1.621145
491.687073 38.658813     420.343750 -286.296875 212.593750     0.032271 -0.999479 0.999479 0.032271     20.374127 20.374127 4.704743
152.663712 98.058411     392.625000 -266.093750 183.847656     -0.246518 -0.969138 0.969138 -0.246518     30.536758 30.536758 3.672320
602.846130 166.221985     83.929688 -85.445312 132.406250     0.129555 -0.991572 0.991572 0.129555     13.119675 13.119675 1.514877
553.011841 49.015812     205.312500 22.285156 16.102539     0.100142 -0.994973 0.994973 0.100142     3.853918 3.853918 4.708928
413.379761 375.805725     1091.562500 -56.812500 691.078125     -0.997076 0.076418 -0.076418 -0.997076     43.168794 43.168794 4.625721
413.379761 375.805725     145.687500 -72.078125 40.234375     -0.997076 0.076418 -0.076418 -0.997076     43.168794 43.168794 6.133634
552.661987 49.118309     531.656250 -445.695312 604.195312     0.103694 -0.994609 0.994609 0.103694     5.093208 5.093208 4.707073
461.875275 49.225750     404.062500 -271.640625 187.371094     0.086831 -0.996223 0.996223 0.086831     29.218703 29.218703 4.699350
489.278595 46.317459     93.960938 -147.210938 722.578125     0.090127 -0.995930 0.995930 0.090127     24.252078 24.252078 4.694288
486.686890 332.706085     1484.953125 -799.437500 432.093750     -0.998911 0.046652 -0.046652 -0.998911     9.054223 9.054223 2.527668
551.662781 51.050873     180.500000 -107.281250 75.304688     0.113059 -0.993588 0.993588 0.113059     9.220942 9.220942 4.703660
341.943573 333.890289     409.203125 -185.976562 111.845703     -0.995699 0.092647 -0.092647 -0.995699     8.945844 8.945844 1.469163
551.256775 51.495495     1121.000000 -399.875000 156.416016     0.115650 -0.993290 0.993290 0.115650     11.639835 11.639835 4.702429
339.027557 328.066742     152.937500 -79.859375 43.710938     -0.999849 0.017357 -0.017357 -0.999849     30.953275 30.953275 1.182646
524.892761 50.286884     87.347656 -84.742188 136.734375     0.094467 -0.995528 0.995528 0.094467     20.315811 20.315811 4.696165
366.812225 445.751099     1131.281250 -126.531250 2018.894531     -0.216714 -0.976235 0.976235 -0.216714     17.686651 17.686651 1.183765
366.812225 445.751099     38.625000 -37.750000 52.468750     -0.216714 -0.976235 0.976235 -0.216714     17.686651 17.686651 1.572956
418.109589 376.203033     682.625000 -307.507812 139.562500     -0.996434 0.084375 -0.084375 -0.996434     45.215024 45.215024 6.164071
366.317688 442.787018     1085.062500 -55.234375 684.234375     -0.206921 -0.978358 0.978358 -0.206921     17.556170 17.556170 1.545075
376.142853 404.018433     30.000000 -22.265625 83.203125     -0.998723 -0.050514 0.050514 -0.998723     20.676151 20.676151 4.570369
364.869904 440.766937     128.718750 -97.406250 94.531250     -0.211202 -0.977442 0.977442 -0.211202     19.325529 19.325529 1.602860
364.869904 440.766937     144.203125 -43.625000 21.608398     -0.211202 -0.977442 0.977442 -0.211202     19.325529 19.325529 4.053441
376.262299 404.377045     817.281250 -402.960938 200.960938     -0.999246 -0.038822 0.038822 -0.999246     22.034665 22.034665 4.540397
421.670349 376.637238     180.406250 -58.613281 23.626953     -0.995933 0.090092 -0.090092 -0.995933     46.761886 46.761886 1.580211
421.670349 376.637238     149.437500 -27.929688 13.197266     -0.995933 0.090092 -0.090092 -0.995933     46.761886 46.761886 4.642233
568.613098 426.823517     229.390625 -77.605469 31.068359     0.476303 -0.879281 0.879281 0.476303     21.581547 21.581547 4.262533
566.418091 427.094086     168.265625 -30.593750 14.728516     0.534253 -0.845325 0.845325 0.534253     28.414425 28.414425 4.118443
221.145676 341.917328     61.078125 -52.265625 251.578125     -0.994776 0.102083 -0.102083 -0.994776     14.820863 14.820863 1.345620
221.145676 341.917328     36.492188 7.343750 65.359375     -0.994776 0.102083 -0.102083 -0.994776     14.820863 14.820863 3.185737
418.032990 384.122070     239.188293 -68.472656 26.960938     -0.961316 0.275447 -0.275447 -0.961316     83.955482 83.955482 3.705709
165.717026 362.200562     216.338959 -41.324707 11.646484     -0.995447 0.095312 -0.095312 -0.995447     10.682828 10.682828 3.258508
308.410706 96.839287     357.683594 -5.988281 60.156250     -0.969952 0.243297 -0.243297 -0.969952     20.496195 20.496195 0.337172
308.410706 96.839287     686.697754 -163.013184 105.992188     -0.969952 0.243297 -0.243297 -0.969952     20.496195 20.496195 4.932141
561.155151 431.665924     378.281250 -150.109375 101.500000     0.597772 -0.801666 0.801666 0.597772     33.382399 33.382399 4.099390
171.716766 361.944122     234.437500 -62.953125 19.156250     -0.998384 0.056834 -0.056834 -0.998384     11.797431 11.797431 2.857468
21.202951 51.391144     130.343750 -9.609375 6.029785     -0.995598 0.093724 -0.093724 -0.995598     8.175753 8.175753 4.701229
559.408630 432.432220     224.984375 1.720703 8.922119     0.624512 -0.781015 0.781015 0.624512     36.957281 36.957281 4.033060
36.599998 107.000000     265.560669 -85.903320 31.953125     -0.369935 -0.929058 0.929058 -0.369935     11.772210 11.772210 1.656910
36.599998 107.000000     368.379883 -80.296875 18.734375     -0.369935 -0.929058 0.929058 -0.369935     11.772210 11.772210 4.797770
422.202881 385.205994     67.531250 -22.609375 29.875000     -0.958992 0.283434 -0.283434 -0.958992     87.825194 87.825194 3.723381
563.489380 387.202118     2543.221436 -391.373047 565.593750     -0.998864 0.047645 -0.047645 -0.998864     16.322348 16.322348 2.445462
271.553101 277.278748     1105.664062 -221.691406 46.093750     -0.994274 -0.106863 0.106863 -0.994274     18.915189 18.915189 2.426378
271.553101 277.278748     488.978516 -170.589844 60.796875     -0.994274 -0.106863 0.106863 -0.994274     18.915189 18.915189 3.872041
286.514648 353.033478     436.781250 -101.941406 36.146484     -1.000000 0.000690 -0.000690 -1.000000     7.103653 7.103653 2.249804
34.378624 51.614132     372.755920 -78.806641 19.566406     -0.997053 0.076716 -0.076716 -0.997053     10.075722 10.075722 4.691391
562.903992 387.620605     735.386597 -132.607422 27.943359     -0.996673 0.081505 -0.081505 -0.996673     17.742068 17.742068 2.497825
272.523376 278.068542     167.593750 -58.656250 26.125000     -0.995234 -0.097516 0.097516 -0.995234     22.197456 22.197456 2.329199
272.523376 278.068542     1550.437500 -1063.093750 1739.453125     -0.995234 -0.097516 0.097516 -0.995234     22.197456 22.197456 3.901879
273.782501 353.554993     1065.640625 43.906250 247.113281     -0.999822 0.018848 -0.018848 -0.999822     8.168713 8.168713 2.333392
37.171947 108.131218     737.814453 -191.328125 178.796875     -0.368073 -0.929797 0.929797 -0.368073     11.850519 11.850519 1.638949
37.171947 108.131218     378.552734 -80.453125 18.578125     -0.368073 -0.929797 0.929797 -0.368073     11.850519 11.850519 4.782083
44.559807 50.885166     461.935547 -177.312500 68.859375     -0.996494 0.083659 -0.083659 -0.996494     13.384960 13.384960 4.679654
275.340912 280.215912     29.863281 -19.546875 32.203125     -0.978163 -0.207837 0.207837 -0.978163     27.534880 27.534880 2.449868
275.340912 280.215912     561.027344 -197.414062 70.875000     -0.978163 -0.207837 0.207837 -0.978163     27.534880 27.534880 5.586168
557.976379 386.442566     964.421875 50.453125 569.984375     -0.988792 -0.149298 0.149298 -0.988792     31.248241 31.248241 2.448855
274.597473 280.711578     434.515625 43.609375 17.984375     -0.992148 -0.125071 0.125071 -0.992148     28.516307 28.516307 2.317643
274.597473 280.711578     20815.863281 -5116.007812 10625.781250     -0.992148 -0.125071 0.125071 -0.992148     28.516307 28.516307 4.711452
38.282757 110.755173     807.750000 -131.289062 402.859375     -0.380217 -0.924897 0.924897 -0.380217     11.446182 11.446182 1.645996
38.282757 110.755173     391.156250 -109.296875 32.960938     -0.380217 -0.924897 0.924897 -0.380217     11.446182 11.446182 4.788149
271.253937 281.611237     775.187500 -308.625000 123.593750     -0.995576 -0.093960 0.093960 -0.995576     32.134327 32.134327 2.395422
271.253937 281.611237     887.375000 -349.882812 139.843750     -0.995576 -0.093960 0.093960 -0.995576     32.134327 32.134327 4.637723
191.090195 214.592163     28.750000 -10.312500 100.203125     -0.981568 0.191114 -0.191114 -0.981568     19.313254 19.313254 3.880140
398.132690 413.563995     1262.656250 -262.347656 72.509766     -0.927959 0.372683 -0.372683 -0.927959     9.838873 9.838873 1.720427
398.132690 413.563995     465.406250 -110.640625 414.750000     -0.927959 0.372683 -0.372683 -0.927959     9.838873 9.838873 2.718905
190.771606 214.530869     392.687500 -151.203125 101.097656     -0.991047 0.133514 -0.133514 -0.991047     19.654274 19.654274 2.751182
190.771606 214.530869     101.296875 -70.375000 59.546875     -0.991047 0.133514 -0.133514 -0.991047     19.654274 19.654274 3.160070
270.179871 281.213409     169.656250 -58.812500 22.984375     -0.987519 -0.157501 0.157501 -0.987519     33.739987 33.739987 1.480992
270.179871 281.213409     1052.796875 93.796875 35.164062     -0.987519 -0.157501 0.157501 -0.987519     33.739987 33.739987 2.421806
416.628967 306.837097     717.406250 -113.179688 58.677734     -0.725965 0.687732 -0.687732 -0.725965     9.365467 9.365467 4.476094
