1.0
867
258.353149 107.144981     7.281250 7.423828 150.004883     -0.051806 -0.998657 0.998657 -0.051806     11.817223 11.817223 4.735472
277.247162 436.725616     26.328125 1.578125 79.812500     -0.029468 -0.999566 0.999566 -0.029468     23.069513 23.069513 1.590005
284.009766 106.068115     443.195312 91.347656 624.447266     -0.384515 -0.923119 0.923119 -0.384515     90.577018 90.577018 0.505538
276.053223 443.247528     40.375000 -15.265625 169.906250     0.115482 -0.993310 0.993310 0.115482     27.958084 27.958084 1.518475
281.708466 183.549347     418.320312 -31.308594 398.433594     -0.807060 0.590469 -0.590469 -0.807060     87.203373 87.203373 0.638820
281.708466 183.549347     483.460938 33.957031 421.734375     -0.807060 0.590469 -0.590469 -0.807060     87.203373 87.203373 2.174683
284.633026 185.450577     489.273438 62.595703 1810.371582     -0.914492 -0.404603 0.404603 -0.914492     90.751802 90.751802 1.141185
284.633026 185.450577     428.648438 -45.351562 171.328125     -0.914492 -0.404603 0.404603 -0.914492     90.751802 90.751802 5.722854
284.981567 111.087357     49.941818 -2.453613 198.625000     -0.023105 -0.999733 0.999733 -0.023105     102.933389 102.933389 1.571318
284.981567 111.087357     498.890625 -50.773438 175.843750     -0.023105 -0.999733 0.999733 -0.023105     102.933389 102.933389 4.629641
30.308371 430.352417     167.000000 82.562500 74.085938     -0.980087 0.198569 -0.198569 -0.980087     9.323152 9.323152 1.561455
231.502365 313.687195     263.925903 -12.089844 99.546875     -0.908777 -0.417281 0.417281 -0.908777     20.722293 20.722293 4.786023
274.782837 248.857910     197.937500 129.617188 97.468750     -0.943961 -0.330056 0.330056 -0.943961     25.173782 25.173782 0.414297
340.120270 425.683838     12.781250 39.812500 254.265625     -0.625554 -0.780181 0.780181 -0.625554     14.097749 14.097749 1.756711
31.005196 431.989624     44.683960 2.550781 14.445312     -0.989534 0.144303 -0.144303 -0.989534     20.545690 20.545690 1.591205
31.005196 431.989624     189.854370 -10.248047 113.515625     -0.989534 0.144303 -0.144303 -0.989534     20.545690 20.545690 3.061516
228.491760 311.543945     329.015625 157.484375 115.953125     -0.856402 -0.516310 0.516310 -0.856402     19.667481 19.667481 4.725224
153.933960 302.363220     29.931290 5.705566 13.859375     -0.836630 -0.547768 0.547768 -0.836630     12.000550 12.000550 0.625608
227.004395 310.784607     11.390625 2.628906 114.402344     -0.863246 -0.504784 0.504784 -0.863246     22.860457 22.860457 4.731299
198.034576 328.354462     11.795776 13.453125 87.039062     -0.394137 -0.919052 0.919052 -0.394137     21.061461 21.061461 3.958723
198.034576 328.354462     22.449219 -4.722656 130.914062     -0.394137 -0.919052 0.919052 -0.394137     21.061461 21.061461 5.532249
155.754654 303.656128     23.528320 42.125000 127.718750     -0.825036 -0.565080 0.565080 -0.825036     13.266948 13.266948 1.198408
35.214287 325.375000     130.343750 46.195312 82.734375     -0.164800 -0.986327 0.986327 -0.164800     13.519346 13.519346 1.653363
35.214287 325.375000     273.352417 -40.718750 117.187500     -0.164800 -0.986327 0.986327 -0.164800     13.519346 13.519346 4.733799
235.891113 423.584534     8.477539 0.078125 65.796875     -0.158580 -0.987346 0.987346 -0.158580     11.372501 11.372501 1.879317
277.334839 251.069656     144.293152 -17.198730 53.976562     -0.844596 -0.535404 0.535404 -0.844596     27.401734 27.401734 5.369822
277.334839 251.069656     30.445312 -7.042969 131.437500     -0.844596 -0.535404 0.535404 -0.844596     27.401734 27.401734 6.288794
215.255997 307.459686     13.226562 3.316406 123.610352     -0.883261 -0.468881 0.468881 -0.883261     25.595556 25.595556 4.734125
144.496353 338.602203     167.087891 111.398438 264.812500     -0.043063 -0.999072 0.999072 -0.043063     18.465983 18.465983 2.013043
144.496353 338.602203     35.469727 41.277344 218.156250     -0.043063 -0.999072 0.999072 -0.043063     18.465983 18.465983 5.082490
235.984406 431.022522     879.250000 318.847656 4177.204102     -0.137847 -0.990453 0.990453 -0.137847     16.809971 16.809971 1.913139
174.623886 313.695679     33.957031 -9.761719 149.515625     -0.852590 -0.522581 0.522581 -0.852590     26.788590 26.788590 4.645634
345.981537 125.546127     10.310547 10.023438 72.154297     -0.025496 -0.999675 0.999675 -0.025496     15.142736 15.142736 4.274298
35.469635 325.380554     66.153351 -30.313232 341.718750     -0.170868 -0.985294 0.985294 -0.170868     13.842722 13.842722 1.639035
35.469635 325.380554     29.718750 -29.226562 51.875000     -0.170868 -0.985294 0.985294 -0.170868     13.842722 13.842722 4.728661
145.493195 337.539520     766.574219 243.964844 347.726562     0.043418 -0.999057 0.999057 0.043418     21.223585 21.223585 2.185779
145.493195 337.539520     31.072266 32.875000 68.937500     0.043418 -0.999057 0.999057 0.043418     21.223585 21.223585 4.933339
140.707321 379.918701     10.955231 -6.841797 87.050781     -0.372874 -0.927882 0.927882 -0.372874     9.284191 9.284191 4.493147
127.797707 427.877869     273.902222 -38.958008 113.312500     -0.333474 -0.942759 0.942759 -0.333474     13.217911 13.217911 4.132394
278.986908 250.366348     11.535156 10.302734 71.761719     -0.853834 -0.520546 0.520546 -0.853834     33.242512 33.242512 5.455741
278.986908 250.366348     876.382812 -153.156250 203.609375     -0.853834 -0.520546 0.520546 -0.853834     33.242512 33.242512 6.315858
117.935326 386.427856     164.406250 79.914062 122.421875     -0.001363 -0.999999 0.999999 -0.001363     13.102214 13.102214 1.665641
146.440521 337.149780     62.378967 -93.816162 957.355469     0.069235 -0.997600 0.997600 0.069235     24.629646 24.629646 5.165196
137.245743 384.182373     219.158936 -43.747070 214.640625     -0.447578 -0.894245 0.894245 -0.447578     26.044400 26.044400 0.977172
137.245743 384.182373     113.421875 -25.929688 51.582031     -0.447578 -0.894245 0.894245 -0.447578     26.044400 26.044400 4.480770
279.355927 249.610168     47.656250 -9.703125 51.042969     -0.828706 -0.559684 0.559684 -0.828706     35.158213 35.158213 5.449326
121.244362 326.515045     23.955078 31.742188 110.640625     -0.091186 -0.995834 0.995834 -0.091186     14.050185 14.050185 1.959035
345.924652 125.379707     14.386719 8.363281 77.914062     -0.030004 -0.999550 0.999550 -0.030004     16.304049 16.304049 1.461779
345.924652 125.379707     1592.970703 -938.488281 2472.203125     -0.030004 -0.999550 0.999550 -0.030004     16.304049 16.304049 3.701954
126.839859 435.850525     76.089844 99.328125 583.328125     -0.004143 -0.999991 0.999991 -0.004143     26.004071 26.004071 4.748811
126.839859 435.850525     205.328125 97.875000 126.867188     -0.004143 -0.999991 0.999991 -0.004143     26.004071 26.004071 5.306959
190.275146 309.741577     13.218117 -3.888184 64.469727     -0.938026 -0.346564 0.346564 -0.938026     63.768605 63.768605 4.791317
235.033905 429.416962     145.017517 -18.514648 53.867188     -0.172897 -0.984940 0.984940 -0.172897     22.169638 22.169638 1.998807
130.467117 383.534576     58.221237 -78.950195 1356.562500     -0.546953 -0.837163 0.837163 -0.546953     43.700240 43.700240 0.964445
120.472977 322.202698     229.454773 -50.964844 219.359375     -0.210624 -0.977567 0.977567 -0.210624     23.198456 23.198456 1.658060
120.472977 322.202698     28.361816 11.115234 51.484375     -0.210624 -0.977567 0.977567 -0.210624     23.198456 23.198456 2.189763
146.642197 337.976135     17.660156 7.287109 83.599609     0.083586 -0.996501 0.996501 0.083586     25.904613 25.904613 5.121864
146.076553 146.775116     97.546875 37.500000 633.375000     -0.156092 -0.987742 0.987742 -0.156092     13.293331 13.293331 0.157940
146.076553 146.775116     1509.582031 -831.394531 2615.687500     -0.156092 -0.987742 0.987742 -0.156092     13.293331 13.293331 1.132068
538.761169 157.995026     274.785400 -40.298828 108.921875     0.568139 -0.822932 0.822932 0.568139     13.899980 13.899980 1.415823
190.717285 311.140686     73.910156 -4.617188 19.837891     -0.908666 -0.417523 0.417523 -0.908666     69.075684 69.075684 4.749282
180.898117 368.867920     47.796875 -5.085938 20.070312     -0.500472 -0.865753 0.865753 -0.500472     15.632540 15.632540 1.022944
180.898117 368.867920     285.531250 -149.265625 206.271484     -0.500472 -0.865753 0.865753 -0.500472     15.632540 15.632540 4.482603
17.928572 201.992065     25.390625 -7.378906 36.972656     0.088843 -0.996046 0.996046 0.088843     14.473622 14.473622 1.531843
17.928572 201.992065     25.543945 6.904297 38.023438     0.088843 -0.996046 0.996046 0.088843     14.473622 14.473622 2.710111
146.030304 146.718613     23.865234 -14.480469 38.203125     -0.164079 -0.986447 0.986447 -0.164079     14.102649 14.102649 1.087032
146.030304 146.718613     74.703125 88.367188 162.949219     -0.164079 -0.986447 0.986447 -0.164079     14.102649 14.102649 2.603042
126.428780 379.460571     1118.164062 -196.281250 209.328125     0.016515 -0.999864 0.999864 0.016515     74.998180 74.998180 1.578873
126.428780 379.460571     1108.070312 434.914062 4118.328125     0.016515 -0.999864 0.999864 0.016515     74.998180 74.998180 4.710854
277.686005 246.450485     1937.906250 83.917969 3391.296875     -0.791854 -0.610711 0.610711 -0.791854     35.085236 35.085236 5.328074
180.509903 366.393555     74.265625 82.187500 167.835938     -0.437501 -0.899218 0.899218 -0.437501     16.735243 16.735243 1.021281
180.509903 366.393555     23.335938 -4.015625 26.140625     -0.437501 -0.899218 0.899218 -0.437501     16.735243 16.735243 4.513537
191.819580 312.893616     142.013336 21.680664 80.367188     -0.873028 -0.487671 0.487671 -0.873028     73.065042 73.065042 4.705915
507.286255 174.461838     93.576508 -66.301270 1702.136719     -0.939742 0.341884 -0.341884 -0.939742     29.214891 29.214891 1.655767
507.286255 174.461838     68.121094 -11.519531 66.800781     -0.939742 0.341884 -0.341884 -0.939742     29.214891 29.214891 2.292070
536.797119 155.927536     424.875000 -185.890625 385.490234     0.643460 -0.765480 0.765480 0.643460     28.282002 28.282002 1.482770
170.193939 393.945465     29.423828 11.384766 42.621094     -0.310820 -0.950469 0.950469 -0.310820     16.579820 16.579820 0.387307
170.193939 393.945465     128.183777 24.336914 121.414062     -0.310820 -0.950469 0.950469 -0.310820     16.579820 16.579820 1.599202
146.377167 146.017303     62.109375 13.994141 660.462891     -0.128372 -0.991726 0.991726 -0.128372     16.413686 16.413686 0.923775
146.377167 146.017303     75.468750 66.265625 206.492188     -0.128372 -0.991726 0.991726 -0.128372     16.413686 16.413686 2.543956
181.423721 367.296600     49.969727 26.001953 59.652344     -0.419893 -0.907574 0.907574 -0.419893     20.519106 20.519106 1.007686
181.423721 367.296600     32.468750 -20.328125 43.890625     -0.419893 -0.907574 0.907574 -0.419893     20.519106 20.519106 4.424821
198.863632 174.740906     28.492188 -0.640625 29.804688     -0.991979 0.126404 -0.126404 -0.991979     14.125229 14.125229 1.626174
198.863632 174.740906     56.875000 19.546875 33.312500     -0.991979 0.126404 -0.126404 -0.991979     14.125229 14.125229 4.884699
231.380630 430.486725     27.859489 7.261475 169.678711     -0.185559 -0.982633 0.982633 -0.185559     34.073314 34.073314 2.154415
231.380630 430.486725     67.613281 -14.667969 80.423828     -0.185559 -0.982633 0.982633 -0.185559     34.073314 34.073314 4.730482
278.842255 246.870102     37.250000 -16.578125 139.554688     -0.828266 -0.560335 0.560335 -0.828266     35.046058 35.046058 5.340189
88.712685 307.578369     128.468750 -63.796875 143.960938     -0.373580 -0.927598 0.927598 -0.373580     21.992655 21.992655 1.846659
152.082932 181.448776     16.585938 26.447266 77.286133     0.354401 -0.935094 0.935094 0.354401     20.011450 20.011450 3.870059
152.082932 181.448776     76.050781 11.164062 77.904297     0.354401 -0.935094 0.935094 0.354401     20.011450 20.011450 6.057015
156.448593 465.845795     38.296875 -12.812500 156.203125     -0.672615 -0.739992 0.739992 -0.672615     13.977236 13.977236 4.390032
156.448593 465.845795     90.467102 76.812500 3375.914062     -0.672615 -0.739992 0.739992 -0.672615     13.977236 13.977236 4.905473
146.648422 146.458206     1512.687500 -338.031250 254.562500     -0.108549 -0.994091 0.994091 -0.108549     18.479854 18.479854 2.523209
146.648422 146.458206     63.816406 -22.894531 301.714844     -0.108549 -0.994091 0.994091 -0.108549     18.479854 18.479854 6.127780
229.221939 434.514160     430.197266 -162.400391 532.765625     -0.069477 -0.997584 0.997584 -0.069477     43.845605 43.845605 2.160905
199.699677 175.841583     155.531250 -30.750000 249.609375     -0.996426 0.084473 -0.084473 -0.996426     19.844166 19.844166 1.630314
199.699677 175.841583     18.628906 31.191406 95.902344     -0.996426 0.084473 -0.084473 -0.996426     19.844166 19.844166 4.870513
502.221252 211.362839     84.597656 -74.777344 786.552734     -0.984585 0.174905 -0.174905 -0.984585     19.700972 19.700972 0.318597
519.112549 170.590195     39.718750 -18.054688 34.328125     -0.792657 0.609668 -0.609668 -0.792657     43.036677 43.036677 0.997475
152.149994 181.811539     18.000000 17.546875 69.914062     0.437390 -0.899272 0.899272 0.437390     21.011509 21.011509 1.371318
152.149994 181.811539     734.640625 -255.880859 567.769531     0.437390 -0.899272 0.899272 0.437390     21.011509 21.011509 1.956490
89.416664 334.229156     537.437500 -185.039062 418.056641     -0.405894 -0.913920 0.913920 -0.405894     21.334736 21.334736 0.770409
89.416664 334.229156     185.968750 124.757812 848.492188     -0.405894 -0.913920 0.913920 -0.405894     21.334736 21.334736 3.301163
88.952248 307.539337     78.421875 -58.890625 101.890625     -0.546969 -0.837153 0.837153 -0.546969     23.534465 23.534465 1.975374
147.000000 145.974625     119.609375 47.750000 100.046875     -0.063025 -0.998012 0.998012 -0.063025     20.182284 20.182284 2.477268
154.232361 203.547714     61.621094 -27.150391 61.730469     0.527409 -0.849612 0.849612 0.527409     17.356401 17.356401 4.141878
453.857880 190.713165     19.984375 -8.171875 48.328125     -0.525964 -0.850507 0.850507 -0.525964     20.152624 20.152624 4.906836
501.468170 211.273407     47.718750 -46.953125 185.281250     -0.996829 0.079571 -0.079571 -0.996829     19.756455 19.756455 6.409432
199.678268 175.985504     30.843750 -3.359375 58.554688     -0.996568 0.082779 -0.082779 -0.996568     21.068518 21.068518 1.545649
199.678268 175.985504     44.500000 -30.765625 80.435547     -0.996568 0.082779 -0.082779 -0.996568     21.068518 21.068518 4.893044
518.875671 169.892944     30.750000 -44.500000 324.842773     -0.776463 0.630163 -0.630163 -0.776463     45.958189 45.958189 0.986686
454.208771 189.561584     130.621613 12.278320 141.570312     -0.502638 -0.864497 0.864497 -0.502638     23.156417 23.156417 4.915208
197.485443 203.815536     33.406250 -6.835938 22.046875     0.578923 -0.815382 0.815382 0.578923     20.367079 20.367079 4.124857
398.463776 167.565216     11352.742188 158.773438 3453.656250     -0.751682 -0.659526 0.659526 -0.751682     20.029407 20.029407 0.644134
398.463776 167.565216     17.937500 -3.117188 99.290039     -0.751682 -0.659526 0.659526 -0.751682     20.029407 20.029407 1.411850
280.538879 247.913116     17.796875 5.578125 56.023438     -0.866500 -0.499176 0.499176 -0.866500     34.063394 34.063394 5.338593
200.389801 173.502731     39.515625 -14.753906 55.447266     -0.727054 0.686581 -0.686581 -0.727054     33.651608 33.651608 2.279850
200.389801 173.502731     51.781250 -34.343750 85.409180     -0.727054 0.686581 -0.686581 -0.727054     33.651608 33.651608 5.453253
521.639771 176.307724     586.859375 506.097656 1295.656250     -0.743420 0.668825 -0.668825 -0.743420     66.480071 66.480071 0.944897
125.883392 187.197876     34.531250 8.046875 48.820312     -0.499269 -0.866447 0.866447 -0.499269     21.517168 21.517168 0.985519
125.883392 187.197876     1686.375000 -599.146484 1331.378906     -0.499269 -0.866447 0.866447 -0.499269     21.517168 21.517168 4.231877
149.330276 176.238739     16.597656 -7.208008 49.105225     -0.023369 -0.999727 0.999727 -0.023369     35.370762 35.370762 4.635596
455.010101 187.502884     42.062500 -13.210938 73.011719     -0.385325 -0.922781 0.922781 -0.385325     31.111338 31.111338 4.899148
199.714279 131.662704     556.156250 553.027344 1582.862305     0.447214 -0.894427 0.894427 0.447214     21.465475 21.465475 0.788614
199.714279 131.662704     8303.585938 1932.050781 4207.710938     0.447214 -0.894427 0.894427 0.447214     21.465475 21.465475 3.534890
105.016289 195.172638     51.140625 -23.980469 96.600586     -0.639123 -0.769105 0.769105 -0.639123     23.965286 23.965286 0.973754
105.016289 195.172638     85.062500 -32.976562 27.807129     -0.639123 -0.769105 0.769105 -0.639123     23.965286 23.965286 4.333273
468.014160 331.160370     65.890625 -17.441406 54.586548     0.603959 -0.797015 0.797015 0.603959     18.589187 18.589187 0.989871
468.014160 331.160370     33.093750 -30.156250 60.984375     0.603959 -0.797015 0.797015 0.603959     18.589187 18.589187 4.315846
197.306564 203.149628     17254.968750 -896.007812 3440.718750     0.377111 -0.926168 0.926168 0.377111     23.909928 23.909928 4.293971
390.356842 406.400879     69.093750 22.812500 75.710938     -0.870691 -0.491830 0.491830 -0.870691     21.236469 21.236469 2.166408
200.173782 174.251526     20.582031 -0.860352 55.472900     0.547635 -0.836717 0.836717 0.547635     34.274828 34.274828 1.097709
200.173782 174.251526     39.296875 0.097656 35.043945     0.547635 -0.836717 0.836717 0.547635     34.274828 34.274828 1.914106
425.334167 339.658295     36.687500 -28.937500 74.992188     0.156065 -0.987747 0.987747 0.156065     26.481510 26.481510 6.271508
531.840820 208.218903     1767.251953 -569.798828 1402.361328     -0.777597 0.628763 -0.628763 -0.777597     18.333500 18.333500 0.917947
430.522644 395.263367     9.601562 -7.542969 50.405518     0.594949 -0.803763 0.803763 0.594949     19.990719 19.990719 1.643362
430.522644 395.263367     116.750000 -11.068359 25.372314     0.594949 -0.803763 0.803763 0.594949     19.990719 19.990719 3.729176
89.833336 209.087967     65.890625 -6.742188 90.640747     -0.413114 -0.910679 0.910679 -0.413114     19.773174 19.773174 4.932767
434.893738 119.003128     115.666748 132.432129 3221.425781     0.232870 -0.972508 0.972508 0.232870     15.524875 15.524875 1.015772
434.893738 119.003128     8405.976562 1381.390625 4166.599609     0.232870 -0.972508 0.972508 0.232870     15.524875 15.524875 1.361697
522.539368 175.713867     114.296875 30.285156 122.456055     -0.794298 0.607529 -0.607529 -0.794298     72.447086 72.447086 0.837056
426.886871 293.574829     1822.904297 -745.927734 1984.263672     0.663124 -0.748509 0.748509 0.663124     38.170355 38.170355 0.990516
426.886871 293.574829     21982.460938 -2491.101562 3602.875000     0.663124 -0.748509 0.748509 0.663124     38.170355 38.170355 5.490460
169.231125 122.825470     192.781250 -27.953125 50.964600     -0.350772 -0.936461 0.936461 -0.350772     11.630153 11.630153 1.448222
169.231125 122.825470     252.734375 -178.421875 456.381348     -0.350772 -0.936461 0.936461 -0.350772     11.630153 11.630153 4.963652
205.554916 132.175461     9.867188 -7.932617 105.619141     -0.677227 -0.735774 0.735774 -0.677227     36.495826 36.495826 0.778248
205.554916 132.175461     8800.890625 1128.410156 4257.953125     -0.677227 -0.735774 0.735774 -0.677227     36.495826 36.495826 3.973599
425.033203 338.790466     30.109375 -7.617676 22.267220     0.106799 -0.994281 0.994281 0.106799     27.343062 27.343062 6.383615
199.892975 181.583054     53.562500 -7.861328 20.900879     0.094931 -0.995484 0.995484 0.094931     35.328053 35.328053 4.646028
140.956131 178.781021     34.312500 -5.703125 34.057129     0.591130 -0.806576 0.806576 0.591130     79.380813 79.380813 4.100277
402.464905 431.004395     326.187500 -166.117188 465.176758     -0.999590 0.028621 -0.028621 -0.999590     19.014044 19.014044 5.948411
434.960693 121.840614     38.250000 0.406250 27.140625     0.260087 -0.965585 0.965585 0.260087     18.159484 18.159484 0.652798
434.960693 121.840614     44.343750 3.949951 35.931881     0.260087 -0.965585 0.965585 0.260087     18.159484 18.159484 1.108262
449.932892 191.960175     36.484375 -21.933594 59.225037     0.285464 -0.958390 0.958390 0.285464     54.442957 54.442957 4.463635
169.677048 124.198441     128.843750 -21.250000 27.812500     -0.333099 -0.942892 0.942892 -0.333099     12.413649 12.413649 1.319275
201.769028 163.006348     38.312500 -0.968750 27.859375     0.104765 -0.994497 0.994497 0.104765     39.415539 39.415539 4.657740
532.082581 207.991302     121.625000 -15.953125 33.593750     -0.757512 0.652821 -0.652821 -0.757512     19.495272 19.495272 0.928736
446.151794 315.080353     84.312500 -84.563477 133.248016     -0.292860 -0.956155 0.956155 -0.292860     15.989617 15.989617 1.213891
446.151794 315.080353     45.859375 -30.505859 113.588104     -0.292860 -0.956155 0.956155 -0.292860     15.989617 15.989617 4.693354
134.265610 182.563614     133.463226 209.608154 4816.738281     -0.809323 0.587364 -0.587364 -0.809323     87.959147 87.959147 0.779995
522.302185 176.518417     24226.242188 -2670.984375 3652.890625     -0.808395 0.588641 -0.588641 -0.808395     75.744327 75.744327 0.815765
421.730011 308.846283     60.156250 16.406250 10.335938     -0.179121 -0.983827 0.983827 -0.179121     57.497025 57.497025 1.627416
472.448883 324.624451     70.437500 -15.781250 60.140625     0.634265 -0.773116 0.773116 0.634265     24.691810 24.691810 1.387030
472.448883 324.624451     2311.587891 -968.857422 3062.884766     0.634265 -0.773116 0.773116 0.634265     24.691810 24.691810 2.094268
504.491943 351.121826     45.500000 -3.296875 27.953125     -0.774815 -0.632188 0.632188 -0.774815     35.171065 35.171065 4.340750
204.077606 92.220894     365.031250 33.281250 68.289062     0.706394 -0.707819 0.707819 0.706394     26.441219 26.441219 1.249015
204.077606 92.220894     13.246094 4.531250 41.625000     0.706394 -0.707819 0.707819 0.706394     26.441219 26.441219 1.674298
405.160370 363.066040     75.343750 -21.171875 63.078125     0.258557 -0.965996 0.965996 0.258557     18.983978 18.983978 1.366495
432.416962 387.844757     79.593750 23.781250 13.562500     0.295034 -0.955487 0.955487 0.295034     25.936797 25.936797 4.456758
459.135712 358.750000     10798.906250 -509.644531 4602.930664     0.118654 -0.992936 0.992936 0.118654     24.828548 24.828548 1.367604
459.135712 358.750000     33.187500 3.437500 26.843750     0.118654 -0.992936 0.992936 0.118654     24.828548 24.828548 2.461975
493.549713 100.614037     36.718750 11.796875 32.765625     0.497838 -0.867270 0.867270 0.497838     23.313140 23.313140 0.953493
493.549713 100.614037     43.660156 -11.970703 25.704834     0.497838 -0.867270 0.867270 0.497838     23.313140 23.313140 1.560979
434.829163 116.786453     95.664062 -13.515625 21.695312     0.146404 -0.989225 0.989225 0.146404     22.120632 22.120632 0.392699
434.829163 116.786453     65.906250 -10.421875 27.234375     0.146404 -0.989225 0.989225 0.146404     22.120632 22.120632 0.874892
395.987274 55.237793     43.562500 10.515625 27.421875     0.703913 -0.710286 0.710286 0.703913     25.301100 25.301100 0.523334
395.987274 55.237793     72.853516 -40.741211 55.766724     0.703913 -0.710286 0.710286 0.703913     25.301100 25.301100 1.339708
465.228516 319.923828     405.906250 108.250000 407.296875     -0.999693 -0.024791 0.024791 -0.999693     54.520500 54.520500 1.735857
465.228516 319.923828     21.875000 9.609375 96.437500     -0.999693 -0.024791 0.024791 -0.999693     54.520500 54.520500 4.596641
496.276184 355.400452     26627.265625 -3385.933594 5141.744141     -0.960896 0.276909 -0.276909 -0.960896     52.537048 52.537048 4.854617
455.370880 270.023468     32.156250 2.781250 39.531250     -0.905279 0.424818 -0.424818 -0.905279     19.531759 19.531759 3.714735
463.534973 320.288116     72.093750 -9.359375 27.062500     -0.985685 0.168595 -0.168595 -0.985685     54.978699 54.978699 1.909223
493.486694 100.527847     13.906250 3.960938 43.812500     0.524969 -0.851121 0.851121 0.524969     24.284288 24.284288 1.355593
493.486694 100.527847     62.585938 -6.054688 23.921875     0.524969 -0.851121 0.851121 0.524969     24.284288 24.284288 4.708448
158.243347 163.562149     160.031250 -28.906250 14.453125     -0.793364 0.608747 -0.608747 -0.793364     126.433228 126.433228 2.072868
557.268372 104.294373     177.968750 8.890625 31.296875     0.038233 -0.999269 0.999269 0.038233     18.995242 18.995242 0.866735
557.268372 104.294373     18.204987 -2.198975 39.421875     0.038233 -0.999269 0.999269 0.038233     18.995242 18.995242 1.657986
511.687195 276.208527     28648.851562 -3003.683594 5315.806641     -0.141503 -0.989938 0.989938 -0.141503     18.553719 18.553719 1.630625
520.348206 391.750000     81.406250 29.441406 29.183594     -0.217610 -0.976036 0.976036 -0.217610     15.709749 15.709749 4.762716
398.514526 103.800827     668.593750 -57.828125 40.718750     0.485128 -0.874443 0.874443 0.485128     23.189836 23.189836 1.747998
398.514526 103.800827     95.156250 -18.765625 23.218750     0.485128 -0.874443 0.874443 0.485128     23.189836 23.189836 2.559885
395.426758 130.923569     830.343750 -132.140625 66.125000     0.512304 -0.858804 0.858804 0.512304     24.939280 24.939280 2.576708
493.578613 100.733627     19.989273 4.065979 35.905762     0.529287 -0.848443 0.848443 0.529287     24.793512 24.793512 1.424687
493.578613 100.733627     24.625000 -12.550781 74.556152     0.529287 -0.848443 0.848443 0.529287     24.793512 24.793512 3.863113
414.064148 87.638618     65.867188 -11.203125 25.210938     -0.461734 -0.887018 0.887018 -0.461734     80.926503 80.926503 1.870392
414.064148 87.638618     96.992188 -15.242188 23.078125     -0.461734 -0.887018 0.887018 -0.461734     80.926503 80.926503 4.932971
510.186798 276.054932     19.393639 -1.846924 40.640625     -0.409917 -0.912123 0.912123 -0.409917     25.020527 25.020527 1.927215
159.986221 161.688400     24.064034 7.698151 40.082031     -0.801264 0.598311 -0.598311 -0.801264     133.793961 133.793961 2.078061
557.066040 106.036034     58.739731 -6.101562 45.828125     0.260738 -0.965410 0.965410 0.260738     21.753693 21.753693 1.034432
557.066040 106.036034     66.968750 -5.937500 24.546875     0.260738 -0.965410 0.965410 0.260738     21.753693 21.753693 1.975367
200.021652 58.398270     97.265625 -19.242188 23.156250     0.207192 -0.978300 0.978300 0.207192     17.469676 17.469676 1.576438
200.021652 58.398270     68.648438 -10.632812 25.328125     0.207192 -0.978300 0.978300 0.207192     17.469676 17.469676 3.144857
397.408630 103.073090     70.882812 -5.421875 24.320312     0.346018 -0.938228 0.938228 0.346018     27.442735 27.442735 0.552515
397.408630 103.073090     97.132812 -16.570312 24.375000     0.346018 -0.938228 0.938228 0.346018     27.442735 27.442735 2.754067
412.306152 84.942680     98.304688 -20.617188 24.531250     -0.399795 -0.916605 0.916605 -0.399795     79.859825 79.859825 1.811506
412.306152 84.942680     70.101562 -11.148438 26.445312     -0.399795 -0.916605 0.916605 -0.399795     79.859825 79.859825 4.853928
493.279236 99.409431     96.117188 -18.250000 25.171875     0.395012 -0.918676 0.918676 0.395012     28.754083 28.754083 1.551330
493.279236 99.409431     306.781250 -251.500000 225.812500     0.395012 -0.918676 0.918676 0.395012     28.754083 28.754083 3.924248
581.662415 49.585468     39.000000 9.921875 13.429688     -0.909824 0.414995 -0.414995 -0.909824     16.078057 16.078057 0.196448
581.662415 49.585468     67.185165 -5.130325 10.666180     -0.909824 0.414995 -0.414995 -0.909824     16.078057 16.078057 0.962085
440.735382 39.356922     23.675781 -6.037109 72.265625     -0.808788 0.588100 -0.588100 -0.808788     29.130069 29.130069 1.502566
440.735382 39.356922     65.031250 8.906250 27.949219     -0.808788 0.588100 -0.588100 -0.808788     29.130069 29.130069 3.244759
526.700439 317.757721     101.625000 -21.046875 19.546875     0.538642 -0.842535 0.842535 0.538642     16.725542 16.725542 1.937029
526.700439 317.757721     41.296875 3.000000 23.671875     0.538642 -0.842535 0.842535 0.538642     16.725542 16.725542 2.318085
506.053375 274.478455     272.906250 -74.390625 72.984375     -0.654396 -0.756152 0.756152 -0.654396     31.612672 31.612672 2.121273
397.282349 103.114708     56.606445 -8.025391 104.695312     0.328087 -0.944647 0.944647 0.328087     27.183671 27.183671 3.892534
397.282349 103.114708     438.140625 -1.472656 1.285156     0.328087 -0.944647 0.944647 0.328087     27.183671 27.183671 4.619826
200.352539 59.566101     328.906250 -19.921875 53.937500     0.024636 -0.999696 0.999696 0.024636     20.404823 20.404823 1.615288
200.352539 59.566101     61.472504 1.764992 22.066681     0.024636 -0.999696 0.999696 0.024636     20.404823 20.404823 3.180857
177.659164 70.836014     13.531250 -0.343750 54.027344     -0.999737 -0.022944 0.022944 -0.999737     26.638215 26.638215 0.663696
177.659164 70.836014     88.276367 -6.021484 147.078125     -0.999737 -0.022944 0.022944 -0.999737     26.638215 26.638215 1.576711
526.574890 317.264801     4.953125 0.726562 103.804688     0.473330 -0.880885 0.880885 0.473330     20.689425 20.689425 1.702099
526.574890 317.264801     2234.375000 -431.875000 179.796875     0.473330 -0.880885 0.880885 0.473330     20.689425 20.689425 2.292801
159.034225 160.418442     362.070312 -97.484375 33.015625     -0.807757 0.589516 -0.589516 -0.807757     141.339517 141.339517 2.084818
218.427856 46.268658     62.429962 -0.691666 25.904705     0.176142 -0.984365 0.984365 0.176142     12.926696 12.926696 0.681498
218.427856 46.268658     1716.421875 -232.085938 1171.054688     0.176142 -0.984365 0.984365 0.176142     12.926696 12.926696 1.295644
585.922180 50.841499     504.265625 -2.058594 1.718750     -0.992947 0.118559 -0.118559 -0.992947     22.068701 22.068701 5.647982
441.880371 42.395035     169.186523 -57.724609 185.085938     0.246851 -0.969054 0.969054 0.246851     36.048669 36.048669 0.747365
441.880371 42.395035     2732.062500 -502.390625 189.906250     0.246851 -0.969054 0.969054 0.246851     36.048669 36.048669 3.163134
509.003967 60.203972     57.006058 0.831512 42.522018     -0.908864 0.417092 -0.417092 -0.908864     50.556083 50.556083 4.525764
397.549744 101.805969     212.369141 -84.892578 200.226562     0.351103 -0.936337 0.936337 0.351103     28.026167 28.026167 0.481584
397.549744 101.805969     18.609375 -17.476562 316.953125     0.351103 -0.936337 0.936337 0.351103     28.026167 28.026167 2.661907
488.589172 95.974167     28.515625 -36.609375 340.078125     -0.658217 -0.752828 0.752828 -0.658217     42.170012 42.170012 0.420104
488.589172 95.974167     1511.849609 -665.285156 590.402344     -0.658217 -0.752828 0.752828 -0.658217     42.170012 42.170012 1.486798
160.129425 153.100861     33.187500 -41.195312 343.203125     0.668007 -0.744155 0.744155 0.668007     152.821601 152.821601 5.381862
583.260498 48.430252     3799.468750 -608.812500 215.328125     -0.982426 0.186654 -0.186654 -0.982426     30.405390 30.405390 0.417797
583.260498 48.430252     1756.257812 -355.820312 1456.773438     -0.982426 0.186654 -0.186654 -0.982426     30.405390 30.405390 1.703234
498.819641 79.382912     36.372070 2.597656 38.187500     0.502168 -0.864770 0.864770 0.502168     54.952659 54.952659 1.377998
218.290222 45.362778     46.879883 -0.419434 8.812500     0.082007 -0.996632 0.996632 0.082007     13.659895 13.659895 1.460538
587.734375 69.343750     39.312988 1.285156 41.375000     0.643002 -0.765864 0.765864 0.643002     23.497360 23.497360 3.059849
587.734375 69.343750     54.992188 -3.015625 6.304688     0.643002 -0.765864 0.765864 0.643002     23.497360 23.497360 4.415348
342.323669 324.942017     62.090927 2.103973 94.419312     -0.896606 0.442828 -0.442828 -0.896606     18.865398 18.865398 0.678570
342.323669 324.942017     82.800415 -2.560059 10.046875     -0.896606 0.442828 -0.442828 -0.896606     18.865398 18.865398 3.862615
337.683167 377.084167     63.898438 -0.781250 6.738281     -0.972791 0.231685 -0.231685 -0.972791     19.427589 19.427589 4.881832
580.226440 24.509434     39.782715 -0.822266 43.031250     -0.974945 0.222444 -0.222444 -0.974945     19.670320 19.670320 2.427376
580.226440 24.509434     83.215515 -2.762207 11.867188     -0.974945 0.222444 -0.222444 -0.974945     19.670320 19.670320 5.400731
588.045593 69.192986     66.897095 -2.244095 110.197571     -0.714977 0.699148 -0.699148 -0.714977     24.015105 24.015105 1.620359
588.045593 69.192986     2115.914062 -465.757812 1450.585938     -0.714977 0.699148 -0.699148 -0.714977     24.015105 24.015105 6.178475
501.019104 80.923988     1568.704102 -539.462891 467.320312     0.554105 -0.832447 0.832447 0.554105     66.077148 66.077148 0.522555
501.019104 80.923988     67.369171 -6.879044 130.605286     0.554105 -0.832447 0.832447 0.554105     66.077148 66.077148 1.226191
340.876068 324.491455     40.419189 -8.333984 63.218750     -0.966417 0.256980 -0.256980 -0.966417     21.297195 21.297195 3.237577
340.876068 324.491455     5577.421875 -899.031250 282.875000     -0.966417 0.256980 -0.256980 -0.966417     21.297195 21.297195 6.307371
495.591827 25.836735     8960.656250 2843.976562 2860.210938     0.519503 -0.854468 0.854468 0.519503     21.651080 21.651080 0.735437
495.591827 25.836735     407.018311 -65.031250 63.265625     0.519503 -0.854468 0.854468 0.519503     21.651080 21.651080 1.156379
283.654999 277.679993     40.031250 -20.000000 100.140625     -0.957899 -0.287106 0.287106 -0.957899     10.475024 10.475024 5.298309
236.164185 371.044769     145.656250 -90.875000 155.468750     -0.153937 -0.988081 0.988081 -0.153937     15.935434 15.935434 2.027199
282.319672 276.942627     351.922974 -6.588745 1118.552002     -0.951687 -0.307069 0.307069 -0.951687     10.920559 10.920559 5.223615
584.176758 319.855804     7885.593750 -1096.921875 332.203125     -0.763298 -0.646047 0.646047 -0.763298     21.478190 21.478190 1.843042
584.176758 319.855804     104.218750 -26.820312 53.888672     -0.763298 -0.646047 0.646047 -0.763298     21.478190 21.478190 4.312073
122.833885 43.514950     35.656250 -16.328125 46.007812     -0.894423 0.447222 -0.447222 -0.894423     19.982907 19.982907 1.982231
122.833885 43.514950     39.343750 -21.726562 78.000977     -0.894423 0.447222 -0.447222 -0.894423     19.982907 19.982907 5.329807
339.529694 350.593597     109.687500 -45.851562 84.156250     -0.984695 0.174288 -0.174288 -0.984695     19.770879 19.770879 4.857849
125.932014 41.195175     58.281250 3.492188 32.019531     -0.776284 0.630383 -0.630383 -0.776284     21.431896 21.431896 1.679526
125.932014 41.195175     406.093750 -391.687500 741.312500     -0.776284 0.630383 -0.630383 -0.776284     21.431896 21.431896 5.437430
554.692322 355.722229     8873.640625 -1069.687500 483.453125     -0.125797 -0.992056 0.992056 -0.125797     20.452234 20.452234 4.403081
236.557938 370.974243     41.343750 6.828125 58.859375     -0.129110 -0.991630 0.991630 -0.129110     16.466887 16.466887 1.970591
342.542053 300.682251     31.156250 -5.910156 21.729187     -0.988507 0.151177 -0.151177 -0.988507     21.579320 21.579320 1.387037
342.542053 300.682251     21.687500 -0.959961 34.676682     -0.988507 0.151177 -0.151177 -0.988507     21.579320 21.579320 4.605345
594.318787 105.506554     1094.469238 -304.929199 1547.062500     -0.912011 -0.410165 0.410165 -0.912011     17.967736 17.967736 2.142356
594.318787 105.506554     42.968750 1.187500 69.343750     -0.912011 -0.410165 0.410165 -0.912011     17.967736 17.967736 3.888029
337.475555 377.160004     77.937500 -4.390625 88.937500     -0.971234 0.238126 -0.238126 -0.971234     19.416763 19.416763 4.864018
340.868713 324.416992     48.160156 30.699707 123.854980     -0.968453 0.249195 -0.249195 -0.968453     21.263741 21.263741 3.213670
340.868713 324.416992     18.167969 0.301758 32.642334     -0.968453 0.249195 -0.249195 -0.968453     21.263741 21.263741 6.307057
339.152893 350.681824     1474.459961 -312.034668 1612.096680     -0.980934 0.194343 -0.194343 -0.980934     20.153938 20.153938 1.716009
339.152893 350.681824     27.937500 -7.125000 19.062500     -0.980934 0.194343 -0.194343 -0.980934     20.153938 20.153938 4.852870
342.483185 300.638641     31.407715 4.589844 91.000000     -0.990702 0.136047 -0.136047 -0.990702     21.921751 21.921751 1.038317
342.483185 300.638641     40.812500 0.906738 20.416443     -0.990702 0.136047 -0.136047 -0.990702     21.921751 21.921751 1.442318
337.232941 377.164673     10.761230 -13.007812 73.921875     -0.971461 0.237198 -0.237198 -0.971461     19.333224 19.333224 4.887196
340.916077 324.230774     255.843750 -89.267578 70.625092     -0.974082 0.226193 -0.226193 -0.974082     21.515020 21.515020 6.296475
342.599243 300.644196     32.531250 -23.417969 101.525879     -0.993463 0.114154 -0.114154 -0.993463     21.905947 21.905947 1.044786
342.599243 300.644196     216.875000 40.674316 66.261948     -0.993463 0.114154 -0.114154 -0.993463     21.905947 21.905947 1.476681
339.088562 350.922516     31.312500 -20.094727 104.059189     -0.977252 0.212083 -0.212083 -0.977252     20.512752 20.512752 1.685012
339.088562 350.922516     47.542969 142.631836 2042.539062     -0.977252 0.212083 -0.212083 -0.977252     20.512752 20.512752 4.804453
336.766174 377.550354     28.968750 -6.750000 22.414062     -0.967704 0.252088 -0.252088 -0.967704     19.697690 19.697690 1.696015
336.766174 377.550354     41803.304688 9755.601562 16667.960938     -0.967704 0.252088 -0.252088 -0.967704     19.697690 19.697690 4.832271
341.012543 324.438873     9.843750 3.734375 96.281250     -0.972258 0.233913 -0.233913 -0.972258     21.936353 21.936353 3.324056
341.012543 324.438873     50.148926 64.992188 182.869141     -0.972258 0.233913 -0.233913 -0.972258     21.936353 21.936353 6.309054
342.905731 300.700348     40.453125 5.865723 26.592590     -0.991314 0.131514 -0.131514 -0.991314     22.140724 22.140724 1.362947
342.905731 300.700348     32.484375 -3.879883 64.305939     -0.991314 0.131514 -0.131514 -0.991314     22.140724 22.140724 4.541492
341.513428 324.634399     445.500000 -78.977051 77.696564     -0.973495 0.228707 -0.228707 -0.973495     22.543848 22.543848 3.228655
341.513428 324.634399     45.500000 2.749023 87.135406     -0.973495 0.228707 -0.228707 -0.973495     22.543848 22.543848 3.740953
336.869019 377.763580     41.937500 -41.132812 67.901123     -0.971910 0.235354 -0.235354 -0.971910     20.499725 20.499725 4.831734
264.658630 308.602417     33.531250 -22.394531 99.794922     -0.761225 0.648488 -0.648488 -0.761225     15.299534 15.299534 5.145559
540.947144 236.035248     221.359375 18.811035 106.737366     -0.946048 -0.324026 0.324026 -0.946048     14.252574 14.252574 5.616102
105.279221 261.428558     43.281250 -18.767578 46.073853     0.121479 -0.992594 0.992594 0.121479     21.551631 21.551631 1.465508
540.735657 238.027435     44.953125 2.653320 29.189880     -0.975038 -0.222038 0.222038 -0.975038     22.910732 22.910732 5.933901
519.649170 445.281616     33.828125 8.235840 96.852814     -0.972061 0.234727 -0.234727 -0.972061     17.114574 17.114574 2.966838
101.664909 262.089478     28.437500 8.828125 39.328125     0.381285 -0.924458 0.924458 0.381285     28.568952 28.568952 1.206101
189.617386 216.504349     35.980957 -21.195312 75.640625     -0.999993 0.003631 -0.003631 -0.999993     4.984177 4.984177 1.584005
511.942505 444.012146     17.359375 -6.906250 103.179688     -0.949271 0.314461 -0.314461 -0.949271     31.287566 31.287566 3.227310
99.591759 260.876404     36.828125 -21.582031 41.434570     0.160378 -0.987056 0.987056 0.160378     33.464535 33.464535 1.375592
191.167801 216.571915     39.468750 -30.882812 118.376343     -0.999994 0.003371 -0.003371 -0.999994     5.091551 5.091551 1.583014
524.445984 242.184433     535.593750 -157.082031 118.132233     -0.997413 0.071889 -0.071889 -0.997413     32.606104 32.606104 3.163950
364.805908 247.223633     35.041016 5.648438 107.562500     0.008488 -0.999964 0.999964 0.008488     16.551397 16.551397 4.362249
96.486771 260.007050     45.468750 -24.796875 97.836426     0.100835 -0.994903 0.994903 0.100835     42.133575 42.133575 1.412844
393.162994 318.356842     165.562500 16.640625 58.624023     -0.007349 -0.999973 0.999973 -0.007349     10.009628 10.009628 1.570244
291.542053 289.831787     22.671875 -10.890625 101.981445     -0.964449 0.264271 -0.264271 -0.964449     11.298245 11.298245 0.880871
291.542053 289.831787     1571.843750 46.482422 279.513184     -0.964449 0.264271 -0.264271 -0.964449     11.298245 11.298245 4.639472
193.803284 216.811478     6.295898 18.652344 173.726562     -0.999992 0.004096 -0.004096 -0.999992     5.885060 5.885060 1.586118
93.162743 260.159485     49.796875 -5.820312 123.948242     0.657103 -0.753800 0.753800 0.657103     49.061720 49.061720 0.925330
91.311928 260.720184     42683.445312 8818.273438 18643.777344     -0.731893 0.681419 -0.681419 -0.731893     49.538531 49.538531 4.003213
395.462585 323.511444     47.656250 -40.210938 62.470703     0.058280 -0.998300 0.998300 0.058280     18.872719 18.872719 1.525581
125.786942 250.817871     159.250000 93.918945 343.828186     0.329681 -0.944093 0.944093 0.329681     35.612831 35.612831 1.489375
452.610260 244.394699     68.015625 0.843750 76.968750     -0.998580 0.053266 -0.053266 -0.998580     43.155260 43.155260 3.127488
396.769135 320.932098     46.859375 -2.033203 51.735352     0.115152 -0.993348 0.993348 0.115152     22.169860 22.169860 1.503805
396.769135 320.932098     27.539062 9.138672 33.251953     0.115152 -0.993348 0.993348 0.115152     22.169860 22.169860 4.778585
164.155548 231.949997     25.281250 -4.218750 40.712891     -0.885813 0.464043 -0.464043 -0.885813     69.986968 69.986968 1.794137
397.335541 320.700989     119.890625 19.218750 31.269531     0.129514 -0.991578 0.991578 0.129514     23.729468 23.729468 1.493532
107.911171 252.310226     64.687500 -22.042969 155.367188     -0.918033 0.396504 -0.396504 -0.918033     66.930573 66.930573 0.811499
107.911171 252.310226     46.265625 -6.886719 25.237305     -0.918033 0.396504 -0.396504 -0.918033     66.930573 66.930573 1.739106
60.173203 384.428101     51.713867 -20.066406 30.248047     -0.578845 -0.815437 0.815437 -0.578845     26.442278 26.442278 0.792689
23.182648 290.246582     9.531250 15.332031 186.257812     -0.999939 0.011016 -0.011016 -0.999939     13.355132 13.355132 4.756965
397.883636 320.389557     43.468750 -4.468750 41.054688     0.143542 -0.989644 0.989644 0.143542     25.068066 25.068066 1.477360
107.020950 251.258362     179.523438 35.285156 492.076782     -0.920650 0.390388 -0.390388 -0.920650     69.708607 69.708607 0.788783
107.020950 251.258362     108.156250 -1.093750 189.375000     -0.920650 0.390388 -0.390388 -0.920650     69.708607 69.708607 1.753605
60.319149 384.135651     48.325684 5.972656 721.140625     -0.432573 -0.901599 0.901599 -0.432573     27.992890 27.992890 0.624257
298.606964 234.084579     23.775391 13.957031 64.265625     -0.998102 0.061585 -0.061585 -0.998102     11.131126 11.131126 4.059033
26.688822 290.045319     52.609375 -1.664062 41.941406     -0.999383 0.035123 -0.035123 -0.999383     14.199552 14.199552 4.764918
297.721039 233.673813     23.171875 6.761719 119.292969     -0.999907 0.013664 -0.013664 -0.999907     11.671932 11.671932 4.027193
454.410370 243.701385     141.830078 -26.835938 32.871094     -0.998830 0.048361 -0.048361 -0.998830     44.981367 44.981367 1.560717
454.410370 243.701385     14.332031 7.126953 59.345703     -0.998830 0.048361 -0.048361 -0.998830     44.981367 44.981367 3.091358
60.447868 383.715637     52.609375 -42.656250 73.320312     0.232175 -0.972674 0.972674 0.232175     28.312991 28.312991 2.452722
60.447868 383.715637     13.305664 22.535156 210.351562     0.232175 -0.972674 0.972674 0.232175     28.312991 28.312991 6.198172
27.043478 289.660339     40.550781 -11.082031 25.450195     -0.999254 0.038628 -0.038628 -0.999254     15.432054 15.432054 4.777475
105.541885 251.070068     7.277344 9.902344 71.945312     -0.925838 0.377920 -0.377920 -0.925838     70.739581 70.739581 0.781105
105.541885 251.070068     14.806641 23.113281 215.351562     -0.925838 0.377920 -0.377920 -0.925838     70.739581 70.739581 1.740280
61.032948 382.802338     47.359375 -37.781250 51.093750     0.310421 -0.950599 0.950599 0.310421     27.629303 27.629303 2.229172
61.032948 382.802338     4.300932 17.173859 342.996094     0.310421 -0.950599 0.950599 0.310421     27.629303 27.629303 5.991318
449.362610 242.919601     71.250000 -26.500000 91.265625     -0.999827 0.018616 -0.018616 -0.999827     47.866202 47.866202 1.575395
449.362610 242.919601     18.562500 -3.765625 95.117188     -0.999827 0.018616 -0.018616 -0.999827     47.866202 47.866202 4.622717
26.681818 289.117218     8.691406 11.613281 79.906250     -0.999946 0.010398 -0.010398 -0.999946     17.042968 17.042968 4.758451
195.101944 246.383499     81.000000 -18.718750 105.218750     -0.905445 -0.424465 0.424465 -0.905445     14.491797 14.491797 1.989927
195.101944 246.383499     49.289062 7.578125 21.687500     -0.905445 -0.424465 0.424465 -0.905445     14.491797 14.491797 2.342546
106.277031 249.891647     20.863281 24.742188 254.375000     -0.935606 0.353045 -0.353045 -0.935606     72.497044 72.497044 0.756510
106.277031 249.891647     7.766809 39.304688 716.210938     -0.935606 0.353045 -0.353045 -0.935606     72.497044 72.497044 1.709487
21.186047 388.641846     50.390625 -4.171875 100.195312     -0.931487 0.363774 -0.363774 -0.931487     11.309526 11.309526 4.083024
21.186047 388.641846     22.150391 2.476562 93.867188     -0.931487 0.363774 -0.363774 -0.931487     11.309526 11.309526 4.815115
47.920174 384.501617     25.584961 30.320312 365.757812     -0.983690 0.179873 -0.179873 -0.983690     32.254153 32.254153 1.670335
448.529694 241.621063     33.382812 28.804688 67.468750     -0.999944 0.010538 -0.010538 -0.999944     51.720556 51.720556 1.563522
448.529694 241.621063     61.902344 13.953125 33.484375     -0.999944 0.010538 -0.010538 -0.999944     51.720556 51.720556 6.218391
45.283073 384.573944     30.587891 41.687500 408.078125     -0.987959 0.154716 -0.154716 -0.987959     32.166197 32.166197 1.646381
26.810925 288.264709     29.613281 -10.421875 168.781250     -0.999570 0.029311 -0.029311 -0.999570     19.617573 19.617573 4.786092
271.875610 261.766174     31.253906 -12.117188 186.609375     -0.842664 -0.538440 0.538440 -0.842664     6.224612 6.224612 4.835623
599.985596 440.586548     130.542969 -16.414062 31.781250     -0.132638 -0.991164 0.991164 -0.132638     17.112648 17.112648 1.760663
599.985596 440.586548     35.119141 39.636719 90.796875     -0.132638 -0.991164 0.991164 -0.132638     17.112648 17.112648 2.146298
603.820984 435.544159     35.855469 38.523438 90.015625     0.289382 -0.957214 0.957214 0.289382     26.233460 26.233460 4.623260
603.820984 435.544159     73.382446 21.153320 111.203125     0.289382 -0.957214 0.957214 0.289382     26.233460 26.233460 5.464122
595.908997 442.578003     32.500000 1.673828 54.220413     0.687782 -0.725917 0.725917 0.687782     34.727394 34.727394 1.027230
595.908997 442.578003     16.320312 1.828125 23.828125     0.687782 -0.725917 0.725917 0.687782     34.727394 34.727394 5.199037
618.484863 85.670456     1536.000000 -33.546875 15.480469     0.326291 -0.945269 0.945269 0.326291     20.168171 20.168171 0.418429
618.484863 85.670456     14.835938 1.500000 18.347656     0.326291 -0.945269 0.945269 0.326291     20.168171 20.168171 2.149838
615.581421 268.610016     14.984375 1.390625 18.857422     -0.860016 0.510267 -0.510267 -0.860016     24.120892 24.120892 1.852253
603.406250 122.808037     288.265625 -1.082031 22.289062     -0.973275 -0.229641 0.229641 -0.973275     25.577166 25.577166 1.541402
603.406250 122.808037     62.710938 -23.476562 88.650391     -0.973275 -0.229641 0.229641 -0.973275     25.577166 25.577166 4.933759
577.586670 285.284454     38.960938 34.527344 156.738281     0.498093 -0.867124 0.867124 0.498093     20.039453 20.039453 0.907759
577.586670 285.284454     161.156250 6.843750 97.380859     0.498093 -0.867124 0.867124 0.498093     20.039453 20.039453 3.649346
606.518860 120.455978     436.585938 17.941406 430.923828     -0.917672 0.397338 -0.397338 -0.917672     29.258959 29.258959 1.859092
606.518860 120.455978     34.812500 -0.135742 61.216080     -0.917672 0.397338 -0.397338 -0.917672     29.258959 29.258959 4.531191
576.863770 285.767029     46.859375 42.585938 105.366455     0.590691 -0.806898 0.806898 0.590691     21.908676 21.908676 0.608928
576.863770 285.767029     156.468750 -41.046875 275.216309     0.590691 -0.806898 0.806898 0.590691     21.908676 21.908676 1.278192
619.423096 249.985580     1013.953125 -367.019531 413.921387     -0.999946 -0.010406 0.010406 -0.999946     19.814657 19.814657 0.340599
619.423096 249.985580     160.781250 -120.492188 199.609375     -0.999946 -0.010406 0.010406 -0.999946     19.814657 19.814657 0.753914
597.869690 148.250809     1203.328125 124.775391 774.794678     -0.991566 -0.129602 0.129602 -0.991566     25.281465 25.281465 1.762454
597.869690 148.250809     104.468750 -55.529297 129.961914     -0.991566 -0.129602 0.129602 -0.991566     25.281465 25.281465 4.399067
138.861710 64.015961     14.984375 18.554688 104.914062     0.084055 -0.996461 0.996461 0.084055     17.541891 17.541891 0.400834
138.861710 64.015961     454.187500 -364.431641 1105.921387     0.084055 -0.996461 0.996461 0.084055     17.541891 17.541891 1.525260
235.952377 173.349213     244.531250 75.810547 67.283691     -0.103586 -0.994620 0.994620 -0.103586     13.178258 13.178258 0.306122
543.973816 361.383728     155.062500 -39.171875 280.701660     -0.325091 -0.945683 0.945683 -0.325091     28.101227 28.101227 3.871512
543.973816 361.383728     166.109375 -80.757812 160.695312     -0.325091 -0.945683 0.945683 -0.325091     28.101227 28.101227 4.922692
235.147293 126.337212     14.984375 12.062500 76.074219     -0.095954 -0.995386 0.995386 -0.095954     13.584155 13.584155 0.212205
559.696533 334.169159     22.156250 -50.601562 206.726562     -0.995168 -0.098188 0.098188 -0.995168     15.459220 15.459220 4.408280
559.696533 334.169159     98.281250 25.718750 70.074219     -0.995168 -0.098188 0.098188 -0.995168     15.459220 15.459220 4.987181
584.946594 107.868935     28.078125 -20.886719 37.351562     -0.999099 0.042431 -0.042431 -0.999099     17.760374 17.760374 5.268826
584.946594 107.868935     52.250000 38.906250 62.113281     -0.999099 0.042431 -0.042431 -0.999099     17.760374 17.760374 5.787276
561.257507 317.733917     100.875000 -213.886719 1080.861328     -0.924395 0.381437 -0.381437 -0.924395     17.232569 17.232569 0.851734
561.257507 317.733917     44.171875 20.703125 46.060547     -0.924395 0.381437 -0.381437 -0.924395     17.232569 17.232569 4.222057
235.926575 173.994934     74.250000 -5.707031 24.774658     -0.127270 -0.991868 0.991868 -0.127270     14.541950 14.541950 0.394112
139.449799 59.710842     270.031250 70.867188 271.371094     0.162075 -0.986778 0.986778 0.162075     20.143006 20.143006 1.528642
233.689651 119.657471     110.437500 9.871094 226.296875     -0.138971 -0.990296 0.990296 -0.138971     15.077723 15.077723 0.422518
137.011337 59.865978     47.929688 1.601562 52.443359     0.231608 -0.972809 0.972809 0.231608     33.120906 33.120906 5.815182
543.802246 360.347717     38.992188 -27.819336 69.135529     -0.044888 -0.998992 0.998992 -0.044888     29.479428 29.479428 2.257878
543.802246 360.347717     146.343750 -109.468750 225.710938     -0.044888 -0.998992 0.998992 -0.044888     29.479428 29.479428 3.568216
561.932251 327.299164     21.937500 -0.937500 28.898438     0.330516 -0.943800 0.943800 0.330516     39.333170 39.333170 1.062152
561.932251 327.299164     85.023438 -50.867188 49.968750     0.330516 -0.943800 0.943800 0.330516     39.333170 39.333170 1.899480
611.193787 381.383728     48.039062 -38.082031 45.833984     -0.908482 -0.417923 0.417923 -0.908482     21.437379 21.437379 0.811935
611.193787 381.383728     255.312500 69.833984 530.714355     -0.908482 -0.417923 0.417923 -0.908482     21.437379 21.437379 2.170156
235.630432 173.441299     104.496094 -26.021484 23.357788     -0.130172 -0.991491 0.991491 -0.130172     15.566348 15.566348 0.386447
231.560349 58.245689     97.093750 59.718750 136.714844     -0.020834 -0.999783 0.999783 -0.020834     19.177435 19.177435 6.367091
540.432861 87.832214     190.921875 -146.195312 245.269531     0.326013 -0.945365 0.945365 0.326013     21.781820 21.781820 1.951932
540.432861 87.832214     59.468750 -58.214844 196.561096     0.326013 -0.945365 0.945365 0.326013     21.781820 21.781820 3.944870
233.689606 113.834862     28.875000 -42.226562 253.242188     -0.044230 -0.999021 0.999021 -0.044230     17.331741 17.331741 6.356855
78.312195 413.980499     82.263672 -9.583008 26.268555     0.194119 -0.980978 0.980978 0.194119     12.875976 12.875976 2.699432
78.312195 413.980499     337.156250 70.945312 63.605469     0.194119 -0.980978 0.980978 0.194119     12.875976 12.875976 5.412961
540.596985 87.707466     67.103516 -2.422119 48.392212     0.293790 -0.955870 0.955870 0.293790     22.649644 22.649644 2.050318
540.596985 87.707466     27.273438 -11.679688 113.246094     0.293790 -0.955870 0.955870 0.293790     22.649644 22.649644 5.129765
230.709641 64.637840     601.906250 394.093750 622.597656     -0.070954 -0.997480 0.997480 -0.070954     27.518938 27.518938 0.425291
595.404541 344.563629     113.000000 8.296875 236.037598     -0.847576 0.530673 -0.530673 -0.847576     19.191243 19.191243 1.281131
595.404541 344.563629     211.285156 -252.339844 358.289062     -0.847576 0.530673 -0.530673 -0.847576     19.191243 19.191243 2.207889
509.917358 303.752075     140.500000 -4.426514 20.548393     -0.043083 -0.999072 0.999072 -0.043083     14.002676 14.002676 1.465051
509.917358 303.752075     40.707031 -28.732422 71.021393     -0.043083 -0.999072 0.999072 -0.043083     14.002676 14.002676 2.072623
88.509750 144.281342     45.859375 -47.531250 120.898438     -0.377868 -0.925860 0.925860 -0.377868     21.871990 21.871990 1.155282
88.509750 144.281342     65.320312 -116.125000 368.156250     -0.377868 -0.925860 0.925860 -0.377868     21.871990 21.871990 1.567993
544.611328 51.685589     68.460938 -58.398438 150.967773     0.591197 -0.806528 0.806528 0.591197     15.449191 15.449191 1.554117
544.611328 51.685589     33.179688 -2.250000 36.117188     0.591197 -0.806528 0.806528 0.591197     15.449191 15.449191 1.830616
540.782837 87.571045     148.398438 -62.648438 51.546875     0.292836 -0.956163 0.956163 0.292836     23.240514 23.240514 4.982328
529.486206 110.206894     120.328125 -43.726562 64.127197     -0.997795 -0.066364 0.066364 -0.997795     26.224735 26.224735 2.131452
529.486206 110.206894     184.343750 161.078125 204.022461     -0.997795 -0.066364 0.066364 -0.997795     26.224735 26.224735 5.297825
497.351257 40.562725     43.722656 -39.154785 92.940063     0.680370 -0.732869 0.732869 0.680370     22.882888 22.882888 1.281618
76.508415 414.622894     118.406250 109.039062 138.296875     0.397999 -0.917386 0.917386 0.397999     23.289649 23.289649 2.565303
76.508415 414.622894     86.539062 -87.372559 141.438477     0.397999 -0.917386 0.917386 0.397999     23.289649 23.289649 5.832374
510.129578 302.938019     56.406250 -48.046875 139.539062     0.079704 -0.996819 0.996819 0.079704     18.448441 18.448441 1.498897
510.129578 302.938019     45.949219 -29.460938 35.109863     0.079704 -0.996819 0.996819 0.079704     18.448441 18.448441 2.348744
473.781982 108.208534     31.343750 3.550781 71.536133     0.668537 -0.743679 0.743679 0.668537     18.785420 18.785420 1.485062
473.781982 108.208534     3214.312500 -137.578125 1104.367188     0.668537 -0.743679 0.743679 0.668537     18.785420 18.785420 4.167058
544.830139 51.857143     240.875000 142.195312 233.169922     0.573533 -0.819182 0.819182 0.573533     16.115122 16.115122 1.400536
544.830139 51.857143     264.125000 40.208984 570.183838     0.573533 -0.819182 0.819182 0.573533     16.115122 16.115122 1.736328
541.232788 87.268295     71.733398 -25.386719 49.308594     0.370084 -0.928998 0.928998 0.370084     26.845976 26.845976 5.043317
528.875916 109.525925     35.750000 -2.000000 36.351562     -0.988642 -0.150287 0.150287 -0.988642     33.703295 33.703295 1.970660
528.875916 109.525925     70.500000 14.359375 34.335938     -0.988642 -0.150287 0.150287 -0.988642     33.703295 33.703295 2.419272
411.595459 120.398056     80.812500 9.843750 17.257812     0.133613 -0.991034 0.991034 0.133613     20.721305 20.721305 0.743932
411.595459 120.398056     1062.421875 -1004.632812 1655.491699     0.133613 -0.991034 0.991034 0.133613     20.721305 20.721305 2.252188
468.832092 109.645523     252.312500 -132.062500 1073.538086     -0.916559 0.399899 -0.399899 -0.916559     30.138255 30.138255 1.291654
76.756523 414.730438     65.234375 43.632812 42.916992     0.334164 -0.942515 0.942515 0.334164     23.849686 23.849686 2.682119
104.209999 342.045013     177.812500 -121.238281 184.664062     -0.109394 -0.993999 0.993999 -0.109394     9.269489 9.269489 1.613493
104.209999 342.045013     9.453125 -6.484375 81.464844     -0.109394 -0.993999 0.993999 -0.109394     9.269489 9.269489 4.644370
413.815125 116.882706     463.515625 -145.352539 228.816833     0.077778 -0.996971 0.996971 0.077778     31.609996 31.609996 0.531524
413.815125 116.882706     48.898438 -37.820312 46.388672     0.077778 -0.996971 0.996971 0.077778     31.609996 31.609996 3.111766
557.487671 66.108376     110.687500 34.625000 44.011719     -0.343126 -0.939289 0.939289 -0.343126     16.556441 16.556441 1.322611
557.487671 66.108376     1224.140625 -10.326172 884.802002     -0.343126 -0.939289 0.939289 -0.343126     16.556441 16.556441 4.820017
444.784302 153.901962     3334.218750 -91.859375 1145.894531     0.639859 -0.768492 0.768492 0.639859     16.942958 16.942958 1.331452
444.784302 153.901962     270.132812 -140.101562 134.960938     0.639859 -0.768492 0.768492 0.639859     16.942958 16.942958 2.205625
78.139458 445.599670     95.375000 5.296875 16.101562     -0.026175 -0.999657 0.999657 -0.026175     31.368320 31.368320 4.719544
467.547791 388.871796     42.519531 -33.553223 36.890930     -0.093013 -0.995665 0.995665 -0.093013     37.090703 37.090703 3.544301
467.547791 388.871796     57.187500 -49.062500 141.265625     -0.093013 -0.995665 0.995665 -0.093013     37.090703 37.090703 4.003592
383.863861 109.436623     131.199219 26.038269 9.060720     0.686674 -0.726966 0.726966 0.686674     13.042966 13.042966 1.931712
437.737885 71.324783     22.828125 -10.269531 23.977539     0.340601 -0.940208 0.940208 0.340601     30.561204 30.561204 1.293511
437.737885 71.324783     15.546875 0.359375 73.281250     0.340601 -0.940208 0.940208 0.340601     30.561204 30.561204 3.106007
350.563507 68.805557     47.140625 -1.882812 24.738281     -0.592312 -0.805709 0.805709 -0.592312     20.533428 20.533428 4.812390
421.024628 177.586212     99.617188 -100.940918 154.554138     0.247577 -0.968868 0.968868 0.247577     22.138547 22.138547 0.693481
421.024628 177.586212     129.273438 57.886719 1025.406250     0.247577 -0.968868 0.968868 0.247577     22.138547 22.138547 1.129635
403.644714 150.091690     219.179688 -118.226562 215.984375     -0.979138 -0.203195 0.203195 -0.979138     23.504119 23.504119 1.682062
403.644714 150.091690     258.718750 -231.007812 1747.776367     -0.979138 -0.203195 0.203195 -0.979138     23.504119 23.504119 4.026966
104.343285 341.746277     3869.843750 -187.406250 1092.113281     -0.107002 -0.994259 0.994259 -0.107002     11.390758 11.390758 1.645699
104.343285 341.746277     68.570312 -52.652344 149.145508     -0.107002 -0.994259 0.994259 -0.107002     11.390758 11.390758 4.727907
415.363373 114.555229     100.085938 -39.416016 56.090820     0.224336 -0.974512 0.974512 0.224336     34.744290 34.744290 0.796848
415.363373 114.555229     35.648438 -2.203125 38.632812     0.224336 -0.974512 0.974512 0.224336     34.744290 34.744290 2.971711
378.841888 91.296440     29.812500 12.328125 33.128906     -0.958261 0.285894 -0.285894 -0.958261     21.666776 21.666776 5.170174
384.480377 112.214500     2893.718750 -27.560547 893.660889     0.314477 -0.949265 0.949265 0.314477     25.120509 25.120509 0.399610
384.480377 112.214500     141.812500 -83.375000 138.726562     0.314477 -0.949265 0.949265 0.314477     25.120509 25.120509 1.692139
118.089798 166.334686     25.656250 -45.046875 111.093750     -0.857800 0.513983 -0.513983 -0.857800     19.210577 19.210577 1.869506
118.089798 166.334686     16.390625 16.687500 83.625000     -0.857800 0.513983 -0.513983 -0.857800     19.210577 19.210577 4.900594
103.925148 341.622742     330.007812 -570.011719 2232.001953     -0.085795 -0.996313 0.996313 -0.085795     12.894658 12.894658 1.578136
477.700348 188.641113     299.703125 -211.875000 253.103516     -0.793965 0.607964 -0.607964 -0.793965     27.605520 27.605520 0.616131
477.700348 188.641113     118.281250 106.843750 137.657227     -0.793965 0.607964 -0.607964 -0.793965     27.605520 27.605520 1.269517
492.243042 292.366547     59.609375 -49.437500 170.152344     0.593517 -0.804821 0.804821 0.593517     16.920898 16.920898 1.162163
464.108765 394.005524     126.068359 24.826721 8.975060     0.013463 -0.999909 0.999909 0.013463     46.796002 46.796002 4.534854
78.227669 442.246704     238.062500 0.812500 47.257812     -0.008876 -0.999961 0.999961 -0.008876     31.265341 31.265341 4.701558
175.868851 191.848358     3857.093750 -124.726562 1076.824219     -0.297229 -0.954806 0.954806 -0.297229     19.836070 19.836070 4.898616
184.497513 106.656715     100.792969 -41.708008 58.596680     -0.847355 0.531026 -0.531026 -0.847355     16.501029 16.501029 1.537339
184.497513 106.656715     320.875000 -136.929688 131.921875     -0.847355 0.531026 -0.531026 -0.847355     16.501029 16.501029 3.344773
476.691406 188.335312     26.031250 13.640625 25.910156     -0.988591 0.150627 -0.150627 -0.988591     29.054762 29.054762 1.596921
476.691406 188.335312     113.812500 -39.070312 22.628906     -0.988591 0.150627 -0.150627 -0.988591     29.054762 29.054762 3.886843
176.245132 188.660172     248.390625 -112.390625 137.875000     -0.069830 -0.997559 0.997559 -0.069830     21.439346 21.439346 4.740717
119.987015 167.231598     141.390625 -94.664062 151.281250     -0.973928 0.226858 -0.226858 -0.973928     23.217635 23.217635 1.609750
164.912857 140.630707     300.156250 -110.203125 196.617188     -0.152734 -0.988267 0.988267 -0.152734     16.368240 16.368240 1.070018
164.912857 140.630707     31.062500 2.115234 69.531250     -0.152734 -0.988267 0.988267 -0.152734     16.368240 16.368240 2.025596
463.371338 309.421051     42.929688 5.515625 64.910156     0.618097 -0.786102 0.786102 0.618097     19.650945 19.650945 1.298830
463.371338 309.421051     62.531250 -65.945312 217.605469     0.618097 -0.786102 0.786102 0.618097     19.650945 19.650945 1.545574
103.916473 342.765656     72.500000 41.025391 91.842773     -0.112194 -0.993686 0.993686 -0.112194     14.761979 14.761979 1.658073
185.832230 105.763161     1209.359375 -1033.029297 2049.518555     -0.884039 0.467413 -0.467413 -0.884039     19.917700 19.917700 4.687550
436.104340 307.991302     329.804688 -498.328125 2368.171875     0.126430 -0.991976 0.991976 0.126430     18.116631 18.116631 1.099941
436.104340 307.991302     239.062500 145.875000 242.802734     0.126430 -0.991976 0.991976 0.126430     18.116631 18.116631 3.106619
164.865387 144.260986     233.375000 -3.421875 48.703125     -0.087860 -0.996133 0.996133 -0.087860     16.770446 16.770446 0.751128
164.865387 144.260986     69.115234 -51.855469 56.312988     -0.087860 -0.996133 0.996133 -0.087860     16.770446 16.770446 1.491315
164.440765 359.445496     136.890625 -100.945312 172.875000     -0.148045 -0.988981 0.988981 -0.148045     10.832778 10.832778 2.065585
103.737900 342.639099     39.406250 7.828125 18.660156     -0.113032 -0.993591 0.993591 -0.113032     15.703165 15.703165 1.630696
479.544556 186.595978     17.187500 -1.140625 76.742188     -0.323438 -0.946249 0.946249 -0.323438     39.213778 39.213778 4.946521
398.196259 383.420563     37.648438 -3.984375 42.710938     0.689434 -0.724348 0.724348 0.689434     15.193217 15.193217 5.083542
452.019073 339.515259     70.562500 -23.375000 30.300781     -0.997800 0.066293 -0.066293 -0.997800     25.821798 25.821798 1.794243
452.019073 339.515259     68.601562 -112.441406 212.542969     -0.997800 0.066293 -0.066293 -0.997800     25.821798 25.821798 2.749705
426.985718 369.177551     53.437500 -32.757812 29.714844     0.568639 -0.822587 0.822587 0.568639     32.739173 32.739173 2.284967
426.985718 369.177551     83.007812 -53.230469 51.242188     0.568639 -0.822587 0.822587 0.568639     32.739173 32.739173 4.013867
435.958984 310.479492     25.343750 -9.531250 25.337891     0.049011 -0.998798 0.998798 0.049011     19.291159 19.291159 1.043700
435.958984 310.479492     34.468750 -22.617188 25.578125     0.049011 -0.998798 0.998798 0.049011     19.291159 19.291159 1.892924
164.479996 359.451996     390.056641 -115.351318 116.477173     -0.156983 -0.987601 0.987601 -0.156983     11.773700 11.773700 2.109382
164.479996 359.451996     16.640625 16.359375 83.421875     -0.156983 -0.987601 0.987601 -0.156983     11.773700 11.773700 4.298873
426.977234 368.523590     39.156250 39.433594 46.792480     0.477931 -0.878397 0.878397 0.477931     37.868305 37.868305 2.403998
426.977234 368.523590     294.562500 12.912109 640.791992     0.477931 -0.878397 0.878397 0.477931     37.868305 37.868305 5.640363
202.422318 406.215149     120.093750 -2.798828 28.255127     -0.968645 -0.248449 0.248449 -0.968645     19.995284 19.995284 1.152360
103.231529 343.702789     11.429688 -8.550781 228.996094     -0.104223 -0.994554 0.994554 -0.104223     19.234784 19.234784 1.618179
387.905060 181.876587     17.726562 -27.640625 139.648438     -0.924721 0.380646 -0.380646 -0.924721     26.068665 26.068665 4.536272
433.000000 310.178345     67.625000 -60.820312 204.007812     0.082899 -0.996558 0.996558 0.082899     31.833672 31.833672 0.171737
163.500000 361.726471     55.656250 2.062500 16.445312     -0.034471 -0.999406 0.999406 -0.034471     21.138014 21.138014 2.233237
163.500000 361.726471     2862.203125 -521.560547 1603.101562     -0.034471 -0.999406 0.999406 -0.034471     21.138014 21.138014 6.096252
202.545746 406.111115     142.828125 -93.945312 150.609375     -0.957217 -0.289372 0.289372 -0.957217     20.261803 20.261803 1.095222
202.545746 406.111115     62.828125 -51.148438 61.976562     -0.957217 -0.289372 0.289372 -0.957217     20.261803 20.261803 1.436155
102.730766 343.087738     69.093750 -25.062500 33.335938     -0.088091 -0.996112 0.996112 -0.088091     21.535960 21.535960 1.600820
205.601654 436.751038     31.734375 -0.062500 17.255859     -0.495370 -0.868682 0.868682 -0.495370     18.530385 18.530385 0.884311
202.240601 406.303253     257.875000 -34.312500 67.984375     -0.925608 -0.378483 0.378483 -0.925608     23.717570 23.717570 1.120490
162.777771 363.146667     3980.656250 -106.093750 1049.292969     0.010223 -0.999948 0.999948 0.010223     23.882901 23.882901 2.159779
162.777771 363.146667     105.268555 -42.255859 57.889648     0.010223 -0.999948 0.999948 0.010223     23.882901 23.882901 6.067272
335.401703 162.431625     88.210938 96.671875 294.539062     0.050683 -0.998715 0.998715 0.050683     13.968726 13.968726 1.970433
102.560608 343.320343     76.618164 -47.762695 40.832031     -0.108475 -0.994099 0.994099 -0.108475     22.962798 22.962798 1.593932
162.101395 365.709778     51.117188 -30.960938 29.339844     0.074266 -0.997238 0.997238 0.074266     24.165103 24.165103 2.063523
162.101395 365.709778     766.812500 1013.796875 1520.375000     0.074266 -0.997238 0.997238 0.074266     24.165103 24.165103 5.139190
335.559387 162.555557     47.335938 -38.269043 41.951294     0.046026 -0.998940 0.998940 0.046026     14.355993 14.355993 1.926913
161.532227 441.209991     419.000000 27.233643 10.910772     -0.748171 0.663506 -0.663506 -0.748171     32.599415 32.599415 1.890968
161.532227 441.209991     3600.671875 228.546875 1854.722168     -0.748171 0.663506 -0.663506 -0.748171     32.599415 32.599415 4.819509
335.826355 158.979034     49.453125 44.640625 101.601562     0.067585 -0.997714 0.997714 0.067585     13.904659 13.904659 1.890583
161.834351 366.664124     300.578125 -110.375000 142.312500     0.077296 -0.997008 0.997008 0.077296     24.776368 24.776368 2.003424
115.201241 461.885437     22.718750 -25.343750 79.765625     -0.461111 -0.887342 0.887342 -0.461111     17.148331 17.148331 4.851142
336.480682 99.506439     54.281250 -5.312500 24.218750     0.092153 -0.995745 0.995745 0.092153     11.894202 11.894202 2.236978
114.751999 461.872009     29.328125 -7.976562 27.564453     -0.460933 -0.887435 0.887435 -0.460933     17.913403 17.913403 0.790173
114.751999 461.872009     29.562500 -19.578125 50.953125     -0.460933 -0.887435 0.887435 -0.460933     17.913403 17.913403 4.859440
