1.0
347
436.292786 227.981979     17.671875 -8.906250 33.984375     0.402881 -0.915252 0.915252 0.402881     16.687336 16.687336 2.882624
436.292786 227.981979     16.562500 -8.031250 45.027344     0.402881 -0.915252 0.915252 0.402881     16.687336 16.687336 6.041100
436.207550 229.445282     21.390625 -17.484375 61.847656     0.254059 -0.967189 0.967189 0.254059     17.107616 17.107616 3.254666
436.207550 229.445282     27.343750 -31.539062 101.031250     0.254059 -0.967189 0.967189 0.254059     17.107616 17.107616 6.352478
435.486572 230.979858     123.671875 -28.281250 114.523438     0.348885 -0.937166 0.937166 0.348885     17.359503 17.359503 6.099355
434.647064 233.630249     241.609375 -71.414062 163.273438     0.346643 -0.937997 0.937997 0.346643     17.823795 17.823795 6.066469
427.022949 201.355865     364.187500 -12.210938 394.910156     -0.761467 0.648203 -0.648203 -0.761467     42.797076 42.797076 0.998843
432.822662 196.368942     28.218750 -37.453125 138.718750     -0.860489 0.509468 -0.509468 -0.860489     49.498248 49.498248 0.987445
436.767609 191.984207     613.656250 26.593750 556.863281     0.329540 -0.944142 0.944142 0.329540     85.372655 85.372655 4.632501
434.048309 236.188400     31.609375 -50.453125 190.230469     0.293479 -0.955965 0.955965 0.293479     18.400941 18.400941 3.196786
434.048309 236.188400     779.015625 147.484375 866.386719     0.293479 -0.955965 0.955965 0.293479     18.400941 18.400941 6.253814
437.383057 191.835312     42.328125 -85.429688 291.539062     -0.930026 -0.367494 0.367494 -0.930026     105.184062 105.184062 1.513555
437.383057 191.835312     1137.500000 152.953125 1135.656250     -0.930026 -0.367494 0.367494 -0.930026     105.184062 105.184062 5.038381
433.258484 239.144073     79.796875 58.398438 79.281250     0.279513 -0.960142 0.960142 0.279513     18.511154 18.511154 3.309334
433.258484 239.144073     45.640625 -97.976562 330.769531     0.279513 -0.960142 0.960142 0.279513     18.511154 18.511154 6.299498
436.070831 191.648026     1905.078125 27.625000 2080.070312     -0.598328 -0.801251 0.801251 -0.598328     116.382465 116.382465 2.109130
431.397980 244.921402     2518.515625 -209.750000 2712.234375     0.295996 -0.955189 0.955189 0.295996     17.918228 17.918228 3.228104
431.397980 244.921402     6604.312500 -194.554688 5192.578125     0.295996 -0.955189 0.955189 0.295996     17.918228 17.918228 6.207727
434.288422 190.381088     14.500000 -41.679688 316.195312     -0.709234 -0.704973 0.704973 -0.709234     141.132385 141.132385 2.243782
406.122742 270.486359     58.867188 -32.500000 118.312500     -0.708666 -0.705544 0.705544 -0.708666     20.690242 20.690242 2.253118
430.473694 247.785095     7780.468750 -19.546875 5914.898438     0.296530 -0.955024 0.955024 0.296530     17.555447 17.555447 3.230380
430.473694 247.785095     8735.609375 -416.968750 7802.097656     0.296530 -0.955024 0.955024 0.296530     17.555447 17.555447 6.197926
429.607056 202.253632     45.921875 -98.585938 337.375000     -0.152316 -0.988332 0.988332 -0.152316     196.192812 196.192812 1.659935
298.368622 354.572998     10980.015625 -67.320312 10959.980469     0.134381 -0.990930 0.990930 0.134381     13.385347 13.385347 2.412884
333.203400 432.318268     12087.796875 -27.765625 12200.472656     0.403192 -0.915115 0.915115 0.403192     30.034921 30.034921 1.297760
430.223541 248.511902     435.107422 23.304688 4.328125     0.293030 -0.956103 0.956103 0.293030     17.834380 17.834380 3.247848
430.223541 248.511902     536.465820 30.843750 5.640625     0.293030 -0.956103 0.956103 0.293030     17.834380 17.834380 6.212945
354.835999 43.705883     121.550781 132.914062 157.679688     -0.997462 0.071198 -0.071198 -0.997462     17.931646 17.931646 6.134447
430.167267 248.442062     52.113281 -13.847656 25.843750     0.295204 -0.955434 0.955434 0.295204     18.074744 18.074744 3.240697
430.167267 248.442062     7.466553 13.931641 131.406250     0.295204 -0.955434 0.955434 0.295204     18.074744 18.074744 6.213465
194.148041 346.223572     8.623047 -9.999023 63.003906     -0.657772 -0.753217 0.753217 -0.657772     10.533473 10.533473 4.663121
66.008621 356.004303     6.019531 -5.567871 234.539062     0.184957 -0.982747 0.982747 0.184957     8.985395 8.985395 4.694824
196.160995 349.257599     53.166016 -70.269531 253.173340     -0.645666 -0.763620 0.763620 -0.645666     10.911939 10.911939 4.698159
64.468353 359.131653     3.760254 -10.308105 166.916504     0.154484 -0.987995 0.987995 0.154484     12.197342 12.197342 4.703100
186.537170 203.844131     94.825928 -37.040039 170.485840     -0.918745 0.394852 -0.394852 -0.918745     20.070406 20.070406 1.776923
44.176743 397.130219     399.568359 -186.886963 376.870117     -0.110343 -0.993894 0.993894 -0.110343     10.948831 10.948831 1.602026
44.140064 395.622162     19.939453 -8.426758 97.237305     -0.095647 -0.995415 0.995415 -0.095647     12.500230 12.500230 1.595400
170.063110 196.160187     433.489502 -179.556885 388.037598     -0.953808 0.300415 -0.300415 -0.953808     16.084682 16.084682 4.933322
88.054184 86.975372     620.177734 -93.428711 368.671387     0.101784 -0.994807 0.994807 0.101784     10.976409 10.976409 1.503669
101.602867 60.220097     37.757324 2.373047 19.812500     0.175285 -0.984518 0.984518 0.175285     11.771438 11.771438 4.597711
87.741539 79.516922     617.409668 -87.281738 355.594238     0.024343 -0.999704 0.999704 0.024343     10.915585 10.915585 1.541080
66.048195 90.995987     7.900635 11.914062 135.468750     -0.041225 -0.999150 0.999150 -0.041225     17.090474 17.090474 1.528327
66.048195 90.995987     36.565918 7.414062 52.250000     -0.041225 -0.999150 0.999150 -0.041225     17.090474 17.090474 3.397162
93.111664 72.135002     10.602661 20.118164 95.781250     0.301493 -0.953469 0.953469 0.301493     25.033254 25.033254 1.376597
78.884796 82.728111     8.845703 7.717773 171.570312     0.062805 -0.998026 0.998026 0.062805     7.937844 7.937844 1.541283
65.619446 89.061111     42.275391 3.855469 283.171875     0.085770 -0.996315 0.996315 0.085770     16.714163 16.714163 1.477987
40.614407 73.550850     10.635620 19.553711 114.093750     0.246943 -0.969030 0.969030 0.246943     20.019748 20.019748 4.493969
32.096825 82.108925     52.625000 3.484375 10.476562     0.001333 -0.999999 0.999999 0.001333     25.977280 25.977280 1.491331
60.668182 64.896591     12.274780 24.000977 127.000000     0.377805 -0.925885 0.925885 0.377805     40.176673 40.176673 4.263123
98.830544 87.612968     615.126953 -88.183105 350.428223     0.107131 -0.994245 0.994245 0.107131     19.631279 19.631279 1.457551
98.830544 87.612968     70.718750 -6.109375 8.687500     0.107131 -0.994245 0.994245 0.107131     19.631279 19.631279 6.194805
77.947365 395.755646     98.496094 -9.046875 62.562500     -0.991655 -0.128921 0.128921 -0.991655     19.873494 19.873494 4.397971
49.440678 327.749146     139.735748 -43.784729 236.924988     -0.092199 -0.995741 0.995741 -0.092199     11.732386 11.732386 4.736440
80.176003 362.671997     110.574219 116.640625 134.531250     -0.369691 -0.929155 0.929155 -0.369691     26.090696 26.090696 3.943555
37.627048 408.372955     46.284302 -39.150391 1256.125000     -0.218866 -0.975755 0.975755 -0.218866     11.105122 11.105122 1.664131
48.930748 330.288086     100.238281 -13.855469 68.632812     -0.047269 -0.998882 0.998882 -0.047269     13.104569 13.104569 4.726531
80.686760 376.465027     1.330522 0.616699 2434.640625     -0.015999 -0.999872 0.999872 -0.015999     29.237432 29.237432 1.612030
80.686760 376.465027     6.899995 -46.363739 2690.943359     -0.015999 -0.999872 0.999872 -0.015999     29.237432 29.237432 4.729250
37.650520 406.851196     101.757812 -14.441406 71.261719     -0.179718 -0.983718 0.983718 -0.179718     11.959587 11.959587 1.654313
404.769501 344.943268     120.648438 116.867188 130.953125     -0.996646 -0.081836 0.081836 -0.996646     14.365121 14.365121 5.051557
37.504642 406.145508     608.782715 -90.467285 343.504883     -0.196843 -0.980435 0.980435 -0.196843     12.287617 12.287617 1.655600
47.187096 329.447327     47.846924 -29.791016 1163.234375     -0.154253 -0.988031 0.988031 -0.154253     20.239208 20.239208 4.780911
80.763901 375.850739     71.328125 -8.140625 11.484375     -0.017344 -0.999850 0.999850 -0.017344     29.223407 29.223407 1.607691
80.763901 375.850739     51.113770 -1.933594 281.687500     -0.017344 -0.999850 0.999850 -0.017344     29.223407 29.223407 4.740377
415.490784 408.918823     91.843750 -3.394531 89.107666     -0.995276 0.097091 -0.097091 -0.995276     12.800520 12.800520 1.487053
415.490784 408.918823     204.550781 204.804688 223.093750     -0.995276 0.097091 -0.097091 -0.995276     12.800520 12.800520 4.699449
47.263058 329.313354     616.355469 615.125000 615.726562     -0.150179 -0.988659 0.988659 -0.150179     20.877505 20.877505 4.780846
406.409912 344.417755     75.968750 -0.250000 14.710938     -0.999792 0.020401 -0.020401 -0.999792     16.082275 16.082275 1.432982
240.000000 384.000000     212.841919 -75.477600 241.129761     -0.671601 -0.740913 0.740913 -0.671601     9.658986 9.658986 1.550092
40.601177 406.829071     456.550781 452.140625 455.265625     -0.354614 -0.935013 0.935013 -0.354614     24.434590 24.434590 3.863022
186.625732 182.225143     48.785278 -27.754883 1136.875000     -0.972924 0.231126 -0.231126 -0.972924     34.976708 34.976708 1.673411
80.865967 375.276764     204.968750 203.679688 223.062500     -0.004001 -0.999992 0.999992 -0.004001     30.291857 30.291857 1.592500
80.865967 375.276764     167.707031 -57.898438 325.074219     -0.004001 -0.999992 0.999992 -0.004001     30.291857 30.291857 4.741733
239.692307 383.592957     177.287109 -41.160156 333.363281     -0.670015 -0.742347 0.742347 -0.670015     10.358459 10.358459 1.549215
44.022976 366.917877     818.339966 -159.967224 201.152985     0.032309 -0.999478 0.999478 0.032309     30.193196 30.193196 4.726029
186.279907 181.519135     68.591797 18.833984 313.484375     -0.935926 0.352197 -0.352197 -0.935926     35.836186 35.836186 0.441204
186.279907 181.519135     24.722252 73.000122 14795.242188     -0.935926 0.352197 -0.352197 -0.935926     35.836186 35.836186 1.778513
185.885590 181.381363     96.875000 2.046875 90.921875     -0.928992 0.370101 -0.370101 -0.928992     36.421768 36.421768 0.457786
185.885590 181.381363     185.378906 -31.199219 334.726562     -0.928992 0.370101 -0.370101 -0.928992     36.421768 36.421768 1.831528
238.571426 382.973541     83.722168 35.542969 381.328125     -0.691359 -0.722511 0.722511 -0.691359     13.364373 13.364373 1.543400
44.275810 367.403290     104.343750 -16.595703 108.932861     0.026681 -0.999644 0.999644 0.026681     30.867441 30.867441 4.732534
415.854309 408.784760     547.921875 594.195312 769.507812     -0.991193 0.132427 -0.132427 -0.991193     14.509804 14.509804 1.398910
80.845016 375.046722     196.473907 842.504639 17704.445312     0.008385 -0.999965 0.999965 0.008385     32.167149 32.167149 1.580683
80.845016 375.046722     32.718750 12.843750 144.031250     0.008385 -0.999965 0.999965 0.008385     32.167149 32.167149 4.736080
178.149551 192.128616     97.271484 11.535156 434.531250     0.273956 -0.961742 0.961742 0.273956     54.952876 54.952876 1.338434
178.149551 192.128616     64.631836 -8.337891 1171.968750     0.273956 -0.961742 0.961742 0.273956     54.952876 54.952876 4.443318
558.558228 57.222221     622.500000 -103.061035 349.062012     -0.828794 0.559554 -0.559554 -0.828794     41.928766 41.928766 3.652125
235.276779 379.433044     197.964844 1.605469 310.511719     -0.690933 -0.722919 0.722919 -0.690933     13.355092 13.355092 1.548743
215.160965 333.373291     98.625000 -31.953125 130.152344     -0.707287 -0.706926 0.706926 -0.707287     4.306703 4.306703 4.707046
406.117920 344.127350     551.152344 582.710938 741.226562     -0.999992 0.004081 -0.004081 -0.999992     17.259079 17.259079 1.369064
406.117920 344.127350     509.156250 -153.734375 145.334473     -0.999992 0.004081 -0.004081 -0.999992     17.259079 17.259079 5.134983
214.526321 334.471588     3287.705566 -417.900452 184.567749     -0.707609 -0.706604 0.706604 -0.707609     8.734083 8.734083 0.257843
214.526321 334.471588     78.375000 -2.359375 18.781250     -0.707609 -0.706604 0.706604 -0.707609     8.734083 8.734083 4.706379
44.078602 368.265076     566.976562 583.867188 727.148438     0.025483 -0.999675 0.999675 0.025483     31.202161 31.202161 1.570151
44.078602 368.265076     232.347656 254.664062 290.109375     0.025483 -0.999675 0.999675 0.025483     31.202161 31.202161 4.737902
235.036362 379.157562     765.656250 -213.476562 153.583252     -0.691240 -0.722625 0.722625 -0.691240     14.326065 14.326065 1.549226
175.149612 194.164963     110.046875 -38.648438 133.656250     0.311896 -0.950116 0.950116 0.311896     54.874289 54.874289 1.347659
175.149612 194.164963     497.738525 75.185547 840.093750     0.311896 -0.950116 0.950116 0.311896     54.874289 54.874289 2.721667
80.653633 375.224152     1076.625000 -269.406250 156.377441     0.030710 -0.999528 0.999528 0.030710     34.515931 34.515931 1.577175
80.653633 375.224152     256.011719 276.769531 314.312500     0.030710 -0.999528 0.999528 0.030710     34.515931 34.515931 4.729122
237.629868 378.140259     29.367188 -11.402344 119.066406     -0.752586 -0.658494 0.658494 -0.752586     26.928387 26.928387 1.551459
209.636459 332.857941     112.515625 -42.085938 136.121094     -0.734957 -0.678113 0.678113 -0.734957     15.428076 15.428076 0.482751
209.636459 332.857941     75.812500 -7.921875 15.937500     -0.734957 -0.678113 0.678113 -0.734957     15.428076 15.428076 4.694853
175.560608 194.665390     670.796875 560.937500 722.945312     0.240303 -0.970698 0.970698 0.240303     58.169814 58.169814 1.441230
175.560608 194.665390     1361.281250 -292.996094 146.887207     0.240303 -0.970698 0.970698 0.240303     58.169814 58.169814 2.851274
81.617538 377.478851     33.617188 -4.625000 130.794922     -0.076235 -0.997090 0.997090 -0.076235     36.875790 36.875790 1.627568
44.603870 369.329865     36.898438 -2.718750 135.170898     0.001509 -0.999999 0.999999 0.001509     33.941220 33.941220 1.571399
44.603870 369.329865     465.748535 67.482422 817.609375     0.001509 -0.999999 0.999999 0.001509     33.941220 33.941220 4.742706
222.265396 353.358276     670.464844 571.929688 746.765625     -0.639180 -0.769057 0.769057 -0.639180     31.244473 31.244473 1.526234
222.265396 353.358276     263.843750 -17.375000 4.375000     -0.639180 -0.769057 0.769057 -0.639180     31.244473 31.244473 5.875070
534.291260 368.320923     2785.125000 -403.500000 131.747559     -0.954981 -0.296666 0.296666 -0.954981     42.758528 42.758528 4.027872
534.291260 368.320923     185.234375 -59.617188 127.363281     -0.954981 -0.296666 0.296666 -0.954981     42.758528 42.758528 4.695411
175.932159 195.325531     2368.418701 -1759.378906 23707.652344     0.196592 -0.980485 0.980485 0.196592     60.226630 60.226630 1.415494
175.932159 195.325531     657.687500 -34.593750 6.546875     0.196592 -0.980485 0.980485 0.196592     60.226630 60.226630 2.927512
83.012070 378.057709     881.593750 -44.500000 8.609375     -0.116965 -0.993136 0.993136 -0.116965     40.132372 40.132372 1.643294
83.012070 378.057709     80.765625 -0.796875 21.515625     -0.116965 -0.993136 0.993136 -0.116965     40.132372 40.132372 4.807432
403.404541 236.945450     101.812500 0.015625 107.718750     0.276896 -0.960900 0.960900 0.276896     18.157151 18.157151 1.562279
403.404541 236.945450     1303.875000 -58.375000 10.578125     0.276896 -0.960900 0.960900 0.276896     18.157151 18.157151 4.662598
557.859375 58.114845     43.453125 4.984375 24.492188     0.656902 -0.753976 0.753976 0.656902     42.663401 42.663401 0.805388
221.946442 354.067047     780.453125 6.921875 1.062500     -0.639023 -0.769188 0.769188 -0.639023     33.153311 33.153311 1.519800
221.946442 354.067047     2047.593750 -95.781250 18.250000     -0.639023 -0.769188 0.769188 -0.639023     33.153311 33.153311 5.904321
405.132019 242.198013     7846.687500 -240.015625 32.703125     -0.113157 -0.993577 0.993577 -0.113157     25.158180 25.158180 1.799829
84.627136 376.575928     23.351562 5.273438 21.843750     -0.034143 -0.999417 0.999417 -0.034143     44.291846 44.291846 1.624646
84.627136 376.575928     7062.359375 -684.468750 163.822754     -0.034143 -0.999417 0.999417 -0.034143     44.291846 44.291846 4.776294
45.343094 367.773041     59.468750 33.076660 69.365463     0.007529 -0.999972 0.999972 0.007529     36.159693 36.159693 1.575671
45.343094 367.773041     662.488281 565.679688 745.554688     0.007529 -0.999972 0.999972 0.007529     36.159693 36.159693 4.742495
415.348969 409.049866     1644.708984 -1218.552734 26273.738281     -0.988291 0.152583 -0.152583 -0.988291     15.693160 15.693160 1.402925
320.048584 347.307678     72.609375 -7.718750 32.125000     -0.979583 0.201040 -0.201040 -0.979583     16.993108 16.993108 1.565707
178.267044 197.856186     6969.875000 -737.414062 199.630859     -0.014261 -0.999898 0.999898 -0.014261     63.311329 63.311329 1.587092
178.267044 197.856186     184.890625 -54.257812 147.546875     -0.014261 -0.999898 0.999898 -0.014261     63.311329 63.311329 3.235053
400.975769 243.795959     1544.481934 -1056.655273 25027.460938     0.528002 -0.849243 0.849243 0.528002     39.935742 39.935742 1.305360
220.916367 353.607666     125.656250 68.350586 149.731567     -0.647701 -0.761895 0.761895 -0.647701     33.608509 33.608509 1.518242
220.916367 353.607666     7978.750000 -317.656250 62.062500     -0.647701 -0.761895 0.761895 -0.647701     33.608509 33.608509 5.958159
549.379333 61.335854     163.218750 85.504883 197.196930     -0.939090 0.343671 -0.343671 -0.939090     42.470444 42.470444 3.837569
86.175591 375.661560     6833.687500 -712.791016 222.033203     0.000328 -1.000000 1.000000 0.000328     48.036966 48.036966 6.267742
405.729950 344.795349     25.937500 9.671875 28.343750     -0.999220 0.039498 -0.039498 -0.999220     19.453321 19.453321 1.397448
405.729950 344.795349     7594.531250 -455.046875 109.500000     -0.999220 0.039498 -0.039498 -0.999220     19.453321 19.453321 6.425479
219.605103 352.863159     337.031250 190.308594 410.626221     -0.657308 -0.753622 0.753622 -0.657308     34.190651 34.190651 1.527031
219.605103 352.863159     6624.421875 -688.109375 239.737793     -0.657308 -0.753622 0.753622 -0.657308     34.190651 34.190651 6.041173
184.250961 348.848663     46.460938 10.773438 32.382812     -0.666076 -0.745884 0.745884 -0.666076     9.993678 9.993678 4.709348
544.263489 62.656216     188.609375 30.906250 501.250000     -0.953985 0.299855 -0.299855 -0.953985     41.848453 41.848453 1.630599
544.263489 62.656216     7356.625000 -608.312500 179.671875     -0.953985 0.299855 -0.299855 -0.953985     41.848453 41.848453 3.850661
401.511475 243.593445     1724.250488 -1099.577148 22917.121094     0.594931 -0.803777 0.803777 0.594931     40.609981 40.609981 1.225750
401.511475 243.593445     201.046875 22.312500 483.656250     0.594931 -0.803777 0.803777 0.594931     40.609981 40.609981 4.435352
319.695648 347.416656     197.500000 -61.468750 153.742188     -0.978033 0.208448 -0.208448 -0.978033     18.939236 18.939236 1.609681
538.467285 64.007698     25.085938 7.664062 39.484375     -0.965132 0.261762 -0.261762 -0.965132     41.073269 41.073269 1.634049
538.467285 64.007698     6994.062500 -1124.078125 562.546875     -0.965132 0.261762 -0.261762 -0.965132     41.073269 41.073269 3.841468
186.360352 350.060791     2249.805176 -1125.793945 22221.242188     -0.669050 -0.743217 0.743217 -0.669050     11.787680 11.787680 4.712099
326.183105 80.478874     381.609375 -22.265625 465.593750     0.124159 -0.992262 0.992262 0.124159     23.786424 23.786424 1.476808
401.665710 243.258255     6800.281250 -1391.359375 856.828125     0.604142 -0.796877 0.796877 0.604142     40.402067 40.402067 1.238266
401.665710 243.258255     9914.843750 -505.388672 925.314453     0.604142 -0.796877 0.796877 0.604142     40.402067 40.402067 4.459630
414.994873 409.282776     501.125000 -41.921875 461.609375     -0.991647 0.128982 -0.128982 -0.991647     17.374379 17.374379 0.265674
414.994873 409.282776     6657.031250 -1772.359375 1404.765625     -0.991647 0.128982 -0.128982 -0.991647     17.374379 17.374379 1.409462
213.709869 354.429291     343.531250 -66.382812 194.675781     -0.690495 -0.723337 0.723337 -0.690495     52.348737 52.348737 6.287794
530.824524 64.986343     3388.558594 -1392.527344 21046.218750     -0.974841 0.222902 -0.222902 -0.974841     40.222089 40.222089 1.629138
179.036591 198.059174     46.390625 14.156250 38.390625     -0.016448 -0.999865 0.999865 -0.016448     66.934774 66.934774 1.566946
179.036591 198.059174     641.765625 -39.187500 470.515625     -0.016448 -0.999865 0.999865 -0.016448     66.934774 66.934774 3.230259
417.700470 78.073112     8659.375000 2367.500000 31927.941406     -0.997632 0.068782 -0.068782 -0.997632     21.582464 21.582464 3.160416
325.688477 80.096153     4483.292969 -773.521484 21068.679688     0.047432 -0.998874 0.998874 0.047432     26.005782 26.005782 1.516357
509.260651 67.429947     876.453125 79.140625 502.406250     -0.987877 0.155237 -0.155237 -0.987877     38.665171 38.665171 1.608277
399.577576 243.347260     28.789062 1.296875 49.625000     -0.804101 0.594493 -0.594493 -0.804101     43.406438 43.406438 2.288473
399.577576 243.347260     1051.921875 3.406250 528.359375     -0.804101 0.594493 -0.594493 -0.804101     43.406438 43.406438 4.092630
325.678925 80.190636     1248.515625 56.765625 523.703125     0.027634 -0.999618 0.999618 0.027634     27.306985 27.306985 1.521329
365.040161 84.790695     22.101562 -3.695312 44.236328     -0.986663 0.162776 -0.162776 -0.986663     16.979350 16.979350 3.424866
319.707855 77.303780     399.734375 -35.835938 245.109375     -0.697118 -0.716957 0.716957 -0.697118     38.189130 38.189130 2.158669
213.360657 355.400299     260.062500 -55.093750 343.375000     -0.683170 -0.730259 0.730259 -0.683170     52.365492 52.365492 6.259630
503.242615 67.561134     41820.484375 -17821.320312 28174.335938     -0.989123 0.147090 -0.147090 -0.989123     38.115849 38.115849 1.606004
397.548523 244.182846     4019.343750 -930.843750 917.078125     -0.847538 0.530734 -0.530734 -0.847538     42.698011 42.698011 1.016557
397.548523 244.182846     337.730469 17.867188 356.984375     -0.847538 0.530734 -0.530734 -0.847538     42.698011 42.698011 2.238064
406.064758 345.310486     742.078125 -82.609375 398.203125     -0.999910 0.013446 -0.013446 -0.999910     20.868024 20.868024 1.458739
406.064758 345.310486     909.796875 598.859375 649.218750     -0.999910 0.013446 -0.013446 -0.999910     20.868024 20.868024 3.140241
451.565521 70.513329     53169.148438 31.914062 26656.546875     -0.995751 0.092088 -0.092088 -0.995751     41.173484 41.173484 1.607057
534.612915 367.221283     229.218750 -48.906250 163.617188     -0.002645 -0.999997 0.999997 -0.002645     45.405972 45.405972 0.161668
534.612915 367.221283     369.195312 3.480469 402.457031     -0.002645 -0.999997 0.999997 -0.002645     45.405972 45.405972 1.276948
320.410492 348.120361     1612.421875 948.117188 817.656250     -0.970856 -0.239662 0.239662 -0.970856     21.703701 21.703701 1.111558
320.410492 348.120361     3596.140625 288.613281 75.109375     -0.970856 -0.239662 0.239662 -0.970856     21.703701 21.703701 1.364038
397.871948 243.584305     420.601562 36.707031 232.847656     -0.834199 0.551463 -0.551463 -0.834199     44.123227 44.123227 1.022101
397.871948 243.584305     157.937500 -68.351562 71.484375     -0.834199 0.551463 -0.551463 -0.834199     44.123227 44.123227 2.272396
311.219513 405.785370     257.371094 0.511719 239.382812     -0.755488 -0.655163 0.655163 -0.755488     18.701061 18.701061 4.012167
446.106659 69.844452     46951.718750 -4457.734375 24571.632812     -0.995207 0.097790 -0.097790 -0.995207     44.220574 44.220574 1.600050
212.678528 355.437592     45376.195312 -3963.902344 23992.335938     -0.680726 -0.732538 0.732538 -0.680726     52.636369 52.636369 6.250492
415.167816 408.501160     306.328125 -47.781250 151.546875     -0.983457 0.181144 -0.181144 -0.983457     24.934740 24.934740 0.284324
415.167816 408.501160     35.703125 -6.734375 39.132812     -0.983457 0.181144 -0.181144 -0.983457     24.934740 24.934740 0.863104
180.530838 196.823532     190.031250 -53.625000 92.859375     0.141057 -0.990002 0.990002 0.141057     71.241006 71.241006 1.446244
180.530838 196.823532     502.343750 -61.078125 168.937500     0.141057 -0.990002 0.990002 0.141057     71.241006 71.241006 3.041052
448.048187 68.270515     39.578125 -9.187500 46.429688     -0.994255 0.107039 -0.107039 -0.994255     49.344861 49.344861 1.611500
398.694275 243.323242     600.640625 -50.843750 167.781250     -0.814065 0.580774 -0.580774 -0.814065     46.946456 46.946456 1.133916
398.694275 243.323242     284.113281 -14.332031 254.921875     -0.814065 0.580774 -0.580774 -0.814065     46.946456 46.946456 4.140808
408.752655 394.124115     30.738693 -62.867920 154.195312     -0.327585 -0.944822 0.944822 -0.327585     34.077163 34.077163 1.724732
446.766754 66.626122     19.403564 -60.069824 431.756836     -0.994368 0.105983 -0.105983 -0.994368     54.385139 54.385139 1.624348
404.632263 391.682587     25.747772 86.387451 493.492188     -0.410665 -0.911787 0.911787 -0.410665     44.014656 44.014656 1.860525
310.871674 405.128326     244.896484 49.142090 160.164062     -0.662026 -0.749481 0.749481 -0.662026     18.767863 18.767863 3.947590
446.467621 65.034927     171.830078 -28.941406 22.492188     -0.994371 0.105952 -0.105952 -0.994371     58.051529 58.051529 1.620505
320.298401 347.795685     14.187500 -17.472656 127.222656     -0.879480 -0.475935 0.475935 -0.879480     23.188196 23.188196 1.300977
320.298401 347.795685     16.992188 -42.585938 382.062500     -0.879480 -0.475935 0.475935 -0.879480     23.188196 23.188196 1.936714
400.132141 378.594788     22.123779 2.793579 1074.488281     -0.097442 -0.995241 0.995241 -0.097442     61.303051 61.303051 1.644124
400.132141 378.594788     20.268066 -54.567383 512.125000     -0.097442 -0.995241 0.995241 -0.097442     61.303051 61.303051 4.721235
398.627014 378.492645     163.017578 -30.363281 174.742188     -0.078225 -0.996936 0.996936 -0.078225     63.527523 63.527523 1.649045
398.627014 378.492645     15.906250 -157.539062 1604.765625     -0.078225 -0.996936 0.996936 -0.078225     63.527523 63.527523 4.718573
399.026367 242.632477     13.592651 -11.508789 249.468750     -0.817107 0.576486 -0.576486 -0.817107     47.276711 47.276711 1.124046
399.026367 242.632477     16.261719 -11.398438 71.218750     -0.817107 0.576486 -0.576486 -0.817107     47.276711 47.276711 4.155347
535.014404 366.431305     15.393555 -12.822266 195.513672     -0.028380 -0.999597 0.999597 -0.028380     46.735321 46.735321 0.198330
535.014404 366.431305     20.677734 -58.947754 427.261719     -0.028380 -0.999597 0.999597 -0.028380     46.735321 46.735321 1.626830
394.266266 378.391815     168.240234 18.671875 129.732422     -0.052147 -0.998639 0.998639 -0.052147     77.000208 77.000208 1.627380
394.266266 378.391815     207.368164 -41.144531 225.406250     -0.052147 -0.998639 0.998639 -0.052147     77.000208 77.000208 4.731621
311.192017 403.677551     14.213867 -24.858643 166.459045     -0.397078 -0.917785 0.917785 -0.397078     20.996293 20.996293 1.661792
311.192017 403.677551     15.086914 9.318848 23.300781     -0.397078 -0.917785 0.917785 -0.397078     20.996293 20.996293 4.787769
390.680389 378.897003     32.945312 -342.292969 3635.093750     0.241363 -0.970435 0.970435 0.241363     87.266540 87.266540 1.327725
390.680389 378.897003     252.976562 48.413086 162.544922     0.241363 -0.970435 0.970435 0.241363     87.266540 87.266540 4.251265
385.799622 379.045807     16.273804 -12.827148 253.312500     -0.844489 0.535572 -0.535572 -0.844489     93.857386 93.857386 0.660883
385.799622 379.045807     178.259766 -29.414062 25.953125     -0.844489 0.535572 -0.535572 -0.844489     93.857386 93.857386 3.831575
404.199890 242.514648     22.545044 -54.129883 523.421875     -0.934422 0.356168 -0.356168 -0.934422     58.564531 58.564531 0.853506
404.199890 242.514648     205.445312 -14.394531 234.050781     -0.934422 0.356168 -0.356168 -0.934422     58.564531 58.564531 1.950774
320.498810 348.183136     99.343750 -1055.628906 11315.500000     -0.797469 -0.603360 0.603360 -0.797469     23.675348 23.675348 1.858748
320.498810 348.183136     48.644058 -40.493652 1145.734375     -0.797469 -0.603360 0.603360 -0.797469     23.675348 23.675348 4.390600
380.890442 378.985779     17.062500 -20.265625 128.781250     -0.977061 0.212961 -0.212961 -0.977061     96.721141 96.721141 0.342793
380.890442 378.985779     213.618164 -2.281250 137.156250     -0.977061 0.212961 -0.212961 -0.977061     96.721141 96.721141 1.492667
373.878082 376.542786     276.349609 -43.707031 149.945312     -0.980036 -0.198821 0.198821 -0.980036     99.240139 99.240139 1.178305
373.878082 376.542786     166.328125 -28.921875 176.230469     -0.980036 -0.198821 0.198821 -0.980036     99.240139 99.240139 4.793996
311.974518 402.563751     3.366943 -40.019531 593.507812     -0.061884 -0.998083 0.998083 -0.061884     24.111205 24.111205 1.752023
311.974518 402.563751     171.988281 17.929688 135.700195     -0.061884 -0.998083 0.998083 -0.061884     24.111205 24.111205 4.681363
360.626190 376.646240     211.744141 -29.605469 238.371094     -0.996984 -0.077608 0.077608 -0.996984     102.545148 102.545148 1.264485
360.626190 376.646240     26.941406 -55.805176 317.999512     -0.996984 -0.077608 0.077608 -0.996984     102.545148 102.545148 4.991010
405.397980 243.161728     20.436035 -19.486328 288.667969     -0.958393 0.285451 -0.285451 -0.958393     63.283094 63.283094 0.838361
405.397980 243.161728     2.858887 -29.632812 447.359375     -0.958393 0.285451 -0.285451 -0.958393     63.283094 63.283094 1.985498
349.600006 180.618179     18.977966 -13.315430 257.843750     0.160430 -0.987047 0.987047 0.160430     20.866099 20.866099 0.931212
349.600006 180.618179     170.490234 -64.867188 156.156250     0.160430 -0.987047 0.987047 0.160430     20.866099 20.866099 6.346137
405.893158 244.009247     188.775391 -33.296875 31.367188     -0.976543 0.215321 -0.215321 -0.976543     69.306985 69.306985 0.740023
405.893158 244.009247     258.993164 48.316895 171.047363     -0.976543 0.215321 -0.215321 -0.976543     69.306985 69.306985 1.950043
