1.0
623
421.251556 170.540375     35.296875 27.328125 52.242188     -0.593242 -0.805024 0.805024 -0.593242     17.520049 17.520049 4.691162
420.580963 167.497147     47.000000 40.640625 80.191406     -0.557653 -0.830074 0.830074 -0.557653     19.971692 19.971692 4.665599
420.677582 166.924133     50.109375 42.507812 86.361328     -0.551252 -0.834339 0.834339 -0.551252     21.118504 21.118504 4.660967
175.080643 43.760754     198.982422 -133.510254 96.456177     -0.824151 0.566370 -0.566370 -0.824151     9.761660 9.761660 4.325296
419.444153 166.115860     67.328125 41.835938 86.410156     -0.623559 -0.781776 0.781776 -0.623559     26.223474 26.223474 4.688617
165.938492 51.932133     677.070312 -468.009277 341.709229     -0.817707 0.575635 -0.575635 -0.817707     15.749032 15.749032 4.414215
468.577515 280.103333     8.468750 -8.812500 91.023438     0.104975 -0.994475 0.994475 0.104975     12.355365 12.355365 5.384594
419.415131 165.465927     69.265625 39.609375 92.269531     -0.600473 -0.799645 0.799645 -0.600473     28.289937 28.289937 0.304055
419.415131 165.465927     715.357422 -484.214844 351.431641     -0.600473 -0.799645 0.799645 -0.600473     28.289937 28.289937 4.676690
165.689560 52.403732     8.937500 -10.671875 112.289062     -0.822123 0.569310 -0.569310 -0.822123     18.066525 18.066525 4.381550
468.466125 280.956635     72.000000 35.679688 100.343750     0.101651 -0.994820 0.994820 0.101651     12.605663 12.605663 5.367922
419.280670 165.007736     22.828125 0.328125 87.894531     -0.561630 -0.827389 0.827389 -0.561630     31.105614 31.105614 0.176492
419.280670 165.007736     737.734375 -492.426758 355.334473     -0.561630 -0.827389 0.827389 -0.561630     31.105614 31.105614 3.306061
376.243195 190.112839     10.000000 -13.359375 133.054688     -0.005043 -0.999987 0.999987 -0.005043     21.499675 21.499675 2.810192
376.243195 190.112839     70.843750 -0.125000 149.304688     -0.005043 -0.999987 0.999987 -0.005043     21.499675 21.499675 4.522357
165.735229 52.694092     150.882812 42.758789 15.337219     -0.825213 0.564821 -0.564821 -0.825213     19.245382 19.245382 4.363834
468.485504 281.446869     65.484375 -4.640625 108.144531     0.106702 -0.994291 0.994291 0.106702     13.170746 13.170746 5.340114
421.777863 326.922699     756.265625 -498.256836 361.101562     0.001593 -0.999999 0.999999 0.001593     37.875875 37.875875 1.259875
320.878235 30.261993     73.250000 30.187500 112.351562     -0.960662 -0.277720 0.277720 -0.960662     7.762944 7.762944 2.021264
371.376282 190.500000     180.812500 49.876953 18.129639     0.106907 -0.994269 0.994269 0.106907     36.276085 36.276085 2.775428
165.276718 53.457691     774.353516 -507.950195 370.786377     -0.827231 0.561862 -0.561862 -0.827231     21.431167 21.431167 4.322734
419.155121 164.914139     11.343750 -17.156250 158.734375     -0.477704 -0.878521 0.878521 -0.477704     33.925126 33.925126 3.148864
419.155121 164.914139     838.000000 -585.385742 469.276855     -0.477704 -0.878521 0.878521 -0.477704     33.925126 33.925126 6.276732
321.896759 30.548672     276.030762 15.321045 21.906555     -0.962418 -0.271573 0.271573 -0.962418     9.062176 9.062176 1.922108
164.835754 54.040783     73.078125 -7.218750 136.617188     -0.827402 0.561611 -0.561611 -0.827402     22.949098 22.949098 4.320927
468.360077 282.190887     12.083008 -25.940430 80.402344     0.114114 -0.993468 0.993468 0.114114     13.776993 13.776993 5.305600
162.334610 56.894032     75.453125 26.804688 124.242188     -0.806348 0.591441 -0.591441 -0.806348     28.427571 28.427571 4.265215
370.897491 191.718338     12.578125 -27.224609 87.367188     0.111482 -0.993766 0.993766 0.111482     38.254848 38.254848 2.752918
104.649040 129.798080     1330.812500 5.860352 240.334167     0.319063 -0.947733 0.947733 0.319063     8.236250 8.236250 4.994423
418.855743 164.880524     16.553711 -8.800781 92.748047     -0.404305 -0.914624 0.914624 -0.404305     35.888523 35.888523 3.029659
418.855743 164.880524     12.375000 -19.687500 182.960938     -0.404305 -0.914624 0.914624 -0.404305     35.888523 35.888523 6.137405
421.130157 327.050720     27.281250 43.480469 78.818359     -0.027122 -0.999632 0.999632 -0.027122     40.812295 40.812295 1.270608
104.877731 129.266373     13.544922 -28.427734 92.833984     0.309482 -0.950905 0.950905 0.309482     8.676484 8.676484 4.992643
125.295013 164.470718     1535.281250 33.867188 260.234924     0.113270 -0.993564 0.993564 0.113270     17.745294 17.745294 5.033360
468.250977 282.917633     81.546875 -8.750000 148.550781     0.113181 -0.993574 0.993574 0.113181     14.324094 14.324094 5.307989
439.363190 136.159210     35.609375 32.968750 65.484375     -0.495057 -0.868860 0.868860 -0.495057     7.125157 7.125157 4.661862
104.867188 129.277344     19.256836 -9.205078 104.513672     0.306053 -0.952015 0.952015 0.306053     9.445717 9.445717 5.006277
145.522385 86.726372     12.687500 -7.471680 48.250000     -0.725796 0.687910 -0.687910 -0.725796     10.462910 10.462910 0.790922
145.522385 86.726372     2480.459473 -232.592773 1009.895508     -0.725796 0.687910 -0.687910 -0.725796     10.462910 10.462910 5.085321
370.600159 191.920639     14.703125 -30.060547 101.033203     0.127389 -0.991853 0.991853 0.127389     40.355509 40.355509 2.736338
441.088348 135.275620     98.429688 31.779297 27.871094     -0.541896 -0.840445 0.840445 -0.541896     17.047828 17.047828 6.284524
125.549904 164.058380     35.398438 -26.355469 30.479004     0.106136 -0.994352 0.994352 0.106136     19.236802 19.236802 0.385498
125.549904 164.058380     100.656250 -28.937500 61.302734     0.106136 -0.994352 0.994352 0.106136     19.236802 19.236802 5.048996
85.447762 134.850754     366.125000 104.054688 118.328125     0.197590 -0.980285 0.980285 0.197590     15.047423 15.047423 3.284154
104.941978 129.187714     15.093750 -26.046875 210.445312     0.299488 -0.954100 0.954100 0.299488     10.327712 10.327712 3.342579
104.941978 129.187714     28.414062 -3.359375 97.117188     0.299488 -0.954100 0.954100 0.299488     10.327712 10.327712 5.012603
333.130646 72.484238     863.390625 464.546875 498.634766     -0.933542 -0.358468 0.358468 -0.933542     17.812420 17.812420 5.991594
144.991730 87.000000     3609.765625 48.641602 466.052612     -0.739231 0.673452 -0.673452 -0.739231     11.445155 11.445155 0.746594
144.991730 87.000000     63.031250 -8.558594 124.289062     -0.739231 0.673452 -0.673452 -0.739231     11.445155 11.445155 5.068791
495.189575 164.706253     18.144531 -2.046875 54.007812     -0.883826 0.467816 -0.467816 -0.883826     30.515796 30.515796 1.582541
462.460907 134.143906     102.359375 -21.929688 158.667969     -0.939618 -0.342224 0.342224 -0.939618     40.357192 40.357192 0.893971
418.691437 164.768188     24.154297 -9.869141 117.333984     -0.372602 -0.927991 0.927991 -0.372602     37.974999 37.974999 6.085929
468.244354 283.630859     16.126953 2.136719 77.804688     0.129933 -0.991523 0.991523 0.129933     15.379517 15.379517 5.299139
165.215317 189.923447     77.015625 -5.769531 134.902344     0.048723 -0.998812 0.998812 0.048723     23.917909 23.917909 0.218914
165.215317 189.923447     57.195312 -12.800781 111.457031     0.048723 -0.998812 0.998812 0.048723     23.917909 23.917909 4.912302
482.530457 145.807144     92.796875 -0.390625 185.101562     -0.826269 -0.563276 0.563276 -0.826269     60.699656 60.699656 0.566888
298.305664 207.360382     31.722656 5.601562 147.851562     0.135818 -0.990734 0.990734 0.135818     35.392425 35.392425 1.379292
298.305664 207.360382     19.109375 -33.187500 243.515625     0.135818 -0.990734 0.990734 0.135818     35.392425 35.392425 2.974443
210.827133 329.132965     5599.796875 2166.203125 3635.627441     0.056798 -0.998386 0.998386 0.056798     19.106772 19.106772 1.751930
369.206879 192.698608     28.382812 -9.078125 124.744141     0.324870 -0.945759 0.945759 0.324870     43.820500 43.820500 2.508774
125.853500 163.574844     160.531250 -27.531250 174.953125     0.104183 -0.994558 0.994558 0.104183     21.637690 21.637690 0.372268
125.853500 163.574844     25.750000 0.968750 19.117188     0.104183 -0.994558 0.994558 0.104183     21.637690 21.637690 3.423847
229.932556 207.085602     295.078125 14.109375 103.859375     0.131825 -0.991273 0.991273 0.131825     28.078331 28.078331 4.704045
165.412766 189.734756     2725.808105 -874.658691 2457.895508     0.056367 -0.998410 0.998410 0.056367     25.633062 25.633062 0.199056
165.412766 189.734756     18.951172 9.582031 151.164062     0.056367 -0.998410 0.998410 0.056367     25.633062 25.633062 4.912331
167.759521 309.997620     69.789062 -18.476562 118.832031     -0.034581 -0.999402 0.999402 -0.034581     18.029798 18.029798 1.745166
297.709473 207.046097     166.937500 -33.281250 90.265625     0.098221 -0.995165 0.995165 0.098221     39.345078 39.345078 3.039505
297.709473 207.046097     439.609375 -20.203125 35.359375     0.098221 -0.995165 0.995165 0.098221     39.345078 39.345078 4.574206
229.289444 207.137924     106.765625 -26.250000 257.320312     0.218643 -0.975805 0.975805 0.218643     33.168118 33.168118 4.636676
229.289444 207.137924     37.568359 -4.306641 118.617188     0.218643 -0.975805 0.975805 0.218643     33.168118 33.168118 6.098907
420.526428 327.493805     39.042969 14.164062 171.234375     0.004232 -0.999991 0.999991 0.004232     43.348624 43.348624 1.253397
167.783264 311.408752     20.712891 10.390625 60.921875     -0.052556 -0.998618 0.998618 -0.052556     18.968231 18.968231 1.731122
212.383499 333.515778     82.222656 -12.031250 121.523438     -0.048068 -0.998844 0.998844 -0.048068     25.237373 25.237373 1.772893
468.362000 284.490204     282.003906 -40.820312 20.796875     0.143296 -0.989680 0.989680 0.143296     17.019379 17.019379 5.303148
126.204803 163.457626     117.171875 -22.250000 171.246094     0.092983 -0.995668 0.995668 0.092983     23.613223 23.613223 0.381467
126.204803 163.457626     32.389648 -6.917969 133.132812     0.092983 -0.995668 0.995668 0.092983     23.613223 23.613223 3.436441
560.916504 343.705872     94.234375 -10.375000 144.640625     0.631997 -0.774971 0.774971 0.631997     30.815199 30.815199 1.177739
560.916504 343.705872     37.849609 -8.414062 11.765625     0.631997 -0.774971 0.774971 0.631997     30.815199 30.815199 1.559984
450.215973 410.685455     100.859375 36.593750 155.880859     -0.878679 0.477413 -0.477413 -0.878679     14.188562 14.188562 1.565018
527.632996 308.023560     3269.546387 -1326.962402 3122.742188     0.610994 -0.791635 0.791635 0.610994     53.108058 53.108058 0.709953
527.632996 308.023560     125.312500 -32.234375 315.671875     0.610994 -0.791635 0.791635 0.610994     53.108058 53.108058 1.229666
504.890015 282.075012     5554.046875 2286.203125 22011.925781     -0.989921 -0.141623 0.141623 -0.989921     19.603992 19.603992 0.408664
504.890015 282.075012     21.251953 15.765625 194.523438     -0.989921 -0.141623 0.141623 -0.989921     19.603992 19.603992 0.806186
472.892212 408.602478     39.039062 35.187500 86.352539     -0.997318 -0.073192 0.073192 -0.997318     45.630954 45.630954 1.679377
168.071426 313.550323     180.625000 -9.046875 377.773438     -0.071911 -0.997411 0.997411 -0.071911     19.229449 19.229449 1.706405
229.984955 206.634995     38218.906250 8638.890625 23746.003906     0.317284 -0.948331 0.948331 0.317284     35.889396 35.889396 2.825208
229.984955 206.634995     46.601562 19.132812 187.453125     0.317284 -0.948331 0.948331 0.317284     35.889396 35.889396 4.550766
508.262482 436.790649     70.263428 -2.031250 114.250000     -0.998760 0.049791 -0.049791 -0.998760     26.374836 26.374836 1.548101
508.262482 436.790649     45.908203 -6.173828 125.589844     -0.998760 0.049791 -0.049791 -0.998760     26.374836 26.374836 4.312766
418.941833 330.558441     111.054688 -14.074219 150.796875     0.166977 -0.985961 0.985961 0.166977     45.519022 45.519022 1.173971
165.662918 189.596756     62.253906 30.273438 92.185547     0.052913 -0.998599 0.998599 0.052913     27.497969 27.497969 0.206599
165.662918 189.596756     337.093750 90.843750 471.921875     0.052913 -0.998599 0.998599 0.052913     27.497969 27.497969 4.916639
212.984634 334.846313     90.929688 -6.167969 135.273438     -0.105356 -0.994435 0.994435 -0.105356     27.572316 27.572316 1.807278
231.087799 206.797653     19.748611 17.772461 51.859375     0.271253 -0.962508 0.962508 0.271253     39.954329 39.954329 2.910806
231.087799 206.797653     24.919922 19.816406 212.914062     0.271253 -0.962508 0.962508 0.271253     39.954329 39.954329 4.576861
368.333740 192.674530     50.664825 0.674316 21.968750     0.337526 -0.941316 0.941316 0.337526     47.023112 47.023112 2.507597
368.333740 192.674530     37.351562 -8.042969 146.916016     0.337526 -0.941316 0.941316 0.337526     47.023112 47.023112 5.767481
126.598984 163.640869     33.710938 -4.783203 14.670898     0.068189 -0.997672 0.997672 0.068189     25.422736 25.422736 0.410734
126.598984 163.640869     54.117188 24.382812 199.085938     0.068189 -0.997672 0.997672 0.068189     25.422736 25.422736 3.477349
297.341919 207.078690     52.736328 -5.839844 130.289062     0.194018 -0.980998 0.980998 0.194018     43.205260 43.205260 2.920471
297.341919 207.078690     225.800781 -54.199219 124.392578     0.194018 -0.980998 0.980998 0.194018     43.205260 43.205260 4.478754
418.003510 164.123596     43.322266 -14.251953 163.726562     -0.446702 -0.894683 0.894683 -0.446702     40.895232 40.895232 6.195127
417.508606 332.352936     435.136719 -141.660156 152.158203     0.162548 -0.986701 0.986701 0.162548     49.295492 49.295492 1.190407
168.442276 315.388031     53.244141 -26.509766 188.796875     -0.089882 -0.995952 0.995952 -0.089882     20.038472 20.038472 1.697821
238.633255 127.484009     27.587891 21.933594 231.875000     -0.470141 -0.882592 0.882592 -0.470141     20.272643 20.272643 1.618274
415.234100 333.167786     58.224609 -0.910156 141.625000     0.045744 -0.998953 0.998953 0.045744     60.409164 60.409164 1.199344
213.638168 335.346527     63.568359 -38.484375 219.222656     -0.132247 -0.991217 0.991217 -0.132247     29.866201 29.866201 1.835871
237.041153 129.277084     63.269531 29.210938 212.507812     -0.508842 -0.860860 0.860860 -0.508842     27.060943 27.060943 1.566557
166.350281 189.443100     13.187500 12.125000 44.894531     0.076794 -0.997047 0.997047 0.076794     30.331698 30.331698 0.162135
166.350281 189.443100     14.927490 2.879883 21.542969     0.076794 -0.997047 0.997047 0.076794     30.331698 30.331698 3.331365
297.938660 207.105881     107.359375 -85.972656 279.089844     0.303277 -0.952903 0.952903 0.303277     46.455900 46.455900 2.793714
297.938660 207.105881     37.164062 18.484375 18.609375     0.303277 -0.952903 0.952903 0.303277     46.455900 46.455900 5.900305
236.392853 129.795563     45.781250 21.335938 43.921875     -0.527655 -0.849459 0.849459 -0.527655     29.662161 29.662161 1.587213
236.392853 129.795563     52.929688 18.484375 22.515625     -0.527655 -0.849459 0.849459 -0.527655     29.662161 29.662161 4.363319
411.117859 332.467896     212.484375 129.414062 384.000000     -0.449485 -0.893288 0.893288 -0.449485     76.814738 76.814738 1.604341
231.478745 207.105148     527.878906 -139.443359 173.041016     0.135248 -0.990812 0.990812 0.135248     42.711553 42.711553 3.106494
231.478745 207.105148     40.507812 18.312500 19.328125     0.135248 -0.990812 0.990812 0.135248     42.711553 42.711553 4.694065
264.121857 117.752098     134.974609 -132.935547 365.513672     -0.980540 0.196322 -0.196322 -0.980540     15.598602 15.598602 2.231701
168.524109 315.661316     45.289062 17.179688 25.562500     -0.103702 -0.994608 0.994608 -0.103702     21.512536 21.512536 1.706316
235.877991 130.980194     58.062500 19.671875 26.437500     -0.530010 -0.847991 0.847991 -0.530010     33.892811 33.892811 1.557770
235.877991 130.980194     44.382812 19.445312 21.921875     -0.530010 -0.847991 0.847991 -0.530010     33.892811 33.892811 1.849989
126.935883 163.328461     34.201172 16.583984 34.671875     0.072823 -0.997345 0.997345 0.072823     27.285103 27.285103 0.393629
126.935883 163.328461     26.876465 16.492188 26.390625     0.072823 -0.997345 0.997345 0.072823     27.285103 27.285103 3.460500
264.324738 118.022141     50.101562 21.875000 49.109375     -0.973025 0.230700 -0.230700 -0.973025     16.556588 16.556588 2.253430
264.324738 118.022141     65.117188 15.640625 31.890625     -0.973025 0.230700 -0.230700 -0.973025     16.556588 16.556588 3.537443
214.076675 335.769989     15.843750 -4.812500 21.816406     -0.161537 -0.986867 0.986867 -0.161537     31.859884 31.859884 1.861811
166.841522 189.358078     31.716797 24.832031 247.953125     0.074670 -0.997208 0.997208 0.074670     32.543135 32.543135 0.155276
166.841522 189.358078     41.210938 22.343750 33.593750     0.074670 -0.997208 0.997208 0.074670     32.543135 32.543135 3.325029
241.456116 129.303192     19.765625 1.210938 48.820312     -0.917379 0.398015 -0.398015 -0.917379     45.197045 45.197045 1.150526
241.456116 129.303192     50.757812 17.710938 31.421875     -0.917379 0.398015 -0.398015 -0.917379     45.197045 45.197045 4.941503
204.312881 143.822083     61.492188 22.054688 48.164062     0.069683 -0.997569 0.997569 0.069683     23.300571 23.300571 1.332624
204.312881 143.822083     26.708008 14.607422 20.773438     0.069683 -0.997569 0.997569 0.069683     23.300571 23.300571 5.058292
127.535095 162.200409     32.825195 14.605469 27.148438     0.115966 -0.993253 0.993253 0.115966     29.044456 29.044456 0.315717
127.535095 162.200409     63.312500 19.937500 29.453125     0.115966 -0.993253 0.993253 0.115966     29.044456 29.044456 3.385657
417.096283 163.043427     30.544434 18.326172 30.898438     -0.502774 -0.864418 0.864418 -0.502774     43.018819 43.018819 6.315769
298.265137 207.170166     28.849487 18.955078 49.171875     0.329350 -0.944208 0.944208 0.329350     49.440191 49.440191 2.774115
298.265137 207.170166     68.609375 15.484375 36.078125     0.329350 -0.944208 0.944208 0.329350     49.440191 49.440191 5.884526
231.856308 133.552826     22.781250 9.093750 85.523438     -0.923764 0.382962 -0.382962 -0.923764     43.496767 43.496767 1.189911
231.856308 133.552826     138.929688 -15.601562 181.992188     -0.923764 0.382962 -0.382962 -0.923764     43.496767 43.496767 4.935435
368.128204 192.292740     30.234375 17.609375 23.945312     0.285995 -0.958231 0.958231 0.285995     49.634767 49.634767 2.568402
368.128204 192.292740     48.953125 20.359375 25.656250     0.285995 -0.958231 0.958231 0.285995     49.634767 49.634767 5.825107
333.963135 104.165901     19.750000 6.367188 30.867188     -0.974009 -0.226509 0.226509 -0.974009     7.301182 7.301182 1.554290
333.963135 104.165901     73.093750 34.125000 225.242188     -0.974009 -0.226509 0.226509 -0.974009     7.301182 7.301182 4.666824
128.603195 160.186890     39.352051 17.966797 40.734375     0.185343 -0.982674 0.982674 0.185343     31.256092 31.256092 0.172041
128.603195 160.186890     37.584961 16.480469 30.078125     0.185343 -0.982674 0.982674 0.185343     31.256092 31.256092 3.247175
168.703705 316.046021     109.917969 -6.214844 171.894531     -0.105563 -0.994413 0.994413 -0.105563     22.616472 22.616472 1.706712
231.530869 206.946304     66.617188 20.742188 52.500000     0.107177 -0.994240 0.994240 0.107177     44.965914 44.965914 3.131785
231.530869 206.946304     54.375000 17.867188 34.703125     0.107177 -0.994240 0.994240 0.107177     44.965914 44.965914 4.710982
167.284805 189.933578     54.828125 23.203125 54.718750     0.010911 -0.999940 0.999940 0.010911     34.334345 34.334345 0.253312
167.284805 189.933578     44.953125 23.851562 37.281250     0.010911 -0.999940 0.999940 0.010911     34.334345 34.334345 3.420260
233.186615 134.391861     32.401367 18.763672 33.671875     -0.930642 0.365930 -0.365930 -0.930642     45.853283 45.853283 1.095755
233.186615 134.391861     31.666016 17.384766 25.921875     -0.930642 0.365930 -0.365930 -0.930642     45.853283 45.853283 4.960263
129.544876 158.359848     33.109375 50.875000 431.539062     0.227601 -0.973755 0.973755 0.227601     33.243156 33.243156 3.168669
129.544876 158.359848     68.906250 21.031250 33.296875     0.227601 -0.973755 0.973755 0.227601     33.243156 33.243156 5.014235
214.726608 336.198822     31.852173 20.543945 54.144531     -0.185484 -0.982647 0.982647 -0.185484     34.198724 34.198724 1.882093
265.394989 342.200928     42.564453 18.480469 45.140625     -0.701351 -0.712816 0.712816 -0.701351     20.581981 20.581981 1.052280
265.394989 342.200928     52.851562 20.296875 27.656250     -0.701351 -0.712816 0.712816 -0.701351     20.581981 20.581981 5.216929
346.033051 157.818176     36.359375 45.875000 442.812500     -0.320690 -0.947184 0.947184 -0.320690     13.561598 13.561598 1.501008
42.610836 249.955658     47.768921 34.523438 67.566406     -0.350571 -0.936536 0.936536 -0.350571     16.746696 16.746696 3.004500
133.208817 153.371750     75.203125 15.250000 42.531250     0.382972 -0.923760 0.923760 0.382972     38.108610 38.108610 1.769064
133.208817 153.371750     52.046875 27.492188 443.398438     0.382972 -0.923760 0.923760 0.382972     38.108610 38.108610 2.842466
298.393005 415.982544     42.662109 17.835938 33.031250     -0.851050 -0.525084 0.525084 -0.851050     12.078802 12.078802 1.947741
298.393005 415.982544     35.770508 20.277344 37.656250     -0.851050 -0.525084 0.525084 -0.851050     12.078802 12.078802 4.233342
265.894745 342.554657     71.929688 19.718750 57.320312     -0.722334 -0.691544 0.691544 -0.722334     21.812415 21.812415 1.107153
265.894745 342.554657     52.781250 45.978516 59.902344     -0.722334 -0.691544 0.691544 -0.722334     21.812415 21.812415 5.227884
345.653748 424.049866     59.164062 19.492188 39.531250     -0.904247 -0.427011 0.427011 -0.904247     16.708752 16.708752 1.517148
345.653748 424.049866     49.109375 24.265625 40.562500     -0.904247 -0.427011 0.427011 -0.904247     16.708752 16.708752 2.034867
363.438904 184.809586     36.240234 19.816406 29.976562     -0.473082 -0.881018 0.881018 -0.473082     53.810801 53.810801 0.663233
363.438904 184.809586     58.462891 51.441406 67.761719     -0.473082 -0.881018 0.881018 -0.473082     53.810801 53.810801 4.855444
235.222122 135.560287     56.359375 21.265625 31.078125     -0.945047 0.326936 -0.326936 -0.945047     50.271481 50.271481 4.978344
297.965515 415.961700     53.050293 36.731445 75.914062     -0.866201 -0.499697 0.499697 -0.866201     13.321787 13.321787 1.971226
297.965515 415.961700     57.695312 38.632812 137.093750     -0.866201 -0.499697 0.499697 -0.866201     13.321787 13.321787 4.215566
136.184235 148.250488     45.247070 19.169922 50.687500     0.415258 -0.909704 0.909704 0.415258     38.786935 38.786935 1.731050
136.184235 148.250488     37.936035 20.455078 41.242188     0.415258 -0.909704 0.909704 0.415258     38.786935 38.786935 4.866752
318.806519 347.407043     46.109375 18.593750 36.351562     -0.742224 -0.670152 0.670152 -0.742224     17.724337 17.724337 1.648333
312.024200 377.077942     71.484375 63.078125 82.878906     -0.865419 -0.501049 0.501049 -0.865419     17.782709 17.782709 0.735716
312.024200 377.077942     35.513672 26.464844 267.070312     -0.865419 -0.501049 0.501049 -0.865419     17.782709 17.782709 1.100640
44.620369 253.240738     76.867188 20.156250 64.312500     -0.524112 -0.851649 0.851649 -0.524112     17.208810 17.208810 4.533582
44.620369 253.240738     83.250977 73.757812 95.726562     -0.524112 -0.851649 0.851649 -0.524112     17.208810 17.208810 5.177028
345.737579 423.782501     84.468750 15.890625 49.156250     -0.901805 -0.432143 0.432143 -0.901805     18.559861 18.559861 1.499372
345.737579 423.782501     53.406250 24.796875 45.265625     -0.901805 -0.432143 0.432143 -0.901805     18.559861 18.559861 2.048080
297.930450 416.069550     60.601562 36.953125 161.921875     -0.866061 -0.499938 0.499938 -0.866061     14.717803 14.717803 2.042156
297.930450 416.069550     83.582031 38.429688 239.632812     -0.866061 -0.499938 0.499938 -0.866061     14.717803 14.717803 4.174299
112.515152 318.813843     65.781250 19.148438 43.781250     -0.641368 -0.767234 0.767234 -0.641368     15.260636 15.260636 2.451224
89.666664 275.119049     69.520020 -24.406250 137.875000     -0.702072 -0.712106 0.712106 -0.702072     19.012630 19.012630 1.810619
89.666664 275.119049     41.505859 21.851562 34.429688     -0.702072 -0.712106 0.712106 -0.702072     19.012630 19.012630 4.289094
79.688210 294.076050     65.156250 2.671875 260.531250     -0.712295 -0.701880 0.701880 -0.712295     14.329210 14.329210 1.114346
79.688210 294.076050     49.855469 19.859375 40.773438     -0.712295 -0.701880 0.701880 -0.712295     14.329210 14.329210 1.686502
266.098572 342.654114     22.140625 5.242188 16.218750     -0.715078 -0.699045 0.699045 -0.715078     23.694474 23.694474 1.238905
266.098572 342.654114     82.203125 19.679688 71.382812     -0.715078 -0.699045 0.699045 -0.715078     23.694474 23.694474 5.201598
361.935059 391.035248     692.121094 -71.617188 270.851562     -0.929543 -0.368714 0.368714 -0.929543     22.806869 22.806869 1.074385
361.935059 391.035248     11.718750 14.468750 43.437500     -0.929543 -0.368714 0.368714 -0.929543     22.806869 22.806869 4.725856
439.855072 250.314011     72.999023 -20.615234 147.203125     0.486175 -0.873862 0.873862 0.486175     16.328432 16.328432 0.660410
439.855072 250.314011     94.609375 16.437500 55.500000     0.486175 -0.873862 0.873862 0.486175     16.328432 16.328432 3.676432
168.702545 316.251770     25.281250 7.562500 20.031250     -0.112640 -0.993636 0.993636 -0.112640     24.192176 24.192176 1.712960
260.141724 379.914429     53.666992 20.128906 44.476562     -0.764209 -0.644969 0.644969 -0.764209     17.274563 17.274563 2.508389
260.141724 379.914429     29.343750 12.437500 25.148438     -0.764209 -0.644969 0.644969 -0.764209     17.274563 17.274563 4.635289
438.806549 246.199402     93.007812 -32.328125 270.273438     -0.041570 -0.999136 0.999136 -0.041570     19.980833 19.980833 1.125186
438.806549 246.199402     34.437500 19.953125 36.031250     -0.041570 -0.999136 0.999136 -0.041570     19.980833 19.980833 4.196245
312.096924 376.852417     43.087891 25.773438 288.320312     -0.859982 -0.510325 0.510325 -0.859982     20.578319 20.578319 5.495935
320.112946 346.589691     40.578125 27.515625 48.656250     -0.802884 -0.596135 0.596135 -0.802884     25.371627 25.371627 1.825186
320.112946 346.589691     132.156250 49.488281 31.171875     -0.802884 -0.596135 0.596135 -0.802884     25.371627 25.371627 4.248955
95.723686 338.846497     368.683594 153.906250 77.750000     -0.774296 -0.632823 0.632823 -0.774296     13.375652 13.375652 1.584592
95.723686 338.846497     322.179688 160.593750 154.968750     -0.774296 -0.632823 0.632823 -0.774296     13.375652 13.375652 3.492767
114.533745 319.674835     9.660156 -3.320312 61.589844     -0.771611 -0.636094 0.636094 -0.771611     17.491114 17.491114 0.929824
114.533745 319.674835     219.539062 -24.765625 9.000000     -0.771611 -0.636094 0.636094 -0.771611     17.491114 17.491114 2.774320
346.116669 423.839569     14.875000 -4.523438 75.347656     -0.907543 -0.419960 0.419960 -0.907543     20.238576 20.238576 1.538634
346.116669 423.839569     335.203125 -30.796875 11.679688     -0.907543 -0.419960 0.419960 -0.907543     20.238576 20.238576 2.077314
79.585213 294.080383     31.203125 -10.433594 96.390625     -0.703684 -0.710513 0.710513 -0.703684     15.842562 15.842562 0.455778
79.585213 294.080383     421.523438 -21.843750 14.468750     -0.703684 -0.710513 0.710513 -0.703684     15.842562 15.842562 1.070105
45.155941 254.004944     36.335938 -8.761719 100.144531     -0.513584 -0.858039 0.858039 -0.513584     18.826908 18.826908 4.542031
45.155941 254.004944     31.375000 -0.562500 79.457031     -0.513584 -0.858039 0.858039 -0.513584     18.826908 18.826908 5.160147
362.152435 391.006714     605.726562 -0.273438 23.046875     -0.928517 -0.371290 0.371290 -0.928517     24.600770 24.600770 1.043029
362.152435 391.006714     41.671875 -7.242188 106.699219     -0.928517 -0.371290 0.371290 -0.928517     24.600770 24.600770 2.867319
438.027557 242.597458     41.453125 -11.257812 101.773438     -0.140604 -0.990066 0.990066 -0.140604     20.860691 20.860691 1.111970
438.027557 242.597458     49.835938 7.402344 97.285156     -0.140604 -0.990066 0.990066 -0.140604     20.860691 20.860691 4.244652
298.296051 206.911285     1708.968750 -305.820312 191.617188     0.308412 -0.951253 0.951253 0.308412     52.066264 52.066264 2.793946
298.296051 206.911285     14.738281 5.941406 32.437500     0.308412 -0.951253 0.951253 0.308412     52.066264 52.066264 5.902494
95.972115 339.195221     45.382812 -12.601562 114.902344     -0.766743 -0.641954 0.641954 -0.766743     13.650593 13.650593 1.570165
95.972115 339.195221     46.429688 -6.707031 117.917969     -0.766743 -0.641954 0.641954 -0.766743     13.650593 13.650593 3.504200
297.936462 416.157471     25.921875 2.464844 31.398438     -0.865045 -0.501695 0.501695 -0.865045     16.746140 16.746140 2.147649
297.936462 416.157471     58.183594 8.316406 103.214844     -0.865045 -0.501695 0.501695 -0.865045     16.746140 16.746140 4.146600
430.819611 215.478424     24.710938 0.875000 174.093750     -0.413731 -0.910399 0.910399 -0.413731     18.475463 18.475463 1.489683
215.228271 336.470459     1892.851562 -320.609375 206.656250     -0.209276 -0.977857 0.977857 -0.209276     36.500104 36.500104 1.919464
89.734375 275.000000     62.637695 58.601562 63.835938     -0.693383 -0.720569 0.720569 -0.693383     21.137131 21.137131 1.912256
89.734375 275.000000     84.026367 74.509766 77.949219     -0.693383 -0.720569 0.720569 -0.693383     21.137131 21.137131 4.209277
115.019020 319.913055     28.371094 6.886719 206.140625     -0.781685 -0.623673 0.623673 -0.781685     18.515221 18.515221 0.959172
115.019020 319.913055     93.725586 80.451172 82.964844     -0.781685 -0.623673 0.623673 -0.781685     18.515221 18.515221 4.688385
231.594437 206.541168     67.097656 3.562500 115.679688     0.098803 -0.995107 0.995107 0.098803     47.046183 47.046183 3.146936
231.594437 206.541168     2039.460938 -318.453125 219.296875     0.098803 -0.995107 0.995107 0.098803     47.046183 47.046183 4.724481
320.119720 346.551819     102.451172 87.484375 89.804688     -0.813068 -0.582169 0.582169 -0.813068     27.611185 27.611185 1.929264
320.119720 346.551819     49.875000 -9.640625 137.332031     -0.813068 -0.582169 0.582169 -0.813068     27.611185 27.611185 4.278932
312.133453 376.868530     50.281250 -6.015625 135.085938     -0.860888 -0.508794 0.508794 -0.860888     22.111181 22.111181 5.526431
266.236328 342.795807     107.963867 90.341797 92.589844     -0.707940 -0.706273 0.706273 -0.707940     25.284334 25.284334 1.251357
266.236328 342.795807     31.410156 9.328125 231.687500     -0.707940 -0.706273 0.706273 -0.707940     25.284334 25.284334 3.326589
259.827332 379.798553     125.531250 104.457031 106.722656     -0.761178 -0.648543 0.648543 -0.761178     18.531662 18.531662 2.481933
259.827332 379.798553     32.187500 24.679688 130.300781     -0.761178 -0.648543 0.648543 -0.761178     18.531662 18.531662 4.665683
79.466469 293.871735     43.357422 103.207031 312.062500     -0.695041 -0.718970 0.718970 -0.695041     16.994397 16.994397 0.386751
79.466469 293.871735     2296.320312 -253.546875 212.375000     -0.695041 -0.718970 0.718970 -0.695041     16.994397 16.994397 1.076874
95.914894 339.145386     290.856445 312.402344 366.171875     -0.762560 -0.646917 0.646917 -0.762560     15.042077 15.042077 1.565179
95.914894 339.145386     54.259766 126.707031 381.507812     -0.762560 -0.646917 0.646917 -0.762560     15.042077 15.042077 3.452248
436.080048 241.311874     33.531250 27.257812 130.917969     -0.124691 -0.992196 0.992196 -0.124691     23.259301 23.259301 4.499886
346.205170 423.783722     44.890625 -31.187500 33.937500     -0.907230 -0.420635 0.420635 -0.907230     21.835804 21.835804 2.095629
346.205170 423.783722     58.783203 135.312500 418.515625     -0.907230 -0.420635 0.420635 -0.907230     21.835804 21.835804 3.427394
45.055679 253.948776     72.183594 1.296875 136.023438     -0.511427 -0.859327 0.859327 -0.511427     19.935296 19.935296 4.522658
45.055679 253.948776     2261.976562 -68.898438 287.039062     -0.511427 -0.859327 0.859327 -0.511427     19.935296 19.935296 5.150682
89.839355 275.076294     56.320312 -8.226562 153.281250     -0.682081 -0.731277 0.731277 -0.682081     22.646777 22.646777 1.925377
89.839355 275.076294     44.894531 -6.398438 10.593750     -0.682081 -0.731277 0.731277 -0.682081     22.646777 22.646777 4.223409
297.773407 416.219208     2265.031250 -79.585938 310.273438     -0.873885 -0.486132 0.486132 -0.873885     18.204338 18.204338 2.217258
297.773407 416.219208     368.633789 424.716797 535.863281     -0.873885 -0.486132 0.486132 -0.873885     18.204338 18.204338 4.094941
436.302734 241.779160     34.953125 28.359375 129.269531     -0.110778 -0.993845 0.993845 -0.110778     25.154134 25.154134 4.484442
43.437157 252.287796     5.410156 -17.722656 113.929688     -0.601822 -0.798630 0.798630 -0.601822     20.988119 20.988119 4.581802
362.202026 390.930237     78.306641 170.964844 566.351562     -0.930319 -0.366752 0.366752 -0.930319     27.194063 27.194063 0.921179
362.202026 390.930237     49.560547 -7.507812 11.945312     -0.930319 -0.366752 0.366752 -0.930319     27.194063 27.194063 2.896260
437.335297 241.164719     2001.429688 136.367188 761.445312     -0.069736 -0.997565 0.997565 -0.069736     31.859557 31.859557 4.384534
115.243370 320.074707     84.257812 2.691406 36.910156     -0.793931 -0.608008 0.608008 -0.793931     19.806201 19.806201 0.956519
115.243370 320.074707     45.265625 -24.125000 42.343750     -0.793931 -0.608008 0.608008 -0.793931     19.806201 19.806201 2.849550
79.556992 293.857513     397.683594 467.410156 604.136719     -0.690489 -0.723342 0.723342 -0.690489     18.231458 18.231458 0.358438
79.556992 293.857513     34.765625 8.066406 273.820312     -0.690489 -0.723342 0.723342 -0.690489     18.231458 18.231458 0.896908
319.996094 346.702209     6.318359 -18.751953 117.621094     -0.820785 -0.571238 0.571238 -0.820785     29.712524 29.712524 1.962680
319.996094 346.702209     191.535156 316.695312 972.875000     -0.820785 -0.571238 0.571238 -0.820785     29.712524 29.712524 3.987671
120.063156 195.476318     3439.437500 794.875000 924.351562     -0.679261 -0.733897 0.733897 -0.679261     14.389888 14.389888 1.232839
120.063156 195.476318     30.009277 26.347656 73.656250     -0.679261 -0.733897 0.733897 -0.679261     14.389888 14.389888 4.503602
312.196075 376.787872     39.703125 -33.875000 120.625000     -0.851407 -0.524505 0.524505 -0.851407     23.608148 23.608148 5.516262
259.768585 379.768585     37.062500 29.750000 135.515625     -0.765977 -0.642868 0.642868 -0.765977     20.223426 20.223426 2.548173
259.768585 379.768585     8.363281 -20.113281 121.367188     -0.765977 -0.642868 0.642868 -0.765977     20.223426 20.223426 4.642606
96.269936 339.383423     30.093750 -4.097656 19.953125     -0.760298 -0.649575 0.649575 -0.760298     16.253684 16.253684 1.561059
96.269936 339.383423     5703.332031 -653.472656 1583.398438     -0.760298 -0.649575 0.649575 -0.760298     16.253684 16.253684 3.463437
120.598106 195.813232     98.228027 104.330078 168.617188     -0.674531 -0.738247 0.738247 -0.674531     15.234486 15.234486 4.494619
297.688049 416.466827     14.257812 -32.714844 95.236328     -0.869184 -0.494489 0.494489 -0.869184     19.604651 19.604651 2.266862
297.688049 416.466827     55.265625 10.468750 20.343750     -0.869184 -0.494489 0.494489 -0.869184     19.604651 19.604651 4.062806
42.907791 251.519867     39.015625 -35.734375 139.906250     -0.592803 -0.805347 0.805347 -0.592803     22.951269 22.951269 4.587635
265.172028 338.066528     206.671875 -121.074219 99.152344     -0.376386 -0.926463 0.926463 -0.376386     29.163433 29.163433 1.133262
265.172028 338.066528     14.539062 -32.769531 97.833984     -0.376386 -0.926463 0.926463 -0.376386     29.163433 29.163433 2.368627
89.883423 275.043701     221.750000 225.156250 276.750000     -0.655556 -0.755147 0.755147 -0.655556     24.067776 24.067776 1.839146
89.883423 275.043701     64.765625 4.843750 43.390625     -0.655556 -0.755147 0.755147 -0.655556     24.067776 24.067776 4.108115
79.693207 293.920380     5946.054688 -649.246094 1667.523438     -0.678029 -0.735035 0.735035 -0.678029     19.649777 19.649777 0.363782
79.693207 293.920380     213.679688 -123.460938 100.656250     -0.678029 -0.735035 0.735035 -0.678029     19.649777 19.649777 0.877335
115.323143 320.030579     287.187500 129.109375 197.484375     -0.791771 -0.610818 0.610818 -0.791771     21.110359 21.110359 0.907580
115.323143 320.030579     52.636719 22.341797 51.324219     -0.791771 -0.610818 0.610818 -0.791771     21.110359 21.110359 2.898641
121.780533 196.828247     163.004639 175.248047 334.132812     -0.674554 -0.738226 0.738226 -0.674554     16.745048 16.745048 4.499070
168.927383 316.591919     7108.683594 -688.500000 1640.734375     -0.112124 -0.993694 0.993694 -0.112124     25.664794 25.664794 1.722480
319.929260 346.787750     222.046875 -124.214844 101.150391     -0.805403 -0.592728 0.592728 -0.805403     31.653501 31.653501 2.157487
319.929260 346.787750     15.141602 -32.996094 102.388672     -0.805403 -0.592728 0.592728 -0.805403     31.653501 31.653501 3.935309
122.662231 197.642258     93.312500 -1.656250 18.328125     -0.676657 -0.736298 0.736298 -0.676657     17.698025 17.698025 4.505301
362.269043 390.893402     27.765625 38.492188 68.917969     -0.933620 -0.358264 0.358264 -0.933620     29.528520 29.528520 0.955008
362.269043 390.893402     484.656250 210.781250 298.640625     -0.933620 -0.358264 0.358264 -0.933620     29.528520 29.528520 2.939112
259.441132 379.803741     730.281250 292.523438 280.687500     -0.762227 -0.647310 0.647310 -0.762227     22.140375 22.140375 2.600409
259.441132 379.803741     38.687500 -39.625000 165.757812     -0.762227 -0.647310 0.647310 -0.762227     22.140375 22.140375 4.642804
265.220886 336.554230     228.570312 -124.675781 103.244141     -0.309915 -0.950764 0.950764 -0.309915     31.357018 31.357018 1.071238
265.220886 336.554230     16.006836 -34.552734 111.583984     -0.309915 -0.950764 0.950764 -0.309915     31.357018 31.357018 2.336643
215.789093 336.766937     1153.640625 141.390625 873.265625     -0.226834 -0.973933 0.973933 -0.226834     38.875299 38.875299 1.950447
312.220459 376.600006     9597.906250 -764.085938 1721.968750     -0.865482 -0.500940 0.500940 -0.865482     25.732039 25.732039 0.736365
312.220459 376.600006     237.484375 -120.304688 103.244141     -0.865482 -0.500940 0.500940 -0.865482     25.732039 25.732039 2.265516
85.533333 283.556152     42.000000 32.257812 150.230469     0.305120 -0.952314 0.952314 0.305120     35.347291 35.347291 1.858865
85.533333 283.556152     246.359375 -117.636719 102.828125     0.305120 -0.952314 0.952314 0.305120     35.347291 35.347291 5.070063
96.507812 339.598969     17.110352 -35.822266 121.517578     -0.761522 -0.648138 0.648138 -0.761522     17.905042 17.905042 3.464827
266.076477 331.898560     39.812500 -43.078125 190.296875     -0.013672 -0.999907 0.999907 -0.013672     36.313555 36.313555 2.039085
266.076477 331.898560     10180.976562 972.757812 3239.367188     -0.013672 -0.999907 0.999907 -0.013672     36.313555 36.313555 4.711699
115.232742 320.088745     246.718750 -111.398438 106.423828     -0.781954 -0.623336 0.623336 -0.781954     22.474120 22.474120 0.881749
115.232742 320.088745     31.109375 41.992188 74.810547     -0.781954 -0.623336 0.623336 -0.781954     22.474120 22.474120 2.770240
370.233826 259.606964     258.171875 -96.843750 113.449219     -0.863655 -0.504083 0.504083 -0.863655     16.323953 16.323953 6.407279
320.041809 347.054657     34.562500 51.039062 101.968750     -0.795323 -0.606186 0.606186 -0.795323     33.789927 33.789927 2.189051
320.041809 347.054657     41.078125 -43.968750 206.210938     -0.795323 -0.606186 0.606186 -0.795323     33.789927 33.789927 3.961882
239.008270 333.910522     267.351562 -91.164062 123.267578     -0.986603 0.163140 -0.163140 -0.986603     72.421947 72.421947 1.601844
239.008270 333.910522     281.093750 -67.644531 146.603516     -0.986603 0.163140 -0.163140 -0.986603     72.421947 72.421947 4.761495
380.799042 370.708130     36.296875 54.750000 115.570312     -0.361419 -0.932404 0.932404 -0.361419     11.123623 11.123623 3.920839
85.654007 283.954590     3.578125 -0.367188 112.875000     0.250871 -0.968021 0.968021 0.250871     37.014081 37.014081 1.942323
85.654007 283.954590     45.234375 -34.546875 215.367188     0.250871 -0.968021 0.968021 0.250871     37.014081 37.014081 5.137276
362.178864 390.723297     11118.296875 1020.273438 3686.257812     -0.939543 -0.342431 0.342431 -0.939543     31.663215 31.663215 1.007772
362.178864 390.723297     18.656250 12.687500 29.363281     -0.939543 -0.342431 0.342431 -0.939543     31.663215 31.663215 2.978904
370.008270 259.165283     4.765625 0.429688 129.562500     -0.814836 -0.579692 0.579692 -0.814836     17.224554 17.224554 6.270313
115.315414 320.166656     337.828125 -98.320312 187.900391     -0.781845 -0.623473 0.623473 -0.781845     23.991801 23.991801 2.866922
115.315414 320.166656     38.578125 9.078125 29.375000     -0.781845 -0.623473 0.623473 -0.781845     23.991801 23.991801 4.685820
369.571442 258.754578     6.531250 2.734375 155.062500     -0.763645 -0.645636 0.645636 -0.763645     17.213864 17.213864 6.146323
316.828918 359.584686     9.031250 5.132812 166.226562     0.173984 -0.984749 0.984749 0.173984     42.044580 42.044580 4.851293
368.907043 257.714752     494.179688 -109.941406 212.888672     -0.692854 -0.721078 0.721078 -0.692854     17.581900 17.581900 5.893544
168.566010 317.020630     12092.187500 1043.570312 3871.046875     -0.103405 -0.994639 0.994639 -0.103405     28.605432 28.605432 1.714622
368.702850 256.927643     11.468750 5.453125 164.667969     -0.653745 -0.756715 0.756715 -0.653745     18.448185 18.448185 5.799727
200.745987 263.970581     24.687500 52.304688 306.898438     -0.925789 -0.378040 0.378040 -0.925789     14.900119 14.900119 4.570687
190.592224 259.927948     29.812500 63.125000 325.667969     -0.918395 -0.395664 0.395664 -0.918395     15.223033 15.223033 4.567147
191.346252 266.263947     12120.804688 479.335938 4728.156250     -0.854919 -0.518761 0.518761 -0.854919     34.129204 34.129204 1.569693
191.346252 266.263947     33.406250 70.882812 350.468750     -0.854919 -0.518761 0.518761 -0.854919     34.129204 34.129204 4.673833
195.735596 201.901688     107.578125 -3.513672 21.161133     0.063551 -0.997979 0.997979 0.063551     13.832447 13.832447 4.772912
308.546173 269.039581     12104.152344 630.898438 5698.351562     -0.993334 0.115272 -0.115272 -0.993334     11.137895 11.137895 1.341018
308.546173 269.039581     38.156250 77.554688 362.839844     -0.993334 0.115272 -0.115272 -0.993334     11.137895 11.137895 5.147642
195.863861 201.512375     250.765625 142.988281 135.874023     0.074182 -0.997245 0.997245 0.074182     17.158231 17.158231 4.779298
313.260498 268.776215     24.531250 29.496094 73.451172     -0.995579 0.093928 -0.093928 -0.995579     13.329546 13.329546 1.353067
262.353302 209.734253     40.796875 81.476562 380.082031     0.154283 -0.988027 0.988027 0.154283     24.471848 24.471848 3.022586
262.353302 209.734253     38.078125 9.361328 13.024414     0.154283 -0.988027 0.988027 0.154283     24.471848 24.471848 4.616928
316.794556 269.130615     56.103516 -32.212891 27.519531     -0.998571 0.053433 -0.053433 -0.998571     16.411067 16.411067 1.328823
262.892426 210.022064     11938.269531 399.437500 6765.250000     0.133608 -0.991034 0.991034 0.133608     26.681134 26.681134 3.071534
262.892426 210.022064     34.378906 5.093750 20.157227     0.133608 -0.991034 0.991034 0.133608     26.681134 26.681134 6.076578
333.044067 203.616943     31.812500 32.671875 90.157227     0.011696 -0.999932 0.999932 0.011696     25.203383 25.203383 3.140510
333.044067 203.616943     27.351562 1.824219 19.513672     0.011696 -0.999932 0.999932 0.011696     25.203383 25.203383 6.175956
321.453278 270.145142     12479.238281 -16.000000 7856.750000     -1.000000 0.000469 -0.000469 -1.000000     21.603162 21.603162 1.312827
263.073578 210.637161     24.820312 2.150391 19.287598     0.109363 -0.994002 0.994002 0.109363     28.770125 28.770125 3.116474
263.073578 210.637161     23.246094 -3.420898 13.723145     0.109363 -0.994002 0.994002 0.109363     28.770125 28.770125 6.123072
333.515991 203.026886     12359.277344 -391.570312 8910.710938     0.177677 -0.984089 0.984089 0.177677     28.253596 28.253596 2.867942
333.515991 203.026886     58.316895 -6.890625 51.250000     0.177677 -0.984089 0.984089 0.177677     28.253596 28.253596 5.900210
197.685852 201.792572     33.865234 -5.855469 20.630859     -0.150644 -0.988588 0.988588 -0.150644     31.405985 31.405985 0.368862
314.325439 277.069946     22.312500 -9.500000 33.500000     -0.981703 0.190417 -0.190417 -0.981703     51.759482 51.759482 4.189772
186.729614 332.596558     27.703125 -8.062500 36.093750     -0.291340 -0.956619 0.956619 -0.291340     16.180498 16.180498 3.404181
333.449066 203.427078     44.822998 1.456055 18.609375     0.173023 -0.984918 0.984918 0.173023     29.566426 29.566426 2.871536
333.449066 203.427078     38.914551 1.695312 15.468750     0.173023 -0.984918 0.984918 0.173023     29.566426 29.566426 5.899839
263.294647 210.688614     46.696808 -6.879883 98.562500     0.092609 -0.995703 0.995703 0.092609     30.456018 30.456018 3.140058
263.294647 210.688614     12.292969 7.684326 80.051498     0.092609 -0.995703 0.995703 0.092609     30.456018 30.456018 6.153855
189.293945 311.164276     13873.617188 -1628.457031 10072.296875     -0.358301 -0.933606 0.933606 -0.358301     22.489159 22.489159 0.615671
189.293945 311.164276     30.656250 2.593750 19.921875     -0.358301 -0.933606 0.933606 -0.358301     22.489159 22.489159 3.713432
197.266098 201.687439     28.937500 4.406250 37.500000     -0.175988 -0.984392 0.984392 -0.175988     33.883776 33.883776 0.374095
197.266098 201.687439     10.546875 3.349976 43.964203     -0.175988 -0.984392 0.984392 -0.175988     33.883776 33.883776 3.631146
188.633545 322.983215     73.656250 2.375000 108.875000     -0.005857 -0.999983 0.999983 -0.005857     22.367224 22.367224 1.705121
314.039154 277.929352     19.332031 5.591553 81.861542     -0.983539 0.180696 -0.180696 -0.983539     54.699326 54.699326 1.591375
314.039154 277.929352     62.531250 12.187500 55.007812     -0.983539 0.180696 -0.180696 -0.983539     54.699326 54.699326 4.177390
112.775513 212.702042     146.085938 -15.935791 37.498077     -0.703483 -0.710712 0.710712 -0.703483     9.685137 9.685137 4.863351
112.177216 212.629745     68.398438 6.087402 29.580597     -0.721369 -0.692551 0.692551 -0.721369     11.398506 11.398506 4.642661
188.993317 324.434296     13.343750 0.083496 39.885437     -0.038653 -0.999253 0.999253 -0.038653     23.856242 23.856242 1.711256
111.794670 212.679993     107.625000 -18.859375 263.332031     -0.730318 -0.683107 0.683107 -0.730318     12.498608 12.498608 4.611750
196.959961 202.094971     51.750000 2.179688 89.328125     -0.072746 -0.997350 0.997350 -0.072746     36.789477 36.789477 0.226340
196.959961 202.094971     15400.621094 -2496.000000 10901.703125     -0.072746 -0.997350 0.997350 -0.072746     36.789477 36.789477 3.485380
313.389740 278.243500     22.906250 -9.609375 48.531250     -0.985871 0.167507 -0.167507 -0.985871     57.836686 57.836686 1.604158
313.389740 278.243500     150.343750 19.109375 314.714844     -0.985871 0.167507 -0.167507 -0.985871     57.836686 57.836686 4.182227
111.920097 212.891037     378.050781 -55.865967 62.371277     -0.732151 -0.681142 0.681142 -0.732151     13.054139 13.054139 4.605749
333.820709 204.468124     155.250000 35.000000 502.375000     0.108284 -0.994120 0.994120 0.108284     31.443666 31.443666 2.974612
333.820709 204.468124     141.468750 53.532715 84.896591     0.108284 -0.994120 0.994120 0.108284     31.443666 31.443666 6.000448
263.265533 211.486969     308.765625 -104.557373 95.855911     0.070407 -0.997518 0.997518 0.070407     31.774161 31.774161 3.175811
263.265533 211.486969     42.812500 -15.812500 92.468750     0.070407 -0.997518 0.997518 0.070407     31.774161 31.774161 6.181804
111.608696 212.745651     127.812500 71.716797 42.439697     -0.736472 -0.676468 0.676468 -0.736472     13.948992 13.948992 4.591433
189.345688 324.699402     48.625000 4.492188 120.916016     -0.046425 -0.998922 0.998922 -0.046425     25.045493 25.045493 1.710960
112.049904 213.341965     1958.457031 -23.869385 88.501633     -0.738129 -0.674660 0.674660 -0.738129     15.091742 15.091742 4.585831
398.353668 184.743896     171.093750 73.828125 175.274719     -0.230952 -0.972965 0.972965 -0.230952     23.090433 23.090433 3.264253
398.353668 184.743896     286.906250 81.765625 576.519531     -0.230952 -0.972965 0.972965 -0.230952     23.090433 23.090433 5.762038
147.707443 291.093079     313.093750 -249.687500 1826.796875     -0.321694 -0.946844 0.946844 -0.321694     12.958469 12.958469 1.056003
302.746979 277.574341     155.500000 89.318359 57.085693     -0.992887 0.119064 -0.119064 -0.992887     60.703378 60.703378 1.582221
302.746979 277.574341     160.343750 14.539062 241.036133     -0.992887 0.119064 -0.119064 -0.992887     60.703378 60.703378 4.128816
119.011108 221.561111     249.312500 124.983398 286.539124     -0.663447 -0.748223 0.748223 -0.663447     16.747212 16.747212 4.655694
146.797897 290.829468     333.750000 32.734375 717.660156     -0.323533 -0.946217 0.946217 -0.323533     14.881157 14.881157 1.042023
146.797897 290.829468     702.343750 -509.250000 1927.671875     -0.323533 -0.946217 0.946217 -0.323533     14.881157 14.881157 5.096752
398.522583 184.750000     25.531250 -1.359375 17.757812     -0.252402 -0.967622 0.967622 -0.252402     23.130657 23.130657 3.322162
398.522583 184.750000     192.406250 145.199219 134.833008     -0.252402 -0.967622 0.967622 -0.252402     23.130657 23.130657 5.786388
450.443359 297.463043     57.312500 20.156250 33.445312     -0.765818 0.643057 -0.643057 -0.765818     12.526959 12.526959 1.750631
146.155670 291.089691     704.281250 -577.718750 7750.937500     -0.316924 -0.948451 0.948451 -0.316924     16.576074 16.576074 0.996628
146.155670 291.089691     12.211884 39.901855 155.708008     -0.316924 -0.948451 0.948451 -0.316924     16.576074 16.576074 5.107740
197.035660 202.620239     446.750000 -35.835938 1913.762207     -0.020302 -0.999794 0.999794 -0.020302     38.225443 38.225443 0.169284
197.035660 202.620239     64.781250 8.515625 10.593750     -0.020302 -0.999794 0.999794 -0.020302     38.225443 38.225443 3.431541
293.187958 273.308746     1378.562500 -775.171875 7675.968750     -0.999393 0.034823 -0.034823 -0.999393     75.920530 75.920530 1.585526
333.685577 205.331268     71.312500 15.468750 41.414062     0.083945 -0.996470 0.996470 0.083945     33.562667 33.562667 3.030207
333.685577 205.331268     718.656250 31.386719 2029.914062     0.083945 -0.996470 0.996470 0.083945     33.562667 33.562667 6.045589
154.995117 345.000000     67.795090 249.597900 925.500000     -0.984104 0.177595 -0.177595 -0.984104     13.825375 13.825375 1.390254
291.044739 272.095886     46.187500 3.671875 24.854492     -0.999175 0.040613 -0.040613 -0.999175     78.851318 78.851318 1.584833
123.608788 227.168533     34.106934 -5.762207 14.410156     -0.635152 -0.772387 0.772387 -0.635152     19.809862 19.809862 4.627331
398.625183 184.792587     70.283447 258.090088 958.931641     -0.267418 -0.963581 0.963581 -0.267418     23.418467 23.418467 3.351522
398.625183 184.792587     59.724365 -39.568848 74.230469     -0.267418 -0.963581 0.963581 -0.267418     23.418467 23.418467 5.811169
149.906860 183.637253     72.090973 261.381958 966.946289     0.157196 -0.987567 0.987567 0.157196     7.240874 7.240874 4.735689
149.906860 183.637253     38.531250 -5.781250 34.593750     0.157196 -0.987567 0.987567 0.157196     7.240874 7.240874 6.345451
144.475983 292.672485     92.437500 11.703125 39.796875     -0.300835 -0.953676 0.953676 -0.300835     22.217511 22.217511 5.130706
154.611816 345.278473     26.292969 -19.084961 47.864258     -0.982022 0.188765 -0.188765 -0.982022     14.583166 14.583166 1.399566
285.865326 261.801483     68.251953 -30.220703 43.419922     -0.994147 -0.108040 0.108040 -0.994147     122.960016 122.960016 1.480959
285.865326 261.801483     26.644531 -7.226562 24.859375     -0.994147 -0.108040 0.108040 -0.994147     122.960016 122.960016 4.688866
160.766312 229.538696     213.125000 19.296875 1016.706787     -0.998399 -0.056570 0.056570 -0.998399     27.282643 27.282643 0.487093
160.766312 229.538696     1480.062500 -537.687500 795.171875     -0.998399 -0.056570 0.056570 -0.998399     27.282643 27.282643 4.762486
451.433685 297.784943     86.375000 -33.351562 30.641602     -0.728164 0.685403 -0.685403 -0.728164     19.940379 19.940379 1.908400
125.824783 229.858124     27.763672 -10.394531 23.804688     -0.626238 -0.779632 0.779632 -0.626238     21.220262 21.220262 4.611757
189.615936 324.453094     312.500000 78.996094 1165.656738     -0.033685 -0.999432 0.999432 -0.033685     26.429121 26.429121 1.695109
149.609436 183.703857     1626.125000 -582.781250 953.640625     0.161789 -0.986825 0.986825 0.161789     8.105004 8.105004 4.734026
149.609436 183.703857     17.562500 4.515625 32.328125     0.161789 -0.986825 0.986825 0.161789     8.105004 8.105004 6.308770
140.660812 299.772339     466.562500 -34.070312 1327.834961     -0.334052 -0.942555 0.942555 -0.334052     40.071392 40.071392 1.742162
258.154449 249.937347     33.281250 -4.062500 30.671875     -0.960546 -0.278123 0.278123 -0.960546     118.564380 118.564380 1.387337
258.154449 249.937347     125.562500 3.687500 6.546875     -0.960546 -0.278123 0.278123 -0.960546     118.564380 118.564380 4.565202
60.460869 295.710876     14.437500 -3.000000 35.693359     -0.425506 -0.904956 0.904956 -0.425506     18.889672 18.889672 2.088401
60.460869 295.710876     25.718750 -6.578125 22.828125     -0.425506 -0.904956 0.904956 -0.425506     18.889672 18.889672 5.093379
450.652283 303.522797     2034.718750 -669.515625 1350.500000     0.341503 -0.939881 0.939881 0.341503     23.552986 23.552986 5.354741
398.604828 184.951614     25.593750 -1.750000 21.562500     -0.268471 -0.963288 0.963288 -0.268471     24.137411 24.137411 3.357667
149.038330 184.097565     20.187500 -4.359375 28.921875     0.170162 -0.985416 0.985416 0.170162     9.951123 9.951123 6.265189
292.322449 141.293884     69.281250 -18.843750 24.453125     -0.942805 0.333346 -0.333346 -0.942805     19.357493 19.357493 4.980028
223.731064 261.048401     31.656250 -11.000000 47.568359     -0.988228 0.152989 -0.152989 -0.988228     173.249045 173.249045 1.629253
64.558685 301.833344     652.500000 58.875000 1810.601074     -0.583249 -0.812294 0.812294 -0.583249     21.729077 21.729077 1.517334
64.558685 301.833344     9.750000 1.390625 50.488281     -0.583249 -0.812294 0.812294 -0.583249     21.729077 21.729077 5.181657
111.769997 150.949997     897.937500 207.636719 2237.013184     0.333295 -0.942823 0.942823 0.333295     7.384469 7.384469 4.749954
311.162506 398.443756     51.375000 12.703125 22.429688     -0.963759 -0.266775 0.266775 -0.963759     18.795746 18.795746 0.235958
311.162506 398.443756     93.421875 11.843750 6.335938     -0.963759 -0.266775 0.266775 -0.963759     18.795746 18.795746 5.885784
450.515289 304.708771     8.937500 -24.531250 206.683594     0.303309 -0.952892 0.952892 0.303309     23.658721 23.658721 5.376305
283.707367 147.576843     42.656250 -12.046875 13.181641     -0.838396 0.545061 -0.545061 -0.838396     20.344367 20.344367 1.389614
111.787331 150.669678     75.281250 -35.398438 69.244141     0.327191 -0.944958 0.944958 0.327191     8.040564 8.040564 4.745092
345.628540 352.072021     37.531250 -7.000977 14.988220     -0.662859 -0.748744 0.748744 -0.662859     21.307667 21.307667 1.820950
383.623596 246.109558     57.109375 -1.451660 14.101990     -0.977451 -0.211161 0.211161 -0.977451     29.282596 29.282596 3.147007
383.623596 246.109558     329.399414 293.902832 266.224731     -0.977451 -0.211161 0.211161 -0.977451     29.282596 29.282596 4.682115
220.527145 261.350281     222.293945 204.566650 189.794647     -0.989167 0.146795 -0.146795 -0.989167     178.371127 178.371127 1.683101
283.738129 147.760910     373.934570 318.754395 282.498352     -0.841487 0.540277 -0.540277 -0.841487     20.811263 20.811263 1.392097
299.363800 389.138123     388.957031 323.789307 284.961975     -0.814909 -0.579588 0.579588 -0.814909     46.255507 46.255507 1.574698
299.363800 389.138123     35.692551 -17.423607 97.929764     -0.814909 -0.579588 0.579588 -0.814909     46.255507 46.255507 2.223733
68.284027 254.907303     404.427246 325.941406 294.217285     -0.717412 -0.696649 0.696649 -0.717412     24.494652 24.494652 3.747824
62.522858 300.148743     466.198730 96.587158 1617.646484     -0.529744 -0.848158 0.848158 -0.529744     32.929419 32.929419 2.005185
62.522858 300.148743     79.093750 6.168945 7.134277     -0.529744 -0.848158 0.848158 -0.529744     32.929419 32.929419 4.448542
225.699829 261.247833     699.812500 -152.890625 47.578125     -0.992402 0.123038 -0.123038 -0.992402     177.472039 177.472039 1.542989
283.774841 148.132446     68.093750 3.921875 15.390625     -0.847815 0.530293 -0.530293 -0.847815     21.794245 21.794245 1.386960
111.607841 150.796082     24577.828125 -3195.039062 6932.609375     0.318159 -0.948037 0.948037 0.318159     9.076399 9.076399 4.735323
364.901672 410.575836     75.750000 1.462891 7.984375     -0.999756 0.022072 -0.022072 -0.999756     19.245885 19.245885 4.126159
436.625000 150.725800     188.736328 -44.199219 25.531250     -0.514088 -0.857737 0.857737 -0.514088     9.750762 9.750762 3.296965
436.625000 150.725800     320.218750 -61.968750 657.390625     -0.514088 -0.857737 0.857737 -0.514088     9.750762 9.750762 4.522379
301.695374 390.163849     158.343750 -33.921875 12.015625     -0.837764 -0.546032 0.546032 -0.837764     57.144548 57.144548 1.579120
301.695374 390.163849     127.375000 47.796875 69.828125     -0.837764 -0.546032 0.546032 -0.837764     57.144548 57.144548 2.229258
334.959656 345.734772     189.906250 -36.828125 19.781250     -0.897032 -0.441965 0.441965 -0.897032     52.586917 52.586917 1.539408
450.314026 306.082458     149.218750 -17.968750 10.281250     0.275223 -0.961381 0.961381 0.275223     23.531046 23.531046 0.912015
450.314026 306.082458     904.718750 -207.031250 69.421875     0.275223 -0.961381 0.961381 0.275223     23.531046 23.531046 4.107615
283.907471 148.100006     341.156250 -80.023438 44.703125     -0.851198 0.524844 -0.524844 -0.851198     23.108160 23.108160 1.394713
111.642365 150.604172     136.531250 -35.656250 32.796875     0.307923 -0.951411 0.951411 0.307923     9.883518 9.883518 4.737220
215.590179 264.557831     139.578125 -12.921875 6.781250     -0.995412 0.095678 -0.095678 -0.995412     182.709179 182.709179 1.518797
284.587738 148.576691     317.437500 -79.859375 26.359375     -0.862328 0.506350 -0.506350 -0.862328     25.694332 25.694332 1.363460
398.730774 185.712738     311.531250 -40.625000 15.312500     -0.265547 -0.964098 0.964098 -0.265547     25.895549 25.895549 3.344121
284.702271 149.180145     157.375000 15.406250 19.441406     -0.872008 0.489491 -0.489491 -0.872008     27.296218 27.296218 1.356803
284.702271 149.180145     282.789062 -26.390625 8.734375     -0.872008 0.489491 -0.489491 -0.872008     27.296218 27.296218 4.998177
111.379204 151.000000     30304.195312 -392.773438 8556.164062     0.296192 -0.955129 0.955129 0.296192     11.024199 11.024199 3.332373
111.379204 151.000000     87.484375 25.083984 21.439941     0.296192 -0.955129 0.955129 0.296192     11.024199 11.024199 4.728787
450.024323 307.079041     84.410156 5.838867 10.086914     0.257068 -0.966393 0.966393 0.257068     23.961564 23.961564 0.931642
450.024323 307.079041     164.232422 7.617188 19.156250     0.257068 -0.966393 0.966393 0.257068     23.961564 23.961564 4.138996
285.160217 149.906693     272.781250 -7.953125 31.832031     -0.875459 0.483293 -0.483293 -0.875459     30.162347 30.162347 1.300418
285.160217 149.906693     167.634766 7.625000 20.531250     -0.875459 0.483293 -0.483293 -0.875459     30.162347 30.162347 5.017685
436.819153 150.893616     474.234375 -99.281250 37.687500     -0.518847 -0.854867 0.854867 -0.518847     10.670749 10.670749 3.284586
436.819153 150.893616     86.171875 6.282227 11.767578     -0.518847 -0.854867 0.854867 -0.518847     10.670749 10.670749 4.513258
285.871613 151.578079     532.312500 63.101562 63.210938     -0.894025 0.448017 -0.448017 -0.894025     36.257423 36.257423 1.195427
285.871613 151.578079     42.906250 18.859375 17.883789     -0.894025 0.448017 -0.448017 -0.894025     36.257423 36.257423 1.595492
437.671783 152.904907     32250.292969 -839.543457 84.783112     -0.473793 -0.880636 0.880636 -0.473793     11.993017 11.993017 3.050565
437.671783 152.904907     493.687500 -97.859375 39.218750     -0.473793 -0.880636 0.880636 -0.473793     11.993017 11.993017 5.922357
449.933594 307.578583     107.242188 28.919922 28.998047     0.242231 -0.970219 0.970219 0.242231     24.688816 24.688816 0.949333
449.933594 307.578583     134.500000 -18.421875 10.671875     0.242231 -0.970219 0.970219 0.242231     24.688816 24.688816 4.151008
286.194550 152.964859     32480.218750 128.398438 9228.187500     -0.900005 0.435880 -0.435880 -0.900005     40.026241 40.026241 1.168509
286.194550 152.964859     88.042969 6.092773 15.622070     -0.900005 0.435880 -0.435880 -0.900005     40.026241 40.026241 5.042168
287.399170 155.199051     183.109375 -25.468750 45.031250     -0.923312 0.384051 -0.384051 -0.923312     48.979111 48.979111 5.034747
438.066681 153.841660     41.218750 -4.820312 7.029297     -0.454745 -0.890622 0.890622 -0.454745     12.997086 12.997086 2.963637
438.066681 153.841660     55.906250 25.964844 23.262695     -0.454745 -0.890622 0.890622 -0.454745     12.997086 12.997086 5.851333
472.450989 208.857849     508.781250 -81.437500 42.000000     0.003359 -0.999994 0.999994 0.003359     8.510702 8.510702 1.304495
472.450989 208.857849     33.062500 13.171875 17.796875     0.003359 -0.999994 0.999994 0.003359     8.510702 8.510702 4.883101
449.313538 306.859863     76.593750 -17.632812 21.359375     0.191690 -0.981455 0.981455 0.191690     27.917032 27.917032 0.956854
449.313538 306.859863     86.937500 7.283203 23.501465     0.191690 -0.981455 0.981455 0.191690     27.917032 27.917032 4.124162
441.439819 198.467590     267.945312 23.820312 29.895020     -0.552829 -0.833295 0.833295 -0.552829     14.399327 14.399327 4.644513
472.611328 208.676117     225.208618 -63.486816 31.167969     -0.003443 -0.999994 0.999994 -0.003443     9.822115 9.822115 1.271353
472.611328 208.676117     49.781250 -4.812500 8.733887     -0.003443 -0.999994 0.999994 -0.003443     9.822115 9.822115 4.944801
285.704895 158.220901     44.796875 10.062500 28.500000     -0.896191 0.443669 -0.443669 -0.896191     53.097295 53.097295 1.819461
285.704895 158.220901     116.788818 -17.671875 10.070312     -0.896191 0.443669 -0.443669 -0.896191     53.097295 53.097295 5.098439
441.084137 198.922333     34822.027344 -1485.236084 243.830872     -0.852091 -0.523393 0.523393 -0.852091     21.952809 21.952809 4.990333
472.698364 208.072128     88.355255 -10.722900 6.367188     -0.018400 -0.999831 0.999831 -0.018400     11.455951 11.455951 1.251719
472.698364 208.072128     863.375000 46.445312 65.354492     -0.018400 -0.999831 0.999831 -0.018400     11.455951 11.455951 4.992075
472.868073 207.461746     900.652344 -31.197266 68.427246     -0.032600 -0.999468 0.999468 -0.032600     13.397483 13.397483 1.206517
472.868073 207.461746     50.812500 -4.572266 8.685059     -0.032600 -0.999468 0.999468 -0.032600     13.397483 13.397483 5.068205
284.214661 161.175186     37724.511719 -1932.297363 463.763672     -0.945478 0.325687 -0.325687 -0.945478     59.532349 59.532349 1.767877
284.214661 161.175186     482.789062 -86.992188 258.234375     -0.945478 0.325687 -0.325687 -0.945478     59.532349 59.532349 4.997298
473.345001 207.510483     208.468750 6.984375 18.891602     -0.035528 -0.999369 0.999369 -0.035528     15.110147 15.110147 1.154704
473.345001 207.510483     135.687195 -11.672852 6.433594     -0.035528 -0.999369 0.999369 -0.035528     15.110147 15.110147 5.122769
471.921509 202.310287     304.743408 -90.848633 42.675781     -0.176558 -0.984290 0.984290 -0.176558     17.604904 17.604904 1.259926
471.840912 201.438309     1243.921875 144.785156 84.061523     -0.200303 -0.979734 0.979734 -0.200303     18.503068 18.503068 1.267271
471.572845 200.761429     57.462311 -20.642578 29.480469     -0.208684 -0.977983 0.977983 -0.208684     19.240404 19.240404 1.268946
238.904755 105.593834     192.477417 -55.494873 21.941406     -0.999177 0.040559 -0.040559 -0.999177     20.630674 20.630674 2.164173
471.116058 200.083954     93.515625 45.199219 34.367188     -0.220995 -0.975275 0.975275 -0.220995     20.415594 20.415594 1.244300
346.562439 124.131493     38948.761719 -2295.633789 606.048401     -0.828490 -0.560004 0.560004 -0.828490     28.182910 28.182910 5.484418
402.357147 125.368423     56.921875 7.785156 7.545898     -0.425245 -0.905078 0.905078 -0.425245     14.701086 14.701086 1.624257
470.833160 199.616241     129.058502 -45.168213 29.564453     -0.222010 -0.975044 0.975044 -0.222010     21.224222 21.224222 1.245669
318.117401 91.313042     286.518677 -129.081055 110.695312     -0.948956 -0.315407 0.315407 -0.948956     14.168188 14.168188 3.067021
318.117401 91.313042     368.656250 -72.214844 111.005371     -0.948956 -0.315407 0.315407 -0.948956     14.168188 14.168188 4.662055
140.502441 109.404877     67.976562 -4.949219 8.606934     -0.838317 0.545184 -0.545184 -0.838317     11.534824 11.534824 5.329521
223.193039 74.629745     765.156250 -12.070312 27.648804     -0.952088 -0.305823 0.305823 -0.952088     19.366239 19.366239 5.884353
401.726288 124.782326     96.674805 -28.435547 18.531250     -0.408639 -0.912696 0.912696 -0.408639     18.654347 18.654347 1.628968
268.523987 77.424355     98.126953 -56.413086 87.566406     -0.976369 -0.216111 0.216111 -0.976369     19.671691 19.671691 6.272135
246.500000 76.144531     152.093750 -17.140625 17.062500     -0.945918 -0.324406 0.324406 -0.945918     19.381429 19.381429 5.974959
175.417847 76.356804     185.587891 -25.324463 7.018066     -0.951874 0.306489 -0.306489 -0.951874     15.987145 15.987145 6.380435
86.399635 401.692444     53.078125 -23.375000 31.203125     -0.853316 0.521395 -0.521395 -0.853316     30.863465 30.863465 3.926690
174.981079 77.157730     348.789062 -76.710938 38.390625     -0.935119 0.354334 -0.354334 -0.935119     19.309203 19.309203 0.189827
425.129974 365.028870     550.093750 -28.560547 688.668457     0.496290 -0.868157 0.868157 0.496290     18.489322 18.489322 3.851725
426.303619 365.665741     1398.765625 -433.437500 159.062500     0.518847 -0.854867 0.854867 0.518847     21.491791 21.491791 3.764322
35.892857 377.013000     80.468750 -4.681641 4.473633     -0.998470 -0.055291 0.055291 -0.998470     19.370263 19.370263 1.576582
35.892857 377.013000     906.865967 -711.859375 4882.347656     -0.998470 -0.055291 0.055291 -0.998470     19.370263 19.370263 3.982138
47.662601 413.581299     185.632812 209.582031 460.449219     -0.997423 -0.071748 0.071748 -0.997423     17.628746 17.628746 1.516527
47.662601 413.581299     592.968750 85.246094 260.488281     -0.997423 -0.071748 0.071748 -0.997423     17.628746 17.628746 3.927684
173.856308 15.395894     110.054688 -9.078125 10.968750     -0.111290 -0.993788 0.993788 -0.111290     15.215349 15.215349 1.454763
368.756226 59.781094     147.031250 -58.922363 130.919861     -0.869329 -0.494234 0.494234 -0.869329     5.809986 5.809986 5.018585
368.173035 59.894428     123.937500 -66.655273 90.993652     -0.860969 -0.508657 0.508657 -0.860969     9.349614 9.349614 5.168524
575.813843 298.606049     100.843750 5.634766 14.716480     -0.985883 0.167433 -0.167433 -0.985883     18.839340 18.839340 3.143496
575.813843 298.606049     46.210938 -0.378906 32.901611     -0.985883 0.167433 -0.167433 -0.985883     18.839340 18.839340 3.928995
372.331390 65.500732     130.046875 -3.669922 22.424072     -0.772810 -0.634637 0.634637 -0.772810     17.770358 17.770358 5.226690
543.664917 254.428192     292.156250 -119.632812 79.312500     -0.868752 -0.495248 0.495248 -0.868752     21.085215 21.085215 2.264351
543.664917 254.428192     172.937500 -0.183594 25.946533     -0.868752 -0.495248 0.495248 -0.868752     21.085215 21.085215 5.210807
527.551453 385.806580     372.568359 -65.924194 17.812912     -0.988430 -0.151675 0.151675 -0.988430     13.713577 13.713577 1.591752
527.551453 385.806580     200.731628 -29.690186 11.304688     -0.988430 -0.151675 0.151675 -0.988430     13.713577 13.713577 4.712878
533.201477 360.189331     256.023438 -43.063477 12.460022     -0.920578 -0.390558 0.390558 -0.920578     26.565780 26.565780 3.130493
533.201477 360.189331     319.523438 -50.910156 14.649170     -0.920578 -0.390558 0.390558 -0.920578     26.565780 26.565780 4.720043
14.174468 88.523407     245.342346 -42.997559 64.333984     -0.260504 -0.965473 0.965473 -0.260504     3.013494 3.013494 1.494414
538.276367 118.519997     247.101562 -9.951172 4.548950     -0.986292 -0.165011 0.165011 -0.986292     22.155440 22.155440 3.514780
538.276367 118.519997     91.292969 -22.833984 12.808594     -0.986292 -0.165011 0.165011 -0.986292     22.155440 22.155440 3.927907
50.111111 145.119339     85.414062 -15.648438 9.726562     -0.965173 0.261613 -0.261613 -0.965173     16.130034 16.130034 1.566308
50.111111 145.119339     5878.280273 113.932373 111.570953     -0.965173 0.261613 -0.261613 -0.965173     16.130034 16.130034 2.343078
14.146031 87.949203     519.119141 -70.068848 15.884521     -0.260088 -0.965585 0.965585 -0.260088     3.935301 3.935301 1.467126
48.189655 145.400391     93.382812 -10.634766 8.119141     0.640196 -0.768212 0.768212 0.640196     23.273881 23.273881 4.011257
48.189655 145.400391     67.253906 -31.929688 32.080566     0.640196 -0.768212 0.768212 0.640196     23.273881 23.273881 4.289451
14.704878 89.285362     249.796875 -9.144531 5.897095     -0.261288 -0.965261 0.965261 -0.261288     5.203603 5.203603 1.429229
