1.0
924
247.080399 159.474503     61.523438 -10.746094 41.794922     -0.915487 0.402347 -0.402347 -0.915487     27.399098 27.399098 4.510282
215.792435 160.634338     241.421875 -132.953125 109.107422     -0.850145 0.526549 -0.526549 -0.850145     23.278997 23.278997 3.109407
215.792435 160.634338     297.691406 -0.933594 57.308594     -0.850145 0.526549 -0.526549 -0.850145     23.278997 23.278997 4.685287
194.615112 218.125641     1634.585938 -266.781250 113.441406     -0.999992 0.003884 -0.003884 -0.999992     34.065020 34.065020 1.443524
194.615112 218.125641     416.421875 -109.707031 95.001953     -0.999992 0.003884 -0.003884 -0.999992     34.065020 34.065020 5.497706
253.550369 188.134247     354.648438 -127.101562 148.222656     -0.985808 0.167879 -0.167879 -0.985808     37.110597 37.110597 4.686571
225.771378 160.699814     1706.976562 -611.332031 285.117188     -0.955487 0.295033 -0.295033 -0.955487     35.182665 35.182665 2.495552
225.771378 160.699814     2977.156250 -835.335938 363.414062     -0.955487 0.295033 -0.295033 -0.955487     35.182665 35.182665 4.549621
125.669724 226.872940     199.390625 -70.105469 109.498047     -0.902879 0.429894 -0.429894 -0.902879     42.142915 42.142915 1.657025
248.337448 229.714050     2424.824219 -877.679688 433.339844     -0.937609 0.347692 -0.347692 -0.937609     34.394256 34.394256 1.533301
248.337448 229.714050     4976.562500 -1414.773438 726.035156     -0.937609 0.347692 -0.347692 -0.937609     34.394256 34.394256 4.770521
249.638107 193.806244     191.453125 -27.000000 16.177734     -0.959839 0.280551 -0.280551 -0.959839     49.141530 49.141530 1.592561
249.638107 193.806244     333.578125 -72.531250 123.302734     -0.959839 0.280551 -0.280551 -0.959839     49.141530 49.141530 4.690226
439.220184 133.154800     305.359375 -113.109375 172.265625     -0.877418 0.479727 -0.479727 -0.877418     37.962512 37.962512 3.693155
229.289169 240.280533     4247.656250 -1134.664062 1081.531250     -0.935463 0.353426 -0.353426 -0.935463     45.390881 45.390881 1.521568
216.022842 195.842545     177.533203 -70.544922 132.898438     -0.957190 0.289461 -0.289461 -0.957190     77.707701 77.707701 1.585241
439.500977 165.166992     71.015625 1.968750 19.609375     -0.988856 0.148874 -0.148874 -0.988856     15.661575 15.661575 1.570961
446.769928 132.663635     139.843750 -11.335938 158.488281     -0.954759 0.297380 -0.297380 -0.954759     45.159771 45.159771 3.322211
315.722778 231.607727     4750.277344 -829.914062 1025.417969     -0.868069 0.496443 -0.496443 -0.868069     46.674145 46.674145 0.315533
315.722778 231.607727     538.171875 -103.590820 20.463867     -0.868069 0.496443 -0.496443 -0.868069     46.674145 46.674145 4.874728
219.207489 211.078110     390.984375 -77.343750 281.625000     -0.952046 0.305954 -0.305954 -0.952046     120.486618 120.486618 1.567708
92.125504 269.041168     194.899414 -61.642578 221.179688     -0.806729 0.590922 -0.590922 -0.806729     40.556194 40.556194 1.697202
364.384247 219.699280     146.515625 -23.921875 272.308594     -0.999270 -0.038214 0.038214 -0.999270     19.888822 19.888822 5.706782
368.958099 190.600845     1730.105469 -553.820312 246.578125     0.427100 -0.904204 0.904204 0.427100     52.186271 52.186271 2.550472
229.849884 213.196655     107.828125 -96.351562 277.531250     -0.978115 0.208067 -0.208067 -0.978115     131.109715 131.109715 1.535290
138.694580 103.935959     62.320312 -6.949219 11.995117     -0.981941 0.189188 -0.189188 -0.981941     3.198780 3.198780 1.568041
138.694580 103.935959     1276.573242 -243.029297 46.949219     -0.981941 0.189188 -0.189188 -0.981941     3.198780 3.198780 4.008119
450.127228 142.140152     405.535156 -48.437500 116.398438     -0.888053 0.459741 -0.459741 -0.888053     69.943442 69.943442 0.344130
450.127228 142.140152     218.281250 -159.675781 326.015625     -0.888053 0.459741 -0.459741 -0.888053     69.943442 69.943442 3.536828
93.516083 273.028595     330.468750 -187.398438 332.761719     0.629094 -0.777330 0.777330 0.629094     54.189420 54.189420 5.114074
367.487427 197.408493     6230.332031 -1331.761719 2034.324219     0.180722 -0.983534 0.983534 0.180722     53.646348 53.646348 4.342471
254.982025 278.657043     1282.497070 -243.613281 47.088867     -0.949025 0.315202 -0.315202 -0.949025     35.614453 35.614453 4.739526
254.982025 278.657043     445.656250 -131.523438 296.566406     -0.949025 0.315202 -0.315202 -0.949025     35.614453 35.614453 6.005087
511.598053 124.957222     199.468750 -52.771484 24.660156     0.411764 -0.911291 0.911291 0.411764     36.082017 36.082017 1.174198
511.598053 124.957222     306.664062 -59.789062 41.196777     0.411764 -0.911291 0.911291 0.411764     36.082017 36.082017 4.332104
189.287674 126.630135     1330.515625 -250.675781 48.166016     -0.990938 0.134321 -0.134321 -0.990938     14.960830 14.960830 5.231956
118.599998 107.784851     6376.804688 -958.386719 2250.500000     -0.982339 0.187111 -0.187111 -0.982339     3.651181 3.651181 1.579034
156.739487 291.339325     202.285156 -39.457031 22.842773     -0.986964 0.160944 -0.160944 -0.986964     46.873445 46.873445 1.335514
516.626892 122.999290     1511.169922 -268.331055 49.480469     0.583243 -0.812297 0.812297 0.583243     45.809755 45.809755 1.039940
516.626892 122.999290     304.562500 -32.818359 46.056641     0.583243 -0.812297 0.812297 0.583243     45.809755 45.809755 4.137863
521.666260 122.182991     290.566406 -16.285156 20.708496     0.704941 -0.709266 0.709266 0.704941     54.039977 54.039977 0.876580
521.666260 122.182991     265.062500 -19.046875 32.596680     0.704941 -0.709266 0.709266 0.704941     54.039977 54.039977 3.954976
227.119858 228.694656     6507.492188 -491.101562 2637.484375     -0.960278 0.279045 -0.279045 -0.960278     182.642977 182.642977 1.554311
118.905403 107.764862     15.303711 -2.833984 28.863281     -0.982412 0.186726 -0.186726 -0.982412     3.988529 3.988529 1.577548
529.973999 123.402016     59.818848 -19.972656 32.191406     -0.864028 0.503444 -0.503444 -0.864028     66.735385 66.735385 0.446158
529.973999 123.402016     7255.906250 97.839844 2881.789062     -0.864028 0.503444 -0.503444 -0.864028     66.735385 66.735385 3.640448
305.819855 62.904411     259.906250 -20.043945 33.859375     -0.963345 0.268264 -0.268264 -0.963345     14.205177 14.205177 4.647437
301.723877 60.529850     390.781250 -79.710938 288.416016     -0.977694 0.210036 -0.210036 -0.977694     23.961149 23.961149 1.444616
301.723877 60.529850     9420.664062 492.585938 3065.113281     -0.977694 0.210036 -0.210036 -0.977694     23.961149 23.961149 4.594503
120.211166 107.543686     451.656250 -132.324219 304.716797     -0.982688 0.185269 -0.185269 -0.982688     4.281606 4.281606 1.578399
219.681534 225.635086     300.578125 -30.595703 47.216309     -0.976454 0.215724 -0.215724 -0.976454     203.187191 203.187191 1.536893
241.784088 71.696022     436.166016 -92.099609 29.112305     -0.978619 0.205680 -0.205680 -0.978619     17.164971 17.164971 0.230184
241.784088 71.696022     393.468750 -100.687500 329.441406     -0.978619 0.205680 -0.205680 -0.978619     17.164971 17.164971 1.463852
125.596313 106.811478     501.191406 -111.465820 42.654297     -0.984563 0.175030 -0.175030 -0.984563     6.000555 6.000555 1.573906
298.041840 58.494118     12779.863281 -640.687500 3578.019531     -0.992281 0.124007 -0.124007 -0.992281     29.147806 29.147806 2.934199
235.146698 70.997932     481.712891 -107.585938 49.948242     -0.998197 0.060021 -0.060021 -0.998197     19.987948 19.987948 1.404281
235.146698 70.997932     493.363281 -108.557617 56.820312     -0.998197 0.060021 -0.060021 -0.998197     19.987948 19.987948 2.692883
234.917068 69.180489     451.476562 -98.042969 58.003906     -0.996704 0.081123 -0.081123 -0.996704     25.073695 25.073695 2.832510
67.019608 170.083328     13711.128906 -1264.429688 4002.941406     0.196675 -0.980469 0.980469 0.196675     17.273925 17.273925 1.217102
67.019608 170.083328     519.468750 -110.214844 24.131592     0.196675 -0.980469 0.980469 0.196675     17.273925 17.273925 5.942801
73.727493 167.880783     17054.718750 -2477.953125 4374.453125     -0.885673 0.464309 -0.464309 -0.885673     20.972537 20.972537 1.938060
234.805557 69.103798     21823.625000 -4276.613281 5423.398438     -0.996152 0.087647 -0.087647 -0.996152     25.493922 25.493922 2.863685
450.249359 142.145340     604.531250 -139.156250 33.244751     -0.877584 0.479422 -0.479422 -0.877584     70.417467 70.417467 0.377501
450.249359 142.145340     299.000000 -29.546875 49.240723     -0.877584 0.479422 -0.479422 -0.877584     70.417467 70.417467 3.571830
530.210938 123.616524     222.414062 -57.265625 55.187500     -0.861807 0.507237 -0.507237 -0.861807     67.774584 67.774584 0.454387
530.210938 123.616524     361.847656 -112.679688 71.734375     -0.861807 0.507237 -0.507237 -0.861807     67.774584 67.774584 3.640567
297.805450 58.562279     104.195312 7.765625 20.671875     -0.992988 0.118213 -0.118213 -0.992988     29.704761 29.704761 2.919432
163.466339 93.442307     59.978516 -21.953125 25.015625     -0.977512 0.210878 -0.210878 -0.977512     13.681575 13.681575 3.423540
163.466339 93.442307     53.714844 -8.078125 21.015625     -0.977512 0.210878 -0.210878 -0.977512     13.681575 13.681575 4.376602
449.236481 143.790512     33.421875 -18.070312 38.218750     -0.807157 0.590337 -0.590337 -0.807157     71.971968 71.971968 0.537925
449.236481 143.790512     248.445312 -52.234375 36.421875     -0.807157 0.590337 -0.590337 -0.807157     71.971968 71.971968 3.754164
160.924240 92.454544     133.109375 -4.976562 24.625000     -0.974511 0.224340 -0.224340 -0.974511     18.550722 18.550722 3.462833
160.924240 92.454544     48.250000 -14.000000 22.632812     -0.974511 0.224340 -0.224340 -0.974511     18.550722 18.550722 4.353896
159.841187 91.682381     19.765625 17.707031 78.843750     -0.973400 0.229112 -0.229112 -0.973400     22.330813 22.330813 3.363609
159.841187 91.682381     53.609375 -14.375000 42.250000     -0.973400 0.229112 -0.229112 -0.973400     22.330813 22.330813 4.247364
158.319016 91.010223     40.578125 -22.703125 26.000000     -0.973492 0.228721 -0.228721 -0.973492     25.181855 25.181855 4.233823
158.031250 90.516541     248.703125 -82.500000 68.593750     -0.973401 0.229109 -0.229109 -0.973401     26.594799 26.594799 4.209482
234.459488 68.952194     41.156250 -17.273438 35.031250     -0.996153 0.087626 -0.087626 -0.996153     25.862007 25.862007 2.873495
481.153107 61.349281     56.531250 39.906250 91.562500     -0.978167 0.207822 -0.207822 -0.978167     3.805748 3.805748 3.646470
481.153107 61.349281     132.828125 13.781250 32.046875     -0.978167 0.207822 -0.207822 -0.978167     3.805748 3.805748 5.095728
234.470444 68.893845     56.460938 -28.984375 36.265625     -0.995612 0.093579 -0.093579 -0.995612     26.195932 26.195932 2.893944
513.567810 22.572035     52.281250 3.203125 74.000000     -0.974421 0.224729 -0.224729 -0.974421     4.828713 4.828713 2.559324
513.567810 22.572035     54.906250 -34.625000 35.718750     -0.974421 0.224729 -0.224729 -0.974421     4.828713 4.828713 6.138415
297.842285 58.402359     86.140625 16.468750 20.929688     -0.993260 0.115904 -0.115904 -0.993260     30.451697 30.451697 2.922545
229.570526 395.445129     76.900391 44.789062 51.953125     -0.891045 0.453915 -0.453915 -0.891045     24.712106 24.712106 0.797916
229.570526 395.445129     170.783203 -7.210938 23.890625     -0.891045 0.453915 -0.453915 -0.891045     24.712106 24.712106 1.518669
171.480194 406.569305     38.453125 2.890625 15.500000     -0.902140 0.431444 -0.431444 -0.902140     16.185516 16.185516 0.852649
171.480194 406.569305     358.769531 -164.281250 143.546875     -0.902140 0.431444 -0.431444 -0.902140     16.185516 16.185516 1.728449
233.611633 395.702332     41.121094 -3.046875 21.140625     -0.955261 0.295764 -0.295764 -0.955261     27.541009 27.541009 0.531873
233.611633 395.702332     117.320312 116.640625 186.546875     -0.955261 0.295764 -0.295764 -0.955261     27.541009 27.541009 0.911171
239.547577 393.231598     116.773438 -33.617188 125.234375     -0.945972 0.324248 -0.324248 -0.945972     25.894192 25.894192 0.920922
239.547577 393.231598     101.335938 -4.703125 17.468750     -0.945972 0.324248 -0.324248 -0.945972     25.894192 25.894192 1.254818
361.858398 380.349548     46.234375 2.703125 27.375000     -0.995778 -0.091796 0.091796 -0.995778     20.102462 20.102462 0.318290
361.858398 380.349548     54.320312 -23.375000 46.085938     -0.995778 -0.091796 0.091796 -0.995778     20.102462 20.102462 2.226692
171.754379 406.640350     172.421875 -35.109375 23.015625     -0.900814 0.434205 -0.434205 -0.900814     17.096397 17.096397 0.786840
171.754379 406.640350     88.351562 9.664062 29.171875     -0.900814 0.434205 -0.434205 -0.900814     17.096397 17.096397 4.196660
285.591431 419.571991     561.503906 33.039062 26.187500     0.658948 -0.752188 0.752188 0.658948     18.874013 18.874013 1.641642
285.591431 419.571991     48.285156 37.554688 60.453125     0.658948 -0.752188 0.752188 0.658948     18.874013 18.874013 4.446972
355.268097 383.104553     285.726562 -61.156250 60.703125     -0.973916 0.226911 -0.226911 -0.973916     22.160795 22.160795 1.400306
355.268097 383.104553     48.109375 -16.000000 18.937500     -0.973916 0.226911 -0.226911 -0.973916     22.160795 22.160795 2.850417
178.011139 407.816162     119.296875 30.890625 47.046875     -0.998954 0.045730 -0.045730 -0.998954     22.227078 22.227078 1.573480
178.011139 407.816162     35.371094 -2.617188 24.843750     -0.998954 0.045730 -0.045730 -0.998954     22.227078 22.227078 2.105996
292.149048 354.692322     58.468750 23.195312 96.515625     -0.915155 0.403103 -0.403103 -0.915155     18.260331 18.260331 1.157436
292.149048 354.692322     209.703125 -19.031250 36.515625     -0.915155 0.403103 -0.403103 -0.915155     18.260331 18.260331 3.856542
169.384277 374.454163     33.093750 -7.507812 16.996094     -0.266737 -0.963769 0.963769 -0.266737     17.349794 17.349794 4.729856
396.274353 386.209381     49.671875 11.421875 27.640625     -0.826881 0.562376 -0.562376 -0.826881     25.643413 25.643413 0.834318
396.274353 386.209381     43.283691 -3.066406 34.156250     -0.826881 0.562376 -0.562376 -0.826881     25.643413 25.643413 1.147137
397.401947 419.544128     94.890625 7.843750 63.546875     -0.807989 0.589198 -0.589198 -0.807989     13.829370 13.829370 1.553812
397.401947 419.544128     81.148438 -18.296875 61.890625     -0.807989 0.589198 -0.589198 -0.807989     13.829370 13.829370 4.320041
351.790833 386.284851     52.103516 37.171875 59.765625     -0.932030 0.362382 -0.362382 -0.932030     27.193171 27.193171 0.786744
351.790833 386.284851     89.075195 13.738281 36.312500     -0.932030 0.362382 -0.362382 -0.932030     27.193171 27.193171 1.378053
286.381622 419.530029     58.531250 -23.281250 28.453125     -0.766346 0.642428 -0.642428 -0.766346     20.399910 20.399910 1.239877
286.381622 419.530029     75.031250 12.523438 72.953125     -0.766346 0.642428 -0.642428 -0.766346     20.399910 20.399910 4.762108
234.342758 68.785637     44.595703 -5.644531 153.140625     -0.994853 0.101329 -0.101329 -0.994853     26.613076 26.613076 2.913125
191.043671 363.410492     866.156250 -305.164062 517.218750     -0.999991 -0.004303 0.004303 -0.999991     19.855139 19.855139 0.795500
191.043671 363.410492     103.906250 -32.812500 25.046875     -0.999991 -0.004303 0.004303 -0.999991     19.855139 19.855139 2.154452
348.183899 440.977020     561.929688 -92.609375 35.218750     -0.546850 -0.837230 0.837230 -0.546850     24.838145 24.838145 4.681879
300.302643 357.063171     84.328125 -44.375000 38.968750     -0.991105 -0.133084 0.133084 -0.991105     24.728042 24.728042 2.033523
300.302643 357.063171     41.156250 -2.625000 15.265625     -0.991105 -0.133084 0.133084 -0.991105     24.728042 24.728042 4.887148
412.211273 459.615021     33.000000 -13.906250 32.484375     -0.959937 0.280215 -0.280215 -0.959937     10.011731 10.011731 1.194800
412.211273 459.615021     44.828125 3.171875 35.851562     -0.959937 0.280215 -0.280215 -0.959937     10.011731 10.011731 1.597621
252.313812 446.960266     49.906250 -27.335938 45.953125     -0.999821 0.018942 -0.018942 -0.999821     22.096870 22.096870 0.825265
252.313812 446.960266     624.527344 18.609375 24.375000     -0.999821 0.018942 -0.018942 -0.999821     22.096870 22.096870 3.676977
459.069641 366.597015     405.671875 -138.078125 84.500000     -0.941995 0.335627 -0.335627 -0.941995     18.456954 18.456954 0.587212
459.069641 366.597015     89.080078 16.929688 42.140625     -0.941995 0.335627 -0.335627 -0.941995     18.456954 18.456954 3.395216
353.473206 386.600006     338.703125 -31.203125 31.125000     -0.956903 0.290407 -0.290407 -0.956903     30.358927 30.358927 1.000592
353.473206 386.600006     430.546875 0.812500 72.515625     -0.956903 0.290407 -0.290407 -0.956903     30.358927 30.358927 3.254285
345.573914 412.443481     64.062500 -17.429688 18.000000     -0.815165 0.579228 -0.579228 -0.815165     17.813601 17.813601 0.950837
345.573914 412.443481     33.671875 -8.218750 39.593750     -0.815165 0.579228 -0.579228 -0.815165     17.813601 17.813601 4.046727
378.339447 250.105499     23.062500 -11.421875 27.796875     -0.940983 0.338453 -0.338453 -0.940983     16.871626 16.871626 0.181357
378.339447 250.105499     44.395508 -4.910156 32.734375     -0.940983 0.338453 -0.338453 -0.940983     16.871626 16.871626 3.345231
169.583572 367.745056     229.281250 155.625000 184.515625     -0.042503 -0.999096 0.999096 -0.042503     23.070027 23.070027 4.634688
397.437836 389.756470     24.765625 16.421875 52.875000     -0.142924 -0.989734 0.989734 -0.142924     32.393342 32.393342 1.066333
397.437836 389.756470     52.390625 -14.875000 22.312500     -0.142924 -0.989734 0.989734 -0.142924     32.393342 32.393342 1.620057
395.701691 420.970581     221.703125 -32.250000 56.250000     -0.795932 0.605386 -0.605386 -0.795932     13.784240 13.784240 4.317158
368.215515 353.862061     38.585938 -31.800781 40.812500     -0.972780 -0.231731 0.231731 -0.972780     18.557570 18.557570 1.924709
368.215515 353.862061     35.000000 -32.078125 52.703125     -0.972780 -0.231731 0.231731 -0.972780     18.557570 18.557570 5.012739
179.894730 439.875000     936.890625 -424.195312 732.625000     -0.796331 -0.604861 0.604861 -0.796331     19.056420 19.056420 2.028074
179.894730 439.875000     71.273438 -34.484375 51.468750     -0.796331 -0.604861 0.604861 -0.796331     19.056420 19.056420 5.367927
176.123520 407.852722     74.640625 -36.609375 46.890625     -0.998803 0.048914 -0.048914 -0.998803     21.831953 21.831953 1.870969
176.123520 407.852722     210.464844 20.921875 133.578125     -0.998803 0.048914 -0.048914 -0.998803     21.831953 21.831953 5.530500
242.800003 389.506836     277.226562 -53.976562 43.125000     -0.879759 0.475421 -0.475421 -0.879759     33.302885 33.302885 0.202412
242.800003 389.506836     52.718750 -6.179688 26.859375     -0.879759 0.475421 -0.475421 -0.879759     33.302885 33.302885 1.220964
237.134537 365.116577     583.281250 -121.078125 52.265625     -0.989066 0.147472 -0.147472 -0.989066     20.467001 20.467001 0.184559
237.134537 365.116577     43.640625 -15.203125 38.359375     -0.989066 0.147472 -0.147472 -0.989066     20.467001 20.467001 0.871452
355.870697 450.275848     43.750000 -11.765625 32.781250     -0.598126 -0.801402 0.801402 -0.598126     24.756358 24.756358 1.624267
355.870697 450.275848     95.318359 101.796875 169.312500     -0.598126 -0.801402 0.801402 -0.598126     24.756358 24.756358 4.798847
297.447723 364.510132     38.890625 11.093750 54.109375     0.661492 -0.749953 0.749953 0.661492     42.002523 42.002523 4.235601
494.320190 311.162567     74.312500 15.484375 48.703125     -0.990273 -0.139135 0.139135 -0.990273     23.380611 23.380611 2.251990
267.764282 351.496429     433.921875 66.156250 73.375000     -0.765985 0.642858 -0.642858 -0.765985     23.151309 23.151309 1.235901
267.764282 351.496429     410.929688 -65.515625 273.984375     -0.765985 0.642858 -0.642858 -0.765985     23.151309 23.151309 3.363678
450.099091 369.093079     52.875000 23.828125 30.671875     -0.975968 0.217912 -0.217912 -0.975968     17.530655 17.530655 0.607877
450.099091 369.093079     23160.281250 -5428.140625 8381.808594     -0.975968 0.217912 -0.217912 -0.975968     17.530655 17.530655 0.956543
316.040649 407.682922     63.562500 -16.171875 18.179688     -0.987569 -0.157185 0.157185 -0.987569     23.655499 23.655499 0.215752
316.040649 407.682922     294.531250 -28.250000 52.433594     -0.987569 -0.157185 0.157185 -0.987569     23.655499 23.655499 1.653962
255.436447 446.594177     80.468750 0.234375 180.609375     -0.998115 -0.061370 0.061370 -0.998115     22.116975 22.116975 0.514405
255.436447 446.594177     128.437500 -100.515625 301.429688     -0.998115 -0.061370 0.061370 -0.998115     22.116975 22.116975 1.161180
100.589523 441.864624     110.781250 -32.984375 26.031250     -0.648106 -0.761551 0.761551 -0.648106     18.181800 18.181800 1.673137
100.589523 441.864624     271.515625 122.609375 322.640625     -0.648106 -0.761551 0.761551 -0.648106     18.181800 18.181800 5.158407
353.532623 386.637329     97.563965 -66.125000 59.625000     -0.969174 0.246377 -0.246377 -0.969174     30.239319 30.239319 0.671179
353.532623 386.637329     130.347656 16.171875 27.046875     -0.969174 0.246377 -0.246377 -0.969174     30.239319 30.239319 1.252320
328.693787 367.688995     199.964844 75.328125 286.062500     -0.914794 0.403921 -0.403921 -0.914794     15.505626 15.505626 1.079450
328.693787 367.688995     205.218750 -39.343750 26.796875     -0.914794 0.403921 -0.403921 -0.914794     15.505626 15.505626 3.734130
177.190475 440.282898     74.906250 -57.578125 58.617188     -0.938089 -0.346394 0.346394 -0.938089     26.864791 26.864791 2.080847
177.190475 440.282898     74.984375 13.437500 71.671875     -0.938089 -0.346394 0.346394 -0.938089     26.864791 26.864791 3.130452
193.563278 369.813904     24.921875 16.609375 54.265625     -0.427700 -0.903921 0.903921 -0.427700     31.012029 31.012029 4.899171
211.276993 422.784027     71.562500 -60.953125 86.046875     -0.977153 0.212537 -0.212537 -0.977153     21.335385 21.335385 0.982874
211.276993 422.784027     271.140625 159.203125 362.343750     -0.977153 0.212537 -0.212537 -0.977153     21.335385 21.335385 3.786683
233.212936 361.161713     32.875000 -10.156250 39.515625     -0.810932 -0.585140 0.585140 -0.810932     23.429566 23.429566 1.610265
233.212936 361.161713     177.187500 -27.546875 15.765625     -0.810932 -0.585140 0.585140 -0.810932     23.429566 23.429566 2.056303
345.887207 412.146606     191.187500 -24.750000 41.890625     -0.836203 0.548421 -0.548421 -0.836203     18.121223 18.121223 0.956431
378.277985 250.046326     162.976562 -8.140625 13.000000     -0.930391 0.366568 -0.366568 -0.930391     16.860333 16.860333 0.263360
378.277985 250.046326     21915.429688 -5155.171875 10905.285156     -0.930391 0.366568 -0.366568 -0.930391     16.860333 16.860333 3.407962
372.110046 441.023926     242.039062 123.648438 143.515625     -0.920378 -0.391031 0.391031 -0.920378     21.481523 21.481523 5.300353
401.072510 390.162201     146.667480 41.101562 20.109375     -0.973203 -0.229947 0.229947 -0.973203     35.345363 35.345363 2.602763
401.072510 390.162201     218.937500 -55.625000 243.648438     -0.973203 -0.229947 0.229947 -0.973203     35.345363 35.345363 5.677828
323.440857 327.164886     125.156250 -31.453125 17.726562     -0.856069 0.516862 -0.516862 -0.856069     32.087135 32.087135 0.257813
323.440857 327.164886     197.728516 74.441406 303.187500     -0.856069 0.516862 -0.516862 -0.856069     32.087135 32.087135 0.701251
157.040726 388.253387     285.753906 -26.195312 30.812500     -0.669881 -0.742469 0.742469 -0.669881     19.389620 19.389620 1.539274
157.040726 388.253387     251.597656 -25.287109 40.767090     -0.669881 -0.742469 0.742469 -0.669881     19.389620 19.389620 2.064548
113.400002 427.573517     48.750000 20.937500 31.906250     -0.971324 -0.237759 0.237759 -0.971324     25.830813 25.830813 1.547023
113.400002 427.573517     157.015625 -47.421875 23.710938     -0.971324 -0.237759 0.237759 -0.971324     25.830813 25.830813 2.166614
272.864197 406.448547     55.343750 21.375000 30.296875     -0.878239 0.478222 -0.478222 -0.878239     17.873526 17.873526 1.040777
272.864197 406.448547     539.812500 -20.437500 50.945312     -0.878239 0.478222 -0.478222 -0.878239     17.873526 17.873526 1.403563
316.374664 412.717682     54.468750 -8.343750 87.039062     -0.735760 -0.677242 0.677242 -0.735760     35.268553 35.268553 2.464181
316.374664 412.717682     228.250000 -106.968750 90.890625     -0.735760 -0.677242 0.677242 -0.735760     35.268553 35.268553 5.295000
168.066086 368.191620     77.529297 18.000000 13.812500     0.051792 -0.998658 0.998658 0.051792     29.952213 29.952213 4.528056
264.407532 373.403381     40.906250 12.109375 54.453125     -0.864965 0.501831 -0.501831 -0.864965     82.996659 82.996659 0.473172
393.907288 421.990051     66.008789 31.792969 86.750000     -0.852965 0.521969 -0.521969 -0.852965     15.466927 15.466927 4.229392
417.702972 428.554443     105.500000 -37.750000 130.781250     -0.995001 0.099865 -0.099865 -0.995001     17.429681 17.429681 0.500989
417.702972 428.554443     170.781250 -17.062500 63.281250     -0.995001 0.099865 -0.099865 -0.995001     17.429681 17.429681 2.098447
517.991516 446.387238     50.015625 12.000000 36.335938     -0.713630 0.700523 -0.700523 -0.713630     19.528936 19.528936 0.784079
517.991516 446.387238     907.511719 202.718750 193.078125     -0.713630 0.700523 -0.700523 -0.713630     19.528936 19.528936 1.682150
494.454559 311.987000     28.093750 -8.187500 18.058594     -0.953062 -0.302777 0.302777 -0.953062     26.562923 26.562923 2.449231
494.454559 311.987000     66.218750 27.765625 47.328125     -0.953062 -0.302777 0.302777 -0.953062     26.562923 26.562923 3.115158
362.336884 327.762421     101.953125 34.250000 23.609375     -0.732161 0.681132 -0.681132 -0.732161     20.385737 20.385737 0.794726
362.336884 327.762421     79.218750 -30.000000 23.046875     -0.732161 0.681132 -0.681132 -0.732161     20.385737 20.385737 4.062965
253.848251 446.678345     345.468750 -223.187500 191.484375     -0.999521 -0.030963 0.030963 -0.999521     21.952677 21.952677 0.374831
253.848251 446.678345     123.743652 57.580078 40.062500     -0.999521 -0.030963 0.030963 -0.999521     21.952677 21.952677 0.800487
351.508881 358.789337     122.531250 -20.593750 13.546875     -0.937615 0.347674 -0.347674 -0.937615     25.967650 25.967650 1.660354
351.508881 358.789337     55.000000 -25.078125 27.812500     -0.937615 0.347674 -0.347674 -0.937615     25.967650 25.967650 2.503990
112.917992 426.835968     322.492188 -31.748047 60.483398     -0.951582 -0.307394 0.307394 -0.951582     27.250744 27.250744 2.147937
112.917992 426.835968     28.031250 -8.656250 19.593750     -0.951582 -0.307394 0.307394 -0.951582     27.250744 27.250744 5.186201
451.876953 370.845703     130.750000 -33.953125 22.949219     -0.994995 0.099922 -0.099922 -0.994995     23.808120 23.808120 4.660298
351.600922 387.820862     228.953125 -41.812500 27.429688     -0.999997 -0.002269 0.002269 -0.999997     38.319761 38.319761 1.610100
351.600922 387.820862     114.046875 55.593750 53.375000     -0.999997 -0.002269 0.002269 -0.999997     38.319761 38.319761 2.207126
465.319244 203.046951     34.562500 -9.281250 39.640625     -0.947997 0.318280 -0.318280 -0.947997     15.684399 15.684399 1.512831
465.319244 203.046951     89.562500 -9.828125 17.406250     -0.947997 0.318280 -0.318280 -0.947997     15.684399 15.684399 4.654670
442.174805 437.048767     292.218750 -172.578125 164.007812     0.574917 -0.818212 0.818212 0.574917     23.767911 23.767911 0.915937
442.174805 437.048767     65.199219 26.214844 95.578125     0.574917 -0.818212 0.818212 0.574917     23.767911 23.767911 3.669424
486.213928 455.631836     93.312500 30.046875 54.171875     0.631293 -0.775544 0.775544 0.631293     16.695601 16.695601 1.168601
486.213928 455.631836     59.887695 -14.476562 57.515625     0.631293 -0.775544 0.775544 0.631293     16.695601 16.695601 4.177670
350.505615 447.715210     206.593750 -24.281250 62.468750     -0.755765 -0.654843 0.654843 -0.755765     31.715287 31.715287 1.452207
350.505615 447.715210     121.875000 -25.703125 18.195312     -0.755765 -0.654843 0.654843 -0.755765     31.715287 31.715287 2.309252
463.495575 431.128326     146.062500 78.125000 72.671875     -0.418195 -0.908357 0.908357 -0.418195     18.665629 18.665629 1.793687
461.846161 325.615387     60.687500 21.328125 87.531250     -0.924925 0.380149 -0.380149 -0.924925     18.111484 18.111484 0.758190
461.846161 325.615387     449.468750 -229.953125 185.617188     -0.924925 0.380149 -0.380149 -0.924925     18.111484 18.111484 1.134967
93.555046 409.422028     326.718750 78.484375 96.937500     0.694627 -0.719370 0.719370 0.694627     12.631266 12.631266 0.761795
93.555046 409.422028     97.734375 -19.093750 23.765625     0.694627 -0.719370 0.719370 0.694627     12.631266 12.631266 1.300608
514.848755 398.331696     45.343750 -14.781250 86.656250     0.605807 -0.795612 0.795612 0.605807     14.633374 14.633374 1.158173
514.848755 398.331696     820.093750 -93.093750 509.765625     0.605807 -0.795612 0.795612 0.605807     14.633374 14.633374 1.652719
261.137482 380.843414     175.281250 14.093750 41.390625     -0.785519 0.618838 -0.618838 -0.785519     89.824388 89.824388 0.690381
346.724243 412.942413     64.938477 -13.726562 56.359375     -0.798749 0.601664 -0.601664 -0.798749     22.720823 22.720823 1.044702
346.724243 412.942413     230.437500 -88.781250 68.789062     -0.798749 0.601664 -0.601664 -0.798749     22.720823 22.720823 4.297125
394.191010 423.331451     79.187500 -24.250000 41.101562     -0.822922 0.568154 -0.568154 -0.822922     20.921429 20.921429 0.756128
394.191010 423.331451     80.750000 -18.437500 22.281250     -0.822922 0.568154 -0.568154 -0.822922     20.921429 20.921429 1.189639
180.928345 369.859772     56.562500 -13.843750 34.375000     -0.969110 -0.246628 0.246628 -0.969110     50.962123 50.962123 5.648843
183.872498 447.354828     111.062500 -24.515625 18.320312     -0.753443 -0.657513 0.657513 -0.753443     31.037299 31.037299 1.297939
183.872498 447.354828     65.991699 -17.886719 18.304688     -0.753443 -0.657513 0.657513 -0.753443     31.037299 31.037299 1.832214
169.153961 410.553650     65.656250 -21.250000 28.148438     -0.976754 0.214362 -0.214362 -0.976754     25.167474 25.167474 1.411994
169.153961 410.553650     173.529785 -85.683594 63.218750     -0.976754 0.214362 -0.214362 -0.976754     25.167474 25.167474 2.222391
141.823761 436.386963     93.406250 -52.250000 70.265625     -0.975255 0.221083 -0.221083 -0.975255     22.705382 22.705382 0.829182
141.823761 436.386963     44.906250 -29.234375 45.085938     -0.975255 0.221083 -0.221083 -0.975255     22.705382 22.705382 1.437606
286.197144 419.997131     61.575195 -14.830078 23.429688     -0.765221 0.643767 -0.643767 -0.765221     22.754723 22.754723 1.095134
286.197144 419.997131     68.968750 -3.921875 11.750000     -0.765221 0.643767 -0.643767 -0.765221     22.754723 22.754723 1.586405
453.982910 306.324799     62.968750 13.453125 14.140625     -0.843353 0.537359 -0.537359 -0.843353     22.627685 22.627685 0.556966
453.982910 306.324799     49.250000 34.000000 43.851562     -0.843353 0.537359 -0.537359 -0.843353     22.627685 22.627685 0.979120
151.274811 379.516541     34.118332 -8.647461 34.578125     -0.573768 -0.819018 0.819018 -0.573768     22.047200 22.047200 4.885949
500.462677 431.791046     223.375000 -9.046875 49.562500     -0.466025 -0.884771 0.884771 -0.466025     25.869070 25.869070 1.645634
500.462677 431.791046     21.156250 -27.921875 105.726562     -0.466025 -0.884771 0.884771 -0.466025     25.869070 25.869070 2.420669
360.240204 321.083466     103.093750 -39.328125 84.078125     -0.776787 0.629763 -0.629763 -0.776787     35.021997 35.021997 0.767888
519.745544 317.473114     56.283936 -19.910156 26.312500     -0.715122 0.699000 -0.699000 -0.715122     21.712572 21.712572 0.885590
519.745544 317.473114     307.312500 88.640625 174.312500     -0.715122 0.699000 -0.699000 -0.715122     21.712572 21.712572 3.893318
446.210205 342.879883     31.731628 2.251465 34.468750     -0.904785 -0.425868 0.425868 -0.904785     28.959478 28.959478 2.109142
446.210205 342.879883     44.109863 -12.841797 25.234375     -0.904785 -0.425868 0.425868 -0.904785     28.959478 28.959478 5.537949
449.701965 368.743896     44.129211 -8.451172 21.562500     -0.984577 -0.174954 0.174954 -0.984577     35.324104 35.324104 2.088482
449.701965 368.743896     35.781250 -3.859375 28.886719     -0.984577 -0.174954 0.174954 -0.984577     35.324104 35.324104 3.003648
353.081268 374.346375     47.901352 -9.904785 45.781250     -0.928045 0.372467 -0.372467 -0.928045     70.821757 70.821757 2.178972
353.081268 374.346375     19.106457 5.468506 38.203125     -0.928045 0.372467 -0.372467 -0.928045     70.821757 70.821757 4.855159
428.440338 414.049377     58.442902 -9.229004 25.953125     -0.843302 -0.537440 0.537440 -0.843302     17.708571 17.708571 1.589977
428.440338 414.049377     159.562500 -37.721680 12.957214     -0.843302 -0.537440 0.537440 -0.843302     17.708571 17.708571 2.055506
465.533325 202.837494     393.000000 -85.163574 21.942818     -0.952457 0.304673 -0.304673 -0.952457     16.229105 16.229105 1.490284
297.708618 58.003872     97.859558 -77.626465 158.031250     -0.993436 0.114386 -0.114386 -0.993436     31.558076 31.558076 2.932635
401.207794 382.375427     46.107025 -43.222900 69.554688     -0.002340 -0.999997 0.999997 -0.002340     40.366831 40.366831 0.395857
401.207794 382.375427     50.449463 -4.707031 31.863281     -0.002340 -0.999997 0.999997 -0.002340     40.366831 40.366831 1.422062
484.641541 332.043640     47.858170 -32.192871 83.464844     0.416973 -0.908919 0.908919 0.416973     40.829976 40.829976 0.493469
484.641541 332.043640     45.343750 -33.546875 50.046875     0.416973 -0.908919 0.908919 0.416973     40.829976 40.829976 0.862186
89.040131 412.140472     27.461838 10.432434 57.044922     -0.798671 0.601768 -0.601768 -0.798671     14.088920 14.088920 1.290282
89.040131 412.140472     18.297806 0.307983 36.221436     -0.798671 0.601768 -0.601768 -0.798671     14.088920 14.088920 1.691922
552.531494 409.689972     126.770508 4.235107 27.577400     -0.978512 0.206191 -0.206191 -0.978512     19.358589 19.358589 1.832577
552.531494 409.689972     19.843750 -82.429688 431.214844     -0.978512 0.206191 -0.206191 -0.978512     19.358589 19.358589 5.193976
480.228851 298.437805     158.203827 -18.668701 266.754456     -0.755003 0.655722 -0.655722 -0.755003     13.204581 13.204581 1.238296
480.228851 298.437805     31.531250 -138.816406 739.927246     -0.755003 0.655722 -0.655722 -0.755003     13.204581 13.204581 4.721587
316.212128 412.654999     112.717529 -4.063232 92.928711     -0.749110 -0.662446 0.662446 -0.749110     34.795488 34.795488 2.423626
316.212128 412.654999     1971.728516 -250.563477 274.109467     -0.749110 -0.662446 0.662446 -0.749110     34.795488 34.795488 5.313574
442.217712 437.029510     35.187500 -12.392578 94.007202     0.549131 -0.835737 0.835737 0.549131     23.787371 23.787371 0.947066
442.217712 437.029510     95.000000 -187.519531 702.850586     0.549131 -0.835737 0.835737 0.549131     23.787371 23.787371 4.182852
463.489960 430.907623     65.062500 21.800781 52.355087     -0.411071 -0.911603 0.911603 -0.411071     18.788337 18.788337 1.757099
392.813629 312.686371     83.531250 -9.407837 14.738884     -0.931515 -0.363703 0.363703 -0.931515     14.678019 14.678019 1.789691
392.813629 312.686371     382.558594 -74.094971 68.183273     -0.931515 -0.363703 0.363703 -0.931515     14.678019 14.678019 4.918393
514.837708 398.473694     3096.539062 -507.576660 586.138184     0.609495 -0.792790 0.792790 0.609495     14.675337 14.675337 1.166065
514.837708 398.473694     553.406250 -22.431152 16.521545     0.609495 -0.792790 0.792790 0.609495     14.675337 14.675337 1.654827
562.355957 466.334747     147.375000 56.599609 186.101196     -0.930319 0.366752 -0.366752 -0.930319     13.053572 13.053572 1.618421
562.355957 466.334747     138.468750 -202.812500 649.646973     -0.930319 0.366752 -0.366752 -0.930319     13.053572 13.053572 4.009027
448.759705 361.378632     832.406250 -43.237793 25.885109     -0.923947 -0.382520 0.382520 -0.923947     59.707644 59.707644 1.662730
448.759705 361.378632     8978.752930 -1030.269531 579.043884     -0.923947 -0.382520 0.382520 -0.923947     59.707644 59.707644 2.031797
518.548584 447.131958     37.250000 6.226562 39.937500     0.587052 -0.809549 0.809549 0.587052     22.728383 22.728383 1.649033
518.548584 447.131958     68.079117 -5.148682 27.652344     0.587052 -0.809549 0.809549 0.587052     22.728383 22.728383 3.638723
518.042969 370.765625     14871.462891 -2057.742432 993.141602     -0.986508 0.163713 -0.163713 -0.986508     15.055963 15.055963 1.639384
518.042969 370.765625     164.500000 -161.410156 1880.848633     -0.986508 0.163713 -0.163713 -0.986508     15.055963 15.055963 2.100473
551.032104 407.864136     27.156250 -28.281250 54.175781     -0.987215 0.159391 -0.159391 -0.987215     27.701365 27.701365 1.653717
551.032104 407.864136     60.961090 10.417480 127.117188     -0.987215 0.159391 -0.159391 -0.987215     27.701365 27.701365 5.428597
162.984222 458.564667     86.488678 19.581543 33.187500     -0.998539 0.054041 -0.054041 -0.998539     15.947677 15.947677 1.179355
162.984222 458.564667     153.468750 -21.617188 16.437500     -0.998539 0.054041 -0.054041 -0.998539     15.947677 15.947677 1.864365
408.117065 305.853668     182.718750 -185.175781 3092.315430     -0.702586 -0.711599 0.711599 -0.702586     15.018566 15.018566 5.088804
44.023365 412.420563     62.104004 30.683594 79.453125     -0.958808 -0.284056 0.284056 -0.958808     12.674219 12.674219 1.923736
44.023365 412.420563     144.656464 -96.633789 477.480469     -0.958808 -0.284056 0.284056 -0.958808     12.674219 12.674219 4.628327
479.021301 330.562958     335.156250 31.929688 3860.525391     0.625765 -0.780012 0.780012 0.625765     59.412320 59.412320 0.365158
479.021301 330.562958     35.312500 10.968750 30.820312     0.625765 -0.780012 0.780012 0.625765     59.412320 59.412320 2.873238
454.937805 288.746399     62.441162 31.893555 81.703125     -0.965128 0.261780 -0.261780 -0.965128     13.645655 13.645655 1.567081
454.937805 288.746399     65.479401 -24.957031 34.281250     -0.965128 0.261780 -0.261780 -0.965128     13.645655 13.645655 4.802029
234.416992 68.354248     49288.421875 -707.736328 4805.853516     -0.993079 0.117444 -0.117444 -0.993079     27.658188 27.658188 2.942099
428.150543 414.286743     327.433411 -178.088867 226.781250     -0.828607 -0.559830 0.559830 -0.828607     18.964335 18.964335 1.550513
428.150543 414.286743     39.236145 -17.617676 97.132812     -0.828607 -0.559830 0.559830 -0.828607     18.964335 18.964335 2.734981
407.016449 325.962952     95.156311 -55.442383 53.093750     -0.952579 0.304292 -0.304292 -0.952579     13.167781 13.167781 0.936226
407.016449 325.962952     36.812500 -8.687500 28.187500     -0.952579 0.304292 -0.304292 -0.952579     13.167781 13.167781 1.640243
485.423065 275.399048     178.931580 -16.019531 122.156250     -0.867617 -0.497234 0.497234 -0.867617     19.116684 19.116684 5.303974
449.477234 301.756470     117.055267 -0.303223 62.242188     -0.999130 0.041697 -0.041697 -0.999130     31.849191 31.849191 5.541966
508.467072 284.479034     337.844177 -180.079102 224.843750     0.234535 -0.972108 0.972108 0.234535     32.591837 32.591837 4.139488
521.207703 367.195648     177.545349 6.291992 61.968750     -0.877576 0.479438 -0.479438 -0.877576     25.634766 25.634766 1.471063
500.202148 431.719666     66.562500 -15.828125 26.062500     -0.505878 -0.862605 0.862605 -0.505878     26.163798 26.163798 1.658450
448.150574 440.541565     39.531250 -28.140625 57.671875     -0.855317 -0.518105 0.518105 -0.855317     26.226289 26.226289 5.087293
443.868317 395.024689     300.218750 -143.843750 189.234375     -0.799827 -0.600230 0.600230 -0.799827     18.979850 18.979850 2.026563
443.868317 395.024689     489.348145 -343.862305 419.125000     -0.799827 -0.600230 0.600230 -0.799827     18.979850 18.979850 5.195331
514.032349 401.559875     152.395142 6.879883 82.562500     0.466551 -0.884494 0.884494 0.466551     16.302245 16.302245 1.201279
417.933899 428.599182     43.781250 3.968750 102.804688     -0.995378 0.096032 -0.096032 -0.995378     17.672854 17.672854 0.522542
417.933899 428.599182     112.937500 -79.421875 183.265625     -0.995378 0.096032 -0.096032 -0.995378     17.672854 17.672854 2.083331
111.746132 382.188843     96.648438 -11.038086 10.787109     -0.587320 -0.809355 0.809355 -0.587320     29.487113 29.487113 4.907274
111.746132 382.188843     163.281250 105.015625 120.234375     -0.587320 -0.809355 0.809355 -0.587320     29.487113 29.487113 5.409184
518.251953 327.196503     164.937500 -59.125000 30.960938     0.584156 -0.811641 0.811641 0.584156     39.827028 39.827028 0.619733
518.251953 327.196503     251.812500 -95.421875 230.218750     0.584156 -0.811641 0.811641 0.584156     39.827028 39.827028 3.694229
550.606750 406.357941     147.064941 19.781250 94.203125     -0.988213 0.153086 -0.153086 -0.988213     35.041701 35.041701 1.461135
550.606750 406.357941     120.031250 1.671875 95.078125     -0.988213 0.153086 -0.153086 -0.988213     35.041701 35.041701 1.819700
484.708649 276.854340     47.562500 3.984375 104.734375     -0.864637 -0.502397 0.502397 -0.864637     24.384579 24.384579 5.349269
536.622009 184.846893     119.617188 -5.605469 11.868164     -0.872502 0.488611 -0.488611 -0.872502     16.517822 16.517822 0.513097
536.622009 184.846893     36.531250 -45.625000 92.140625     -0.872502 0.488611 -0.488611 -0.872502     16.517822 16.517822 3.682069
533.909119 435.607147     166.875000 -54.765625 198.335938     -0.813036 -0.582213 0.582213 -0.813036     23.574687 23.574687 1.885128
533.909119 435.607147     51894.226562 -5942.085938 14477.084961     -0.813036 -0.582213 0.582213 -0.813036     23.574687 23.574687 4.612972
392.399200 312.683807     89.281250 -0.375000 50.656250     -0.936167 -0.351555 0.351555 -0.936167     14.752606 14.752606 1.753646
392.399200 312.683807     204.875000 -94.187500 72.953125     -0.936167 -0.351555 0.351555 -0.936167     14.752606 14.752606 5.042755
529.758789 360.161346     191.218750 -68.953125 124.343750     -0.814281 0.580471 -0.580471 -0.814281     25.607488 25.607488 1.470477
529.758789 360.161346     56.863037 -37.658203 43.562500     -0.814281 0.580471 -0.580471 -0.814281     25.607488 25.607488 4.740171
50.685394 397.501862     10.812500 -2.687500 60.218750     -0.891023 -0.453959 0.453959 -0.891023     14.738129 14.738129 1.819104
557.473450 258.827423     32.780762 7.128906 56.390625     -0.983724 0.179683 -0.179683 -0.983724     14.076658 14.076658 0.805058
557.473450 258.827423     268.500000 -88.125000 220.437500     -0.983724 0.179683 -0.179683 -0.983724     14.076658 14.076658 1.471109
592.170105 409.983398     551.125000 -72.125000 174.656250     -0.859229 0.511592 -0.511592 -0.859229     16.150412 16.150412 0.763182
592.170105 409.983398     81.531250 -50.000000 84.578125     -0.859229 0.511592 -0.511592 -0.859229     16.150412 16.150412 4.139833
297.274292 56.971428     55.062500 -29.078125 38.906250     -0.992942 0.118600 -0.118600 -0.992942     33.882137 33.882137 2.943552
536.525635 184.987183     56.133789 -2.464844 16.812500     -0.847969 0.530045 -0.530045 -0.847969     16.947107 16.947107 0.592310
536.525635 184.987183     80.281250 -4.234375 26.289062     -0.847969 0.530045 -0.530045 -0.847969     16.947107 16.947107 3.731105
523.627075 212.477432     108.062500 60.203125 69.359375     -0.960760 0.277380 -0.277380 -0.960760     16.316240 16.316240 3.290398
523.627075 212.477432     58.781250 13.796875 16.750000     -0.960760 0.277380 -0.277380 -0.960760     16.316240 16.316240 6.377575
400.085480 326.233154     513.125000 56.937500 470.070312     -0.980723 0.195404 -0.195404 -0.980723     19.665949 19.665949 1.500495
400.085480 326.233154     53526.429688 -4037.029297 15617.600586     -0.980723 0.195404 -0.195404 -0.980723     19.665949 19.665949 5.397731
446.846161 396.381409     160.133789 44.933594 127.656250     -0.859942 -0.510392 0.510392 -0.859942     20.314398 20.314398 1.949843
446.846161 396.381409     40.109375 -16.796875 38.062500     -0.859942 -0.510392 0.510392 -0.859942     20.314398 20.314398 5.170482
518.559631 447.006104     15.625000 -6.812500 59.640625     0.606682 -0.794944 0.794944 0.606682     23.589305 23.589305 1.273878
518.559631 447.006104     217.180176 -24.445312 53.906250     0.606682 -0.794944 0.794944 0.606682     23.589305 23.589305 1.663164
484.750000 409.733337     29.078125 -19.082031 41.953125     -0.991171 0.132588 -0.132588 -0.991171     18.051425 18.051425 1.637140
484.750000 409.733337     854.656250 -289.328125 305.968750     -0.991171 0.132588 -0.132588 -0.991171     18.051425 18.051425 3.442725
528.427856 358.998779     126.468750 -2.875000 11.218750     -0.821039 0.570872 -0.570872 -0.821039     29.854210 29.854210 0.673456
528.427856 358.998779     47.718750 -78.023438 346.746094     -0.821039 0.570872 -0.570872 -0.821039     29.854210 29.854210 1.586862
112.153229 381.529572     164.718750 -12.828125 48.093750     -0.499328 -0.866413 0.866413 -0.499328     31.848808 31.848808 4.921232
497.483734 430.583344     82.343750 -52.046875 89.031250     -0.879139 -0.476566 0.476566 -0.879139     27.697480 27.697480 1.591825
497.483734 430.583344     91.701172 42.738281 34.328125     -0.879139 -0.476566 0.476566 -0.879139     27.697480 27.697480 2.177057
552.337952 368.912903     49.363281 40.820312 77.296875     0.079682 -0.996820 0.996820 0.079682     32.547352 32.547352 1.597713
552.337952 368.912903     162.410156 42.564453 127.125000     0.079682 -0.996820 0.996820 0.079682     32.547352 32.547352 4.469619
549.143433 406.556976     92.843750 6.750000 61.437500     -0.986826 0.161785 -0.161785 -0.986826     34.414838 34.414838 1.415331
549.143433 406.556976     24.030273 7.691406 53.703125     -0.986826 0.161785 -0.161785 -0.986826     34.414838 34.414838 1.837449
556.598511 259.732330     44.406250 -8.703125 42.484375     -0.973633 0.228122 -0.228122 -0.973633     15.700473 15.700473 1.433988
556.598511 259.732330     352.687500 -300.296875 494.468750     -0.973633 0.228122 -0.228122 -0.973633     15.700473 15.700473 3.153940
592.260437 375.834869     83.468750 63.890625 65.484375     -0.844138 -0.536126 0.536126 -0.844138     21.606303 21.606303 2.064620
592.260437 375.834869     114.109375 -44.890625 250.281250     -0.844138 -0.536126 0.536126 -0.844138     21.606303 21.606303 3.187613
544.038879 304.533173     61.687500 -34.296875 71.578125     -0.483417 -0.875390 0.875390 -0.483417     31.470885 31.470885 1.827027
544.038879 304.533173     72.312500 -12.421875 47.750000     -0.483417 -0.875390 0.875390 -0.483417     31.470885 31.470885 5.025201
533.792786 356.630341     125.406250 -4.687500 14.171875     -0.865340 0.501184 -0.501184 -0.865340     32.585046 32.585046 1.571297
533.792786 356.630341     47.908203 0.933594 43.359375     -0.865340 0.501184 -0.501184 -0.865340     32.585046 32.585046 3.355238
579.972412 418.159088     933.812500 -218.937500 408.562500     -0.935763 0.352629 -0.352629 -0.935763     25.485731 25.485731 1.638786
579.972412 418.159088     138.828125 0.265625 33.906250     -0.935763 0.352629 -0.352629 -0.935763     25.485731 25.485731 5.392343
514.852478 437.129181     84.390625 -84.843750 128.562500     -0.955439 -0.295190 0.295190 -0.955439     38.366071 38.366071 2.371791
514.852478 437.129181     77.703125 -27.000000 45.671875     -0.955439 -0.295190 0.295190 -0.955439     38.366071 38.366071 3.022089
483.531036 410.486206     47.656250 6.203125 60.312500     -0.971744 0.236039 -0.236039 -0.971744     19.680855 19.680855 1.576302
483.531036 410.486206     190.703125 -21.250000 9.875000     -0.971744 0.236039 -0.236039 -0.971744     19.680855 19.680855 3.366957
597.224121 318.221985     96.421875 -36.453125 38.781250     -0.914656 0.404232 -0.404232 -0.914656     24.462868 24.462868 1.722378
595.604004 349.629639     139.304688 10.541016 21.707520     -0.899336 0.437259 -0.437259 -0.899336     24.362899 24.362899 4.144317
605.414734 432.046814     179.890625 -23.156250 39.617188     -0.960685 0.277640 -0.277640 -0.960685     18.528191 18.528191 0.645790
605.414734 432.046814     1367.968750 -448.250000 525.906250     -0.960685 0.277640 -0.277640 -0.960685     18.528191 18.528191 1.146050
549.837708 326.769806     239.287109 1.437500 15.171875     -0.970581 0.240776 -0.240776 -0.970581     15.742686 15.742686 4.221685
69.579437 360.504669     94.363281 57.781250 96.953125     -0.948666 0.316280 -0.316280 -0.948666     15.808621 15.808621 6.272039
595.599121 300.171173     42.449219 27.265625 66.796875     -0.911509 0.411279 -0.411279 -0.911509     19.386749 19.386749 1.010103
595.599121 300.171173     174.453125 -96.171875 109.156250     -0.911509 0.411279 -0.411279 -0.911509     19.386749 19.386749 3.340167
47.478024 461.236267     101.562500 30.234375 33.242188     -0.877857 0.478923 -0.478923 -0.877857     18.264285 18.264285 1.383524
47.478024 461.236267     74.625000 16.218750 222.687500     -0.877857 0.478923 -0.478923 -0.877857     18.264285 18.264285 4.185405
608.746460 427.720642     150.328125 -11.578125 31.609375     -0.779809 0.626018 -0.626018 -0.779809     23.947525 23.947525 1.023146
608.746460 427.720642     73.500000 -23.484375 33.515625     -0.779809 0.626018 -0.626018 -0.779809     23.947525 23.947525 1.328802
606.641174 270.267944     75.875000 -6.718750 14.718750     0.706019 -0.708192 0.708192 0.706019     17.865386 17.865386 1.270507
606.641174 270.267944     69.015625 -15.984375 74.437500     0.706019 -0.708192 0.708192 0.706019     17.865386 17.865386 4.057254
373.767761 45.383884     35.696289 -10.445312 70.921875     -0.955031 0.296506 -0.296506 -0.955031     10.209638 10.209638 1.289396
69.761131 361.259094     57100.375000 6439.753906 25620.191406     -0.945896 0.324470 -0.324470 -0.945896     19.272683 19.272683 3.562162
69.761131 361.259094     197.996094 133.765625 145.609375     -0.945896 0.324470 -0.324470 -0.945896     19.272683 19.272683 6.004372
609.822632 365.418732     38.562500 -11.421875 28.882812     -0.997681 0.068065 -0.068065 -0.997681     15.248586 15.248586 1.568356
609.822632 365.418732     156.320312 -42.789062 47.070312     -0.997681 0.068065 -0.068065 -0.997681     15.248586 15.248586 4.893303
567.212769 447.812775     802.281250 -414.171875 518.832031     -0.968460 -0.249168 0.249168 -0.968460     14.705691 14.705691 2.322586
567.212769 447.812775     339.937500 -94.765625 60.218750     -0.968460 -0.249168 0.249168 -0.968460     14.705691 14.705691 4.977368
620.264954 289.038452     320.759766 17.468750 16.546875     -0.734554 -0.678550 0.678550 -0.734554     15.874100 15.874100 5.249830
592.485168 267.169403     38.937500 -26.968750 53.171875     -0.998655 0.051840 -0.051840 -0.998655     31.529841 31.529841 1.554624
592.485168 267.169403     43.873047 26.847656 64.453125     -0.998655 0.051840 -0.051840 -0.998655     31.529841 31.529841 5.922423
30.404652 281.055817     56.468750 -45.875000 72.195312     -0.948785 0.315922 -0.315922 -0.948785     19.484774 19.484774 0.744503
30.404652 281.055817     55638.945312 6595.937500 26497.992188     -0.948785 0.315922 -0.315922 -0.948785     19.484774 19.484774 3.113036
454.060883 24.347826     98.617188 6.054688 39.812500     -0.971899 0.235400 -0.235400 -0.971899     8.796059 8.796059 1.298503
454.060883 24.347826     1138.093750 -118.546875 194.515625     -0.971899 0.235400 -0.235400 -0.971899     8.796059 8.796059 4.532041
513.343811 10.277937     42.140625 15.265625 83.000000     -0.976940 0.213513 -0.213513 -0.976940     8.211797 8.211797 1.110228
518.966919 9.078014     1394.843750 -541.859375 548.539062     -0.977269 0.212002 -0.212002 -0.977269     8.027084 8.027084 1.186388
611.201538 135.949615     93.937500 6.367188 23.328125     0.681936 -0.731412 0.731412 0.681936     16.877171 16.877171 2.143654
238.586502 27.362869     218.914062 -30.203125 30.843750     -0.908475 0.417940 -0.417940 -0.908475     17.259931 17.259931 1.655423
238.586502 27.362869     125.109375 40.125000 185.421875     -0.908475 0.417940 -0.417940 -0.908475     17.259931 17.259931 4.976764
606.220764 77.515053     171.875000 50.671875 65.421875     0.195479 -0.980708 0.980708 0.195479     8.026301 8.026301 2.772235
605.678833 81.464752     208.578125 -28.828125 45.000000     0.189427 -0.981895 0.981895 0.189427     8.933828 8.933828 2.774482
604.853577 87.892097     89.796875 1.281250 16.265625     0.185676 -0.982611 0.982611 0.185676     10.360030 10.360030 2.750995
608.666260 85.473351     110.210938 61.703125 45.171875     0.272904 -0.962041 0.962041 0.272904     29.095917 29.095917 2.619019
135.058060 58.603226     5245.000000 -1838.593750 960.761719     -0.929690 0.368343 -0.368343 -0.929690     17.240001 17.240001 3.596824
610.390564 171.356216     67.304688 -6.578125 10.406982     -0.988347 0.152217 -0.152217 -0.988347     16.292360 16.292360 4.810742
21.545082 235.905731     350.001953 -160.371094 82.781250     0.692913 -0.721021 0.721021 0.692913     15.470782 15.470782 4.883713
38.882095 257.423584     2821.914062 -914.125000 393.179688     -0.603305 -0.797511 0.797511 -0.603305     28.063678 28.063678 0.553440
38.643139 256.886261     15.656250 -1.179688 26.296875     -0.596205 -0.802832 0.802832 -0.596205     28.014501 28.014501 0.544679
57.327015 295.374420     1471.658203 -568.394531 679.851562     -0.976824 0.214042 -0.214042 -0.976824     20.454510 20.454510 1.437090
25.717472 307.542755     64.945312 9.185547 62.556641     0.401205 -0.915988 0.915988 0.401205     25.712148 25.712148 0.948094
25.717472 307.542755     318.078125 -68.328125 151.031250     0.401205 -0.915988 0.915988 0.401205     25.712148 25.712148 1.507889
29.636364 462.509888     244.625000 -4.628906 55.290039     -0.823005 0.568034 -0.568034 -0.823005     17.328043 17.328043 1.676517
29.636364 462.509888     464.718750 -167.355469 434.381592     -0.823005 0.568034 -0.568034 -0.823005     17.328043 17.328043 4.440407
598.077698 426.150482     1002.031250 -209.822266 436.527344     -0.945483 0.325671 -0.325671 -0.945483     20.429462 20.429462 0.311126
598.077698 426.150482     58.273438 -5.929688 40.624023     -0.945483 0.325671 -0.325671 -0.945483     20.429462 20.429462 0.664419
567.867981 287.216553     679.000000 -287.865234 201.816406     0.545507 -0.838106 0.838106 0.545507     35.216165 35.216165 3.882567
186.638458 79.042305     56.875000 0.613281 65.255859     -0.992094 0.125500 -0.125500 -0.992094     13.789980 13.789980 4.113437
575.034973 260.549988     19.000000 -7.765625 24.609375     -0.935345 0.353737 -0.353737 -0.935345     13.196966 13.196966 0.679313
575.034973 260.549988     230.382812 45.402344 75.109375     -0.935345 0.353737 -0.353737 -0.935345     13.196966 13.196966 3.833861
66.590439 401.012482     21.515625 -7.953125 25.148438     -0.948844 -0.315746 0.315746 -0.948844     42.122630 42.122630 1.795472
66.590439 401.012482     77.074219 2.015625 74.709961     -0.948844 -0.315746 0.315746 -0.948844     42.122630 42.122630 2.678611
586.165405 334.880402     66.109375 2.281250 91.749023     -0.916744 0.399476 -0.399476 -0.916744     23.458681 23.458681 1.119081
586.165405 334.880402     179.890625 -5.625000 5.054199     -0.916744 0.399476 -0.399476 -0.916744     23.458681 23.458681 4.197596
189.797928 79.437820     195.164062 -21.539062 6.089844     -0.998657 0.051814 -0.051814 -0.998657     15.311466 15.311466 4.018675
561.553406 387.796112     229.171875 44.675781 77.264648     0.489695 -0.871894 0.871894 0.489695     14.861013 14.861013 1.524929
561.553406 387.796112     726.375000 -202.488281 380.487305     0.489695 -0.871894 0.871894 0.489695     14.861013 14.861013 4.449697
568.984314 292.031372     57.562500 -0.089844 67.810547     0.601635 -0.798771 0.798771 0.601635     50.437244 50.437244 0.288363
568.984314 292.031372     78.917969 0.662109 75.386719     0.601635 -0.798771 0.798771 0.601635     50.437244 50.437244 0.973930
530.197571 381.887543     419.898438 15.039062 85.284180     -0.999953 0.009707 -0.009707 -0.999953     32.026791 32.026791 1.739333
530.197571 381.887543     295.109375 -22.117188 5.956543     -0.999953 0.009707 -0.009707 -0.999953     32.026791 32.026791 2.578329
553.615784 442.305420     60.820312 -5.261719 40.291016     -0.887028 0.461717 -0.461717 -0.887028     22.011643 22.011643 1.141150
553.615784 442.305420     357.625000 18.851562 22.101562     -0.887028 0.461717 -0.461717 -0.887028     22.011643 22.011643 3.828775
573.130432 252.297104     149.445312 -17.351562 66.749023     -0.981144 0.193278 -0.193278 -0.981144     46.203421 46.203421 6.192146
561.506226 390.462738     88.656250 20.593750 54.640625     0.696256 -0.717793 0.717793 0.696256     25.862861 25.862861 0.703825
561.506226 390.462738     34.203125 8.933594 29.636719     0.696256 -0.717793 0.717793 0.696256     25.862861 25.862861 1.098816
520.917480 293.063110     358.843750 263.406250 659.804688     -0.796138 0.605115 -0.605115 -0.796138     18.447267 18.447267 0.496523
520.917480 293.063110     19.625000 -8.921875 116.546875     -0.796138 0.605115 -0.605115 -0.796138     18.447267 18.447267 1.005827
87.948502 380.124451     37.706055 11.255859 20.304688     -0.998056 0.062319 -0.062319 -0.998056     18.366724 18.366724 2.356065
87.948502 380.124451     63.623047 -22.683472 85.468384     -0.998056 0.062319 -0.062319 -0.998056     18.366724 18.366724 5.882827
596.025574 312.350372     115.611572 25.827881 45.183594     -0.996976 0.077713 -0.077713 -0.996976     22.927487 22.927487 1.081175
596.025574 312.350372     66.468750 -42.132812 79.272461     -0.996976 0.077713 -0.077713 -0.996976     22.927487 22.927487 1.584815
501.087463 348.600769     69.625000 52.316406 52.280273     -0.808089 -0.589060 0.589060 -0.808089     22.712337 22.712337 1.464019
501.087463 348.600769     86.369629 50.999512 45.493164     -0.808089 -0.589060 0.589060 -0.808089     22.712337 22.712337 4.846498
538.205872 270.990204     9.890625 -9.445312 76.522217     -0.958110 -0.286400 0.286400 -0.958110     15.989768 15.989768 1.679590
538.205872 270.990204     26.562500 21.910156 58.476562     -0.958110 -0.286400 0.286400 -0.958110     15.989768 15.989768 2.387830
66.908325 398.853302     610.156250 53.687500 257.984375     -0.818499 -0.574508 0.574508 -0.818499     44.117708 44.117708 1.639024
66.908325 398.853302     24385.382812 -375.281250 9143.359375     -0.818499 -0.574508 0.574508 -0.818499     44.117708 44.117708 2.293995
480.708710 399.834778     23.519531 24.421875 46.071777     -0.728292 0.685267 -0.685267 -0.728292     21.230231 21.230231 1.085420
480.708710 399.834778     30.298828 26.828125 54.953613     -0.728292 0.685267 -0.685267 -0.728292     21.230231 21.230231 4.195111
113.122551 403.553925     40.214844 -5.066162 46.692627     0.583241 -0.812299 0.812299 0.583241     17.646067 17.646067 0.954619
113.122551 403.553925     142.843750 -36.296875 46.976562     0.583241 -0.812299 0.812299 0.583241     17.646067 17.646067 1.477042
548.520813 194.475266     36.140625 30.378906 56.351074     0.238175 -0.971222 0.971222 0.238175     24.059171 24.059171 1.389422
548.520813 194.475266     50.578125 19.978516 32.963867     0.238175 -0.971222 0.971222 0.238175     24.059171 24.059171 4.522129
526.834839 382.133484     27.203125 19.103516 30.520996     -0.994145 0.108059 -0.108059 -0.994145     30.751630 30.751630 1.624010
526.834839 382.133484     211.843750 -78.095703 92.391632     -0.994145 0.108059 -0.108059 -0.994145     30.751630 30.751630 3.250141
561.517883 390.369141     64.921875 20.013672 33.005737     0.684064 -0.729422 0.729422 0.684064     26.058585 26.058585 1.107041
561.517883 390.369141     35.505981 10.071411 23.454765     0.684064 -0.729422 0.729422 0.684064     26.058585 26.058585 4.095435
126.230766 448.521362     97.687500 95.339844 186.058105     -0.882415 -0.470472 0.470472 -0.882415     15.287802 15.287802 1.820150
126.230766 448.521362     11.304688 7.357422 182.199219     -0.882415 -0.470472 0.470472 -0.882415     15.287802 15.287802 4.737009
503.348480 348.263641     472.506836 139.378906 695.060547     -0.898805 -0.438350 0.438350 -0.898805     29.703589 29.703589 1.808937
503.348480 348.263641     15.853210 2.173340 27.644531     -0.898805 -0.438350 0.438350 -0.898805     29.703589 29.703589 2.447752
197.535995 440.872009     35.133011 27.085938 47.328125     -0.581495 -0.813550 0.813550 -0.581495     20.218219 20.218219 1.668844
197.535995 440.872009     89.502930 105.541992 204.006348     -0.581495 -0.813550 0.813550 -0.581495     20.218219 20.218219 4.621979
67.384132 398.662476     213.755493 31.706055 53.676270     -0.831535 -0.555472 0.555472 -0.831535     44.704647 44.704647 2.336166
67.384132 398.662476     61.031250 26.890625 59.507812     -0.831535 -0.555472 0.555472 -0.831535     44.704647 44.704647 2.655552
524.562195 298.113983     40.406250 63.640625 182.185791     -0.979469 -0.201595 0.201595 -0.979469     34.870851 34.870851 2.499884
524.562195 298.113983     93.647461 38.225586 48.294922     -0.979469 -0.201595 0.201595 -0.979469     34.870851 34.870851 5.689101
498.970215 324.868073     13.031250 -8.689453 71.727417     -0.744898 0.667178 -0.667178 -0.744898     26.503930 26.503930 0.198061
498.970215 324.868073     47.500000 44.903320 73.673218     -0.744898 0.667178 -0.667178 -0.744898     26.503930 26.503930 0.777544
537.344727 200.575470     24.523438 21.115234 77.425781     0.620583 -0.784141 0.784141 0.620583     48.262823 48.262823 1.021463
537.344727 200.575470     85.281250 19.717773 47.717773     0.620583 -0.784141 0.784141 0.620583     48.262823 48.262823 4.131870
484.476624 434.757019     28.812500 1.588867 34.931824     -0.754775 -0.655984 0.655984 -0.754775     14.199083 14.199083 1.888812
484.476624 434.757019     61.309570 38.637451 46.114624     -0.754775 -0.655984 0.655984 -0.754775     14.199083 14.199083 4.694458
489.686768 388.522980     23.640869 21.914062 43.511475     0.287342 -0.957828 0.957828 0.287342     45.144328 45.144328 0.874563
489.686768 388.522980     688.875000 728.343750 1636.832031     0.287342 -0.957828 0.957828 0.287342     45.144328 45.144328 3.331812
574.465027 412.541046     96.899109 46.630371 128.496094     0.654708 -0.755882 0.755882 0.654708     25.448380 25.448380 0.670984
574.465027 412.541046     87.265137 52.121094 50.939453     0.654708 -0.755882 0.755882 0.654708     25.448380 25.448380 1.431811
110.349998 401.783325     15.420998 -3.012573 65.359375     -0.981096 -0.193524 0.193524 -0.981096     29.568534 29.568534 2.848113
110.349998 401.783325     29.713646 11.997559 28.263672     -0.981096 -0.193524 0.193524 -0.981096     29.568534 29.568534 5.595225
498.265594 264.788605     34.158203 17.460938 56.503418     -0.999997 -0.002532 0.002532 -0.999997     26.202823 26.202823 5.744482
440.743835 420.546295     61.531250 52.589844 82.395264     0.611589 -0.791176 0.791176 0.611589     19.514284 19.514284 0.955408
440.743835 420.546295     80.187500 60.812500 92.222656     0.611589 -0.791176 0.791176 0.611589     19.514284 19.514284 4.430967
365.841888 413.861664     102.109375 139.853516 308.962891     -0.868956 0.494889 -0.494889 -0.868956     24.768329 24.768329 1.010174
365.841888 413.861664     46.031250 20.040039 35.646973     -0.868956 0.494889 -0.494889 -0.868956     24.768329 24.768329 4.526689
500.222229 326.433685     50.140625 35.058594 45.479492     -0.378071 -0.925777 0.925777 -0.378071     30.228146 30.228146 1.982646
500.222229 326.433685     79.859375 13.792969 50.204102     -0.378071 -0.925777 0.925777 -0.378071     30.228146 30.228146 5.027838
260.300507 456.000000     50.562500 -13.075439 50.187729     -0.993346 0.115164 -0.115164 -0.993346     12.250727 12.250727 1.454094
260.300507 456.000000     62.781250 35.945312 37.265625     -0.993346 0.115164 -0.115164 -0.993346     12.250727 12.250727 4.582650
466.463318 453.505798     151.859375 44.767578 172.972412     -0.995097 -0.098902 0.098902 -0.995097     24.288309 24.288309 0.799895
466.463318 453.505798     25.546875 30.644531 73.215820     -0.995097 -0.098902 0.098902 -0.995097     24.288309 24.288309 1.484237
531.769531 199.854431     29034.210938 395.273438 10191.273438     0.669842 -0.742503 0.742503 0.669842     58.309294 58.309294 0.899465
531.769531 199.854431     89.781250 60.147461 48.318359     0.669842 -0.742503 0.742503 0.669842     58.309294 58.309294 4.014338
425.583923 326.646851     38.273438 -9.515625 38.165878     -0.941176 0.337916 -0.337916 -0.941176     26.069315 26.069315 0.548430
425.583923 326.646851     457.515625 307.792969 271.245117     -0.941176 0.337916 -0.337916 -0.941176     26.069315 26.069315 0.947705
482.468994 307.608521     292.626953 49.369141 49.978027     -0.900054 0.435778 -0.435778 -0.900054     20.686192 20.686192 0.223270
482.468994 307.608521     60.549805 29.345459 55.214111     -0.900054 0.435778 -0.435778 -0.900054     20.686192 20.686192 0.551266
273.411316 71.188683     35.469482 9.362518 24.825462     -0.996069 -0.088578 0.088578 -0.996069     20.508416 20.508416 2.482378
273.411316 71.188683     19.631470 17.208496 80.712891     -0.996069 -0.088578 0.088578 -0.996069     20.508416 20.508416 5.635312
501.088623 263.690918     98.648438 54.144531 51.763672     -0.987315 0.158771 -0.158771 -0.987315     26.960003 26.960003 6.033305
504.803162 368.660553     45.578125 18.406250 55.258789     0.211218 -0.977439 0.977439 0.211218     86.987178 86.987178 0.705595
504.803162 368.660553     36.533203 -2.102539 73.735352     0.211218 -0.977439 0.977439 0.211218     86.987178 86.987178 4.132184
198.561188 437.573853     19.629395 -11.091797 35.768555     -0.699140 -0.714984 0.714984 -0.699140     27.689610 27.689610 1.668704
198.561188 437.573853     33.843750 19.085938 52.296875     -0.699140 -0.714984 0.714984 -0.699140     27.689610 27.689610 5.121224
155.134384 367.375488     213.667969 -78.944336 91.222748     -0.544198 -0.838957 0.838957 -0.544198     22.393141 22.393141 4.899375
446.585785 418.514648     279.085938 72.650391 105.803864     -0.812853 0.582468 -0.582468 -0.812853     28.546514 28.546514 1.166058
446.585785 418.514648     73.656250 -10.463867 12.439880     -0.812853 0.582468 -0.582468 -0.812853     28.546514 28.546514 4.012906
467.286774 356.963226     143.608398 62.794922 57.388672     -0.935100 -0.354383 0.354383 -0.935100     21.002998 21.002998 2.177144
467.286774 356.963226     685.593750 597.503906 642.940430     -0.935100 -0.354383 0.354383 -0.935100     21.002998 21.002998 5.682232
460.507904 453.868408     490.097900 89.771484 103.616699     -0.995365 0.096168 -0.096168 -0.995365     24.848294 24.848294 1.627985
460.507904 453.868408     59.968750 28.025391 289.007568     -0.995365 0.096168 -0.096168 -0.995365     24.848294 24.848294 4.733994
493.777771 416.169067     43.804688 17.643555 41.983154     -0.994158 0.107933 -0.107933 -0.994158     16.831032 16.831032 1.074967
493.777771 416.169067     41.156250 18.150879 125.046600     -0.994158 0.107933 -0.107933 -0.994158     16.831032 16.831032 1.851087
366.191956 416.306488     195.407776 -86.254395 459.728516     0.645286 -0.763941 0.763941 0.645286     33.528452 33.528452 1.106080
366.191956 416.306488     30.633186 10.991577 28.966797     0.645286 -0.763941 0.763941 0.645286     33.528452 33.528452 1.551412
126.845848 400.249329     170.062500 18.273438 28.076172     -0.154403 -0.988008 0.988008 -0.154403     45.154640 45.154640 1.840803
126.845848 400.249329     38.734375 31.199219 57.929199     -0.154403 -0.988008 0.988008 -0.154403     45.154640 45.154640 4.990489
518.565247 421.895660     51.828125 48.691406 62.147461     0.651321 -0.758802 0.758802 0.651321     21.876919 21.876919 0.935983
518.565247 421.895660     56.375000 14.824219 188.202393     0.651321 -0.758802 0.758802 0.651321     21.876919 21.876919 4.358820
192.406952 432.934937     44.531006 25.464355 74.486328     -0.772064 -0.635545 0.635545 -0.772064     26.810599 26.810599 1.557774
192.406952 432.934937     34.031250 -8.703125 193.560547     -0.772064 -0.635545 0.635545 -0.772064     26.810599 26.810599 5.041381
501.728577 286.052368     237.642578 -105.618408 107.563263     -0.833713 0.552199 -0.552199 -0.833713     20.776985 20.776985 0.228166
501.728577 286.052368     148.191406 39.941162 62.904068     -0.833713 0.552199 -0.552199 -0.833713     20.776985 20.776985 0.661417
351.241150 342.704193     107.468750 104.222656 251.121094     -0.945313 0.326166 -0.326166 -0.945313     25.577500 25.577500 1.695915
351.241150 342.704193     55.218750 44.328125 46.487305     -0.945313 0.326166 -0.326166 -0.945313     25.577500 25.577500 2.913708
518.876953 203.081558     67.734375 19.322266 35.581177     -0.813559 0.581482 -0.581482 -0.813559     67.170338 67.170338 0.682876
518.876953 203.081558     13.253906 -3.499023 86.070923     -0.813559 0.581482 -0.581482 -0.813559     67.170338 67.170338 3.876310
470.238190 311.123199     34.453125 -8.054688 31.609375     -0.955996 0.293379 -0.293379 -0.955996     25.110165 25.110165 1.239530
470.238190 311.123199     89.375000 62.332031 54.231812     -0.955996 0.293379 -0.293379 -0.955996     25.110165 25.110165 1.936906
384.342468 458.858459     199.027344 -23.001953 62.030273     -0.904526 0.426418 -0.426418 -0.904526     19.325443 19.325443 1.160524
297.905487 58.537312     108.343750 -6.320312 8.890625     -0.990120 0.140225 -0.140225 -0.990120     9.585069 9.585069 1.449180
297.905487 58.537312     76.000000 54.312500 62.683105     -0.990120 0.140225 -0.140225 -0.990120     9.585069 9.585069 4.578256
472.286804 292.615082     51.468750 19.275391 33.111084     0.610259 -0.792202 0.792202 0.610259     19.177928 19.177928 4.112320
155.073685 367.105255     256.812500 100.100586 254.195923     -0.566618 -0.823981 0.823981 -0.566618     22.684203 22.684203 4.786638
418.258392 330.539917     24.312500 5.861328 71.376099     -0.929490 0.368848 -0.368848 -0.929490     26.800098 26.800098 0.385855
418.258392 330.539917     207.113281 -130.687500 506.398682     -0.929490 0.368848 -0.368848 -0.929490     26.800098 26.800098 1.070331
502.058319 286.912506     55.781250 -11.726562 69.376465     -0.791605 0.611033 -0.611033 -0.791605     22.953442 22.953442 0.888054
502.058319 286.912506     62.625000 30.914062 65.155273     -0.791605 0.611033 -0.611033 -0.791605     22.953442 22.953442 4.473064
186.829987 431.759155     154.760742 50.329834 53.552612     -0.921101 -0.389324 0.389324 -0.921101     39.768307 39.768307 1.930170
186.829987 431.759155     48.537842 37.760254 134.805664     -0.921101 -0.389324 0.389324 -0.921101     39.768307 39.768307 2.440179
395.087494 444.254181     158.957031 23.029297 233.287109     -0.922571 -0.385828 0.385828 -0.922571     21.854161 21.854161 2.130540
395.087494 444.254181     100.765625 15.332031 53.452148     -0.922571 -0.385828 0.385828 -0.922571     21.854161 21.854161 5.413120
313.293091 452.560333     485.218750 17.003906 206.416870     0.374723 -0.927137 0.927137 0.374723     24.373746 24.373746 1.217677
313.293091 452.560333     72.500000 13.593750 16.849609     0.374723 -0.927137 0.927137 0.374723     24.373746 24.373746 3.949765
451.271179 279.345764     300.328125 54.997559 53.788574     -0.994528 -0.104468 0.104468 -0.994528     23.304748 23.304748 5.640427
508.072510 204.674164     67.781250 -63.148438 242.470703     -0.868524 0.495648 -0.495648 -0.868524     73.312736 73.312736 0.602819
508.072510 204.674164     37.409058 10.395355 25.024086     -0.868524 0.495648 -0.495648 -0.868524     73.312736 73.312736 3.789878
470.605591 294.111816     77.769531 -18.259766 76.326050     0.644615 -0.764507 0.764507 0.644615     18.979120 18.979120 0.516413
470.605591 294.111816     71.067383 -35.501160 83.205276     0.644615 -0.764507 0.764507 0.644615     18.979120 18.979120 1.586150
383.806580 459.135803     32.453125 6.877441 59.041321     -0.895356 0.445351 -0.445351 -0.895356     19.197526 19.197526 1.090494
174.708527 395.757843     105.500000 58.316406 119.513184     -0.974005 0.226526 -0.226526 -0.974005     20.225018 20.225018 3.915750
174.708527 395.757843     72.062500 -1.874268 19.315582     -0.974005 0.226526 -0.226526 -0.974005     20.225018 20.225018 4.354050
366.285126 365.855377     37.484375 -7.914429 24.727859     -0.926655 -0.375912 0.375912 -0.926655     22.760181 22.760181 2.168584
366.285126 365.855377     404.714844 187.058594 298.532715     -0.926655 -0.375912 0.375912 -0.926655     22.760181 22.760181 2.689562
409.196594 421.188049     125.093750 13.578125 758.356445     -0.744344 0.667796 -0.667796 -0.744344     18.149497 18.149497 1.464207
409.196594 421.188049     9.678711 1.857422 55.250000     -0.744344 0.667796 -0.667796 -0.744344     18.149497 18.149497 4.327719
306.082184 428.283112     303.875000 123.613281 201.584167     -0.967161 -0.254163 0.254163 -0.967161     19.031233 19.031233 0.240679
306.082184 428.283112     108.732269 -16.769836 101.831116     -0.967161 -0.254163 0.254163 -0.967161     19.031233 19.031233 1.277507
391.936584 304.790253     43.968750 31.246094 45.833496     -0.995411 -0.095694 0.095694 -0.995411     20.875400 20.875400 1.558757
391.936584 304.790253     100.656250 97.281250 196.487305     -0.995411 -0.095694 0.095694 -0.995411     20.875400 20.875400 1.869863
307.361877 393.483429     72.656250 -16.721680 24.922485     -0.994849 -0.101369 0.101369 -0.994849     28.172863 28.172863 2.332798
307.361877 393.483429     127.875000 28.681641 176.676025     -0.994849 -0.101369 0.101369 -0.994849     28.172863 28.172863 2.865793
392.238403 339.453827     54.884766 -11.988770 20.245361     -0.992434 0.122777 -0.122777 -0.992434     60.348654 60.348654 5.908131
471.342621 293.584961     226.250000 27.265625 50.197266     0.670918 -0.741531 0.741531 0.670918     19.154569 19.154569 0.568066
471.342621 293.584961     70.046875 29.576172 167.350586     0.670918 -0.741531 0.741531 0.670918     19.154569 19.154569 1.101535
230.174469 376.902130     151.093750 110.965820 105.469238     -0.995975 0.089634 -0.089634 -0.995975     26.059908 26.059908 0.564350
230.174469 376.902130     157.714844 40.453857 64.263962     -0.995975 0.089634 -0.089634 -0.995975     26.059908 26.059908 2.007505
154.601120 368.780884     20.750000 -7.141602 33.074036     -0.315385 -0.948964 0.948964 -0.315385     27.397258 27.397258 4.768533
331.233093 413.578949     66.828125 0.470215 50.883972     0.329865 -0.944028 0.944028 0.329865     31.570554 31.570554 1.379775
331.233093 413.578949     54.984375 17.169800 30.262260     0.329865 -0.944028 0.944028 0.329865     31.570554 31.570554 4.516486
500.690643 205.788330     46.062500 32.357422 56.016541     -0.898745 0.438471 -0.438471 -0.898745     75.859614 75.859614 0.528657
500.690643 205.788330     11.718750 13.906250 99.796875     -0.898745 0.438471 -0.438471 -0.898745     75.859614 75.859614 3.696267
169.676315 399.371063     78.093750 32.945312 43.142578     -0.969286 0.245938 -0.245938 -0.969286     23.051450 23.051450 1.411883
169.676315 399.371063     105.031250 -9.210938 13.052734     -0.969286 0.245938 -0.245938 -0.969286     23.051450 23.051450 1.763544
349.371552 318.268768     15.796875 16.492676 49.342529     -0.994294 0.106673 -0.106673 -0.994294     23.839113 23.839113 1.614662
349.371552 318.268768     55.406250 15.812500 40.426514     -0.994294 0.106673 -0.106673 -0.994294     23.839113 23.839113 4.012617
182.688034 374.953003     117.250000 115.632812 222.443359     -0.778072 -0.628175 0.628175 -0.778072     21.613188 21.613188 3.109390
182.688034 374.953003     299.437500 48.218750 98.259674     -0.778072 -0.628175 0.628175 -0.778072     21.613188 21.613188 5.086908
372.158508 366.285309     46.656250 41.732422 96.774414     -0.985415 -0.170166 0.170166 -0.985415     25.312092 25.312092 1.969094
372.158508 366.285309     173.687500 -100.501953 139.131683     -0.985415 -0.170166 0.170166 -0.985415     25.312092 25.312092 4.838552
395.824066 339.436066     241.765625 -42.488281 121.666992     -0.996239 0.086649 -0.086649 -0.996239     58.426376 58.426376 5.770740
306.770569 322.991333     17.125000 20.398438 150.567871     0.648792 -0.760965 0.760965 0.648792     20.348143 20.348143 4.061122
256.112030 331.868347     424.578125 -109.488281 197.020050     -0.990069 0.140584 -0.140584 -0.990069     21.916948 21.916948 5.931043
391.586945 304.278259     585.656250 -50.918945 108.041107     -0.996023 -0.089097 0.089097 -0.996023     21.467669 21.467669 1.900569
391.586945 304.278259     442.328125 -63.242188 371.500000     -0.996023 -0.089097 0.089097 -0.996023     21.467669 21.467669 3.735709
408.239716 421.767792     30.605469 1.847656 17.728516     -0.791017 0.611795 -0.611795 -0.791017     18.279325 18.279325 1.369596
408.239716 421.767792     38.214844 4.798828 27.044922     -0.791017 0.611795 -0.611795 -0.791017     18.279325 18.279325 4.210224
191.698792 347.361450     120.464844 -68.029297 120.988281     -0.861678 0.507456 -0.507456 -0.861678     20.770275 20.770275 0.628971
281.993561 428.180634     90.812500 26.310059 30.198166     -0.476922 -0.878945 0.878945 -0.476922     25.769557 25.769557 1.566218
281.993561 428.180634     26.859375 15.140625 51.358398     -0.476922 -0.878945 0.878945 -0.476922     25.769557 25.769557 4.770232
393.676971 335.425049     124.199219 -63.767578 124.761719     -0.995794 0.091618 -0.091618 -0.995794     73.193650 73.193650 5.822522
331.542328 415.042328     94.265625 27.351074 31.013458     0.407968 -0.912996 0.912996 0.407968     31.450554 31.450554 1.133995
331.542328 415.042328     17.826904 20.323730 90.433105     0.407968 -0.912996 0.912996 0.407968     31.450554 31.450554 3.536265
226.839630 422.584900     124.500000 30.021484 37.036499     -0.794431 -0.607354 0.607354 -0.794431     21.368753 21.368753 2.041600
226.839630 422.584900     176.296875 -48.382812 28.106201     -0.794431 -0.607354 0.607354 -0.794431     21.368753 21.368753 5.306012
221.734436 366.943237     28.585938 14.685547 53.255859     -0.710292 -0.703907 0.703907 -0.710292     31.445756 31.445756 4.993339
350.911560 317.751709     82.796875 -54.645508 78.899414     -0.970810 0.239852 -0.239852 -0.970810     23.745590 23.745590 1.468472
350.911560 317.751709     16.921875 9.851562 56.003906     -0.970810 0.239852 -0.239852 -0.970810     23.745590 23.745590 4.251788
363.827576 298.383606     35.375000 -1.537109 46.565430     -0.960028 0.279904 -0.279904 -0.960028     14.603799 14.603799 6.341804
374.519989 369.228882     105.078125 25.305176 30.434540     -0.928513 -0.371299 0.371299 -0.928513     30.240182 30.240182 1.799955
374.519989 369.228882     50.925781 -0.543945 35.548828     -0.928513 -0.371299 0.371299 -0.928513     30.240182 30.240182 2.234763
307.131714 393.275604     71.277832 13.819336 45.907074     -0.995758 -0.092011 0.092011 -0.995758     28.156034 28.156034 0.308183
307.131714 393.275604     89.531250 -7.104980 19.757557     -0.995758 -0.092011 0.092011 -0.995758     28.156034 28.156034 1.754129
442.113098 281.868927     19.163818 22.175537 151.685791     -0.985680 0.168627 -0.168627 -0.985680     28.484744 28.484744 6.032969
320.702393 377.920624     193.843750 29.527344 23.708984     -0.915042 -0.403359 0.403359 -0.915042     15.735018 15.735018 2.064486
320.702393 377.920624     219.328125 -55.042969 47.591797     -0.915042 -0.403359 0.403359 -0.915042     15.735018 15.735018 5.221353
479.460388 209.782562     76.529297 19.715332 35.189941     -0.941094 0.338145 -0.338145 -0.941094     78.475600 78.475600 0.295524
479.460388 209.782562     338.781250 146.078125 211.029175     -0.941094 0.338145 -0.338145 -0.941094     78.475600 78.475600 3.507405
257.509247 332.002319     76.437500 -9.074219 33.539062     -0.994697 0.102852 -0.102852 -0.994697     24.098602 24.098602 5.907486
303.750671 327.596191     30.890625 9.501953 72.512207     0.553357 -0.832944 0.832944 0.553357     19.323892 19.323892 4.286984
349.765442 318.135803     34.781250 0.800781 47.695557     -0.965804 0.259274 -0.259274 -0.965804     23.102245 23.102245 1.440508
349.765442 318.135803     116.594727 31.265503 22.224442     -0.965804 0.259274 -0.259274 -0.965804     23.102245 23.102245 4.140665
191.838150 361.354675     78.187500 65.625000 98.986572     -0.997516 -0.070444 0.070444 -0.997516     61.341755 61.341755 5.662077
182.813187 374.600739     43.480469 -6.718750 43.098145     -0.719805 -0.694176 0.694176 -0.719805     22.568811 22.568811 5.267822
182.813187 374.600739     22.172363 30.375977 166.911865     -0.719805 -0.694176 0.694176 -0.719805     22.568811 22.568811 5.673187
298.845795 408.359802     215.656250 -53.949219 45.981445     -0.856225 -0.516603 0.516603 -0.856225     12.682753 12.682753 1.460513
298.845795 408.359802     28.593750 15.542969 41.002930     -0.856225 -0.516603 0.516603 -0.856225     12.682753 12.682753 4.804021
269.440369 392.775238     369.390625 -486.742188 648.359375     -0.874582 0.484877 -0.484877 -0.874582     17.584327 17.584327 0.808048
269.440369 392.775238     217.578125 50.714844 37.410812     -0.874582 0.484877 -0.484877 -0.874582     17.584327 17.584327 1.359793
297.521179 58.368645     49.234375 -0.214600 15.572357     -0.991183 0.132498 -0.132498 -0.991183     11.133863 11.133863 1.432855
297.521179 58.368645     84.357422 20.771973 48.511017     -0.991183 0.132498 -0.132498 -0.991183     11.133863 11.133863 4.569447
363.778992 298.257233     108.125000 70.607422 66.390503     -0.958226 0.286011 -0.286011 -0.958226     16.167609 16.167609 6.355440
277.717987 330.554871     40.140625 57.542480 189.226196     -0.971561 0.236789 -0.236789 -0.971561     41.769251 41.769251 6.222314
463.029999 215.098450     96.162109 -54.839844 76.288086     -0.938545 0.345156 -0.345156 -0.938545     77.230835 77.230835 0.332312
463.029999 215.098450     26.587219 13.828857 62.549805     -0.938545 0.345156 -0.345156 -0.938545     77.230835 77.230835 3.587487
280.501678 331.241486     140.515625 22.812500 25.944824     -0.986134 0.165952 -0.165952 -0.986134     44.109178 44.109178 6.039796
278.921753 369.286072     14.734375 7.074219 63.472656     -0.991781 0.127951 -0.127951 -0.991781     30.811097 30.811097 0.936321
278.921753 369.286072     31.843750 2.777344 59.158203     -0.991781 0.127951 -0.127951 -0.991781     30.811097 30.811097 4.044887
449.591309 219.331512     61.718750 -40.541016 49.073486     -0.938883 0.344236 -0.344236 -0.938883     75.874216 75.874216 3.623684
449.591309 219.331512     236.563965 24.750977 38.484375     -0.938883 0.344236 -0.344236 -0.938883     75.874216 75.874216 4.851363
34.188118 132.184814     34.375000 -12.178711 53.810547     0.557361 -0.830270 0.830270 0.557361     25.801468 25.801468 5.342306
34.275688 132.837097     38.218750 7.511719 22.680664     0.517612 -0.855616 0.855616 0.517612     25.600570 25.600570 5.392579
441.340912 222.456833     99.246094 80.488281 102.276367     -0.937769 0.347260 -0.347260 -0.937769     75.288802 75.288802 4.834195
297.507690 58.484615     136.062500 41.492188 66.476562     -0.992806 0.119734 -0.119734 -0.992806     12.112660 12.112660 1.416385
297.507690 58.484615     30.875000 1.144531 110.504883     -0.992806 0.119734 -0.119734 -0.992806     12.112660 12.112660 2.918371
236.632660 90.701729     97.234375 3.906250 65.109375     -0.990730 0.135843 -0.135843 -0.990730     13.182505 13.182505 3.072770
236.632660 90.701729     30.500000 19.237793 57.046707     -0.990730 0.135843 -0.135843 -0.990730     13.182505 13.182505 4.501354
236.833145 92.236282     32.781250 34.515625 103.929688     -0.991495 0.130148 -0.130148 -0.991495     17.816707 17.816707 3.089554
236.833145 92.236282     53.750000 16.515625 38.400635     -0.991495 0.130148 -0.130148 -0.991495     17.816707 17.816707 4.414035
235.844360 94.797577     259.218750 73.729980 47.163910     -0.986062 0.166380 -0.166380 -0.986062     25.086051 25.086051 3.249715
235.844360 94.797577     134.686523 37.425171 25.210983     -0.986062 0.166380 -0.166380 -0.986062     25.086051 25.086051 4.335602
240.040680 95.940552     80.735352 23.666626 63.822556     -0.993956 0.109783 -0.109783 -0.993956     28.096015 28.096015 2.962114
531.442505 123.811501     121.562500 50.451172 63.356934     -0.890801 0.454393 -0.454393 -0.890801     27.884663 27.884663 0.374150
531.442505 123.811501     116.289062 -39.613770 85.706299     -0.890801 0.454393 -0.454393 -0.890801     27.884663 27.884663 2.021345
454.477264 150.022720     157.281250 62.582031 77.403076     -0.988276 0.152678 -0.152678 -0.988276     13.648873 13.648873 1.640426
454.477264 150.022720     44.191406 -7.455078 45.526367     -0.988276 0.152678 -0.152678 -0.988276     13.648873 13.648873 6.079071
450.491974 151.524063     101.715698 31.306152 151.824951     -0.970555 0.240879 -0.240879 -0.970555     14.161220 14.161220 1.653493
297.664337 58.409092     11.906250 -9.929688 181.371094     -0.992133 0.125188 -0.125188 -0.992133     13.074519 13.074519 1.410628
297.664337 58.409092     27.838257 18.304199 74.941406     -0.992133 0.125188 -0.125188 -0.992133     13.074519 13.074519 2.968315
530.935608 124.243011     55.968750 9.679688 79.975586     -0.884547 0.466451 -0.466451 -0.884547     29.265139 29.265139 0.386224
530.935608 124.243011     82.750000 21.914062 30.072266     -0.884547 0.466451 -0.466451 -0.884547     29.265139 29.265139 2.011466
297.515808 58.465191     279.312500 147.328125 661.947266     -0.993553 0.113372 -0.113372 -0.993553     13.983613 13.983613 2.937104
297.515808 58.465191     42.343750 39.474609 63.726318     -0.993553 0.113372 -0.113372 -0.993553     13.983613 13.983613 4.522220
149.070282 249.431305     162.187500 17.429688 23.553711     -0.905564 0.424209 -0.424209 -0.905564     12.451143 12.451143 1.578939
148.409088 249.582382     555.093750 -809.921875 1209.000000     -0.905213 0.424958 -0.424958 -0.905213     12.338437 12.338437 1.579180
235.600769 260.682159     20.531250 -22.007812 75.050781     -0.948852 0.315721 -0.315721 -0.948852     25.342026 25.342026 1.516205
148.246887 249.466339     122.625000 47.050293 93.476501     -0.905232 0.424917 -0.424917 -0.905232     13.042276 13.042276 1.582567
233.029068 259.215118     21.750000 -7.144531 52.432259     -0.951210 0.308544 -0.308544 -0.951210     32.377669 32.377669 1.506250
228.206741 259.274170     33.000000 11.469727 69.904419     -0.956113 0.292997 -0.292997 -0.956113     36.227798 36.227798 1.503437
231.171158 257.794220     36.281250 1.414062 48.309326     -0.948627 0.316398 -0.316398 -0.948627     39.458661 39.458661 1.502230
530.968079 124.322685     24.011719 25.658691 55.065414     -0.879142 0.476560 -0.476560 -0.879142     30.870632 30.870632 0.413976
530.968079 124.322685     182.208496 52.560547 56.484863     -0.879142 0.476560 -0.476560 -0.879142     30.870632 30.870632 2.029563
228.503113 257.950317     104.000000 13.867188 78.258636     -0.948404 0.317064 -0.317064 -0.948404     42.111865 42.111865 1.501873
233.936371 213.122726     109.523438 22.304688 66.017822     -0.992455 -0.122610 0.122610 -0.992455     25.578523 25.578523 2.329334
233.936371 213.122726     16.726562 -17.303711 59.608643     -0.992455 -0.122610 0.122610 -0.992455     25.578523 25.578523 3.225883
230.452209 214.312500     108.428711 -47.772461 70.888672     -0.999511 -0.031282 0.031282 -0.999511     34.662818 34.662818 2.410874
230.452209 214.312500     217.859375 -54.876953 48.394775     -0.999511 -0.031282 0.031282 -0.999511     34.662818 34.662818 5.412686
228.491913 214.834946     72.821777 -72.873047 92.640625     -0.999969 0.007866 -0.007866 -0.999969     37.850700 37.850700 2.459378
228.491913 214.834946     71.562500 -27.062500 37.875000     -0.999969 0.007866 -0.007866 -0.999969     37.850700 37.850700 5.464260
