1.0
627
222.033081 122.477943     45.425781 -10.076172 21.667969     -0.938776 0.344528 -0.344528 -0.938776     19.075990 19.075990 6.366298
188.789856 106.579712     45.320312 -11.197266 53.479492     0.573443 -0.819245 0.819245 0.573443     27.550370 27.550370 4.089737
188.789856 106.579712     30.003906 3.845215 36.840012     0.573443 -0.819245 0.819245 0.573443     27.550370 27.550370 4.717137
204.118301 115.170525     82.515625 -68.338867 154.567871     -0.989347 0.145577 -0.145577 -0.989347     61.387044 61.387044 4.267339
149.575211 73.682449     964.781250 4.871094 345.681641     0.516557 -0.856253 0.856253 0.516557     28.915217 28.915217 1.527142
194.140854 110.372246     69.117188 22.957031 83.431641     -0.999969 -0.007867 0.007867 -0.999969     83.661683 83.661683 4.073815
293.433685 68.979591     882.492188 -49.062500 182.267578     -0.592606 -0.805493 0.805493 -0.592606     32.520887 32.520887 6.117348
59.312294 68.696564     215.971191 -35.225464 52.121002     0.409829 -0.912162 0.912162 0.409829     28.122159 28.122159 4.308125
15.712610 107.958946     137.128906 112.000000 149.398438     0.550478 -0.834850 0.834850 0.550478     14.502344 14.502344 4.046124
15.712610 107.958946     11.679688 -8.847656 115.476562     0.550478 -0.834850 0.834850 0.550478     14.502344 14.502344 5.212702
236.902710 163.786484     1127.879395 -736.168457 1072.241699     -0.935772 -0.352606 0.352606 -0.935772     22.166485 22.166485 0.208693
236.902710 163.786484     33.960938 38.722656 106.257812     -0.935772 -0.352606 0.352606 -0.935772     22.166485 22.166485 1.745422
127.823074 285.730774     273.932617 58.386719 517.117188     -0.904151 -0.427212 0.427212 -0.904151     17.836955 17.836955 3.945550
245.963013 172.883926     2092.835938 553.141602 1173.290405     -0.687498 -0.726186 0.726186 -0.687498     25.093617 25.093617 4.033289
228.867126 223.013992     152.843750 144.449219 206.925781     0.084328 -0.996438 0.996438 0.084328     14.877870 14.877870 1.988275
167.661728 300.213654     165.253906 171.812500 261.015625     -0.398502 -0.917167 0.917167 -0.398502     18.628171 18.628171 1.763526
118.499596 291.121246     62.058395 43.077148 947.140625     -0.221970 -0.975053 0.975053 -0.221970     72.649696 72.649696 1.003624
249.027130 176.729660     656.507812 262.953125 991.375000     -0.638747 -0.769417 0.769417 -0.638747     25.821646 25.821646 4.014535
232.525879 230.471329     18697.546875 58.270508 1229.469727     -0.087135 -0.996196 0.996196 -0.087135     25.494624 25.494624 2.415316
232.525879 230.471329     77.103363 115.144775 2279.132812     -0.087135 -0.996196 0.996196 -0.087135     25.494624 25.494624 4.414922
183.185074 103.119606     834.494141 438.937500 1167.460938     -0.949611 -0.313432 0.313432 -0.949611     98.971480 98.971480 3.831685
250.398987 179.150040     53.964844 -8.281250 23.289062     -0.604793 -0.796383 0.796383 -0.604793     26.536750 26.536750 1.611068
250.398987 179.150040     1139.775391 641.828125 1307.312500     -0.604793 -0.796383 0.796383 -0.604793     26.536750 26.536750 4.006139
252.664963 183.471527     2599.148438 1192.341797 1188.081055     -0.554808 -0.831978 0.831978 -0.554808     26.980609 26.980609 4.751557
230.808777 236.368713     1594.689453 816.000000 1347.242188     0.195116 -0.980780 0.980780 0.195116     33.382361 33.382361 2.157761
131.409454 312.970154     139.811951 290.551758 3457.539062     -0.481091 -0.876671 0.876671 -0.481091     101.843956 101.843956 1.236655
131.409454 312.970154     251.521912 496.502930 3894.890625     -0.481091 -0.876671 0.876671 -0.481091     101.843956 101.843956 2.157573
136.440628 319.676208     24.664062 -0.664062 13.929688     -0.568051 -0.822993 0.822993 -0.568051     103.747012 103.747012 2.060411
136.440628 319.676208     291.312500 -90.468750 141.007812     -0.568051 -0.822993 0.822993 -0.568051     103.747012 103.747012 5.064920
242.601624 357.089417     17.609375 14.554688 40.000000     -0.969519 0.245016 -0.245016 -0.969519     20.717715 20.717715 3.461525
143.310318 326.305389     213.468750 -61.195312 85.751953     -0.659766 -0.751471 0.751471 -0.659766     108.025530 108.025530 5.105790
193.695160 110.256683     5092.000000 3013.214844 2450.568359     -0.868691 -0.495355 0.495355 -0.868691     101.441832 101.441832 1.547247
193.695160 110.256683     65.500000 -35.519531 252.253906     -0.868691 -0.495355 0.495355 -0.868691     101.441832 101.441832 5.032275
150.055664 330.004730     4363.062500 1073.445312 1247.328125     -0.758257 -0.651955 0.651955 -0.758257     114.342467 114.342467 5.148845
380.190155 165.529510     10.609375 1.140625 92.718750     -0.836268 0.548320 -0.548320 -0.836268     26.116458 26.116458 1.342467
162.996307 334.387909     2418.074951 2084.375000 5292.765625     -0.877889 -0.478865 0.478865 -0.877889     123.776050 123.776050 2.175598
162.996307 334.387909     77.625977 -110.678711 174.417969     -0.877889 -0.478865 0.478865 -0.877889     123.776050 123.776050 5.251556
316.125000 288.153839     591.718750 -49.679688 153.718750     -0.998106 0.061512 -0.061512 -0.998106     16.770434 16.770434 0.995128
235.758286 294.905029     23677.656250 447.396484 1248.643311     -0.905259 0.424860 -0.424860 -0.905259     44.672250 44.672250 1.471178
235.758286 294.905029     62.018555 -84.808594 461.398438     -0.905259 0.424860 -0.424860 -0.905259     44.672250 44.672250 4.694410
288.550171 257.509308     6541.941406 1133.140625 1157.914062     -0.441763 -0.897132 0.897132 -0.441763     14.541610 14.541610 1.535609
388.982452 164.654953     17.531250 -16.539062 59.835938     -0.927901 0.372826 -0.372826 -0.927901     35.193331 35.193331 1.187648
212.701630 123.721092     4523.736328 2632.539062 5121.140625     -0.837090 -0.547065 0.547065 -0.837090     98.727248 98.727248 1.555099
212.701630 123.721092     21.437500 6.742188 96.710938     -0.837090 -0.547065 0.547065 -0.837090     98.727248 98.727248 4.754983
230.588379 236.049789     790.953125 -95.156250 171.830078     0.180744 -0.983530 0.983530 0.180744     34.557110 34.557110 2.163924
176.977188 335.382690     33.726562 1.976562 17.476562     -0.954842 -0.297114 0.297114 -0.954842     135.994488 135.994488 5.374004
317.366669 288.811096     139.181641 -191.410156 595.945312     -0.982025 -0.188749 0.188749 -0.982025     17.651834 17.651834 2.333216
398.714355 166.062180     23.484375 -16.656250 69.125000     -0.984266 0.176691 -0.176691 -0.984266     44.614157 44.614157 0.992834
253.033493 184.378204     25725.718750 467.185547 1210.539795     -0.548977 -0.835837 0.835837 -0.548977     28.695987 28.695987 4.754705
405.051147 166.694351     1045.515625 -137.742188 175.833984     -0.989566 0.144079 -0.144079 -0.989566     50.924715 50.924715 0.991587
370.895630 291.723907     7595.363281 3272.562500 4820.468750     -0.013888 -0.999904 0.999904 -0.013888     14.646469 14.646469 4.836965
65.043289 249.575760     27.921875 -18.312500 77.492188     0.547431 -0.836851 0.836851 0.547431     10.286050 10.286050 1.117542
65.043289 249.575760     66.968750 -51.429688 109.960938     0.547431 -0.836851 0.836851 0.547431     10.286050 10.286050 5.090456
413.673523 166.931396     1531.015625 -243.484375 197.539062     -0.993786 0.111305 -0.111305 -0.993786     54.773443 54.773443 0.995059
413.673523 166.931396     9.140625 0.109375 47.140625     -0.993786 0.111305 -0.111305 -0.993786     54.773443 54.773443 3.094922
64.444160 262.631989     167.385254 -170.566406 633.382812     0.199462 -0.979906 0.979906 0.199462     30.104823 30.104823 1.040160
64.444160 262.631989     85.562500 -66.984375 125.839844     0.199462 -0.979906 0.979906 0.199462     30.104823 30.104823 3.983581
194.454620 336.677399     6178.589844 3844.945312 3071.376953     -0.980224 -0.197893 0.197893 -0.980224     137.168794 137.168794 4.316505
194.454620 336.677399     10644.035156 3817.269531 4605.640625     -0.980224 -0.197893 0.197893 -0.980224     137.168794 137.168794 5.397918
414.359650 234.688599     10.703125 -12.546875 146.914062     0.325749 -0.945456 0.945456 0.325749     15.479512 15.479512 5.772678
67.629280 258.709137     30.273438 29.992188 39.332031     0.334164 -0.942515 0.942515 0.334164     36.414896 36.414896 0.913749
67.629280 258.709137     91.656250 -74.031250 140.933594     0.334164 -0.942515 0.942515 0.334164     36.414896 36.414896 3.936406
288.500000 257.542480     81.940308 27.527344 23.691406     -0.435237 -0.900316 0.900316 -0.435237     16.408344 16.408344 1.527383
288.500000 257.542480     1891.359375 -318.539062 212.691406     -0.435237 -0.900316 0.900316 -0.435237     16.408344 16.408344 3.096837
373.276581 293.578003     15.207031 34.373047 108.773438     -0.088513 -0.996075 0.996075 -0.088513     20.542081 20.542081 4.789611
420.954376 166.016083     196.147949 -202.066406 667.453125     -0.988903 0.148560 -0.148560 -0.988903     56.480840 56.480840 1.064716
420.954376 166.016083     11.843750 -15.656250 155.242188     -0.988903 0.148560 -0.148560 -0.988903     56.480840 56.480840 3.179632
317.504974 289.069763     202.325195 349.702148 670.482422     -0.992890 -0.119034 0.119034 -0.992890     18.684269 18.684269 0.857346
317.504974 289.069763     47.851562 5.593750 14.062500     -0.992890 -0.119034 0.119034 -0.992890     18.684269 18.684269 2.392026
68.049828 258.743988     21.664062 12.664062 43.203125     0.341748 -0.939791 0.939791 0.341748     37.535696 37.535696 0.910508
68.049828 258.743988     54.997070 106.423828 261.421875     0.341748 -0.939791 0.939791 0.341748     37.535696 37.535696 3.924147
415.324310 233.762756     71.765625 -34.265625 286.941406     0.310056 -0.950718 0.950718 0.310056     19.119600 19.119600 5.859553
427.644318 164.976349     19.250000 -16.476562 87.820312     -0.988260 0.152782 -0.152782 -0.988260     55.941256 55.941256 1.129616
427.644318 164.976349     2013.734375 -576.351562 757.542969     -0.988260 0.152782 -0.152782 -0.988260     55.941256 55.941256 3.194800
69.724281 261.722900     65.173584 -3.634277 8.210938     0.281071 -0.959687 0.959687 0.281071     45.435177 45.435177 0.902617
415.963562 233.366745     38.530762 114.566406 378.734375     0.312823 -0.949812 0.949812 0.312823     21.054332 21.054332 5.854985
418.940552 230.557693     314.630371 -308.335938 745.343750     0.554238 -0.832358 0.832358 0.554238     25.742015 25.742015 5.473114
439.229340 162.916992     49.944336 93.632812 251.429688     -0.984714 0.174177 -0.174177 -0.984714     55.928923 55.928923 1.218239
439.229340 162.916992     25.296875 -14.242188 94.382812     -0.984714 0.174177 -0.174177 -0.984714     55.928923 55.928923 3.296958
399.255402 368.051941     221.172852 377.164062 720.484375     -0.002878 -0.999996 0.999996 -0.002878     13.604826 13.604826 6.392316
26.746212 149.268936     36.579224 -15.874023 16.851562     -0.920282 -0.391256 0.391256 -0.920282     16.054296 16.054296 1.538113
26.746212 149.268936     199.031250 66.671875 48.812500     -0.920282 -0.391256 0.391256 -0.920282     16.054296 16.054296 5.783527
70.986984 261.002380     36.453125 1.414062 19.710938     0.310726 -0.950500 0.950500 0.310726     47.543896 47.543896 0.886529
420.706909 229.145111     13.750000 -16.937500 169.570312     0.596692 -0.802470 0.802470 0.596692     26.907953 26.907953 5.394336
222.558243 130.875275     44.637695 127.103516 408.773438     -0.829047 -0.559179 0.559179 -0.829047     98.386607 98.386607 1.549667
222.558243 130.875275     92.603699 28.875977 24.351562     -0.829047 -0.559179 0.559179 -0.829047     98.386607 98.386607 4.787819
399.942474 361.901367     29.390625 -11.000000 98.156250     0.090966 -0.995854 0.995854 0.090966     13.911502 13.911502 5.924985
322.736572 252.609756     8100.992188 1790.890625 1509.890625     -0.652180 -0.758064 0.758064 -0.652180     9.514576 9.514576 4.540825
421.083008 229.137482     2206.984375 -648.312500 847.283203     0.584900 -0.811106 0.811106 0.584900     27.838700 27.838700 5.402128
28.744186 149.482559     233.666992 396.978516 755.150391     -0.929180 -0.369626 0.369626 -0.929180     16.062588 16.062588 1.529077
28.744186 149.482559     66.399414 210.763672 787.242188     -0.929180 -0.369626 0.369626 -0.929180     16.062588 16.062588 5.817685
446.112701 161.709839     47.733887 132.148438 412.453125     -0.983599 0.180369 -0.180369 -0.983599     55.894085 55.894085 1.248950
446.112701 161.709839     60.126465 103.935547 311.289062     -0.983599 0.180369 -0.180369 -0.983599     55.894085 55.894085 4.597480
409.822510 298.792206     49.649414 40.511719 40.919922     0.265442 -0.964127 0.964127 0.265442     14.015704 14.015704 4.889818
409.822510 298.792206     13.526367 6.203125 35.218750     0.265442 -0.964127 0.964127 0.265442     14.015704 14.015704 5.638166
373.351044 293.629639     31.156250 -9.875000 96.945312     -0.076258 -0.997088 0.997088 -0.076258     21.886508 21.886508 2.180818
373.351044 293.629639     32.093750 30.882812 41.515625     -0.076258 -0.997088 0.997088 -0.076258     21.886508 21.886508 4.822039
71.726891 340.483185     293.953125 93.437500 62.484375     -0.311554 -0.950228 0.950228 -0.311554     8.928879 8.928879 3.506670
71.726891 340.483185     43.046875 -26.250000 160.843750     -0.311554 -0.950228 0.950228 -0.311554     8.928879 8.928879 5.446101
72.029724 260.640137     19.105225 -16.870117 33.757812     0.347036 -0.937852 0.937852 0.347036     49.576987 49.576987 0.822192
400.173615 361.689819     28231.289062 338.748047 1174.867676     0.107286 -0.994228 0.994228 0.107286     14.339618 14.339618 5.909513
111.762886 133.907211     184.693359 334.416016 740.429688     -0.471035 -0.882115 0.882115 -0.471035     17.767791 17.767791 4.556609
359.510376 423.153534     323.140625 -97.609375 154.257812     -0.987248 -0.159189 0.159189 -0.987248     16.324854 16.324854 0.807062
359.510376 423.153534     28.230225 -25.104492 39.781250     -0.987248 -0.159189 0.159189 -0.987248     16.324854 16.324854 3.069194
288.555542 257.742676     47.477051 38.987305 41.720703     -0.419627 -0.907696 0.907696 -0.419627     17.892509 17.892509 1.519911
288.555542 257.742676     63.218750 -32.242188 29.000000     -0.419627 -0.907696 0.907696 -0.419627     17.892509 17.892509 3.063880
65.779091 328.481262     55.468750 -41.250000 178.945312     -0.389748 -0.920922 0.920922 -0.389748     14.199536 14.199536 1.101328
230.350754 235.208206     2048.156250 -941.609375 2064.839844     0.153556 -0.988140 0.988140 0.153556     36.680045 36.680045 2.185813
29.631979 149.667511     71.044189 223.507812 823.781250     -0.933597 -0.358324 0.358324 -0.933597     16.174505 16.174505 1.544988
29.631979 149.667511     462.890625 87.921875 63.937500     -0.933597 -0.358324 0.358324 -0.933597     16.174505 16.174505 5.827026
410.408234 298.674042     57.828125 -37.640625 219.359375     0.222125 -0.975018 0.975018 0.222125     17.714445 17.714445 6.103821
448.226624 169.623001     68.274292 -3.675293 9.507812     -0.931881 0.362764 -0.362764 -0.931881     103.908134 103.908134 3.641670
253.374039 184.874329     42.504883 -36.439453 48.480469     -0.545889 -0.837857 0.837857 -0.545889     30.424134 30.424134 4.753492
400.413055 361.031616     192.819824 346.570312 770.117188     0.111172 -0.993801 0.993801 0.111172     14.946843 14.946843 5.837214
33.417583 179.798538     248.622070 420.269531 800.830078     -0.997987 0.063416 -0.063416 -0.997987     12.712005 12.712005 1.493017
86.553925 332.245087     37.772217 -15.104492 18.093750     -0.292046 -0.956404 0.956404 -0.292046     8.475079 8.475079 4.710897
74.810066 257.753082     95.802490 30.559082 28.041016     0.462273 -0.886738 0.886738 0.462273     55.823450 55.823450 0.775161
74.810066 257.753082     70.953125 -27.656250 224.453125     0.462273 -0.886738 0.886738 0.462273     55.823450 55.823450 1.995289
65.674385 327.390747     1943.171875 -907.609375 2160.199219     -0.365731 -0.930721 0.930721 -0.365731     16.318858 16.318858 1.048949
410.995300 298.509399     80.376465 243.824219 864.656250     0.194290 -0.980944 0.980944 0.194290     21.333988 21.333988 6.196050
112.188210 133.886627     656.046875 162.671875 91.859375     -0.473306 -0.880898 0.880898 -0.473306     19.367051 19.367051 4.558496
42.272728 208.744583     52.109131 43.342285 46.757812     -0.874010 0.485908 -0.485908 -0.874010     12.748878 12.748878 1.539031
42.272728 208.744583     214.685547 381.904297 834.828125     -0.874010 0.485908 -0.485908 -0.874010     12.748878 12.748878 4.084353
371.238708 428.021393     50.768555 -43.237305 55.101562     -0.934843 -0.355061 0.355061 -0.934843     21.809928 21.809928 2.489491
317.582581 289.246246     24.023438 13.453125 47.007812     -0.996502 -0.083574 0.083574 -0.996502     19.918458 19.918458 0.867094
317.582581 289.246246     103.718750 -29.640625 240.156250     -0.996502 -0.083574 0.083574 -0.996502     19.918458 19.918458 2.418458
400.607513 361.317200     27.781250 4.890625 106.406250     0.106829 -0.994277 0.994277 0.106829     15.543033 15.543033 5.836290
87.077255 333.085846     306.417969 477.460938 859.658203     -0.300034 -0.953928 0.953928 -0.300034     9.714682 9.714682 4.703704
87.077255 333.085846     1846.968750 -905.968750 2432.230469     -0.300034 -0.953928 0.953928 -0.300034     9.714682 9.714682 5.060593
30.264368 149.668961     89.729980 264.437500 916.039062     -0.938985 -0.343958 0.343958 -0.938985     16.701030 16.701030 1.550580
30.264368 149.668961     1151.406250 309.968750 136.562500     -0.938985 -0.343958 0.343958 -0.938985     16.701030 16.701030 5.864350
66.584816 327.482788     21.937500 -14.671875 23.375000     -0.347247 -0.937774 0.937774 -0.347247     20.152370 20.152370 0.921669
66.584816 327.482788     30.027344 7.583984 31.839844     -0.347247 -0.937774 0.937774 -0.347247     20.152370 20.152370 3.707486
50.972851 323.760193     56.589844 48.070312 53.218750     -0.161059 -0.986945 0.986945 -0.161059     8.710325 8.710325 1.190844
50.972851 323.760193     33.445312 31.687500 43.859375     -0.161059 -0.986945 0.986945 -0.161059     8.710325 8.710325 5.183699
411.554504 298.323303     73.586304 -3.182129 10.683594     0.154201 -0.988040 0.988040 0.154201     23.672688 23.672688 6.283711
195.290909 333.430542     232.912109 401.640625 867.398438     -0.969186 -0.246330 0.246330 -0.969186     146.143733 146.143733 5.323896
451.653900 171.187683     30.133789 6.741211 39.078125     -0.928357 0.371690 -0.371690 -0.928357     109.092839 109.092839 3.658583
112.595139 134.060730     350.538086 526.821289 929.048828     -0.474875 -0.880053 0.880053 -0.474875     19.850042 19.850042 4.569314
55.030304 335.673401     1692.968750 -1452.218750 5489.703125     -0.261497 -0.965204 0.965204 -0.261497     13.722023 13.722023 1.757913
87.400780 334.007782     89.955322 266.216797 942.484375     -0.308430 -0.951247 0.951247 -0.308430     9.947342 9.947342 0.940225
87.400780 334.007782     1595.171875 428.640625 180.437500     -0.308430 -0.951247 0.951247 -0.308430     9.947342 9.947342 4.696518
67.163055 328.195038     40.450317 -16.878906 21.488281     -0.338839 -0.940844 0.940844 -0.338839     21.437527 21.437527 0.886519
67.163055 328.195038     58.133545 -49.824219 62.085938     -0.338839 -0.940844 0.940844 -0.338839     21.437527 21.437527 3.799303
47.162163 129.981979     102.952026 33.145020 31.529297     -0.744016 -0.668162 0.668162 -0.744016     9.586688 9.586688 4.799354
95.900436 382.155853     29.092773 6.158203 78.446777     -0.256846 -0.966452 0.966452 -0.256846     15.508892 15.508892 2.394668
95.900436 382.155853     59.847656 3.417969 24.406250     -0.256846 -0.966452 0.966452 -0.256846     15.508892 15.508892 5.479102
412.088348 298.369995     75.039062 -33.507812 319.171875     0.145305 -0.989387 0.989387 0.145305     24.526434 24.526434 6.301195
322.622894 252.512711     44.305664 -14.740234 89.320312     -0.651614 -0.758551 0.758551 -0.651614     10.615263 10.615263 0.660053
322.622894 252.512711     8061.949219 1884.289062 1710.429688     -0.651614 -0.758551 0.758551 -0.651614     10.615263 10.615263 4.522875
376.725525 429.494751     1748.390625 -1908.195312 10929.976562     -0.942887 -0.333111 0.333111 -0.942887     24.430467 24.430467 2.534371
403.554565 360.917175     46.905762 77.125977 214.128906     0.208097 -0.978108 0.978108 0.208097     27.542820 27.542820 5.889801
54.923077 235.119659     61.264404 52.004883 58.150391     0.548482 -0.836163 0.836163 0.548482     12.759109 12.759109 0.809616
54.923077 235.119659     75.154297 109.824219 184.972656     0.548482 -0.836163 0.836163 0.548482     12.759109 12.759109 3.227204
73.908257 340.645020     605.081543 735.689453 1192.250000     -0.424805 -0.905285 0.905285 -0.424805     23.713212 23.713212 1.776400
235.246582 294.963531     6452.808594 3562.832031 2941.666016     -0.909465 0.415781 -0.415781 -0.909465     47.117723 47.117723 1.463443
235.246582 294.963531     19.062500 -28.496094 373.914062     -0.909465 0.415781 -0.415781 -0.909465     47.117723 47.117723 4.701307
55.934616 234.173080     167.782227 17.484375 118.371094     0.622815 -0.782369 0.782369 0.622815     12.921706 12.921706 4.888443
47.318897 129.681107     1683.093750 -1654.789062 10926.968750     -0.732674 -0.680580 0.680580 -0.732674     10.558690 10.558690 4.798027
490.288330 187.160583     20.945312 -23.183594 397.101562     -0.856955 0.515392 -0.515392 -0.856955     13.949155 13.949155 1.220994
490.288330 187.160583     32.009766 12.070312 81.183594     -0.856955 0.515392 -0.515392 -0.856955     13.949155 13.949155 2.220831
405.251007 359.360779     23.320312 -14.414062 24.789062     0.290273 -0.956944 0.956944 0.290273     29.493459 29.493459 5.735238
448.724030 185.671295     8409.527344 1422.406250 1783.515625     0.703968 -0.710232 0.710232 0.703968     150.252279 150.252279 0.889641
448.724030 185.671295     46.710449 77.814453 226.322266     0.703968 -0.710232 0.710232 0.703968     150.252279 150.252279 3.918099
55.700001 337.705719     71.415771 -60.921875 71.996094     -0.264749 -0.964317 0.964317 -0.264749     14.001475 14.001475 1.757081
384.963867 429.910309     41.679688 0.468750 20.906250     -0.978534 -0.206086 0.206086 -0.978534     30.327659 30.327659 0.954965
384.963867 429.910309     17.156250 16.421875 64.296875     -0.978534 -0.206086 0.206086 -0.978534     30.327659 30.327659 2.866485
406.046417 361.096313     84.598877 -3.558105 11.808594     0.216335 -0.976319 0.976319 0.216335     31.656346 31.656346 5.812805
33.796051 179.621704     73.214844 50.566406 73.992188     -0.998065 0.062177 -0.062177 -0.998065     13.707542 13.707542 1.489215
57.194538 233.064850     26.921875 16.304688 53.023438     0.677599 -0.735432 0.735432 0.677599     13.448104 13.448104 4.849779
75.486755 343.810486     4.734375 15.273438 204.464844     -0.424279 -0.905532 0.905532 -0.424279     24.826552 24.826552 1.768090
112.911819 133.798935     6855.804688 3023.650391 2856.406250     -0.474828 -0.880078 0.880078 -0.474828     21.046489 21.046489 4.563036
42.526924 208.730774     11989.685547 4657.921875 5673.984375     -0.879153 0.476540 -0.476540 -0.879153     14.163525 14.163525 1.522915
42.526924 208.730774     80.258789 117.315430 198.039062     -0.879153 0.476540 -0.476540 -0.879153     14.163525 14.163525 4.002359
30.312244 149.365311     21.992188 -17.078125 427.179688     -0.933426 -0.358769 0.358769 -0.933426     18.165416 18.165416 1.530423
30.312244 149.365311     1670.109375 -1360.125000 10792.031250     -0.933426 -0.358769 0.358769 -0.933426     18.165416 18.165416 5.846472
407.429962 362.206421     47.801025 -19.369141 23.000000     0.172069 -0.985085 0.985085 0.172069     36.592029 36.592029 5.910601
450.053650 189.695557     216.519531 257.523438 452.968750     0.663809 -0.747902 0.747902 0.663809     151.778286 151.778286 0.923767
450.053650 189.695557     87.547607 75.158691 80.134766     0.663809 -0.747902 0.747902 0.663809     151.778286 151.778286 3.943272
56.308674 339.119904     46.976074 78.146484 236.830078     -0.274567 -0.961568 0.961568 -0.274567     14.757375 14.757375 1.760461
393.996674 432.530914     121.126953 83.714844 93.390625     -0.965993 -0.258569 0.258569 -0.965993     31.279626 31.279626 1.013257
393.996674 432.530914     17.718750 1.101562 200.238281     -0.965993 -0.258569 0.258569 -0.965993     31.279626 31.279626 2.665747
47.644367 129.735916     85.843750 -62.765625 70.179688     -0.728566 -0.684976 0.684976 -0.728566     11.030671 11.030671 4.793840
77.098557 347.350891     32.250000 -26.937500 36.429688     -0.429933 -0.902861 0.902861 -0.429933     25.782630 25.782630 1.753044
58.138641 232.165192     661.976562 176.808594 379.820312     0.689186 -0.724584 0.724584 0.689186     13.974300 13.974300 0.968179
58.138641 232.165192     87.816406 0.578125 357.601562     0.689186 -0.724584 0.724584 0.689186     13.974300 13.974300 4.827108
288.792114 257.971039     100.213379 -82.253906 87.875000     -0.418618 -0.908162 0.908162 -0.418618     18.997362 18.997362 1.516886
288.792114 257.971039     29.320312 47.578125 147.505859     -0.418618 -0.908162 0.908162 -0.418618     18.997362 18.997362 3.070974
409.429993 363.216888     212.825439 192.307617 188.986328     0.203511 -0.979073 0.979073 0.203511     44.447071 44.447071 6.021343
373.362030 293.677368     38.648438 -36.488281 229.609375     -0.061844 -0.998086 0.998086 -0.061844     23.588849 23.588849 2.140289
373.362030 293.677368     120.167969 91.910156 109.261719     -0.061844 -0.998086 0.998086 -0.061844     23.588849 23.588849 4.848406
114.664124 135.254959     43.656250 -21.859375 36.132812     -0.499349 -0.866401 0.866401 -0.499349     25.149365 25.149365 4.573763
450.200806 194.885208     98.783325 -3.855957 12.431641     0.588487 -0.808507 0.808507 0.588487     155.073342 155.073342 0.988565
450.200806 194.885208     84.211426 123.134766 210.708984     0.588487 -0.808507 0.808507 0.588487     155.073342 155.073342 4.007913
56.800903 339.898193     6611.933594 2563.394531 2947.472656     -0.280843 -0.959754 0.959754 -0.280843     15.814319 15.814319 1.761929
405.354340 435.562683     1738.046875 -1144.390625 10356.835938     -0.962646 -0.270764 0.270764 -0.962646     31.621039 31.621039 1.103245
405.354340 435.562683     113.807678 36.327637 34.871094     -0.962646 -0.270764 0.270764 -0.962646     31.621039 31.621039 2.531123
282.559418 311.623749     24.531250 -14.867188 29.226562     0.689591 -0.724199 0.724199 0.689591     12.701469 12.701469 1.733662
282.559418 311.623749     36.273438 32.625000 44.796875     0.689591 -0.724199 0.724199 0.689591     12.701469 12.701469 4.013136
98.583336 164.352936     202.302246 122.626953 259.314453     -0.663833 -0.747881 0.747881 -0.663833     21.719508 21.719508 1.464945
98.583336 164.352936     7776.425781 684.218750 11219.062500     -0.663833 -0.747881 0.747881 -0.663833     21.719508 21.719508 5.720140
47.877743 129.780563     56.695068 -22.794922 25.867188     -0.719390 -0.694607 0.694607 -0.719390     11.738397 11.738397 4.790711
322.479248 252.279251     48.967773 80.977539 248.863281     -0.647244 -0.762283 0.762283 -0.647244     11.507928 11.507928 0.608354
322.479248 252.279251     82.696167 57.085449 42.697266     -0.647244 -0.762283 0.762283 -0.647244     11.507928 11.507928 2.770987
34.314705 179.514709     730.757812 163.570312 435.484375     -0.998729 0.050395 -0.050395 -0.998729     14.597646 14.597646 1.480059
34.314705 179.514709     1884.015625 -1050.460938 9909.257812     -0.998729 0.050395 -0.050395 -0.998729     14.597646 14.597646 5.909287
78.134689 349.798889     679.000000 201.386719 445.148438     -0.435985 -0.899954 0.899954 -0.435985     27.862428 27.862428 1.780984
99.102127 163.987228     174.602051 -66.593750 40.175781     -0.472854 -0.881141 0.881141 -0.472854     23.172246 23.172246 1.255881
99.102127 163.987228     109.944580 -91.472656 97.621094     -0.472854 -0.881141 0.881141 -0.472854     23.172246 23.172246 5.422625
115.642174 135.455780     75.589844 36.961914 32.362305     -0.509272 -0.860606 0.860606 -0.509272     28.025471 28.025471 4.550192
445.897552 222.568085     7278.117188 684.480469 10470.929688     0.320740 -0.947167 0.947167 0.320740     155.962666 155.962666 1.427530
445.897552 222.568085     101.105469 70.177734 52.291016     0.320740 -0.947167 0.947167 0.320740     155.962666 155.962666 4.299782
56.883198 339.641388     180.268433 63.220215 46.062500     -0.275522 -0.961295 0.961295 -0.275522     16.627853 16.627853 1.774138
416.315338 437.635345     50.109375 83.191406 260.447266     -0.963129 -0.269041 0.269041 -0.963129     35.059774 35.059774 2.471874
416.315338 437.635345     946.175781 543.027344 936.550781     -0.963129 -0.269041 0.269041 -0.963129     35.059774 35.059774 4.531646
42.800674 208.777023     112.746094 5.375000 364.167969     -0.863058 0.505106 -0.505106 -0.863058     15.332972 15.332972 1.545208
42.800674 208.777023     201.931152 126.873047 268.544922     -0.863058 0.505106 -0.505106 -0.863058     15.332972 15.332972 4.011120
59.028946 231.331573     686.433594 404.034180 263.908569     0.692953 -0.720983 0.720983 0.692953     14.404462 14.404462 0.945582
59.028946 231.331573     113.977539 -32.171387 30.244141     0.692953 -0.720983 0.720983 0.692953     14.404462 14.404462 4.817394
30.511030 149.237137     129.971680 89.580078 65.488281     -0.930847 -0.365409 0.365409 -0.930847     19.364666 19.364666 1.523567
30.511030 149.237137     114.562744 -4.559082 14.060547     -0.930847 -0.365409 0.365409 -0.930847     19.364666 19.364666 5.843680
115.854965 79.805344     30.484375 5.375000 118.585938     -0.121974 -0.992533 0.992533 -0.121974     23.954198 23.954198 0.710541
128.114502 406.348602     2060.515625 -887.312500 9664.171875     -0.995465 -0.095126 0.095126 -0.995465     22.081950 22.081950 0.449584
128.114502 406.348602     6757.390625 390.578125 9802.761719     -0.995465 -0.095126 0.095126 -0.995465     22.081950 22.081950 3.663894
230.272110 235.371368     2673.871094 846.365234 565.044189     0.133553 -0.991042 0.991042 0.133553     37.790237 37.790237 2.189714
97.260307 168.925262     146.993408 -82.462891 51.449219     0.285865 -0.958270 0.958270 0.285865     28.427911 28.427911 5.317161
441.815155 261.574066     19726.550781 -5542.218750 15835.361328     0.195694 -0.980665 0.980665 0.195694     166.415173 166.415173 1.503345
86.419228 117.059616     26.914062 -15.367188 31.773438     -0.363978 -0.931407 0.931407 -0.363978     18.425970 18.425970 4.655756
48.019718 129.754929     63.523438 -67.578125 92.914062     -0.717609 -0.696446 0.696446 -0.717609     12.470126 12.470126 4.792825
70.322731 121.170456     154.440063 22.552246 6.640625     -0.525740 -0.850645 0.850645 -0.525740     12.139643 12.139643 4.767178
115.546669 79.713333     109.275757 -25.282227 9.898438     -0.180574 -0.983561 0.983561 -0.180574     24.038553 24.038553 0.736787
82.662918 357.829681     145.207886 -5.364258 14.316406     -0.560964 -0.827840 0.827840 -0.560964     46.452678 46.452678 1.924926
82.662918 357.829681     45.867188 0.234375 23.523438     -0.560964 -0.827840 0.827840 -0.560964     46.452678 46.452678 4.409263
216.637177 132.866821     94.676758 10.037109 19.140625     -0.849117 -0.528204 0.528204 -0.849117     121.196357 121.196357 1.501243
216.637177 132.866821     41.101562 34.679688 47.617188     -0.849117 -0.528204 0.528204 -0.849117     121.196357 121.196357 4.749932
186.759827 263.862457     2477.781250 -521.484375 9398.796875     0.079540 -0.996832 0.996832 0.079540     18.438314 18.438314 2.015670
105.323174 168.829269     158.278320 9.425293 51.832031     -0.952960 -0.303097 0.303097 -0.952960     47.795432 47.795432 0.783073
105.323174 168.829269     120.203125 -103.757812 112.429688     -0.952960 -0.303097 0.303097 -0.952960     47.795432 47.795432 3.993388
443.784790 268.562775     45.265625 37.398438 52.191406     0.171060 -0.985261 0.985261 0.171060     168.121330 168.121330 1.528149
187.206345 264.019836     56.867188 1.890625 23.164062     0.061285 -0.998120 0.998120 0.061285     19.882581 19.882581 2.007419
115.345345 79.318321     39.328125 10.500000 129.359375     -0.226205 -0.974080 0.974080 -0.226205     24.319467 24.319467 0.772608
282.730927 311.843048     48.757812 39.632812 57.378906     0.688882 -0.724873 0.724873 0.688882     13.958656 13.958656 1.750954
282.730927 311.843048     47.718750 12.406250 129.671875     0.688882 -0.724873 0.724873 0.688882     13.958656 13.958656 3.974870
86.490471 116.694977     2865.656250 -224.015625 9719.960938     -0.349456 -0.936953 0.936953 -0.349456     18.925670 18.925670 4.625815
59.947990 230.546097     2.125000 -3.453125 282.462891     0.705421 -0.708789 0.708789 0.705421     14.777117 14.777117 1.018341
59.947990 230.546097     21.437500 6.703125 49.746094     0.705421 -0.708789 0.708789 0.705421     14.777117 14.777117 1.843286
317.683929 289.122620     31.781250 -35.648438 411.523438     -0.999746 -0.022548 0.022548 -0.999746     20.570306 20.570306 0.936208
317.683929 289.122620     23.843750 -13.093750 1065.539062     -0.999746 -0.022548 0.022548 -0.999746     20.570306 20.570306 2.469353
491.331757 235.857819     6.906250 -11.000000 98.382812     -0.299587 -0.954069 0.954069 -0.299587     15.588206 15.588206 4.253998
34.835545 179.413788     246.531250 145.804688 4663.312500     -0.998813 0.048707 -0.048707 -0.998813     15.349606 15.349606 1.490507
34.835545 179.413788     2.281250 -30.843750 619.921875     -0.998813 0.048707 -0.048707 -0.998813     15.349606 15.349606 5.899653
173.078217 226.815643     8.921875 -9.890625 105.296875     -0.704384 -0.709819 0.709819 -0.704384     21.597945 21.597945 0.693143
289.125885 258.501190     16.218750 0.453125 27.625000     -0.433070 -0.901360 0.901360 -0.433070     19.660456 19.660456 1.533459
289.125885 258.501190     25.281250 -84.773438 622.320312     -0.433070 -0.901360 0.901360 -0.433070     19.660456 19.660456 3.089917
199.976303 190.857819     20.859375 -0.500000 30.093750     -0.075809 -0.997122 0.997122 -0.075809     8.506265 8.506265 4.707760
71.054878 122.040649     59.546875 35.953125 44.125000     -0.525057 -0.851067 0.851067 -0.525057     12.633850 12.633850 4.762026
187.677261 265.346588     451.234375 102.375000 32.890625     0.042037 -0.999116 0.999116 0.042037     20.755511 20.755511 1.978044
447.604126 276.829651     40.531250 -84.351562 679.179688     0.144400 -0.989519 0.989519 0.144400     172.628034 172.628034 1.540746
43.340492 208.595093     236.687500 49.523438 119.894531     -0.877264 0.480008 -0.480008 -0.877264     15.847347 15.847347 4.026728
253.927734 185.773560     10.187500 7.429688 56.996094     -0.539807 -0.841789 0.841789 -0.539807     32.255851 32.255851 4.743798
49.465881 130.844711     1320.578125 449.656250 186.906250     -0.724312 -0.689473 0.689473 -0.724312     13.189807 13.189807 4.781793
86.545738 116.427910     52.296875 -79.398438 694.421875     -0.337606 -0.941288 0.941288 -0.337606     19.588063 19.588063 4.628888
170.466064 224.533936     615.906250 125.171875 92.765625     -0.762703 -0.646749 0.646749 -0.762703     21.299324 21.299324 0.851606
199.007736 194.757736     95.312500 3.304443 11.297880     -0.006035 -0.999982 0.999982 -0.006035     18.938587 18.938587 1.365402
199.007736 194.757736     52.781250 4.031250 100.484375     -0.006035 -0.999982 0.999982 -0.006035     18.938587 18.938587 4.484675
474.180725 347.542175     29.257812 -2.632812 35.539062     -0.749607 0.661883 -0.661883 -0.749607     17.288044 17.288044 5.236700
512.774048 279.076935     411.687500 46.148438 116.412109     0.679210 -0.733944 0.733944 0.679210     12.176138 12.176138 0.887737
512.774048 279.076935     27.687500 27.929688 80.738281     0.679210 -0.733944 0.733944 0.679210     12.176138 12.176138 1.585838
223.320526 288.106720     90.187500 6.148438 40.078125     -0.901027 -0.433762 0.433762 -0.901027     77.251139 77.251139 2.185346
223.320526 288.106720     14.781250 -157.656250 3671.703125     -0.901027 -0.433762 0.433762 -0.901027     77.251139 77.251139 4.911195
229.477112 234.157150     2231.140625 1167.015625 1017.171875     -0.002143 -0.999998 0.999998 -0.002143     42.169386 42.169386 2.352268
61.739220 229.104721     376.437500 -60.527344 245.034180     -0.733073 0.680150 -0.680150 -0.733073     15.299509 15.299509 1.619683
61.739220 229.104721     23.437500 5.375000 80.710938     -0.733073 0.680150 -0.680150 -0.733073     15.299509 15.299509 4.155277
279.753113 174.750000     542.093750 -51.015625 248.799805     -0.332482 -0.943109 0.943109 -0.332482     15.939907 15.939907 5.236074
54.839695 135.824432     20.156250 -270.640625 6186.210938     -0.728650 -0.684886 0.684886 -0.728650     12.908980 12.908980 4.756820
201.707184 190.395950     313.375000 -23.218750 711.843750     0.181502 -0.983390 0.983390 0.181502     25.421561 25.421561 4.370244
201.707184 190.395950     373.718750 -140.792969 857.375854     0.181502 -0.983390 0.983390 0.181502     25.421561 25.421561 4.788964
169.207794 222.764374     628.875000 487.375000 437.683594     -0.727745 -0.685847 0.685847 -0.727745     21.413126 21.413126 0.775567
169.207794 222.764374     697.906250 -87.550781 249.488281     -0.727745 -0.685847 0.685847 -0.727745     21.413126 21.413126 3.888466
513.843079 279.760010     2457.343750 1316.343750 1122.656250     -0.764720 0.644362 -0.644362 -0.764720     18.939519 18.939519 5.413120
35.656250 179.305283     13.250000 16.320312 158.039062     -0.999008 0.044521 -0.044521 -0.999008     15.756298 15.756298 1.499680
35.656250 179.305283     674.453125 127.125000 739.898438     -0.999008 0.044521 -0.044521 -0.999008     15.756298 15.756298 5.869284
71.451729 122.333336     456.062500 -284.625000 24778.343750     -0.521103 -0.853494 0.853494 -0.521103     13.523409 13.523409 4.759394
453.056274 283.979279     13441.187500 -4008.906250 18150.742188     0.129419 -0.991590 0.991590 0.129419     179.362387 179.362387 1.552792
30.854813 149.174545     619.882812 -25.221436 28.150604     -0.931605 -0.363473 0.363473 -0.931605     20.472567 20.472567 1.533514
30.854813 149.174545     648.615234 -29.495117 31.113586     -0.931605 -0.363473 0.363473 -0.931605     20.472567 20.472567 5.851002
282.728760 311.647766     265.711914 -7.568359 10.750000     0.649625 -0.760255 0.760255 0.649625     15.476011 15.476011 1.783504
282.728760 311.647766     40.742188 23.316406 35.804688     0.649625 -0.760255 0.760255 0.649625     15.476011 15.476011 3.997024
322.698639 252.260269     16010.953125 -3602.234375 17668.593750     -0.659725 -0.751507 0.751507 -0.659725     12.432536 12.432536 0.612979
322.698639 252.260269     309.038086 0.259766 14.289062     -0.659725 -0.751507 0.751507 -0.659725     12.432536 12.432536 2.818166
64.267044 130.478561     778.384766 7.017822 40.460693     -0.621923 -0.783079 0.783079 -0.621923     46.091885 46.091885 4.765252
43.950954 208.130783     936.531250 45.669922 58.339233     -0.883220 0.468958 -0.468958 -0.883220     16.694877 16.694877 4.008643
43.950954 208.130783     77.477264 8.801514 40.630859     -0.883220 0.468958 -0.468958 -0.883220     16.694877 16.694877 5.943161
86.756195 116.544075     56.148438 35.945312 42.140625     -0.333925 -0.942600 0.942600 -0.333925     20.265351 20.265351 4.638512
86.756195 116.544075     75.818848 62.365234 60.984375     -0.333925 -0.942600 0.942600 -0.333925     20.265351 20.265351 5.648982
42.462688 139.492538     572.456055 -114.087891 66.214844     -0.815671 -0.578516 0.578516 -0.815671     6.688684 6.688684 4.710014
239.050293 187.276123     82.680084 9.668213 41.121094     -0.913790 -0.406186 0.406186 -0.913790     85.710088 85.710088 0.761313
239.050293 187.276123     34.803711 -90.368652 293.704102     -0.913790 -0.406186 0.406186 -0.913790     85.710088 85.710088 3.995056
219.237579 286.261749     10.871826 -4.601562 1191.859375     -0.866634 -0.498945 0.498945 -0.866634     81.647986 81.647986 2.246782
219.237579 286.261749     1288.167969 34.633789 109.229553     -0.866634 -0.498945 0.498945 -0.866634     81.647986 81.647986 4.892186
48.764572 206.349777     18370.187500 -2889.226562 17393.906250     -0.924763 0.380544 -0.380544 -0.924763     16.082163 16.082163 1.552144
48.764572 206.349777     610.566406 -122.630859 72.082031     -0.924763 0.380544 -0.380544 -0.924763     16.082163 16.082163 4.578640
62.473976 228.258362     111.631836 89.560547 83.078125     -0.730482 0.682931 -0.682931 -0.730482     15.655139 15.655139 1.625300
62.473976 228.258362     208.980469 -82.851562 43.351562     -0.730482 0.682931 -0.682931 -0.730482     15.655139 15.655139 4.217782
204.687149 36.681564     109.096680 -18.476562 26.785156     -0.867407 -0.497600 0.497600 -0.867407     15.032005 15.032005 0.362423
43.458874 140.160172     94.589844 94.058594 132.457031     -0.815013 -0.579443 0.579443 -0.815013     6.967476 6.967476 4.712140
33.130802 150.015472     256.906250 314.183594 467.929688     -0.929476 -0.368883 0.368883 -0.929476     20.607922 20.607922 1.553563
33.130802 150.015472     93.357025 7.302979 41.394531     -0.929476 -0.368883 0.368883 -0.929476     20.607922 20.607922 5.701269
86.910110 116.692886     124.799805 102.945312 98.656250     -0.328413 -0.944534 0.944534 -0.328413     20.711680 20.711680 2.660116
86.910110 116.692886     7.750000 -4.578125 161.984375     -0.328413 -0.944534 0.944534 -0.328413     20.711680 20.711680 4.267648
243.587692 196.015854     304.299805 -146.544922 549.539062     -0.710233 -0.703967 0.703967 -0.710233     89.810194 89.810194 0.525332
243.587692 196.015854     300.640625 347.480469 489.593750     -0.710233 -0.703967 0.703967 -0.710233     89.810194 89.810194 3.224374
227.974213 233.972778     112.750000 78.269531 69.089844     -0.021364 -0.999772 0.999772 -0.021364     47.757539 47.757539 2.420748
227.974213 233.972778     143.530273 -216.239746 519.270996     -0.021364 -0.999772 0.999772 -0.021364     47.757539 47.757539 4.301678
64.715797 130.814682     476.352539 -167.210938 77.121094     -0.610771 -0.791807 0.791807 -0.610771     45.905722 45.905722 4.750408
214.719971 44.386345     527.695312 35.541016 155.917969     -0.855384 -0.517995 0.517995 -0.855384     19.737238 19.737238 1.001922
214.719971 44.386345     2608.492188 817.907227 506.494141     -0.855384 -0.517995 0.517995 -0.855384     19.737238 19.737238 4.944314
123.142471 47.975807     436.169678 59.057617 629.210938     -0.946819 0.321766 -0.321766 -0.946819     19.774949 19.774949 2.324661
44.486488 140.814667     238.964722 -176.044922 160.660156     -0.818124 -0.575042 0.575042 -0.818124     7.149651 7.149651 4.710587
36.525425 179.131363     277.686279 508.867188 1767.960938     -0.998977 0.045224 -0.045224 -0.998977     16.749528 16.749528 1.502217
36.525425 179.131363     148.206055 -220.852051 537.769043     -0.998977 0.045224 -0.045224 -0.998977     16.749528 16.749528 5.819048
373.645508 293.835968     573.175781 -65.970703 138.753906     -0.060672 -0.998158 0.998158 -0.060672     24.712197 24.712197 2.121521
373.645508 293.835968     106.138672 -44.373047 29.431641     -0.060672 -0.998158 0.998158 -0.060672     24.712197 24.712197 4.819729
58.154186 215.251099     437.573242 776.708008 7372.062500     -0.866393 0.499362 -0.499362 -0.866393     8.909778 8.909778 1.901229
58.154186 215.251099     57.503418 32.741211 33.503906     -0.866393 0.499362 -0.499362 -0.866393     8.909778 8.909778 4.659054
282.871796 311.677643     614.811768 469.804688 7033.078125     0.649550 -0.760319 0.760319 0.649550     16.708077 16.708077 3.968467
282.871796 311.677643     314.097656 144.867188 141.513672     0.649550 -0.760319 0.760319 0.649550     16.708077 16.708077 6.114959
259.914764 319.665588     957.783203 -560.041016 1151.310547     0.627499 -0.778618 0.778618 0.627499     13.545885 13.545885 1.342566
35.644531 165.488281     102.488281 -23.363281 12.771484     -0.989053 -0.147557 0.147557 -0.989053     8.144929 8.144929 4.698469
35.644531 165.488281     37.297852 26.433594 155.826172     -0.989053 -0.147557 0.147557 -0.989053     8.144929 8.144929 5.647665
44.535713 192.459824     31.281250 17.140625 24.437500     -0.972436 0.233170 -0.233170 -0.972436     8.813888 8.813888 1.986416
37.455238 179.038101     114.093750 -49.357422 40.896484     -0.999164 0.040880 -0.040880 -0.999164     16.895648 16.895648 1.515082
37.455238 179.038101     143.646484 0.203125 8.019531     -0.999164 0.040880 -0.040880 -0.999164     16.895648 16.895648 4.159749
318.147064 289.325989     561.000000 137.964844 190.312500     -0.999945 -0.010488 0.010488 -0.999945     21.824295 21.824295 0.938107
318.147064 289.325989     280.580078 2.156250 12.292969     -0.999945 -0.010488 0.010488 -0.999945     21.824295 21.824295 2.481871
120.979652 228.848831     84.775391 31.714844 32.273438     -0.991578 -0.129511 0.129511 -0.991578     19.001334 19.001334 1.417613
323.021210 252.248489     33526.484375 1322.890625 16781.750000     -0.673228 -0.739435 0.739435 -0.673228     13.889630 13.889630 0.622762
323.021210 252.248489     105.927734 -25.673828 15.654297     -0.673228 -0.739435 0.739435 -0.673228     13.889630 13.889630 2.838603
37.411552 174.504211     114.927734 -52.433594 46.742188     -0.996162 -0.087524 0.087524 -0.996162     32.137660 32.137660 3.014344
37.411552 174.504211     39.365234 44.056641 205.099609     -0.996162 -0.087524 0.087524 -0.996162     32.137660 32.137660 5.706816
278.168030 315.964172     47.280273 74.874023 298.829102     -0.720220 0.693746 -0.693746 -0.720220     15.900877 15.900877 4.788399
323.845947 252.540466     34503.578125 2735.554688 16587.812500     -0.673721 -0.738986 0.738986 -0.673721     15.039763 15.039763 2.841736
319.191528 289.425385     296.330078 84.435547 113.630859     -0.998440 -0.055834 0.055834 -0.998440     21.608594 21.608594 0.959366
319.191528 289.425385     242.535156 29.615234 7.011719     -0.998440 -0.055834 0.055834 -0.998440     21.608594 21.608594 2.380513
374.818695 294.354614     266.214844 33.419922 7.785156     -0.114327 -0.993443 0.993443 -0.114327     27.783544 27.783544 2.297197
374.818695 294.354614     17.031250 -4.031250 18.914062     -0.114327 -0.993443 0.993443 -0.114327     27.783544 27.783544 3.967938
324.255768 252.251160     17.609375 -7.906250 39.625000     -0.667786 -0.744354 0.744354 -0.667786     16.350441 16.350441 2.834094
375.644257 294.388824     608.476562 629.892578 942.039062     -0.146467 -0.989216 0.989216 -0.146467     30.481260 30.481260 0.398806
375.644257 294.388824     34793.062500 3366.070312 16260.503906     -0.146467 -0.989216 0.989216 -0.146467     30.481260 30.481260 0.787900
350.090088 282.882874     178.956055 32.439453 12.960938     0.109841 -0.993949 0.993949 0.109841     9.331900 9.331900 1.582753
350.090088 282.882874     45.890625 -34.562500 53.679688     0.109841 -0.993949 0.993949 0.109841     9.331900 9.331900 4.797396
589.368835 129.045624     19.234375 -7.343750 29.953125     0.012315 -0.999924 0.999924 0.012315     6.493847 6.493847 1.569958
589.368835 129.045624     183.380859 34.927734 13.609375     0.012315 -0.999924 0.999924 0.012315     6.493847 6.493847 3.141593
603.308289 139.748123     628.177734 636.728516 955.560547     -0.219345 -0.975647 0.975647 -0.219345     20.089618 20.089618 3.142851
603.308289 139.748123     8.656250 -8.703125 57.140625     -0.219345 -0.975647 0.975647 -0.219345     20.089618 20.089618 3.923646
594.788086 199.115921     50.015625 -25.804688 46.539062     0.092662 -0.995698 0.995698 0.092662     24.008132 24.008132 3.124417
594.788086 199.115921     19.703125 -11.609375 101.664062     0.092662 -0.995698 0.995698 0.092662     24.008132 24.008132 5.898992
350.410461 283.082092     35078.828125 4104.976562 15642.234375     0.117735 -0.993045 0.993045 0.117735     10.650940 10.650940 1.590597
350.410461 283.082092     62.859375 13.421875 71.281250     0.117735 -0.993045 0.993045 0.117735     10.650940 10.650940 4.821955
577.844666 400.679626     14.375000 13.437500 55.484375     0.049752 -0.998762 0.998762 0.049752     3.883571 3.883571 1.572839
350.918762 283.006256     168.234375 -40.179688 21.484375     0.101048 -0.994882 0.994882 0.101048     12.661969 12.661969 1.588402
350.918762 283.006256     79.621475 13.547363 12.046875     0.101048 -0.994882 0.994882 0.101048     12.661969 12.661969 4.876297
384.700409 405.170044     13.281250 -11.744141 92.043213     -0.039632 -0.999214 0.999214 -0.039632     18.112585 18.112585 1.690702
392.931946 304.064758     230.858429 61.586914 55.937500     0.137907 -0.990445 0.990445 0.137907     16.520363 16.520363 1.759119
383.912750 405.151001     395.334412 74.317383 71.281250     0.053909 -0.998546 0.998546 0.053909     20.539127 20.539127 1.627618
557.138550 124.358170     88.156174 -13.465919 9.641721     -0.473670 -0.880703 0.880703 -0.473670     36.633975 36.633975 4.788582
392.388824 303.248810     107.571121 -37.679741 48.397751     0.130810 -0.991407 0.991407 0.130810     19.704807 19.704807 1.794305
392.388824 303.248810     214.590790 -79.659958 97.197433     0.130810 -0.991407 0.991407 0.130810     19.704807 19.704807 4.622976
382.806274 405.219360     213.015472 -65.226669 109.212204     0.115103 -0.993354 0.993354 0.115103     23.429624 23.429624 1.578772
381.870972 404.933014     253.688385 -92.645172 170.964325     0.420306 -0.907382 0.907382 0.420306     25.762822 25.762822 1.254261
340.106659 430.096008     922.759766 -282.647949 361.933136     -0.777722 -0.628608 0.628608 -0.777722     17.466273 17.466273 6.342877
411.881653 457.123322     82.031250 -81.078125 92.515625     -0.974216 -0.225619 0.225619 -0.974216     13.635519 13.635519 6.174587
391.514709 302.876648     107.625000 -107.390625 121.187500     0.128770 -0.991674 0.991674 0.128770     24.473587 24.473587 1.850742
550.976807 125.249138     6721.882812 4419.726562 16807.507812     -0.938795 -0.344477 0.344477 -0.938795     45.385933 45.385933 2.428355
550.976807 125.249138     4090.125000 -446.546875 154.031250     -0.938795 -0.344477 0.344477 -0.938795     45.385933 45.385933 4.056361
404.135010 208.050629     179.593750 -193.046875 282.937500     -0.153090 -0.988212 0.988212 -0.153090     13.527366 13.527366 5.145705
380.819122 447.232635     146.875000 -151.328125 173.781250     -0.944307 -0.329065 0.329065 -0.944307     24.735075 24.735075 2.029073
380.819122 447.232635     38.690224 16.152588 56.093750     -0.944307 -0.329065 0.329065 -0.944307     24.735075 24.735075 4.478941
390.478577 302.360931     18.218750 -3.566406 14.999268     0.120921 -0.992662 0.992662 0.120921     29.379514 29.379514 1.887115
349.446594 394.687378     213.750000 4.359375 12.632812     -0.975202 -0.221319 0.221319 -0.975202     36.100633 36.100633 1.349293
349.446594 394.687378     77.747345 25.105957 157.390625     -0.975202 -0.221319 0.221319 -0.975202     36.100633 36.100633 5.249842
338.429016 275.250763     31.867188 2.703125 20.320312     0.341802 -0.939772 0.939772 0.341802     23.939086 23.939086 2.307627
547.001465 125.197906     29.484375 -38.464844 86.078125     -0.988549 -0.150900 0.150900 -0.988549     47.060546 47.060546 2.569790
547.001465 125.197906     20.750000 1.890625 27.406250     -0.988549 -0.150900 0.150900 -0.988549     47.060546 47.060546 5.569242
402.080994 206.105927     186.812500 -209.640625 319.210938     -0.394561 -0.918870 0.918870 -0.394561     17.827347 17.827347 1.053470
402.080994 206.105927     493.156250 -579.515625 887.687500     -0.394561 -0.918870 0.918870 -0.394561     17.827347 17.827347 5.331653
341.770294 305.816711     384.578125 -88.078125 115.593750     -0.992770 -0.120032 0.120032 -0.992770     28.222836 28.222836 1.294636
341.770294 305.816711     207.781250 126.765625 165.820312     -0.992770 -0.120032 0.120032 -0.992770     28.222836 28.222836 2.681235
571.617432 376.241272     347.968750 341.031250 358.804688     0.042992 -0.999075 0.999075 0.042992     12.725536 12.725536 1.574561
545.124023 117.397339     195.031250 120.015625 178.882812     -0.986023 0.166612 -0.166612 -0.986023     69.739765 69.739765 3.154550
545.124023 117.397339     191.500000 -217.640625 333.070312     -0.986023 0.166612 -0.166612 -0.986023     69.739765 69.739765 6.121890
573.090454 345.298126     9189.019531 4137.652344 16892.000000     0.043766 -0.999042 0.999042 0.043766     12.964438 12.964438 1.576182
381.887909 193.340134     85.984375 -128.664062 204.269531     -0.772165 -0.635423 0.635423 -0.772165     27.230582 27.230582 1.535333
542.375793 117.134262     87.642303 -4.454102 262.453125     -0.982726 0.185066 -0.185066 -0.982726     68.689631 68.689631 3.203401
542.375793 117.134262     425.468750 -156.195312 68.632812     -0.982726 0.185066 -0.185066 -0.982726     68.689631 68.689631 6.183143
619.671875 149.496872     267.937500 98.171875 74.863281     -0.110638 -0.993861 0.993861 -0.110638     15.215861 15.215861 1.571310
619.671875 149.496872     33.812500 -27.867188 62.203125     -0.110638 -0.993861 0.993861 -0.110638     15.215861 15.215861 3.141245
363.103058 287.909271     34.869629 20.090332 60.320312     -0.612667 -0.790342 0.790342 -0.612667     107.991265 107.991265 0.935773
125.576355 220.068970     16.213135 -6.621094 33.875000     -0.999560 0.029645 -0.029645 -0.999560     14.599387 14.599387 5.090184
302.512726 200.601700     124.375000 -196.156250 358.992188     -0.743402 -0.668845 0.668845 -0.743402     17.327454 17.327454 0.435796
302.512726 200.601700     31.097366 5.745850 63.320312     -0.743402 -0.668845 0.668845 -0.743402     17.327454 17.327454 3.518500
126.294609 220.643158     463.640625 -160.398438 68.351562     -1.000000 -0.000881 0.000881 -1.000000     17.010258 17.010258 5.107441
25.864788 201.845078     91.890350 53.921387 199.851562     -0.395588 -0.918428 0.918428 -0.395588     24.305694 24.305694 4.808634
120.061890 223.657974     543.562500 52.140625 453.281250     -0.975539 0.219828 -0.219828 -0.975539     27.939497 27.939497 5.256959
274.052643 271.692993     315.703125 16.687500 55.429688     -0.771768 -0.635904 0.635904 -0.771768     15.924675 15.924675 3.959197
76.719139 399.731476     53.031250 -36.320312 201.045898     -0.747696 -0.664041 0.664041 -0.747696     10.645950 10.645950 2.063721
120.451981 224.149719     76.856445 -42.109375 61.109375     -0.977669 0.210150 -0.210150 -0.977669     29.056077 29.056077 2.145548
120.451981 224.149719     52.937500 -65.726562 147.431641     -0.977669 0.210150 -0.210150 -0.977669     29.056077 29.056077 5.264968
93.608490 67.179245     125.187500 -212.156250 448.632812     0.300029 -0.953930 0.953930 0.300029     11.367312 11.367312 1.755435
93.608490 67.179245     31.909431 5.107666 72.109375     0.300029 -0.953930 0.953930 0.300029     11.367312 11.367312 4.521096
47.916428 311.573486     213.468750 -229.523438 328.095703     0.003896 -0.999992 0.999992 0.003896     14.825364 14.825364 1.726576
120.620605 224.758789     10524.445312 3690.765625 16947.523438     -0.977254 0.212073 -0.212073 -0.977254     30.344171 30.344171 2.160070
120.620605 224.758789     34.536705 -16.069824 48.343750     -0.977254 0.212073 -0.212073 -0.977254     30.344171 30.344171 5.272699
77.325928 399.987640     102.673325 92.617188 396.929688     -0.760731 -0.649068 0.649068 -0.760731     11.616308 11.616308 2.018058
237.797379 323.346405     558.312500 -713.937500 1176.890625     -0.923837 0.382787 -0.382787 -0.923837     13.516827 13.516827 4.578121
104.056107 237.699677     64.468750 -98.554688 304.300781     -0.977825 0.209425 -0.209425 -0.977825     21.500371 21.500371 1.548174
104.056107 237.699677     76.956055 -42.324219 80.734375     -0.977825 0.209425 -0.209425 -0.977825     21.500371 21.500371 2.308663
89.065102 74.513023     108.224686 142.530762 2672.093750     0.428539 -0.903523 0.903523 0.428539     28.602496 28.602496 1.844504
89.065102 74.513023     403.281250 -51.726562 8.683594     0.428539 -0.903523 0.903523 0.428539     28.602496 28.602496 4.350264
47.135826 321.273621     6.826172 -5.038086 94.351562     0.019498 -0.999810 0.999810 0.019498     17.676394 17.676394 1.777301
246.967484 212.495941     30.798096 -10.841797 57.734375     -0.633507 -0.773737 0.773737 -0.633507     18.866832 18.866832 0.730895
246.967484 212.495941     536.109375 -194.015625 90.371094     -0.633507 -0.773737 0.773737 -0.633507     18.866832 18.866832 3.825175
180.619202 302.226013     20.354797 -3.043945 25.367188     -0.583800 -0.811898 0.811898 -0.583800     25.051170 25.051170 1.815256
77.109917 399.400848     177.866180 126.277344 7627.304688     -0.750322 -0.661072 0.661072 -0.750322     12.692968 12.692968 2.010843
536.303040 422.649353     1068.671875 239.242188 176.871094     0.029644 -0.999561 0.999561 0.029644     12.417250 12.417250 1.789010
536.303040 422.649353     14.125000 31.382812 439.478516     0.029644 -0.999561 0.999561 0.029644     12.417250 12.417250 4.618324
179.757431 301.576721     444.234375 -41.367188 65.570312     -0.607303 -0.794470 0.794470 -0.607303     26.630750 26.630750 1.820519
257.237915 159.713715     75.000000 -115.734375 330.255859     -0.796447 -0.604708 0.604708 -0.796447     13.988484 13.988484 4.130761
257.237915 159.713715     118.031250 -175.312500 427.042969     -0.796447 -0.604708 0.604708 -0.796447     13.988484 13.988484 4.925280
89.288887 74.331108     405.375000 -21.492188 4.285156     0.414818 -0.909904 0.909904 0.414818     30.169595 30.169595 1.864297
89.288887 74.331108     48.218750 -13.046875 14.437500     0.414818 -0.909904 0.909904 0.414818     30.169595 30.169595 4.356843
100.418182 213.694550     25.409424 -5.367188 27.031250     -0.939837 0.341624 -0.341624 -0.939837     18.190851 18.190851 2.063928
100.418182 213.694550     20.781250 -3.269531 15.991943     -0.939837 0.341624 -0.341624 -0.939837     18.190851 18.190851 5.139563
128.783859 231.855911     553.515625 -196.203125 91.597656     -0.995542 -0.094317 0.094317 -0.995542     55.580161 55.580161 2.088198
33.372841 122.723457     19353.296875 3248.523438 16059.367188     -0.780095 0.625662 -0.625662 -0.780095     19.854303 19.854303 4.707005
58.879887 358.882721     486.031250 -63.281250 76.289062     -0.295123 -0.955459 0.955459 -0.295123     49.399034 49.399034 2.070616
89.129593 74.427467     120.656250 -176.835938 467.154297     0.411428 -0.911442 0.911442 0.411428     31.342964 31.342964 4.346176
117.563278 235.433594     15.412109 -9.003906 36.796875     -0.989152 0.146898 -0.146898 -0.989152     51.101585 51.101585 2.244486
154.925735 158.836639     16.922852 -11.389648 43.726562     -0.909375 0.415977 -0.415977 -0.909375     13.600120 13.600120 1.669054
154.925735 158.836639     51.484375 -15.953125 18.421875     -0.909375 0.415977 -0.415977 -0.909375     13.600120 13.600120 4.527232
249.796204 154.810425     36.250000 -22.382812 59.816406     -0.808028 -0.589144 0.589144 -0.808028     20.291226 20.291226 4.900193
99.289635 215.164627     561.298950 512.215820 6667.539062     -0.931448 0.363875 -0.363875 -0.931448     22.094756 22.094756 2.135304
99.289635 215.164627     93.031250 70.398438 74.499512     -0.931448 0.363875 -0.363875 -0.931448     22.094756 22.094756 5.235978
64.234146 95.860489     987.437500 -815.070312 996.769531     -0.708630 0.705580 -0.705580 -0.708630     42.804574 42.804574 1.022743
64.234146 95.860489     1411.750000 436.093750 397.656250     -0.708630 0.705580 -0.705580 -0.708630     42.804574 42.804574 5.157482
65.174759 156.174759     409.625000 -21.843750 4.824219     -0.819792 -0.572661 0.572661 -0.819792     14.673549 14.673549 5.817643
524.463196 394.696960     44.343750 38.851562 69.281250     0.697771 -0.716320 0.716320 0.697771     17.642818 17.642818 2.334594
524.463196 394.696960     9.278320 1.566406 72.156250     0.697771 -0.716320 0.716320 0.697771     17.642818 17.642818 5.343024
166.551407 181.467285     48.875000 -45.132812 167.046875     -0.999992 0.004054 -0.004054 -0.999992     14.285932 14.285932 4.234687
113.840759 239.097626     46.957520 -22.507812 20.796875     -0.964365 0.264575 -0.264575 -0.964365     55.209840 55.209840 2.184013
113.840759 239.097626     23.513184 -2.650391 131.289062     -0.964365 0.264575 -0.264575 -0.964365     55.209840 55.209840 4.862344
243.265976 152.454681     43.125000 37.226562 69.218750     -0.869412 -0.494088 0.494088 -0.869412     34.619407 34.619407 3.971732
243.265976 152.454681     777.892456 347.324219 7612.695312     -0.869412 -0.494088 0.494088 -0.869412     34.619407 34.619407 4.996557
169.976746 168.883728     1034.109375 -834.328125 1001.642578     -0.971318 0.237784 -0.237784 -0.971318     11.950049 11.950049 2.027888
169.976746 168.883728     850.145874 372.356445 7726.703125     -0.971318 0.237784 -0.237784 -0.971318     11.950049 11.950049 4.344465
109.460411 90.853371     1586.562500 228.718750 422.703125     -0.208239 -0.978078 0.978078 -0.208239     25.324240 25.324240 0.873453
109.460411 90.853371     33.593750 2.867188 19.001709     -0.208239 -0.978078 0.978078 -0.208239     25.324240 25.324240 5.005152
505.770721 417.853668     968.779541 461.530273 7901.742188     -0.773231 -0.634124 0.634124 -0.773231     14.498469 14.498469 4.260801
505.770721 417.853668     21058.250000 -428.906250 16379.121094     -0.773231 -0.634124 0.634124 -0.773231     14.498469 14.498469 4.698280
155.395966 157.731537     39.218750 -18.572266 95.746826     -0.893203 0.449654 -0.449654 -0.893203     18.027589 18.027589 1.210799
155.395966 157.731537     39.531250 -17.218750 92.498535     -0.893203 0.449654 -0.449654 -0.893203     18.027589 18.027589 1.658706
178.935059 190.086578     389.437500 -38.882812 5.593750     -0.999999 -0.001498 0.001498 -0.999999     12.743208 12.743208 1.477008
238.320038 154.522491     51.439453 18.875000 34.460938     -0.949253 -0.314514 0.314514 -0.949253     54.112540 54.112540 4.031329
166.648849 181.019089     45.500000 -14.101562 86.484375     -0.999968 -0.008036 0.008036 -0.999968     15.766474 15.766474 0.880057
166.648849 181.019089     13.177734 21.484375 68.437500     -0.999968 -0.008036 0.008036 -0.999968     15.766474 15.766474 4.232470
178.375549 202.720520     1133.908447 326.605469 7985.179688     -0.904884 -0.425659 0.425659 -0.904884     18.746539 18.746539 2.408829
170.163422 168.525299     21595.343750 -228.398438 15713.632812     -0.966754 0.255710 -0.255710 -0.966754     13.397220 13.397220 4.312193
178.462128 190.087128     17.658203 20.773438 74.179688     -0.999964 -0.008537 0.008537 -0.999964     12.712864 12.712864 1.476400
178.462128 190.087128     58.218750 -5.398438 82.522949     -0.999964 -0.008537 0.008537 -0.999964     12.712864 12.712864 4.258546
155.860535 156.934723     33792.250000 -4583.851562 14631.343750     -0.878951 0.476911 -0.476911 -0.878951     19.246213 19.246213 1.200860
155.860535 156.934723     74.656250 -4.208984 82.779297     -0.878951 0.476911 -0.476911 -0.878951     19.246213 19.246213 1.482162
111.114174 96.681099     84.343750 0.974609 95.051025     -0.241901 -0.970301 0.970301 -0.241901     23.973514 23.973514 0.190420
111.114174 96.681099     98.062500 1.910156 113.216064     -0.241901 -0.970301 0.970301 -0.241901     23.973514 23.973514 0.907764
112.501427 101.537041     190.687500 -12.414062 141.621826     -0.265266 -0.964175 0.964175 -0.265266     23.244046 23.244046 1.072430
112.501427 101.537041     293.687500 -39.066406 166.498291     -0.265266 -0.964175 0.964175 -0.265266     23.244046 23.244046 2.389066
153.715363 156.540054     211.156250 -124.040039 74.540070     -0.931223 -0.364451 0.364451 -0.931223     40.396238 40.396238 1.038387
153.715363 156.540054     383.593750 -218.441406 125.897827     -0.931223 -0.364451 0.364451 -0.931223     40.396238 40.396238 4.776809
116.333336 199.970581     288.968750 -161.521484 91.871216     -0.992422 -0.122876 0.122876 -0.992422     8.230107 8.230107 5.109719
116.763161 200.122803     228.375000 -44.531250 108.109375     -0.992004 -0.126209 0.126209 -0.992004     8.458652 8.458652 5.127955
512.497681 293.920929     2313.750000 734.109375 239.625000     0.621527 -0.783393 0.783393 0.621527     16.736699 16.736699 2.656688
474.985291 362.181366     0.468750 -24.687500 5070.460938     0.306422 -0.951896 0.951896 0.306422     17.465741 17.465741 2.761065
474.985291 362.181366     2638.781250 -480.079102 114.660950     0.306422 -0.951896 0.951896 0.306422     17.465741 17.465741 5.401773
135.949493 133.110153     297.230469 -74.868286 20.530922     -0.609936 -0.792451 0.792451 -0.609936     50.040988 50.040988 4.633487
116.737289 191.216095     163.062500 -169.562500 182.687500     -0.982697 -0.185220 0.185220 -0.982697     11.774787 11.774787 5.587075
492.714813 262.596283     439.078125 152.828125 60.406250     0.666344 -0.745645 0.745645 0.666344     17.430707 17.430707 1.374770
492.714813 262.596283     19.429688 12.054688 72.402344     0.666344 -0.745645 0.745645 0.666344     17.430707 17.430707 4.773689
465.088043 344.571106     596.289062 -134.140869 30.994904     -0.714977 0.699148 -0.699148 -0.714977     19.549775 19.549775 5.215682
502.778687 222.422134     0.625000 -22.375000 6823.703125     0.453046 -0.891487 0.891487 0.453046     17.717860 17.717860 0.329913
502.778687 222.422134     608.109375 214.484375 76.609375     0.453046 -0.891487 0.891487 0.453046     17.717860 17.717860 2.673469
117.184616 191.411545     317.875000 81.468750 26.218750     -0.981013 -0.193940 0.193940 -0.981013     11.651785 11.651785 5.582344
135.862610 132.873047     1573.015625 -425.760986 116.692505     -0.612786 -0.790249 0.790249 -0.612786     52.175980 52.175980 4.634621
451.472229 397.870361     2406.562500 -2076.406250 9678.312500     0.171486 -0.985186 0.985186 0.171486     12.025479 12.025479 4.780304
491.325439 211.366867     19.648438 10.765625 70.644531     -0.730483 0.682931 -0.682931 -0.730483     21.304625 21.304625 0.186543
491.325439 211.366867     258.140625 4.880859 9.732910     -0.730483 0.682931 -0.682931 -0.730483     21.304625 21.304625 5.495000
460.880341 321.670929     3529.085938 -640.250000 117.249268     0.137591 -0.990489 0.990489 0.137591     19.139788 19.139788 3.085381
460.880341 321.670929     541.914062 265.367188 404.199219     0.137591 -0.990489 0.990489 0.137591     19.139788 19.139788 4.901951
460.074921 321.905548     7.351562 66.132812 695.015625     0.182536 -0.983199 0.983199 0.182536     19.883709 19.883709 2.472050
460.074921 321.905548     567.625000 202.578125 74.140625     0.182536 -0.983199 0.983199 0.182536     19.883709 19.883709 2.869062
427.316101 410.448334     573.843750 -128.405518 29.652771     -0.591883 -0.806024 0.806024 -0.591883     32.761538 32.761538 0.599875
427.316101 410.448334     169.093750 -171.843750 183.109375     -0.591883 -0.806024 0.806024 -0.591883     32.761538 32.761538 3.054275
429.022644 339.132690     22.218750 7.093750 39.531250     -0.828230 -0.560389 0.560389 -0.828230     19.687762 19.687762 3.962731
427.000000 288.025208     542.015625 153.062500 64.093750     -0.285474 -0.958386 0.958386 -0.285474     14.492777 14.492777 3.852154
427.000000 288.025208     1.000000 -19.953125 8297.125000     -0.285474 -0.958386 0.958386 -0.285474     14.492777 14.492777 4.515366
477.088226 183.781509     2246.781250 -1975.078125 9979.492188     -0.968789 0.247885 -0.247885 -0.968789     15.062264 15.062264 1.167566
477.088226 183.781509     23.242188 29.011719 142.285156     -0.968789 0.247885 -0.247885 -0.968789     15.062264 15.062264 5.221453
469.157135 50.661903     227.468750 47.601562 118.046875     0.144404 -0.989519 0.989519 0.144404     15.304885 15.304885 1.064024
469.157135 50.661903     351.656250 -13.427734 23.953613     0.144404 -0.989519 0.989519 0.144404     15.304885 15.304885 1.576511
