1.0
389
164.367035 166.262177     2.587891 20.933594 635.488281     -0.033022 -0.999455 0.999455 -0.033022     6.196705 6.196705 1.588676
164.367035 166.262177     11.695312 -15.718750 151.671875     -0.033022 -0.999455 0.999455 -0.033022     6.196705 6.196705 4.731154
305.123383 460.321442     27.896484 -17.234375 3494.585938     0.110238 -0.993905 0.993905 0.110238     14.195971 14.195971 4.685160
165.276367 326.449707     27.328125 -52.625000 180.234375     0.004971 -0.999988 0.999988 0.004971     23.731179 23.731179 4.718352
419.548676 457.568573     36.195312 -7.216797 1948.029297     0.296882 -0.954914 0.954914 0.296882     14.902459 14.902459 4.629882
163.957443 135.683212     206.843750 -487.640625 1152.140625     0.003775 -0.999993 0.999993 0.003775     27.062953 27.062953 1.576760
578.228577 426.155548     93.242188 -226.609375 1396.750000     0.389883 -0.920864 0.920864 0.389883     2.783212 2.783212 1.571339
578.228577 426.155548     95.115234 62.546875 5275.695312     0.389883 -0.920864 0.920864 0.389883     2.783212 2.783212 4.706226
310.204376 418.241821     241.265625 -694.828125 2301.968750     0.166529 -0.986037 0.986037 0.166529     33.364020 33.364020 1.577825
161.752441 339.887207     215.375000 -487.812500 1300.968750     -0.012071 -0.999927 0.999927 -0.012071     43.712629 43.712629 1.556823
161.752441 339.887207     80.482422 -69.568359 3148.384766     -0.012071 -0.999927 0.999927 -0.012071     43.712629 43.712629 4.727873
433.096039 405.486908     64.515625 -100.011719 817.811768     0.292323 -0.956320 0.956320 0.292323     24.180567 24.180567 1.554649
433.096039 405.486908     321.750000 -755.046875 1780.953125     0.292323 -0.956320 0.956320 0.292323     24.180567 24.180567 4.683633
527.931763 420.014099     146.939453 51.132812 5513.882812     0.357929 -0.933749 0.933749 0.357929     23.974735 23.974735 1.565324
527.931763 420.014099     294.921875 -812.218750 2743.500000     0.357929 -0.933749 0.933749 0.357929     23.974735 23.974735 4.676683
162.358887 116.688004     139.011719 -65.628906 3449.266602     0.022659 -0.999743 0.999743 0.022659     39.972993 39.972993 1.561229
361.077545 48.441589     103.789062 -153.357422 1160.285156     0.129407 -0.991592 0.991592 0.129407     32.282181 32.282181 1.538353
585.563965 408.946075     155.187500 -218.046875 1438.250000     0.390586 -0.920567 0.920567 0.390586     5.310018 5.310018 1.573409
160.070511 341.746063     321.156250 -750.968750 1769.375000     -0.009526 -0.999955 0.999955 -0.009526     54.457872 54.457872 1.535639
160.070511 341.746063     184.250000 65.289062 5571.734375     -0.009526 -0.999955 0.999955 -0.009526     54.457872 54.457872 4.736493
434.880005 393.454895     408.781250 -865.921875 2281.421875     0.288707 -0.957418 0.957418 0.288707     31.819564 31.819564 1.538363
434.880005 393.454895     64.343750 -145.812500 335.984375     0.288707 -0.957418 0.957418 0.288707     31.819564 31.819564 4.683634
161.237381 109.968414     17.266113 118.330078 883.679688     0.019814 -0.999804 0.999804 0.019814     52.807663 52.807663 1.557251
359.358124 55.392254     224.265625 68.625000 5485.187500     0.140804 -0.990038 0.990038 0.140804     40.743885 40.743885 1.526971
307.522308 414.861633     197.822266 -60.642578 3521.875000     0.163086 -0.986612 0.986612 0.163086     49.119012 49.119012 1.601289
586.083557 407.775452     323.156250 -810.218750 2798.984375     0.391078 -0.920358 0.920358 0.391078     6.450840 6.450840 1.579111
159.739059 341.021179     323.312500 -754.671875 1778.875000     -0.012116 -0.999927 0.999927 -0.012116     60.951150 60.951150 4.735830
159.739059 341.021179     151.507812 -188.373047 1491.832031     -0.012116 -0.999927 0.999927 -0.012116     60.951150 60.951150 6.142293
534.128479 398.210114     155.656250 -355.265625 821.281250     0.364577 -0.931173 0.931173 0.364577     37.582957 37.582957 1.558437
534.128479 398.210114     9.441406 29.851562 527.726562     0.364577 -0.931173 0.931173 0.364577     37.582957 37.582957 4.687615
561.114441 450.258698     7.011719 32.855469 1087.562500     0.399005 -0.916949 0.916949 0.399005     4.255510 4.255510 4.696226
86.689651 306.586212     70.921875 60.585938 1628.578125     -0.132928 -0.991126 0.991126 -0.132928     5.316721 5.316721 0.851978
86.689651 306.586212     37.574707 229.660156 2443.882812     -0.132928 -0.991126 0.991126 -0.132928     5.316721 5.316721 3.850488
160.059525 342.265747     254.708984 -13.378906 3514.145508     -0.013041 -0.999915 0.999915 -0.013041     67.255148 67.255148 6.155370
159.893967 107.735077     13.906250 15.742188 277.966797     0.018234 -0.999834 0.999834 0.018234     63.115014 63.115014 1.544353
434.301361 390.959167     34.656250 2.187500 26.703125     0.285729 -0.958310 0.958310 0.285729     40.645241 40.645241 1.516446
586.390930 407.189087     349.125000 -801.296875 1855.625000     0.391046 -0.920371 0.920371 0.391046     7.351204 7.351204 1.578427
356.068634 63.578346     78.406250 -258.554688 1127.988281     0.136579 -0.990629 0.990629 0.136579     50.419394 50.419394 1.519131
566.829529 435.768433     7.617188 2.810547 690.900391     0.397700 -0.917515 0.917515 0.397700     5.806689 5.806689 1.564125
566.829529 435.768433     2.941406 -6.705078 544.991211     0.397700 -0.917515 0.917515 0.397700     5.806689 5.806689 4.704853
200.374100 264.206238     201.179688 -190.476562 1469.906250     -0.057313 -0.998356 0.998356 -0.057313     12.509448 12.509448 0.762615
200.374100 264.206238     426.750000 -851.843750 2326.203125     -0.057313 -0.998356 0.998356 -0.057313     12.509448 12.509448 1.554659
208.818375 281.954071     322.625000 -752.828125 1777.875000     -0.030364 -0.999539 0.999539 -0.030364     11.035217 11.035217 1.588822
233.538315 422.517914     178.898438 -187.195312 1647.653809     -0.038808 -0.999247 0.999247 -0.038808     37.262854 37.262854 4.717455
86.957947 283.949524     446.593750 -322.015625 2994.625000     -0.094167 -0.995556 0.995556 -0.094167     17.916468 17.916468 3.576461
161.286194 108.226723     41.468750 1.515625 34.789062     0.004105 -0.999992 0.999992 0.004105     71.810479 71.810479 1.552283
161.286194 108.226723     55.673828 306.916016 5353.140625     0.004105 -0.999992 0.999992 0.004105     71.810479 71.810479 6.233179
229.397690 169.020172     39.593750 -7.554688 33.480469     -0.059301 -0.998240 0.998240 -0.059301     16.206923 16.206923 4.579485
578.523315 278.106659     429.687500 -851.546875 2509.671875     -0.968550 -0.248818 0.248818 -0.968550     23.007793 23.007793 6.391044
575.589417 413.970184     401.593750 -822.062500 1754.671875     0.396910 -0.917858 0.917858 0.396910     7.283138 7.283138 1.568498
517.632690 91.559616     1424.218750 290.546875 3172.930664     0.226894 -0.973919 0.973919 0.226894     19.182172 19.182172 1.534273
212.640961 148.522888     577.281250 -279.218750 2696.062500     -0.004113 -0.999992 0.999992 -0.004113     12.410236 12.410236 4.716924
212.640961 148.522888     105.583984 580.468750 7782.453125     -0.004113 -0.999992 0.999992 -0.004113     12.410236 12.410236 6.301563
237.540543 110.517372     33.937500 -10.626953 72.953491     0.012367 -0.999924 0.999924 0.012367     7.608165 7.608165 3.087915
237.540543 110.517372     128.250000 -317.183594 1467.190430     0.012367 -0.999924 0.999924 0.012367     7.608165 7.608165 4.690952
306.725739 413.305420     322.937500 -754.296875 1788.250000     0.145333 -0.989383 0.989383 0.145333     59.222477 59.222477 1.611697
534.066101 396.306763     62.781250 -1.125000 59.718750     0.357472 -0.933924 0.933924 0.357472     45.156129 45.156129 1.552536
534.066101 396.306763     234.335938 -220.169922 1839.729004     0.357472 -0.933924 0.933924 0.357472     45.156129 45.156129 4.688316
586.626465 406.972717     1595.718750 -768.187500 2169.640625     0.390533 -0.920589 0.920589 0.390533     8.124803 8.124803 1.579049
354.466766 67.457939     629.000000 -666.421875 2256.062500     0.124470 -0.992223 0.992223 0.124470     56.099595 56.099595 1.515299
354.466766 67.457939     59.468750 -15.382812 51.285156     0.124470 -0.992223 0.992223 0.124470     56.099595 56.099595 4.710554
578.644287 276.728851     59.937500 -9.126953 74.285110     -0.977400 -0.211398 0.211398 -0.977400     26.416669 26.416669 0.148764
86.610298 311.698090     663.437500 -678.781250 2174.843750     -0.057647 -0.998337 0.998337 -0.057647     27.722161 27.722161 3.194988
474.792450 254.425873     167.703125 -377.054688 1811.552734     -0.829176 0.558988 -0.558988 -0.829176     23.975959 23.975959 0.813579
378.543945 406.288940     68.500000 -18.265625 60.078125     0.336361 -0.941733 0.941733 0.336361     50.419762 50.419762 1.464613
569.825317 420.764191     83.968750 -42.718750 162.085938     0.426935 -0.904282 0.904282 0.426935     16.520006 16.520006 1.562381
83.153923 288.880463     212.810059 659.371094 10656.898438     -0.074974 -0.997186 0.997186 -0.074974     35.416254 35.416254 3.383912
513.888977 97.391502     5.886677 16.465576 261.875000     0.219427 -0.975629 0.975629 0.219427     33.948222 33.948222 1.506736
513.888977 97.391502     45.265625 -172.675781 829.990723     0.219427 -0.975629 0.975629 0.219427     33.948222 33.948222 4.680841
586.542908 407.653931     75.406250 -33.734375 104.371094     0.389396 -0.921071 0.921071 0.389396     9.053577 9.053577 1.583655
579.056641 273.833069     810.750000 -634.906250 2202.000000     -0.950232 0.311543 -0.311543 -0.950232     34.667501 34.667501 0.683799
353.045319 70.682320     308.867188 -259.259766 2052.022461     0.133453 -0.991055 0.991055 0.133453     64.381222 64.381222 1.501295
353.045319 70.682320     31.921875 -89.710938 415.849121     0.133453 -0.991055 0.991055 0.133453     64.381222 64.381222 4.714964
474.194702 252.223007     7.085632 4.774414 178.175781     -0.792799 0.609484 -0.609484 -0.792799     28.267464 28.267464 0.905210
584.616943 415.766052     115.093750 -206.980469 1257.055664     0.360983 -0.932572 0.932572 0.360983     16.854065 16.854065 1.586257
510.759613 102.359497     2200.601562 -264.953125 3555.029297     0.213398 -0.976965 0.976965 0.213398     41.571656 41.571656 4.682859
473.974487 251.111115     7.924944 26.989868 469.484375     -0.782511 0.622637 -0.622637 -0.782511     30.368942 30.368942 0.916925
581.063843 266.851288     367.658203 748.582031 12632.382812     0.403248 -0.915091 0.915091 0.403248     36.320364 36.320364 4.661860
45.155441 295.098450     48.218750 -127.462891 609.683594     -0.054978 -0.998488 0.998488 -0.054978     8.517400 8.517400 2.776749
45.155441 295.098450     1550.835938 584.343750 5199.023438     -0.054978 -0.998488 0.998488 -0.054978     8.517400 8.517400 3.232069
76.352745 274.238861     407.078125 -179.296875 1461.066406     -0.062760 -0.998029 0.998029 -0.062760     58.904693 58.904693 3.239158
456.576050 84.496262     1026.812500 -801.640625 2788.578125     0.205811 -0.978592 0.978592 0.205811     13.462168 13.462168 3.124943
474.804626 248.351654     370.843750 -991.937500 4389.251953     0.550231 -0.835012 0.835012 0.550231     32.815145 32.815145 4.366568
351.663971 75.230530     407.125000 -1018.468750 3580.554688     0.144060 -0.989569 0.989569 0.144060     74.096382 74.096382 1.491667
351.663971 75.230530     2360.171875 -267.583984 3614.247070     0.144060 -0.989569 0.989569 0.144060     74.096382 74.096382 4.727891
456.170746 51.870731     2236.781250 -465.664062 2125.372559     0.216851 -0.976205 0.976205 0.216851     15.584440 15.584440 1.562359
509.445160 105.591354     35.406250 -4.023438 21.992188     0.212996 -0.977053 0.977053 0.212996     44.683875 44.683875 4.680143
28.281124 218.244980     637.279785 774.770508 14914.656250     -0.027873 -0.999611 0.999611 -0.027873     11.865419 11.865419 2.613328
28.281124 218.244980     1053.906250 -681.375000 2159.218750     -0.027873 -0.999611 0.999611 -0.027873     11.865419 11.865419 5.628200
455.926727 65.905739     124.875000 18.406250 18.585938     0.173008 -0.984920 0.984920 0.173008     39.930017 39.930017 3.337472
503.786957 127.639320     46.406250 -7.804688 28.261719     0.228258 -0.973601 0.973601 0.228258     46.022556 46.022556 1.527215
503.786957 127.639320     193.375000 -1.227539 76.436310     0.228258 -0.973601 0.973601 0.228258     46.022556 46.022556 4.686430
411.968414 55.361404     793.874023 383.213867 17081.578125     0.211494 -0.977379 0.977379 0.211494     20.442703 20.442703 1.562173
411.968414 55.361404     108.765625 -9.062500 41.738281     0.211494 -0.977379 0.977379 0.211494     20.442703 20.442703 4.654615
501.616394 132.785873     2639.609375 -247.287109 3678.988281     0.227292 -0.973827 0.973827 0.227292     53.116110 53.116110 1.518059
501.616394 132.785873     434.031250 -553.296875 4399.359375     0.227292 -0.973827 0.973827 0.227292     53.116110 53.116110 4.679966
424.485474 251.522827     6.125000 -8.747070 74.016174     -0.963726 0.266892 -0.266892 -0.963726     20.561576 20.561576 0.561095
525.312500 264.683197     13.531250 -12.009766 105.662659     -0.986137 -0.165936 0.165936 -0.986137     17.710086 17.710086 6.343217
425.280975 250.416916     2312.718750 -456.761719 3356.307617     -0.937571 0.347793 -0.347793 -0.937571     22.664354 22.664354 0.656885
341.862671 246.746780     20478.000000 9485.312500 19297.875000     -0.945301 -0.326201 0.326201 -0.945301     17.256358 17.256358 6.236416
422.761902 249.209961     38.562500 -22.062500 29.593750     -0.996805 0.079878 -0.079878 -0.996805     26.362789 26.362789 0.289477
420.415314 248.281754     19.914062 -10.343750 53.960938     -0.991294 0.131665 -0.131665 -0.991294     28.650052 28.650052 0.367723
341.473206 245.571426     524.593750 244.656250 133.101562     -0.955688 -0.294382 0.294382 -0.955688     20.328184 20.328184 6.278167
341.286072 245.110825     23.484375 -10.882812 58.476562     -0.965256 -0.261308 0.261308 -0.965256     21.288505 21.288505 6.324817
414.969757 247.153351     139.250000 16.132812 295.429688     -0.994387 0.105807 -0.105807 -0.994387     29.365304 29.365304 0.435130
340.986084 244.577728     213.632812 42.703125 401.203125     -0.972827 -0.231535 0.231535 -0.972827     22.605598 22.605598 6.369540
416.212891 242.202377     281.617188 46.890625 411.773438     -0.928698 0.370838 -0.370838 -0.928698     42.503593 42.503593 0.766742
340.992249 243.412796     82.968750 -49.593750 141.062500     -0.978242 -0.207468 0.207468 -0.978242     25.469658 25.469658 6.416532
415.983063 240.275253     4228.093750 965.593750 289.414062     -0.904556 0.426355 -0.426355 -0.904556     46.391824 46.391824 0.811171
340.994080 242.419495     14.265625 14.843750 55.632812     -0.992660 -0.120942 0.120942 -0.992660     28.253087 28.253087 0.296422
340.873688 240.638596     422.125000 68.312500 441.617188     -0.999388 -0.034976 0.034976 -0.999388     33.548883 33.548883 0.418322
413.526733 237.733673     99.656250 -65.812500 193.390625     -0.923327 0.384015 -0.384015 -0.923327     50.581652 50.581652 0.794106
389.274078 236.355774     89.046875 20.031250 124.093750     -0.998762 0.049746 -0.049746 -0.998762     55.246503 55.246503 0.660354
389.274078 236.355774     0.746094 14.044434 840.857422     -0.998762 0.049746 -0.049746 -0.998762     55.246503 55.246503 1.710838
385.843933 234.614273     14196.000000 2607.921875 754.460938     -0.999748 0.022442 -0.022442 -0.999748     57.335471 57.335471 0.420368
385.843933 234.614273     15.615234 254.764648 7525.013672     -0.999748 0.022442 -0.022442 -0.999748     57.335471 57.335471 0.757376
383.321655 233.499603     152.937500 -127.031250 651.140625     -0.999997 0.002269 -0.002269 -0.999997     57.932295 57.932295 0.344330
383.321655 233.499603     33.017578 685.533203 17564.378906     -0.999997 0.002269 -0.002269 -0.999997     57.932295 57.932295 0.753076
608.048401 438.927429     43.416992 714.148438 18160.074219     -0.774334 0.632778 -0.632778 -0.774334     15.302974 15.302974 3.185763
608.048401 438.927429     358.953125 -15.531250 5.863281     -0.774334 0.632778 -0.632778 -0.774334     15.302974 15.302974 5.444402
608.535461 439.096771     45.168945 719.421875 18198.175781     0.703323 -0.710871 0.710871 0.703323     17.495624 17.495624 0.302034
608.535461 439.096771     18306.281250 7419.906250 5944.296875     0.703323 -0.710871 0.710871 0.703323     17.495624 17.495624 3.338151
609.649719 438.852783     46.136719 720.263672 18536.492188     -0.707209 0.707004 -0.707004 -0.707209     19.285630 19.285630 0.190092
609.649719 438.852783     63.649414 703.441406 18485.015625     -0.707209 0.707004 -0.707004 -0.707209     19.285630 19.285630 3.435350
325.969818 312.625000     36.464844 24.523438 56.890625     0.289784 -0.957092 0.957092 0.289784     12.928852 12.928852 1.591813
325.969818 312.625000     40.625000 27.968750 67.546875     0.289784 -0.957092 0.957092 0.289784     12.928852 12.928852 4.138768
326.944794 312.636353     27707.554688 9273.039062 9355.781250     0.270079 -0.962838 0.962838 0.270079     15.600297 15.600297 1.590704
326.944794 312.636353     23.921875 -49.026367 227.875488     0.270079 -0.962838 0.962838 0.270079     15.600297 15.600297 4.123895
625.438782 316.129242     80.812500 -65.487305 171.276123     -0.826176 -0.563412 0.563412 -0.826176     13.105483 13.105483 1.361076
625.438782 316.129242     78.937500 -300.115234 1271.719727     -0.826176 -0.563412 0.563412 -0.826176     13.105483 13.105483 5.810531
327.451416 312.842865     414.781250 -118.777344 159.426270     0.254617 -0.967042 0.967042 0.254617     17.213977 17.213977 1.597578
327.451416 312.842865     27040.007812 8386.726562 10018.281250     0.254617 -0.967042 0.967042 0.254617     17.213977 17.213977 4.107631
545.744751 286.267792     403.343750 -107.019531 178.568054     -0.935293 -0.353875 0.353875 -0.935293     13.335773 13.335773 5.893821
298.110352 267.701141     408.968750 -119.179688 384.466675     0.611952 -0.790895 0.790895 0.611952     27.081979 27.081979 4.516062
327.951172 312.820038     395.875000 -133.193359 468.911865     0.269623 -0.962966 0.962966 0.269623     18.563739 18.563739 1.557159
327.951172 312.820038     60.937500 -187.148438 583.410156     0.269623 -0.962966 0.962966 0.269623     18.563739 18.563739 4.052342
604.182983 307.795197     26046.109375 7556.593750 10522.914062     -0.901315 -0.433165 0.433165 -0.901315     17.728861 17.728861 1.503681
452.671234 274.264832     693.812500 -1889.679688 7023.625000     -0.939140 -0.343535 0.343535 -0.939140     12.260280 12.260280 5.528882
430.599213 275.883270     695.375000 -1912.953125 7101.830078     -0.993908 -0.110214 0.110214 -0.993908     19.446571 19.446571 2.992016
430.599213 275.883270     24917.531250 6633.023438 10812.476562     -0.993908 -0.110214 0.110214 -0.993908     19.446571 19.446571 4.490126
328.651581 312.864258     113.218750 -22.421875 100.179688     0.274649 -0.961545 0.961545 0.274649     20.312845 20.312845 1.606204
294.471191 256.446259     26596.203125 2701.164062 11968.589844     -0.101687 -0.994816 0.994816 -0.101687     52.786544 52.786544 5.076530
534.359558 291.391632     35.718750 -61.937500 194.148438     -0.974798 -0.223089 0.223089 -0.974798     31.612726 31.612726 1.565756
293.702606 251.719315     66.187500 -89.468750 322.406250     -0.172057 -0.985087 0.985087 -0.172057     59.951115 59.951115 5.116495
329.353760 312.646240     83.781250 -120.281250 457.605469     0.298472 -0.954418 0.954418 0.298472     22.157312 22.157312 1.570169
329.353760 312.646240     26853.328125 636.242188 12684.246094     0.298472 -0.954418 0.954418 0.298472     22.157312 22.157312 5.561287
294.034119 251.300400     4.481781 11.884094 286.716736     -0.212017 -0.977266 0.977266 -0.212017     64.330865 64.330865 5.181155
530.929932 291.769562     17.013592 -8.833221 607.142090     -0.974900 -0.222643 0.222643 -0.974900     33.514912 33.514912 1.578099
329.908447 312.735901     107.937500 -168.625000 729.972656     0.335495 -0.942042 0.942042 0.335495     24.061493 24.061493 1.536681
329.908447 312.735901     12.816711 3.659180 253.140625     0.335495 -0.942042 0.942042 0.335495     24.061493 24.061493 5.544311
294.070129 250.547226     40.219330 -30.698975 824.261475     -0.307139 -0.951665 0.951665 -0.307139     73.459486 73.459486 5.336959
529.080811 292.425049     43.219177 20.042969 376.109375     -0.974135 -0.225966 0.225966 -0.974135     36.399905 36.399905 1.569869
369.595001 270.325012     8.317627 -0.977905 224.274719     -0.306239 -0.951955 0.951955 -0.306239     13.862972 13.862972 4.844176
322.941162 332.416290     5.222351 27.585327 527.476929     -0.877752 -0.479116 0.479116 -0.877752     14.926627 14.926627 1.680730
384.468628 272.376556     6.016846 64.432861 1015.911865     0.011762 -0.999931 0.999931 0.011762     12.497200 12.497200 4.715569
293.210541 250.134933     38.082474 -13.281250 1041.115723     -0.332731 -0.943022 0.943022 -0.332731     77.297825 77.297825 5.372741
369.669281 270.409454     12.586670 13.350403 131.017853     -0.272068 -0.962278 0.962278 -0.272068     14.269711 14.269711 4.823679
386.037750 272.633423     92.961975 309.119141 2375.203125     0.032850 -0.999460 0.999460 0.032850     21.422342 21.422342 4.693084
293.826233 249.704758     150.987335 616.880371 5020.562500     -0.655271 -0.755394 0.755394 -0.655271     85.720791 85.720791 5.679821
327.206970 316.714172     221.969360 -298.802490 2886.433105     -0.034990 -0.999388 0.999388 -0.034990     41.156737 41.156737 1.782106
385.483521 271.740662     26903.359375 -749.718750 13040.777344     -0.156296 -0.987710 0.987710 -0.156296     23.387583 23.387583 4.839850
369.242981 270.261688     292.192078 -37.547363 25088.976562     -0.266271 -0.963898 0.963898 -0.266271     15.351091 15.351091 4.790825
526.944214 291.929016     26.656250 -29.406250 260.961182     -0.972982 -0.230883 0.230883 -0.972982     38.691477 38.691477 1.585494
526.944214 291.929016     8.226074 16.085938 765.359375     -0.972982 -0.230883 0.230883 -0.972982     38.691477 38.691477 2.356063
291.571350 249.276443     2.299316 13.285156 443.390625     -0.765275 -0.643703 0.643703 -0.765275     93.986401 93.986401 4.211287
291.571350 249.276443     12.234375 12.942871 387.144165     -0.765275 -0.643703 0.643703 -0.765275     93.986401 93.986401 5.893568
326.760925 316.309082     33.062500 -7.073730 135.002350     -0.092212 -0.995739 0.995739 -0.092212     43.257306 43.257306 1.666162
326.760925 316.309082     4.480469 24.626953 966.742188     -0.092212 -0.995739 0.995739 -0.092212     43.257306 43.257306 2.036683
377.916412 271.310181     61.855469 -43.383789 1129.468506     -0.413267 -0.910610 0.910610 -0.413267     40.238153 40.238153 5.144083
96.424660 44.433788     1.648438 -6.359375 1027.593750     -0.016710 -0.999860 0.999860 -0.016710     3.217968 3.217968 4.718487
308.873169 253.604355     131.953125 35.914062 870.824219     -0.960850 -0.277068 0.277068 -0.960850     91.819062 91.819062 4.632562
99.013176 120.415810     141.226562 -19.546875 15.515625     -0.033488 -0.999439 0.999439 -0.033488     10.603172 10.603172 4.723014
327.076721 315.781647     172.500488 17.133789 26.574219     -0.081249 -0.996694 0.996694 -0.081249     46.227929 46.227929 1.800336
419.474915 273.296631     86.757812 149.140625 288.464844     -0.982922 -0.184022 0.184022 -0.982922     73.421519 73.421519 4.687205
99.966103 142.824158     129.472656 215.800781 415.076172     -0.033868 -0.999426 0.999426 -0.033868     11.890553 11.890553 4.727819
328.887634 313.106506     132.335938 -76.566406 58.472656     0.110860 -0.993836 0.993836 0.110860     53.181408 53.181408 1.681961
102.526604 200.002731     118.460938 -61.867188 83.970703     -0.039014 -0.999239 0.999239 -0.039014     11.251679 11.251679 4.712725
400.814056 279.130066     134.707031 -21.140625 14.468750     -0.990371 -0.138437 0.138437 -0.990371     119.071870 119.071870 4.672257
102.899399 204.277847     99.554688 -15.343750 17.906250     -0.039168 -0.999233 0.999233 -0.039168     12.687920 12.687920 4.716097
103.010788 204.856628     119.406250 -71.433594 125.101562     -0.038992 -0.999240 0.999240 -0.038992     12.591976 12.591976 4.718256
103.366943 207.096069     13.830444 -2.024414 36.767578     -0.038925 -0.999242 0.999242 -0.038925     13.653061 13.653061 4.723926
391.942627 277.682037     140.925781 -20.804688 15.968750     -0.989122 -0.147096 0.147096 -0.989122     126.884269 126.884269 4.658995
103.647720 207.686981     1614.759766 -48.125000 8497.726562     -0.038894 -0.999243 0.999243 -0.038894     15.474266 15.474266 4.731452
103.878403 205.051361     39.911888 -7.438599 42.816406     -0.039328 -0.999226 0.999226 -0.039328     17.607179 17.607179 4.731406
395.346863 206.915131     44.951469 -9.237305 48.746094     -0.999038 0.043860 -0.043860 -0.999038     10.243239 10.243239 1.606563
104.109901 205.133057     281.753906 -176.417969 1224.769531     -0.039538 -0.999218 0.999218 -0.039538     18.390733 18.390733 4.734307
104.455681 208.908905     37.648438 -133.773438 486.890625     -0.038865 -0.999244 0.999244 -0.038865     19.156679 19.156679 4.742490
105.214531 213.680710     138.175781 -22.570312 15.468750     -0.038103 -0.999274 0.999274 -0.038103     27.308267 27.308267 2.796303
105.214531 213.680710     175.976562 -29.015625 121.406250     -0.038103 -0.999274 0.999274 -0.038103     27.308267 27.308267 4.723826
233.048264 280.021454     36.742188 -129.750000 474.656250     -0.554775 -0.832000 0.832000 -0.554775     20.181223 20.181223 2.270071
233.048264 280.021454     57.311790 -18.040894 59.408203     -0.554775 -0.832000 0.832000 -0.554775     20.181223 20.181223 3.955799
232.751617 278.967590     2155.774414 620.626953 8898.234375     -0.532132 -0.846662 0.846662 -0.532132     21.603038 21.603038 2.257950
232.751617 278.967590     60.062500 -81.570312 374.234375     -0.532132 -0.846662 0.846662 -0.532132     21.603038 21.603038 3.939084
486.204773 23.971428     65.937500 -74.828125 361.359375     0.222198 -0.975001 0.975001 0.222198     16.067575 16.067575 3.049696
480.592804 47.307480     596.726562 2.828125 23.289062     0.231004 -0.972953 0.972953 0.231004     12.472685 12.472685 4.710743
568.251587 213.157227     670.183594 530.941406 1063.992188     0.305842 -0.952082 0.952082 0.305842     4.072317 4.072317 4.716555
516.286560 223.154312     70.871094 133.625000 267.093750     -0.799751 0.600332 -0.600332 -0.799751     41.082989 41.082989 5.491716
617.316467 248.226044     536.945312 26.322266 3.470703     0.325746 -0.945457 0.945457 0.325746     17.063787 17.063787 4.727030
17.135036 27.047445     83.562500 14.812500 20.019531     -0.041996 -0.999118 0.999118 -0.041996     8.980021 8.980021 0.255742
17.135036 27.047445     175.609375 33.511719 10.328125     -0.041996 -0.999118 0.999118 -0.041996     8.980021 8.980021 0.657535
24.626667 27.911112     93.414062 157.312500 320.421875     -0.071222 -0.997461 0.997461 -0.071222     6.331210 6.331210 1.566690
24.696970 29.405304     12.492188 -24.976562 87.023438     -0.071266 -0.997457 0.997457 -0.071266     6.519082 6.519082 1.573246
40.032967 23.663004     1994.355469 449.296875 432.078125     0.004528 -0.999990 0.999990 0.004528     12.974678 12.974678 1.596086
31.608833 32.230286     507.093750 31.156250 66.367188     -0.052600 -0.998616 0.998616 -0.052600     8.736661 8.736661 0.918019
31.608833 32.230286     52.273438 -3.125000 116.421875     -0.052600 -0.998616 0.998616 -0.052600     8.736661 8.736661 1.557851
25.412462 40.928783     291.191406 -6.308594 7.718750     -0.063416 -0.997987 0.997987 -0.063416     6.239488 6.239488 1.578167
51.477367 16.576132     98.636719 -0.585938 11.765625     -0.110646 -0.993860 0.993860 -0.110646     14.992748 14.992748 1.575477
452.097473 22.366472     92.337646 0.979492 125.871094     0.122654 -0.992449 0.992449 0.122654     21.591567 21.591567 1.536963
46.845745 295.635651     598.718750 -11.609375 34.468750     -0.021231 -0.999775 0.999775 -0.021231     12.635683 12.635683 2.562762
46.845745 295.635651     1537.914062 -228.113281 121.148438     -0.021231 -0.999775 0.999775 -0.021231     12.635683 12.635683 5.636124
78.004463 447.071442     199.289062 18.203125 485.089844     -0.030078 -0.999548 0.999548 -0.030078     6.202080 6.202080 4.723672
208.865631 23.784374     89.187500 -11.503906 29.603516     -0.034461 -0.999406 0.999406 -0.034461     15.450201 15.450201 1.570339
84.777229 452.544556     183.808472 -54.682617 162.837891     -0.040915 -0.999163 0.999163 -0.040915     8.587340 8.587340 4.712275
195.216766 37.667629     4320.640625 165.671875 94.408203     -0.025568 -0.999673 0.999673 -0.025568     8.830336 8.830336 1.565685
195.216766 37.667629     596.541016 9.734375 848.373047     -0.025568 -0.999673 0.999673 -0.025568     8.830336 8.830336 4.714191
212.015549 42.846519     8433.378906 -494.351562 1607.343750     0.040536 -0.999178 0.999178 0.040536     34.884555 34.884555 1.564280
212.015549 42.846519     930.179688 440.527344 552.851562     0.040536 -0.999178 0.999178 0.040536     34.884555 34.884555 4.708699
194.969025 304.150452     100.945312 -11.027344 35.873047     0.006198 -0.999981 0.999981 0.006198     5.708122 5.708122 1.747075
194.969025 304.150452     54.662109 8.166748 9.464294     0.006198 -0.999981 0.999981 0.006198     5.708122 5.708122 4.786931
190.669907 453.461151     337.954346 -155.976074 302.669922     -0.036802 -0.999323 0.999323 -0.036802     19.286811 19.286811 4.718483
202.714722 436.291412     5729.937500 -133.375000 165.712891     -0.078917 -0.996881 0.996881 -0.078917     13.902460 13.902460 4.733560
