1.0
750
37.588234 195.084030     44.385254 -35.061523 79.609375     0.524943 -0.851138 0.851138 0.524943     21.468780 21.468780 1.335111
74.151787 195.178574     44.263184 3.451172 15.148438     -0.993235 -0.116126 0.116126 -0.993235     17.279612 17.279612 3.156840
99.204880 208.546341     28.952148 12.136719 21.464844     -0.804597 -0.593821 0.593821 -0.804597     15.914686 15.914686 4.488117
64.176468 321.442902     12.533203 10.851562 55.765625     -0.230535 -0.973064 0.973064 -0.230535     14.203393 14.203393 4.787989
99.337471 192.031052     117.955078 41.943359 36.730469     -0.920765 -0.390118 0.390118 -0.920765     19.594137 19.594137 2.501905
81.732758 319.094818     5.532227 -5.410156 75.882812     0.076231 -0.997090 0.997090 0.076231     10.180948 10.180948 4.701856
47.205265 319.423676     377.726562 -56.933594 118.894531     -0.157831 -0.987466 0.987466 -0.157831     24.503397 24.503397 4.841698
82.154175 201.120651     1332.526367 207.071289 99.626953     -0.978606 0.205743 -0.205743 -0.978606     46.531994 46.531994 0.551903
61.732796 137.831711     81.566406 -8.042969 68.210938     -0.986901 -0.161326 0.161326 -0.986901     36.496549 36.496549 1.537529
61.732796 137.831711     119.632812 20.456055 64.460938     -0.986901 -0.161326 0.161326 -0.986901     36.496549 36.496549 3.174441
72.412148 319.809509     1066.231934 102.101562 144.480469     -0.905203 0.424978 -0.424978 -0.905203     36.122107 36.122107 0.529795
40.455593 318.154602     129.887207 19.676758 66.000000     -0.949539 -0.313648 0.313648 -0.949539     34.183412 34.183412 5.820320
59.971241 199.522598     93.428223 60.177734 393.664062     -0.994064 -0.108793 0.108793 -0.994064     51.956244 51.956244 6.226987
39.043480 318.025238     1118.340088 112.473633 165.902344     -0.962141 -0.272552 0.272552 -0.962141     34.980381 34.980381 5.862670
70.764130 302.027130     332.303955 -44.464844 346.828125     -0.189476 -0.981885 0.981885 -0.189476     40.703404 40.703404 4.827601
56.622044 199.215088     42.953125 -25.984375 38.153320     -0.993284 -0.115705 0.115705 -0.993284     55.625630 55.625630 6.207882
392.885101 72.127663     396.601562 702.101562 1244.390625     -0.738907 0.673807 -0.673807 -0.738907     17.110806 17.110806 1.573664
188.172531 162.285217     612.007812 44.209961 375.937500     -0.491500 -0.870877 0.870877 -0.491500     2.677120 2.677120 1.553190
188.172531 162.285217     63.359375 14.914062 54.134766     -0.491500 -0.870877 0.870877 -0.491500     2.677120 2.677120 5.534962
447.082428 148.633408     1421.921875 489.208984 2156.760254     -0.804814 -0.593526 0.593526 -0.804814     29.555133 29.555133 4.705408
189.510452 164.588058     1734.531250 707.222656 2551.061035     -0.492162 -0.870504 0.870504 -0.492162     2.794877 2.794877 1.543331
189.510452 164.588058     310.060547 589.701172 1127.751953     -0.492162 -0.870504 0.870504 -0.492162     2.794877 2.794877 5.517836
62.398045 138.196396     728.689697 56.093750 381.328125     -0.986687 -0.162631 0.162631 -0.986687     39.729888 39.729888 3.160610
62.398045 138.196396     616.160156 1087.650391 1921.792969     -0.986687 -0.162631 0.162631 -0.986687     39.729888 39.729888 6.193859
172.009232 158.778290     698.441162 127.492188 35.701172     -0.463922 -0.885876 0.885876 -0.463922     5.170834 5.170834 1.596972
174.484070 163.396408     3313.015625 1369.007812 3375.834961     -0.463807 -0.885936 0.885936 -0.463807     5.207829 5.207829 1.603173
174.484070 163.396408     767.407471 156.890381 49.341309     -0.463807 -0.885936 0.885936 -0.463807     5.207829 5.207829 2.974103
192.195496 169.293228     986.683350 219.503418 68.266602     -0.492632 -0.870238 0.870238 -0.492632     3.027942 3.027942 1.546155
192.195496 169.293228     1144.815430 97.715820 192.406250     -0.492632 -0.870238 0.870238 -0.492632     3.027942 3.027942 5.518920
42.909756 90.839027     1016.983643 141.368164 20.226562     -0.983830 -0.179106 0.179106 -0.983830     14.898676 14.898676 1.538441
42.909756 90.839027     4090.843750 1724.617188 3804.884766     -0.983830 -0.179106 0.179106 -0.983830     14.898676 14.898676 6.215749
175.390869 164.932312     1083.775879 150.288086 21.494141     -0.465932 -0.884821 0.884821 -0.465932     5.331535 5.331535 1.598153
175.390869 164.932312     21.027344 -31.187500 94.625000     -0.465932 -0.884821 0.884821 -0.465932     5.331535 5.331535 3.062022
42.072018 90.617287     488.021484 921.250000 1746.339844     -0.983185 -0.182612 0.182612 -0.983185     15.602356 15.602356 1.542472
42.072018 90.617287     1024.559326 225.637207 70.439453     -0.983185 -0.182612 0.182612 -0.983185     15.602356 15.602356 6.187630
50.837608 162.713669     788.105469 1390.738281 2456.341797     -0.990503 -0.137491 0.137491 -0.990503     2.810115 2.810115 1.571400
42.918110 90.100784     4819.421875 2034.933594 4283.096680     -0.978860 -0.204533 0.204533 -0.978860     18.311706 18.311706 6.043282
192.354904 169.526779     40.931641 76.785156 162.894531     -0.492489 -0.870319 0.870319 -0.492489     3.213400 3.213400 1.551779
192.354904 169.526779     886.476807 153.307617 26.889648     -0.492489 -0.870319 0.870319 -0.492489     3.213400 3.213400 5.524034
47.755726 90.926208     1142.806152 240.104004 73.614258     -0.975250 -0.221106 0.221106 -0.975250     19.355974 19.355974 5.889532
52.114582 162.975693     553.607422 1044.103516 1976.855469     -0.990466 -0.137758 0.137758 -0.990466     3.380818 3.380818 1.565141
54.131660 163.269592     1102.038330 224.573242 71.757812     -0.990511 -0.137436 0.137436 -0.990511     3.603461 3.603461 1.562825
186.891083 433.074249     862.726562 1522.230469 2688.175781     0.344329 -0.938849 0.938849 0.344329     13.934831 13.934831 1.500962
177.718063 208.229080     5674.015625 2303.347656 4716.169922     -0.431846 -0.901948 0.901948 -0.431846     8.923792 8.923792 4.809108
177.918365 169.544220     23.531250 -32.257812 94.500000     -0.466921 -0.884299 0.884299 -0.466921     5.674039 5.674039 1.588181
48.768177 90.987358     13.152344 -28.927734 113.332031     -0.975701 -0.219105 0.219105 -0.975701     20.008549 20.008549 5.924356
194.618759 173.532928     21.718750 -10.326172 56.697754     -0.492774 -0.870158 0.870158 -0.492774     3.260921 3.260921 1.522294
194.618759 173.532928     856.353271 50.485352 414.187500     -0.492774 -0.870158 0.870158 -0.492774     3.260921 3.260921 5.510776
62.982334 138.992981     1050.764648 181.958984 32.047852     -0.987027 -0.160551 0.160551 -0.987027     43.452457 43.452457 3.167850
62.982334 138.992981     40.353516 23.197266 87.417969     -0.987027 -0.160551 0.160551 -0.987027     43.452457 43.452457 6.209356
55.098930 163.462570     1114.262939 231.744629 76.232422     -0.990536 -0.137256 0.137256 -0.990536     4.140326 4.140326 1.561755
127.336365 206.981812     679.105469 1283.851562 2435.199219     0.238238 -0.971207 0.971207 0.238238     9.013905 9.013905 1.565157
127.336365 206.981812     44.546875 84.148438 176.609375     0.238238 -0.971207 0.971207 0.238238     9.013905 9.013905 4.674072
177.674332 208.199234     6363.343750 2448.750000 5140.351562     -0.434791 -0.900531 0.900531 -0.434791     8.839408 8.839408 4.812857
46.303318 109.142181     151.578125 141.367188 136.623047     -0.985361 -0.170479 0.170479 -0.985361     2.721046 2.721046 1.566804
50.365601 91.324112     1159.303467 201.479980 35.693359     -0.977808 -0.209502 0.209502 -0.977808     21.188411 21.188411 5.986184
55.476189 163.538101     500.027832 39.375000 3.949219     -0.990533 -0.137277 0.137277 -0.990533     4.632543 4.632543 1.561183
177.498764 168.699509     28.640625 -35.226562 95.187500     -0.467336 -0.884080 0.884080 -0.467336     5.833596 5.833596 1.587359
48.703705 109.567902     1937.826660 292.791992 143.134766     -0.985298 -0.170844 0.170844 -0.985298     2.965218 2.965218 1.570744
49.876431 91.620903     136.656250 227.730469 385.087891     -0.978948 -0.204108 0.204108 -0.978948     22.470677 22.470677 6.049716
196.430634 176.699097     26.693359 3.156250 42.812500     -0.492828 -0.870127 0.870127 -0.492828     3.356343 3.356343 1.571280
196.430634 176.699097     969.507812 1711.011719 3022.005859     -0.492828 -0.870127 0.870127 -0.492828     3.356343 3.356343 5.550344
186.720520 433.170319     1135.974609 212.968262 75.700195     0.360592 -0.932724 0.932724 0.360592     14.965705 14.965705 1.501330
127.500000 206.604843     773.957031 1461.210938 2767.980469     0.258879 -0.965910 0.965910 0.258879     10.456322 10.456322 1.562330
127.500000 206.604843     52.656250 8.960938 11.021484     0.258879 -0.965910 0.965910 0.258879     10.456322 10.456322 4.657474
564.953674 32.324326     14.851562 -31.341797 118.285156     0.263524 -0.964653 0.964653 0.263524     19.562245 19.562245 1.410110
564.953674 32.324326     1215.402588 169.392578 25.236328     0.263524 -0.964653 0.964653 0.263524     19.562245 19.562245 1.988169
51.886925 110.137810     28.390625 0.964844 43.156250     -0.985321 -0.170711 0.170711 -0.985321     3.253308 3.253308 1.577674
145.882996 150.756851     192.925781 328.289062 564.318359     -0.379370 -0.925245 0.925245 -0.379370     24.991070 24.991070 5.036388
57.064182 163.768112     1348.635742 121.651367 212.574219     -0.990327 -0.138756 0.138756 -0.990327     5.168371 5.168371 1.554908
50.400394 91.869392     7289.031250 2834.320312 5776.242188     -0.978036 -0.208434 0.208434 -0.978036     23.315165 23.315165 6.009420
181.339844 176.016281     66.054688 11.734375 11.570312     -0.466627 -0.884454 0.884454 -0.466627     5.972211 5.972211 1.584643
178.035599 209.022659     1169.328369 220.083008 81.284180     -0.437420 -0.899257 0.899257 -0.437420     8.556055 8.556055 4.804812
355.762085 145.769516     45.694580 -28.771484 50.671875     -0.725541 -0.688179 0.688179 -0.725541     7.165855 7.165855 6.387733
54.847305 110.673653     696.396118 55.696289 5.664062     -0.985215 -0.171322 0.171322 -0.985215     3.648828 3.648828 1.575360
34.047009 244.675217     1298.458008 226.134766 40.343750     -0.996904 -0.078634 0.078634 -0.996904     4.132587 4.132587 1.562221
186.156860 433.517639     43.531250 -41.242188 91.578125     0.395812 -0.918332 0.918332 0.395812     16.508048 16.508048 1.486458
73.007370 140.622314     45.947266 86.312500 180.484375     -0.987591 -0.157045 0.157045 -0.987591     44.222794 44.222794 3.195855
73.007370 140.622314     76.367188 12.839844 12.341797     -0.987591 -0.157045 0.157045 -0.987591     44.222794 44.222794 6.211755
183.011993 138.923996     1017.123535 9.148438 442.625000     -0.510466 -0.859898 0.859898 -0.510466     5.451300 5.451300 3.090856
196.788956 177.339279     1288.765869 180.370117 27.216797     -0.492766 -0.870162 0.870162 -0.492766     3.414077 3.414077 1.552162
196.788956 177.339279     762.901489 61.343750 6.316406     -0.492766 -0.870162 0.870162 -0.492766     3.414077 3.414077 5.477470
35.738461 244.846161     1637.584473 276.402344 91.394531     -0.996872 -0.079033 0.079033 -0.996872     4.363981 4.363981 1.562595
53.288349 91.755478     796.410156 1497.187500 2826.593750     -0.981816 -0.189836 0.189836 -0.981816     26.440059 26.440059 6.166398
183.060730 179.371201     87.093750 14.265625 12.906250     -0.467109 -0.884200 0.884200 -0.467109     6.400134 6.400134 1.575699
282.971283 133.703354     1060.101562 1871.132812 3305.214844     -0.979418 -0.201844 0.201844 -0.979418     13.630439 13.630439 4.713439
282.971283 133.703354     1346.220459 234.403320 41.925781     -0.979418 -0.201844 0.201844 -0.979418     13.630439 13.630439 6.312501
127.262978 206.712799     50.718750 -38.398438 85.125000     0.269063 -0.963123 0.963123 0.269063     11.110317 11.110317 1.556959
127.262978 206.712799     458.359375 760.470703 1268.134766     0.269063 -0.963123 0.963123 0.269063     11.110317 11.110317 4.649538
57.899628 163.892197     44.354614 -28.189453 53.671875     -0.990402 -0.138215 0.138215 -0.990402     5.686334 5.686334 1.563695
57.899628 163.892197     8781.468750 3549.609375 6712.011719     -0.990402 -0.138215 0.138215 -0.990402     5.686334 5.686334 6.229164
38.357639 245.107635     870.627197 70.801758 7.324219     -0.996759 -0.080449 0.080449 -0.996759     4.426807 4.426807 1.557052
57.120735 111.052490     134.679688 19.812500 13.582031     -0.985150 -0.171693 0.171693 -0.985150     4.008660 4.008660 1.569992
186.191696 144.418533     831.152344 1556.050781 2926.841797     -0.503815 -0.863812 0.863812 -0.503815     5.423546 5.423546 2.886959
281.390442 133.274902     1690.299805 276.752930 95.119141     -0.979393 -0.201964 0.201964 -0.979393     13.612431 13.612431 1.498628
281.390442 133.274902     144.742188 21.406250 15.111328     -0.979393 -0.201964 0.201964 -0.979393     13.612431 13.612431 2.789606
54.352516 91.620247     48.171875 89.894531 188.773438     -0.981584 -0.191029 0.191029 -0.981584     27.904778 27.904778 6.162990
40.937141 245.431427     165.500000 23.609375 16.666016     -0.996806 -0.079860 0.079860 -0.996806     4.933383 4.933383 1.552299
58.569740 111.290779     68.578125 -29.664062 78.328125     -0.985150 -0.171694 0.171694 -0.985150     4.345768 4.345768 1.563983
185.041931 434.103241     1337.453369 65.828125 469.554688     0.498331 -0.866987 0.866987 0.498331     20.036794 20.036794 1.452415
178.326477 209.367645     1208.929688 2133.261719 3767.113281     -0.438909 -0.898532 0.898532 -0.438909     8.755832 8.755832 4.801629
280.735199 133.101044     53.445312 21.246094 19.339844     -0.981868 -0.189567 0.189567 -0.981868     14.132320 14.132320 1.471855
280.735199 133.101044     606.753906 1007.921875 1680.914062     -0.981868 -0.189567 0.189567 -0.981868     14.132320 14.132320 2.821737
190.842850 152.142853     45.890381 -29.134766 55.093750     -0.509520 -0.860459 0.860459 -0.509520     5.721045 5.721045 3.049679
60.094463 164.187302     1481.914551 259.280273 46.926758     -0.990319 -0.138809 0.138809 -0.990319     6.259714 6.259714 1.569490
60.094463 164.187302     978.689453 81.302734 9.046875     -0.990319 -0.138809 0.138809 -0.990319     6.259714 6.259714 6.217191
43.351757 245.711060     64.753906 -32.140625 167.843750     -0.996771 -0.080294 0.080294 -0.996771     5.276608 5.276608 1.551589
64.564911 92.757362     62.531250 70.152344 172.808594     -0.985299 -0.170840 0.170840 -0.985299     29.669081 29.669081 6.287519
183.503036 180.520340     1436.417480 202.278320 31.201172     -0.468414 -0.883509 0.883509 -0.468414     7.311558 7.311558 1.565350
279.785706 132.776398     174.668945 13.476562 36.312500     -0.983198 -0.182544 0.182544 -0.983198     14.412405 14.412405 2.822845
279.785706 132.776398     2072.304688 300.281250 154.976562     -0.983198 -0.182544 0.182544 -0.983198     14.412405 14.412405 4.741248
198.157440 179.737610     757.609375 1271.945312 2143.019531     -0.492720 -0.870188 0.870188 -0.492720     3.555923 3.555923 1.561571
198.157440 179.737610     453.585938 80.191406 32.042969     -0.492720 -0.870188 0.870188 -0.492720     3.555923 3.555923 4.709460
60.223175 111.549355     65.171875 -29.070312 167.843750     -0.985154 -0.171672 0.171672 -0.985154     4.674031 4.674031 1.578710
184.913788 434.330475     49.593750 51.839844 59.535156     0.543664 -0.839303 0.839303 0.543664     22.877489 22.877489 1.284261
184.913788 434.330475     821.443848 156.871826 30.920410     0.543664 -0.839303 0.839303 0.543664     22.877489 22.877489 2.490035
194.977402 158.866287     215.500000 214.984375 215.996094     -0.514802 -0.857309 0.857309 -0.514802     5.880905 5.880905 3.198527
46.346405 246.004364     19.126953 -20.765503 134.647156     -0.996698 -0.081199 0.081199 -0.996698     5.613502 5.613502 1.551484
276.827942 132.336655     907.980225 174.063721 34.628906     -0.987526 -0.157459 0.157459 -0.987526     14.528078 14.528078 0.338347
276.827942 132.336655     1044.367188 87.095703 9.984375     -0.987526 -0.157459 0.157459 -0.987526     14.528078 14.528078 1.540096
184.155045 434.565887     614.085938 97.207031 41.162109     0.591837 -0.806058 0.806058 0.591837     25.764328 25.764328 1.154412
184.155045 434.565887     70.515625 65.316406 175.664062     0.591837 -0.806058 0.806058 0.591837     25.764328 25.764328 2.475655
182.702271 179.287506     626.628906 -293.830078 542.486328     -0.469808 -0.882769 0.882769 -0.469808     7.826156 7.826156 1.590285
61.354046 164.323700     859.917969 1446.527344 2441.667969     -0.990276 -0.139117 0.139117 -0.990276     6.855097 6.855097 1.562145
61.354046 164.323700     85.531250 120.207031 183.093750     -0.990276 -0.139117 0.139117 -0.990276     6.855097 6.855097 6.215040
66.854340 92.755371     1517.878418 214.734375 33.457031     -0.986089 -0.166219 0.166219 -0.986089     31.328752 31.328752 6.322431
276.257782 132.008896     69.710938 -31.984375 169.812500     -0.987308 -0.158818 0.158818 -0.987308     15.371259 15.371259 0.279743
178.607895 209.431580     9754.109375 3955.390625 7924.550781     -0.438162 -0.898896 0.898896 -0.438162     9.389058 9.389058 4.806723
197.262619 162.762619     250.265625 246.476562 244.628906     -0.515228 -0.857053 0.857053 -0.515228     5.947805 5.947805 3.239860
62.112812 111.845123     3033.284668 1319.943359 2237.230469     -0.985130 -0.171810 0.171810 -0.985130     5.116511 5.116511 1.570690
62.112812 111.845123     79.898438 19.109375 30.085938     -0.985130 -0.171810 0.171810 -0.985130     5.116511 5.116511 6.158466
169.380951 211.463211     39.388672 66.732422 119.997070     -0.365908 -0.930651 0.930651 -0.365908     14.492662 14.492662 4.883151
47.982525 246.203888     1571.231201 93.353516 498.976562     -0.996612 -0.082244 0.082244 -0.996612     6.110940 6.110940 1.556773
275.400391 131.744141     53.523438 6.773438 17.566406     -0.988226 -0.153003 0.153003 -0.988226     16.231632 16.231632 0.344571
183.261475 434.694946     42.781250 34.859375 40.462891     0.647238 -0.762288 0.762288 0.647238     29.642382 29.642382 0.978240
183.261475 434.694946     2531.110840 259.630859 236.535156     0.647238 -0.762288 0.762288 0.647238     29.642382 29.642382 2.472695
199.959946 182.922485     1135.576660 96.092773 11.234375     -0.492829 -0.870126 0.870126 -0.492829     3.703259 3.703259 1.554904
199.959946 182.922485     118.101562 219.431641 411.998047     -0.492829 -0.870126 0.870126 -0.492829     3.703259 3.703259 4.710692
312.070892 138.276123     275.625000 270.492188 267.480469     -0.901650 -0.432467 0.432467 -0.901650     13.611568 13.611568 5.682910
196.649551 161.749252     75.880859 -25.390625 170.484375     -0.514654 -0.857398 0.857398 -0.514654     5.948703 5.948703 1.579019
196.649551 161.749252     86.320312 118.281250 178.695312     -0.514654 -0.857398 0.857398 -0.514654     5.948703 5.948703 3.175865
288.514587 133.997757     45.625000 33.503906 40.619141     -0.984035 -0.177977 0.177977 -0.984035     17.108145 17.108145 0.154563
288.514587 133.997757     22.203125 10.394531 37.142578     -0.984035 -0.177977 0.177977 -0.984035     17.108145 17.108145 1.312635
182.944016 179.908569     76.898438 20.078125 30.496094     -0.471493 -0.881870 0.881870 -0.471493     8.139929 8.139929 1.568693
63.932991 112.106529     43.976562 -134.357910 434.056519     -0.985007 -0.172516 0.172516 -0.985007     5.540380 5.540380 1.581435
63.932991 112.106529     186.181641 22.410156 45.421875     -0.985007 -0.172516 0.172516 -0.985007     5.540380 5.540380 4.677284
50.447235 246.460632     373.531250 77.175781 44.890625     -0.996551 -0.082980 0.082980 -0.996551     6.790464 6.790464 1.556614
50.447235 246.460632     938.476562 1573.695312 2648.080078     -0.996551 -0.082980 0.082980 -0.996551     6.790464 6.790464 3.362673
182.394257 440.765869     78.796875 24.574219 34.136719     0.275180 -0.961393 0.961393 0.275180     33.540638 33.540638 1.381122
175.164230 210.744873     94.027344 -18.789062 161.703125     -0.437062 -0.899431 0.899431 -0.437062     23.998963 23.998963 4.977179
63.234154 164.542038     1401.343750 2472.972656 4367.820312     -0.990194 -0.139700 0.139700 -0.990194     7.343616 7.343616 1.577748
63.234154 164.542038     29.328125 14.925781 38.572266     -0.990194 -0.139700 0.139700 -0.990194     7.343616 7.343616 6.201205
76.757408 141.010757     58.164062 -168.178711 522.809937     -0.988504 -0.151192 0.151192 -0.988504     46.991801 46.991801 1.530505
76.757408 141.010757     46.968750 98.500000 215.875000     -0.988504 -0.151192 0.151192 -0.988504     46.991801 46.991801 3.227881
201.713028 170.465240     55.789062 -5.351562 30.875000     -0.510747 -0.859731 0.859731 -0.510747     6.325149 6.325149 1.574262
201.713028 170.465240     66.546875 41.027344 51.615234     -0.510747 -0.859731 0.859731 -0.510747     6.325149 6.325149 3.023693
288.219574 133.713882     42.464844 70.964844 127.054688     -0.983524 -0.180778 0.180778 -0.983524     18.718756 18.718756 1.248019
288.219574 133.713882     1610.900879 227.703125 35.736328     -0.983524 -0.180778 0.180778 -0.983524     18.718756 18.718756 6.396369
181.928085 441.062408     1243.289551 105.650391 12.597656     0.254786 -0.966997 0.966997 0.254786     34.126611 34.126611 1.385015
326.638611 136.787125     88.492188 -8.679688 33.304688     -0.672515 -0.740084 0.740084 -0.672515     7.096380 7.096380 4.927219
46.474403 66.795219     103.109375 119.523438 148.203125     -0.982210 -0.187786 0.187786 -0.982210     4.336287 4.336287 1.594770
46.474403 66.795219     15.121094 10.957031 80.132812     -0.982210 -0.187786 0.187786 -0.982210     4.336287 4.336287 6.409241
403.508850 198.221237     1027.546875 1729.757812 2921.570312     -0.706699 -0.707515 0.707515 -0.706699     3.932106 3.932106 4.794370
403.508850 198.221237     284.835938 56.367188 47.195312     -0.706699 -0.707515 0.707515 -0.706699     3.932106 3.932106 5.811599
107.471146 122.858810     238.562500 87.382812 121.570312     -0.782899 -0.622149 0.622149 -0.782899     103.489800 103.489800 2.164269
75.811172 138.167221     143.328125 84.367188 63.507812     -0.985010 -0.172498 0.172498 -0.985010     57.214026 57.214026 3.128332
75.811172 138.167221     55.101562 114.300781 246.343750     -0.985010 -0.172498 0.172498 -0.985010     57.214026 57.214026 6.151302
65.985771 201.946411     44.154053 -26.607422 63.671875     -0.992764 -0.120080 0.120080 -0.992764     65.729571 65.729571 6.187041
97.497177 18.369116     117.960938 3.648438 45.875000     0.171707 -0.985148 0.985148 0.171707     17.720870 17.720870 3.318592
50.755680 67.585228     1801.304688 76.048828 515.804688     -0.982069 -0.188519 0.188519 -0.982069     4.961062 4.961062 6.378415
52.191330 246.609863     98.296875 -15.390625 155.671875     -0.996523 -0.083321 0.083321 -0.996523     7.397169 7.397169 3.344667
52.191330 246.609863     3274.899414 1567.377930 2509.220703     -0.996523 -0.083321 0.083321 -0.996523     7.397169 7.397169 6.172372
294.127808 134.036316     109.750000 127.437500 158.718750     -0.986652 -0.162843 0.162843 -0.986652     22.553230 22.553230 0.202587
174.433426 211.171021     86.035156 -230.344727 691.545654     -0.431841 -0.901950 0.901950 -0.431841     28.189930 28.189930 5.015492
200.874573 184.531647     29.367188 26.761719 94.281250     -0.492759 -0.870166 0.870166 -0.492759     4.014469 4.014469 1.556642
200.874573 184.531647     216.445312 -4.656250 56.335938     -0.492759 -0.870166 0.870166 -0.492759     4.014469 4.014469 4.709953
203.236649 173.214828     381.437500 142.492188 149.621094     -0.510039 -0.860152 0.860152 -0.510039     6.644216 6.644216 1.577694
203.236649 173.214828     134.414062 211.250000 334.281250     -0.510039 -0.860152 0.860152 -0.510039     6.644216 6.644216 2.939225
306.648529 210.247528     130.378906 6.417969 2.718750     -0.558557 -0.829466 0.829466 -0.558557     9.635204 9.635204 1.713640
65.413628 164.806107     377.210938 85.562500 51.388672     -0.990102 -0.140349 0.140349 -0.990102     7.817603 7.817603 6.192331
180.827393 441.823944     1273.691406 2029.039062 3277.144531     0.280500 -0.959854 0.959854 0.280500     34.962442 34.962442 1.340269
404.351837 199.074081     225.328125 156.085938 139.433594     -0.711138 -0.703053 0.703053 -0.711138     4.396641 4.396641 4.784393
336.421356 172.196625     41.812500 40.757812 114.531250     -0.946938 -0.321417 0.321417 -0.946938     21.860776 21.860776 0.788548
336.421356 172.196625     1336.054688 2070.695312 3417.078125     -0.946938 -0.321417 0.321417 -0.946938     21.860776 21.860776 3.945730
172.524750 107.574257     1355.976562 116.065430 14.015625     -0.491431 -0.870916 0.870916 -0.491431     5.925018 5.925018 2.974888
172.524750 107.574257     294.750000 -1.218750 75.414062     -0.491431 -0.870916 0.870916 -0.491431     5.925018 5.925018 4.666353
289.520325 165.247971     94.503906 -249.941406 777.835938     -0.983816 -0.179180 0.179180 -0.983816     18.186224 18.186224 0.778011
289.520325 165.247971     197.080566 2.960938 92.046875     -0.983816 -0.179180 0.179180 -0.983816     18.186224 18.186224 1.179116
314.692902 169.417328     40.763672 67.908203 124.700195     -0.718761 -0.695257 0.695257 -0.718761     11.685650 11.685650 5.135474
79.270584 203.288757     147.296875 -16.113281 297.054688     -0.993815 -0.111046 0.111046 -0.993815     64.825737 64.825737 6.193931
54.605900 246.839142     37.222656 26.519531 55.494141     -0.996420 -0.084547 0.084547 -0.996420     7.898571 7.898571 3.316661
54.605900 246.839142     1747.611328 248.990234 39.427734     -0.996420 -0.084547 0.084547 -0.996420     7.898571 7.898571 6.151730
168.227463 139.025757     82.015625 154.125000 322.906250     -0.470940 -0.882165 0.882165 -0.470940     4.406447 4.406447 2.983194
168.227463 139.025757     159.679688 251.773438 399.382812     -0.470940 -0.882165 0.882165 -0.470940     4.406447 4.406447 5.912862
405.286194 199.990128     309.609375 159.109375 139.753906     -0.712409 -0.701764 0.701764 -0.712409     4.566768 4.566768 4.770496
179.875763 441.571869     109.601562 9.257812 36.046875     0.243835 -0.969817 0.969817 0.243835     37.514201 37.514201 1.336663
306.578308 210.646591     99.398438 -256.983398 802.596680     -0.564030 -0.825754 0.825754 -0.564030     10.580768 10.580768 1.736572
314.474213 169.876282     151.449219 3.082031 306.031250     -0.732973 -0.680258 0.680258 -0.732973     13.888026 13.888026 5.241645
362.966034 173.014557     53.953125 43.882812 116.312500     -0.456308 -0.889822 0.889822 -0.456308     18.484393 18.484393 2.513794
362.966034 173.014557     217.742188 342.875000 542.265625     -0.456308 -0.889822 0.889822 -0.456308     18.484393 18.484393 5.698454
337.385834 172.347031     2004.397461 36.384766 523.960938     -0.937061 -0.349166 0.349166 -0.937061     21.588094 21.588094 0.769852
337.385834 172.347031     144.250000 -1.953125 83.765625     -0.937061 -0.349166 0.349166 -0.937061     21.588094 21.588094 3.924392
280.439362 164.673111     407.437500 57.492188 122.664062     -0.966690 -0.255952 0.255952 -0.966690     22.552939 22.552939 0.992850
280.439362 164.673111     148.875000 4.085938 50.703125     -0.966690 -0.255952 0.255952 -0.966690     22.552939 22.552939 2.848169
306.481720 210.624588     192.572754 2.589844 90.296875     -0.556434 -0.830892 0.830892 -0.556434     12.135334 12.135334 1.762973
248.153244 33.116882     11839.312500 3688.187500 7615.236328     0.297058 -0.954860 0.954860 0.297058     6.640649 6.640649 1.555225
292.038910 166.404327     86.000000 163.601562 347.187500     -0.975997 -0.217785 0.217785 -0.975997     23.670845 23.670845 0.917003
292.038910 166.404327     8468.682617 3676.232422 5013.593750     -0.975997 -0.217785 0.217785 -0.975997     23.670845 23.670845 2.767692
204.212204 174.948639     321.703125 171.140625 158.480469     -0.511218 -0.859451 0.859451 -0.511218     6.988451 6.988451 1.562760
204.212204 174.948639     251.648438 -8.976562 64.921875     -0.511218 -0.859451 0.859451 -0.511218     6.988451 6.988451 3.047717
338.020691 172.902695     209.684570 78.085938 115.593750     -0.914469 -0.404657 0.404657 -0.914469     21.704051 21.704051 0.734130
338.020691 172.902695     1107.203125 32.125000 131.804688     -0.914469 -0.404657 0.404657 -0.914469     21.704051 21.704051 2.661003
202.921402 188.156158     1535.563965 133.493164 16.140625     -0.492769 -0.870160 0.870160 -0.492769     4.282419 4.282419 1.562579
202.921402 188.156158     37.832031 59.486328 117.269531     -0.492769 -0.870160 0.870160 -0.492769     4.282419 4.282419 4.709451
364.193665 173.628464     158.949219 13.546875 318.718750     -0.593375 -0.804926 0.804926 -0.593375     19.263541 19.263541 2.716618
364.193665 173.628464     1213.171875 41.085938 143.695312     -0.593375 -0.804926 0.804926 -0.593375     19.263541 19.263541 5.274461
375.677765 221.218521     11306.986328 4855.146484 5423.914062     -0.643817 -0.765180 0.765180 -0.643817     8.813493 8.813493 1.733463
274.894989 201.000000     46.078125 42.507812 47.417969     -0.924529 -0.381111 0.381111 -0.924529     16.182596 16.182596 0.774455
274.894989 201.000000     216.786133 100.164062 158.234375     -0.924529 -0.381111 0.381111 -0.924529     16.182596 16.182596 3.911034
247.949997 35.461540     50.593750 47.906250 54.890625     0.308194 -0.951324 0.951324 0.308194     8.632965 8.632965 1.551563
217.492950 294.070435     98.808594 192.500000 412.078125     -0.417792 -0.908543 0.908543 -0.417792     5.821778 5.821778 1.572798
217.492950 294.070435     40.734375 58.544922 113.956055     -0.417792 -0.908543 0.908543 -0.417792     5.821778 5.821778 5.895348
322.540131 294.490234     188.134766 0.027344 89.703125     -0.979490 0.201492 -0.201492 -0.979490     24.554552 24.554552 3.538791
367.441711 175.794479     16129.937500 8140.197266 7269.962891     -0.767799 -0.640690 0.640690 -0.767799     18.760175 18.760175 0.303562
367.441711 175.794479     170.238281 34.636719 336.062500     -0.767799 -0.640690 0.640690 -0.767799     18.760175 18.760175 5.351072
172.502167 107.406929     34195.593750 2326.042969 8140.849609     -0.493981 -0.869473 0.869473 -0.493981     6.593686 6.593686 3.014958
172.502167 107.406929     103.921875 -10.421875 162.265625     -0.493981 -0.869473 0.869473 -0.493981     6.593686 6.593686 4.668568
67.245224 164.981949     44.207031 59.406250 115.511719     -0.990115 -0.140257 0.140257 -0.990115     8.395216 8.395216 6.199689
57.467934 247.084320     1757.615234 153.812500 18.398438     -0.996388 -0.084915 0.084915 -0.996388     8.530830 8.530830 3.309727
57.467934 247.084320     250.982666 -65.356445 64.859375     -0.996388 -0.084915 0.084915 -0.996388     8.530830 8.530830 6.152640
325.308960 294.971771     41.781250 6.605469 50.066406     -0.988413 0.151788 -0.151788 -0.988413     25.444614 25.444614 3.532821
375.848999 221.302017     2248.513184 -21.529297 547.234375     -0.638212 -0.769861 0.769861 -0.638212     9.027838 9.027838 1.740966
206.923553 302.159027     220.019531 43.757812 327.304688     -0.161844 -0.986816 0.986816 -0.161844     16.425971 16.425971 4.918520
206.707382 179.346222     184.904785 -2.679688 86.734375     -0.509793 -0.860297 0.860297 -0.509793     7.158939 7.158939 1.570630
206.707382 179.346222     218.699219 114.792969 189.828125     -0.509793 -0.860297 0.860297 -0.509793     7.158939 7.158939 2.973057
350.428101 174.340881     3839.836914 99.837891 529.671875     -0.975574 -0.219669 0.219669 -0.975574     26.432729 26.432729 0.920077
316.915192 210.615051     2070.538574 180.871094 20.996094     -0.882124 -0.471017 0.471017 -0.882124     38.948150 38.948150 2.530656
274.738373 200.750610     190.453125 24.828125 13.687500     -0.844873 -0.534967 0.534967 -0.844873     14.292119 14.292119 0.917021
274.738373 200.750610     824.777344 2.159180 100.499664     -0.844873 -0.534967 0.534967 -0.844873     14.292119 14.292119 4.114753
218.261230 295.673462     179.153809 -1.953125 85.718750     -0.423291 -0.905994 0.905994 -0.423291     5.865486 5.865486 1.578830
218.261230 295.673462     253.175232 -62.003906 62.765625     -0.423291 -0.905994 0.905994 -0.423291     5.865486 5.865486 5.955097
327.954498 296.811646     170.886230 -2.542969 81.500000     -0.998728 -0.050419 0.050419 -0.998728     30.417741 30.417741 3.195963
376.356720 221.716370     720.097412 -61.296875 74.984375     -0.636915 -0.770934 0.770934 -0.636915     9.509934 9.509934 1.744495
376.356720 221.716370     122.388901 -29.552734 83.734375     -0.636915 -0.770934 0.770934 -0.636915     9.509934 9.509934 4.867154
247.243698 42.123951     571.431030 -1.974609 0.390625     0.319496 -0.947588 0.947588 0.319496     13.019185 13.019185 1.542356
220.171219 295.550873     22.796875 9.156250 27.765625     -0.433647 -0.901083 0.901083 -0.433647     11.325727 11.325727 3.220276
220.171219 295.550873     3645.586914 -249.328125 239.468750     -0.433647 -0.901083 0.901083 -0.433647     11.325727 11.325727 6.127975
204.287964 190.368515     718.561157 4.751953 1.625000     -0.493720 -0.869621 0.869621 -0.493720     5.044618 5.044618 1.566147
204.287964 190.368515     70.718750 42.828125 54.687500     -0.493720 -0.869621 0.869621 -0.493720     5.044618 5.044618 4.700265
281.522980 207.242050     3711.265625 -219.773438 249.546875     -0.760562 -0.649265 0.649265 -0.760562     17.440245 17.440245 1.884339
281.522980 207.242050     729.976440 7.996094 2.328125     -0.760562 -0.649265 0.649265 -0.760562     17.440245 17.440245 4.921450
207.648819 303.139191     117.562500 35.437500 52.109375     -0.337970 -0.941157 0.941157 -0.337970     20.001996 20.001996 5.042874
334.450287 297.967407     126.156250 26.968750 53.765625     -0.999578 0.029045 -0.029045 -0.999578     33.735189 33.735189 3.358306
323.501862 213.551498     788.369629 6.060547 2.656250     -0.903059 -0.429517 0.429517 -0.903059     40.711505 40.711505 2.504217
323.501862 213.551498     872.489258 2.976562 3.000000     -0.903059 -0.429517 0.429517 -0.903059     40.711505 40.711505 5.599762
282.369446 288.448273     3683.305664 -174.800781 254.109375     -0.534965 -0.844874 0.844874 -0.534965     3.635823 3.635823 3.625082
282.369446 288.448273     201.187500 -12.218750 61.359375     -0.534965 -0.844874 0.844874 -0.534965     3.635823 3.635823 5.821237
189.035004 334.709991     1119.126953 21.261719 7.750000     -0.998745 -0.050084 0.050084 -0.998745     6.966874 6.966874 1.586593
189.035004 334.709991     189.402344 -5.976562 18.328125     -0.998745 -0.050084 0.050084 -0.998745     6.966874 6.966874 4.655460
292.241425 166.484680     1262.143066 36.453125 12.640625     -0.970907 -0.239456 0.239456 -0.970907     24.764836 24.764836 2.714658
292.241425 166.484680     182.625000 -6.554688 20.015625     -0.970907 -0.239456 0.239456 -0.970907     24.764836 24.764836 6.113359
216.241898 192.922974     3808.511719 -138.441406 263.343750     -0.527880 -0.849319 0.849319 -0.527880     15.957936 15.957936 3.831683
247.077469 44.587147     206.390625 92.703125 387.859375     0.316368 -0.948636 0.948636 0.316368     14.748678 14.748678 1.538676
376.547791 220.015503     178.656250 -4.523438 20.515625     -0.795391 -0.606097 0.606097 -0.795391     20.371739 20.371739 2.048336
326.246674 214.895996     2260.334229 57.492188 15.250000     -0.906010 -0.423256 0.423256 -0.906010     41.014385 41.014385 2.481906
326.246674 214.895996     284.800781 6.312500 24.890625     -0.906010 -0.423256 0.423256 -0.906010     41.014385 41.014385 5.586531
280.863373 207.533035     445.809937 6.620117 3.203125     -0.779562 -0.626324 0.626324 -0.779562     21.447074 21.447074 4.988179
207.491165 303.310944     77.156250 4.140625 12.203125     -0.408843 -0.912605 0.912605 -0.408843     21.839222 21.839222 5.073773
215.926849 196.050613     249.578125 157.421875 466.328125     -0.524883 -0.851174 0.851174 -0.524883     34.607494 34.607494 3.818302
60.514408 247.298828     4097.084961 -85.457031 284.640625     -0.996335 -0.085537 0.085537 -0.996335     9.057396 9.057396 3.284926
60.514408 247.298828     4105.868164 20.003906 428.203125     -0.996335 -0.085537 0.085537 -0.996335     9.057396 9.057396 6.151696
339.535400 299.909363     491.031250 297.265625 552.406250     -0.999985 0.005556 -0.005556 -0.999985     39.076817 39.076817 3.328939
380.147949 219.553375     125.507812 0.500000 2.796875     -0.829455 -0.558573 0.558573 -0.829455     27.330303 27.330303 2.234713
246.982925 46.343166     21.367188 -9.046875 29.828125     0.310567 -0.950551 0.950551 0.310567     16.126198 16.126198 1.540939
172.516983 107.022644     122.562500 -182.812500 277.500000     -0.486971 -0.873418 0.873418 -0.486971     7.665529 7.665529 2.958496
172.516983 107.022644     108.812500 -247.515625 572.609375     -0.486971 -0.873418 0.873418 -0.486971     7.665529 7.665529 6.291054
204.650955 313.666992     314.031250 -466.406250 704.468750     0.105781 -0.994389 0.994389 0.105781     54.295959 54.295959 4.689887
253.873337 162.203339     176.406250 -223.500000 308.875000     -0.580643 -0.814158 0.814158 -0.580643     19.255259 19.255259 5.235903
69.795563 165.257477     323.875000 -467.906250 700.296875     -0.989959 -0.141357 0.141357 -0.989959     8.857268 8.857268 6.182135
221.112976 296.855652     103.710938 -142.414062 369.734375     -0.438317 -0.898820 0.898820 -0.438317     11.782131 11.782131 1.648237
221.112976 296.855652     1016.462891 20.839844 3.093750     -0.438317 -0.898820 0.898820 -0.438317     11.782131 11.782131 3.317267
284.181030 291.297424     121.507812 -239.882812 559.828125     -0.533941 -0.845522 0.845522 -0.533941     3.729139 3.729139 3.626226
284.181030 291.297424     137.125000 -270.640625 569.984375     -0.533941 -0.845522 0.845522 -0.533941     3.729139 3.729139 5.775529
384.562836 220.782516     137.460938 -254.671875 583.078125     -0.857580 -0.514350 0.514350 -0.857580     29.959665 29.959665 2.295378
384.562836 220.782516     1526.031250 -29.125000 2.562500     -0.857580 -0.514350 0.514350 -0.857580     29.959665 29.959665 5.380055
292.364227 273.846985     275.796875 -46.546875 23.656250     -0.992408 -0.122989 0.122989 -0.992408     26.584130 26.584130 0.934970
247.110107 47.376308     100.964844 -3.882812 5.187500     0.310370 -0.950616 0.950616 0.310370     17.713706 17.713706 1.535838
204.577759 313.136536     184.726562 -132.492188 575.140625     -0.019926 -0.999801 0.999801 -0.019926     55.367886 55.367886 4.785598
402.190613 303.011719     825.843750 -478.218750 684.984375     -0.458691 -0.888596 0.888596 -0.458691     25.176246 25.176246 1.874754
286.400787 294.805450     95.859375 7.171875 62.828125     -0.534903 -0.844913 0.844913 -0.534903     3.690943 3.690943 1.606900
286.400787 294.805450     1719.242188 41.828125 474.015625     -0.534903 -0.844913 0.844913 -0.534903     3.690943 3.690943 3.710554
407.821533 301.837769     129.480469 1.101562 9.781250     -0.999480 0.032241 -0.032241 -0.999480     41.170112 41.170112 3.281906
347.438629 304.518616     3529.763672 115.027344 20.687500     -0.981648 -0.190703 0.190703 -0.981648     47.516071 47.516071 2.925213
294.379028 274.958069     4117.250000 -82.781250 8.750000     -0.999138 -0.041513 0.041513 -0.999138     31.989069 31.989069 0.899027
172.495117 106.211723     140.875000 14.984375 6.210938     -0.479385 -0.877605 0.877605 -0.479385     9.221472 9.221472 2.927180
221.855270 298.240601     190.001953 14.554688 3.265625     -0.433672 -0.901071 0.901071 -0.433672     12.125812 12.125812 3.263122
221.855270 298.240601     160.351562 22.628906 8.140625     -0.433672 -0.901071 0.901071 -0.433672     12.125812 12.125812 4.793135
385.954529 221.464310     392.906250 39.117188 8.835938     -0.845704 -0.533652 0.533652 -0.845704     31.974773 31.974773 2.279540
297.300903 275.644043     1424.292969 100.050781 11.988281     -0.998852 0.047908 -0.047908 -0.998852     36.137924 36.137924 3.457553
366.921234 305.628662     623.980469 60.210938 11.343750     -0.999459 -0.032882 0.032882 -0.999459     51.455249 51.455249 3.277056
64.043938 247.574982     3469.412109 241.406250 25.179688     -0.996220 -0.086860 0.086860 -0.996220     9.547397 9.547397 3.264889
64.043938 247.574982     784.779297 63.078125 12.781250     -0.996220 -0.086860 0.086860 -0.996220     9.547397 9.547397 6.109281
172.671509 105.709305     320.500000 28.203125 5.203125     -0.471544 -0.881842 0.881842 -0.471544     11.043946 11.043946 2.912681
172.671509 105.709305     421.664062 72.890625 25.648438     -0.471544 -0.881842 0.881842 -0.471544     11.043946 11.043946 6.192110
204.306915 312.595947     130.273438 14.906250 5.593750     -0.083892 -0.996475 0.996475 -0.083892     56.529873 56.529873 4.826093
370.714447 306.728668     27539.687500 1276.156250 1304.656250     -0.999265 -0.038332 0.038332 -0.999265     53.646199 53.646199 3.270265
430.245544 236.160721     878.941406 72.855469 14.257812     -0.701513 -0.712656 0.712656 -0.701513     9.260554 9.260554 4.956884
431.114166 237.102356     70.902344 12.261719 7.601562     -0.691085 -0.722773 0.722773 -0.691085     9.846455 9.846455 4.971175
223.671829 301.798767     3500.755859 250.316406 27.148438     -0.429449 -0.903091 0.903091 -0.429449     12.132173 12.132173 3.211638
223.671829 301.798767     489.390625 45.796875 9.035156     -0.429449 -0.903091 0.903091 -0.429449     12.132173 12.132173 4.792571
173.093826 105.446915     317.484375 30.289062 6.296875     -0.484660 -0.874703 0.874703 -0.484660     12.960869 12.960869 3.018662
203.885284 312.826263     1075.242188 91.472656 17.039062     -0.196569 -0.980490 0.980490 -0.196569     57.503993 57.503993 4.915172
173.725906 105.578156     342.304688 44.902344 7.851562     -0.492653 -0.870226 0.870226 -0.492653     14.634313 14.634313 3.064542
68.336769 247.896042     94.789062 10.746094 12.539062     -0.996171 -0.087421 0.087421 -0.996171     9.961538 9.961538 3.270341
68.336769 247.896042     1256.234375 93.664062 15.085938     -0.996171 -0.087421 0.087421 -0.996171     9.961538 9.961538 6.097269
214.277557 154.604080     270.878784 16.783691 4.832031     -0.484095 -0.875016 0.875016 -0.484095     27.786117 27.786117 3.098745
202.195862 312.703613     28162.000000 878.031250 1431.609375     -0.335494 -0.942042 0.942042 -0.335494     64.341482 64.341482 5.043494
73.682663 248.328171     2276.250000 193.382812 27.445312     -0.996187 -0.087239 0.087239 -0.996187     10.218787 10.218787 3.270265
73.682663 248.328171     15.048523 -14.601562 54.359375     -0.996187 -0.087239 0.087239 -0.996187     10.218787 10.218787 6.096190
426.583771 272.649750     3665.137695 309.212891 38.703125     -0.990640 -0.136501 0.136501 -0.990640     14.418554 14.418554 2.963240
426.583771 272.649750     1988.007812 359.605469 70.482422     -0.990640 -0.136501 0.136501 -0.990640     14.418554 14.418554 6.020127
33.558254 394.145630     170.636719 19.914062 19.851562     -0.999994 0.003458 -0.003458 -0.999994     2.787811 2.787811 4.675854
428.992615 419.424347     268.632812 47.574219 15.276367     -0.607510 -0.794312 0.794312 -0.607510     17.883716 17.883716 2.060856
428.992615 419.424347     2200.382812 384.253906 75.400391     -0.607510 -0.794312 0.794312 -0.607510     17.883716 17.883716 6.296693
434.440338 423.139923     2501.125488 361.250000 55.345703     -0.763783 -0.645473 0.645473 -0.763783     18.685770 18.685770 2.045894
36.214874 394.185944     3579.350586 310.595703 39.601562     -0.999986 0.005301 -0.005301 -0.999986     3.071537 3.071537 4.682633
37.042896 393.616608     202.847656 24.000000 21.523438     -0.999978 -0.006628 0.006628 -0.999978     5.680534 5.680534 4.696634
435.262604 423.489197     402.246094 69.037109 20.108398     -0.769404 -0.638763 0.638763 -0.769404     19.682736 19.682736 2.066802
37.351982 393.400940     1152.834229 227.452148 46.315430     -0.999940 -0.010987 0.010987 -0.999940     6.735385 6.735385 4.700513
439.549927 423.217438     416.718750 70.386719 21.416992     -0.916092 -0.400969 0.400969 -0.916092     27.223536 27.223536 0.808586
440.806946 422.722778     1698.416504 300.379883 54.435547     -0.949180 -0.314733 0.314733 -0.949180     30.127563 30.127563 0.856388
41.849442 393.113373     51.909180 13.750000 13.093750     -0.999970 -0.007713 0.007713 -0.999970     7.269283 7.269283 4.696223
46.113964 392.991974     231.183594 27.960938 23.304688     -0.999994 -0.003423 0.003423 -0.999994     7.780981 7.780981 4.701801
445.632324 420.887054     2339.554688 411.304688 82.167969     -0.996260 0.086402 -0.086402 -0.996260     34.943791 34.943791 1.193090
47.520832 391.961792     3063.453125 529.546875 100.773438     -0.999817 -0.019120 0.019120 -0.999817     12.194412 12.194412 4.696519
248.987442 383.457275     29329.843750 126.593750 2892.015625     -0.999392 0.034872 -0.034872 -0.999392     19.155198 19.155198 1.430631
48.624100 391.240997     2484.157715 356.392578 54.978516     -0.999575 -0.029137 0.029137 -0.999575     15.311934 15.311934 4.698679
248.955124 383.555542     1668.517090 287.391602 50.510742     -0.999191 0.040212 -0.040212 -0.999191     19.999368 19.999368 1.426809
248.703568 383.673553     1727.015625 299.328125 53.466797     -0.999592 0.028569 -0.028569 -0.999592     20.318057 20.318057 1.416658
58.389236 390.839966     3617.030273 313.767578 44.273438     -0.999673 -0.025583 0.025583 -0.999673     16.703854 16.703854 4.699207
253.480057 384.450439     414.042969 82.546875 180.707031     -0.999706 -0.024266 0.024266 -0.999706     22.381519 22.381519 1.406256
33.475338 356.336334     3259.335938 591.906250 122.121094     -0.999888 -0.014952 0.014952 -0.999888     7.928343 7.928343 4.715643
556.134949 374.785706     246.582031 30.742188 27.703125     -0.997991 -0.063363 0.063363 -0.997991     15.549589 15.549589 1.150007
217.532715 366.476624     3457.984375 635.921875 136.824219     -0.999992 -0.004075 0.004075 -0.999992     7.522996 7.522996 1.492671
511.851990 464.528015     1144.834229 223.142578 45.630371     0.570535 -0.821273 0.821273 0.570535     9.950942 9.950942 1.425478
533.757385 451.124603     1727.239258 299.249023 53.790039     0.552189 -0.833719 0.833719 0.552189     5.478125 5.478125 1.531234
282.078278 439.732330     3674.626953 356.423828 63.875000     0.397675 -0.917526 0.917526 0.397675     5.573799 5.573799 1.553344
542.580933 437.282166     2064.792969 246.084961 656.867188     0.554030 -0.832497 0.832497 0.554030     8.581162 8.581162 1.537095
266.668762 439.570984     1855.887695 330.820312 60.345703     0.393309 -0.919406 0.919406 0.393309     5.878590 5.878590 1.553442
547.357117 451.545441     257.566406 36.949219 34.328125     0.562537 -0.826772 0.826772 0.562537     9.036856 9.036856 1.494852
572.611450 451.033905     2925.428711 438.691406 66.771484     0.598274 -0.801292 0.801292 0.598274     13.893879 13.893879 1.455680
542.406921 436.611816     2496.000000 357.686523 56.066406     0.559829 -0.828608 0.828608 0.559829     12.523561 12.523561 1.516662
264.554199 433.723511     29301.757812 -29.890625 3215.953125     0.398390 -0.917216 0.917216 0.398390     29.112521 29.112521 1.415903
147.800964 366.522644     86.205078 26.832031 22.023438     -0.999789 -0.020552 0.020552 -0.999789     7.346671 7.346671 1.543262
285.748169 438.635315     1955.341797 407.679688 912.911865     0.403424 -0.915013 0.915013 0.403424     17.855984 17.855984 1.493806
307.913666 438.318939     3549.273438 657.929688 145.667969     0.433273 -0.901263 0.901263 0.433273     11.920588 11.920588 1.527961
287.124237 437.355957     3823.742188 410.375000 202.449219     0.413246 -0.910619 0.910619 0.413246     21.053522 21.053522 1.485232
446.897827 363.965942     53.190430 2.082031 7.859375     -0.999817 0.019107 -0.019107 -0.999817     6.373348 6.373348 1.557630
446.897827 363.965942     1137.499512 219.966309 45.177734     -0.999817 0.019107 -0.019107 -0.999817     6.373348 6.373348 4.698110
511.733337 392.525635     31.320312 9.246094 19.294922     -0.984404 0.175924 -0.175924 -0.984404     17.623586 17.623586 0.516710
254.403702 365.866669     2584.207031 1272.704102 2067.801270     -0.999182 0.040440 -0.040440 -0.999182     10.092797 10.092797 1.457298
127.297577 367.655121     1727.327148 299.708008 54.500000     -0.999597 -0.028375 0.028375 -0.999597     13.444935 13.444935 4.710338
253.914429 365.709045     59.587891 2.628906 8.710938     -0.999958 -0.009202 0.009202 -0.999958     14.066451 14.066451 1.373784
131.200912 368.445862     2544.289062 363.825195 58.255859     -0.999464 -0.032727 0.032727 -0.999464     18.510788 18.510788 4.713256
431.790314 364.803711     2902.852539 433.324219 66.505859     -0.999797 0.020137 -0.020137 -0.999797     11.976034 11.976034 1.528137
435.553619 365.209961     27.149414 0.710938 14.601562     -0.999893 0.014659 -0.014659 -0.999893     15.452208 15.452208 1.507498
154.155060 368.460724     96.777496 24.908020 292.848206     -0.999942 -0.010748 0.010748 -0.999942     35.599240 35.599240 4.696367
183.866226 266.749176     2800.427734 431.171875 128.925781     -0.994012 -0.109269 0.109269 -0.994012     9.613311 9.613311 1.624087
130.526550 244.973450     202.292175 63.354736 296.913269     -0.997012 -0.077243 0.077243 -0.997012     6.579865 6.579865 3.433593
192.190475 248.952377     52.730469 -3.988281 14.320312     -0.989577 -0.144003 0.144003 -0.989577     9.907841 9.907841 1.445284
148.429291 369.120697     61.947266 3.515625 11.031250     -1.000000 0.000343 -0.000343 -1.000000     43.454595 43.454595 4.701491
171.727280 265.787231     1944.996094 349.612305 65.333984     -0.994957 -0.100305 0.100305 -0.994957     9.953428 9.953428 1.592784
154.991241 246.035049     65.712891 5.949219 12.121094     -0.997525 -0.070316 0.070316 -0.997525     9.997377 9.997377 1.521640
302.056732 250.148941     593.155884 13.279419 337.120605     -0.997875 -0.065157 0.065157 -0.997875     12.029939 12.029939 4.331518
140.550217 369.540588     100.203125 13.859375 14.199219     -0.999967 -0.008110 0.008110 -0.999967     47.371257 47.371257 4.704206
164.167633 265.167633     36.210938 37.777344 51.945312     -0.995295 -0.096892 0.096892 -0.995295     10.536347 10.536347 1.601976
216.728821 136.610168     1148.739258 213.770996 45.113770     -0.983754 -0.179523 0.179523 -0.983754     4.732460 4.732460 4.689931
296.533173 248.395401     107.722656 13.300781 15.664062     -0.983893 -0.178760 0.178760 -0.983893     15.374819 15.374819 4.378406
129.285095 243.139114     41.632812 39.562500 51.474609     -0.997576 -0.069580 0.069580 -0.997576     12.997009 12.997009 1.500011
129.285095 243.139114     1751.279297 301.268555 55.476562     -0.997576 -0.069580 0.069580 -0.997576     12.997009 12.997009 4.675573
157.863907 265.088745     110.974609 14.652344 17.210938     -0.996722 -0.080903 0.080903 -0.996722     12.455528 12.455528 1.616530
437.837311 263.277527     1966.512207 353.682617 66.846680     -0.996085 -0.088398 0.088398 -0.996085     7.394583 7.394583 1.571096
296.508728 248.080780     97.609375 74.648438 70.892578     -0.984488 -0.175450 0.175450 -0.984488     16.010324 16.010324 4.380771
327.011414 277.087463     22.187500 5.928711 25.739143     -0.993122 -0.117084 0.117084 -0.993122     8.814009 8.814009 4.622154
378.534882 282.562805     44.343750 17.328125 58.231277     -0.994596 -0.103819 0.103819 -0.994596     17.202877 17.202877 3.076106
155.059891 264.853485     97.593750 73.941406 69.759766     -0.996518 -0.083376 0.083376 -0.996518     12.856316 12.856316 1.620827
235.879852 140.025192     44.250000 18.023438 67.832359     -0.984440 -0.175720 0.175720 -0.984440     6.006530 6.006530 4.696462
367.891541 256.477966     45.531250 22.981934 82.403107     -0.996742 -0.080661 0.080661 -0.996742     8.468935 8.468935 3.150464
191.648651 320.936951     50.031250 31.611328 119.084244     -0.982972 -0.183753 0.183753 -0.982972     10.368960 10.368960 4.707979
125.870041 242.749863     1776.021973 306.886719 57.581055     -0.997440 -0.071508 0.071508 -0.997440     13.651219 13.651219 1.494359
125.870041 242.749863     106.750000 82.359375 78.005859     -0.997440 -0.071508 0.071508 -0.997440     13.651219 13.651219 4.665476
366.176483 255.957977     62.312500 52.351562 180.212860     -0.995566 -0.094069 0.094069 -0.995566     9.763947 9.763947 3.005109
437.811523 263.330780     84.906250 67.166016 207.331177     -0.995383 -0.095984 0.095984 -0.995383     8.268422 8.268422 1.566020
241.543915 141.095535     111.156250 88.854492 334.555725     -0.984800 -0.173691 0.173691 -0.984800     6.783021 6.783021 4.693912
192.117447 321.563751     126.437500 107.212891 399.415710     -0.990963 -0.134136 0.134136 -0.990963     13.348176 13.348176 0.449818
192.117447 321.563751     172.156250 175.314453 820.618286     -0.990963 -0.134136 0.134136 -0.990963     13.348176 13.348176 4.707361
149.918945 264.544617     12.031250 -5.437500 423.078125     -0.996339 -0.085491 0.085491 -0.996339     13.641938 13.641938 1.648893
438.173004 263.363312     29.781250 4.234375 37.328125     -0.994859 -0.101268 0.101268 -0.994859     9.342847 9.342847 1.556628
323.572144 250.763840     200.468750 267.890625 1738.247314     -0.992154 -0.125025 0.125025 -0.992154     16.052818 16.052818 4.514591
244.740250 141.613724     16.138672 -23.804688 64.562500     -0.984791 -0.173745 0.173745 -0.984791     7.679652 7.679652 4.688609
311.423798 188.728577     159.166748 31.647461 9.609375     -0.991411 -0.130786 0.130786 -0.991411     6.248463 6.248463 1.593481
311.423798 188.728577     173.130127 34.913086 10.843750     -0.991411 -0.130786 0.130786 -0.991411     6.248463 6.248463 3.188907
192.431686 321.890717     22.346706 -13.856201 39.312500     -0.991845 -0.127447 0.127447 -0.991845     15.031785 15.031785 0.456128
192.431686 321.890717     198.956055 38.222656 11.898438     -0.991845 -0.127447 0.127447 -0.991845     15.031785 15.031785 4.708823
371.544952 280.570129     216.089722 39.779297 12.875000     -0.997196 -0.074830 0.074830 -0.997196     12.773440 12.773440 4.668538
245.975250 141.733414     264.586914 51.123047 16.062500     -0.984262 -0.176716 0.176716 -0.984262     8.964481 8.964481 4.696505
26.794367 252.800003     43.585938 -90.742188 1507.230469     -0.998032 -0.062713 0.062713 -0.998032     8.745996 8.745996 4.701510
26.794367 252.800003     30135.257812 -3505.265625 6982.449219     -0.998032 -0.062713 0.062713 -0.998032     8.745996 8.745996 6.420815
444.395844 263.281250     35.812500 5.093750 17.253906     -0.996124 -0.087955 0.087955 -0.996124     14.330154 14.330154 1.519259
141.814987 263.892120     10.320312 24.476562 128.277344     -0.995810 -0.091450 0.091450 -0.995810     14.267761 14.267761 1.623728
311.387238 188.731918     154.320312 -54.214844 299.683594     -0.991518 -0.129968 0.129968 -0.991518     6.719052 6.719052 1.589464
311.387238 188.731918     124.656250 51.601562 328.187500     -0.991518 -0.129968 0.129968 -0.991518     6.719052 6.719052 3.208668
445.802551 263.252289     147.250000 -40.750000 81.828125     -0.996485 -0.083777 0.083777 -0.996485     16.176670 16.176670 1.509296
324.625793 250.655258     61.703125 82.121094 116.341797     -0.992220 -0.124493 0.124493 -0.992220     16.882077 16.882077 4.520528
192.944077 322.360168     60.484375 -110.171875 1596.769531     -0.993184 -0.116559 0.116559 -0.993184     16.689403 16.689403 0.445667
192.944077 322.360168     210.062500 271.542969 2326.832031     -0.993184 -0.116559 0.116559 -0.993184     16.689403 16.689403 4.715981
389.715332 282.197174     30582.296875 -3606.757812 7636.800781     -0.996376 -0.085058 0.085058 -0.996376     14.881887 14.881887 1.466848
31.014635 454.463409     63.472656 83.800781 118.044922     0.314057 -0.949404 0.949404 0.314057     14.384815 14.384815 1.500081
31.014635 454.463409     378.093750 -8.187500 90.203125     0.314057 -0.949404 0.949404 0.314057     14.384815 14.384815 1.998103
115.510574 241.207916     155.093750 -41.480469 327.812500     -0.996436 -0.084354 0.084354 -0.996436     15.926831 15.926831 1.450389
115.510574 241.207916     10.929688 26.574219 155.703125     -0.996436 -0.084354 0.084354 -0.996436     15.926831 15.926831 4.703175
251.142990 142.467789     219.734375 5.312500 57.710938     -0.983948 -0.178456 0.178456 -0.983948     10.322297 10.322297 4.716111
407.021606 288.913025     70.896240 -87.317871 138.637695     -0.971124 -0.238574 0.238574 -0.971124     45.838336 45.838336 2.341403
139.203079 182.107697     1049.437500 -46.125000 87.390625     -0.986969 -0.160912 0.160912 -0.986969     8.108824 8.108824 1.574112
30.845816 454.612335     69.640625 90.693359 126.331055     0.317944 -0.948110 0.948110 0.317944     15.003248 15.003248 1.516572
30.845816 454.612335     96.183594 -5.529297 141.277344     0.317944 -0.948110 0.948110 0.317944     15.003248 15.003248 2.021506
252.614578 142.587341     1650.113281 402.671875 2220.765625     -0.984103 -0.177599 0.177599 -0.984103     10.940828 10.940828 1.474470
252.614578 142.587341     1247.875000 -60.593750 84.203125     -0.984103 -0.177599 0.177599 -0.984103     10.940828 10.940828 4.719581
191.934235 322.135406     30343.406250 -3553.648438 8945.226562     -0.989966 -0.141306 0.141306 -0.989966     17.093383 17.093383 4.697657
110.022568 261.204132     214.656250 34.640625 52.277344     -0.995998 -0.089379 0.089379 -0.995998     14.237138 14.237138 1.600773
110.022568 261.204132     182.851562 1.960938 71.265625     -0.995998 -0.089379 0.089379 -0.995998     14.237138 14.237138 4.664989
309.858063 188.235489     47.890625 -64.714844 100.554688     -0.989165 -0.146811 0.146811 -0.989165     8.542983 8.542983 3.030021
31.503788 453.863647     256.132812 45.267578 20.185547     0.443081 -0.896481 0.896481 0.443081     17.700136 17.700136 1.405156
31.503788 453.863647     100.974365 -124.472168 182.559570     0.443081 -0.896481 0.896481 0.443081     17.700136 17.700136 2.041260
374.813843 197.930740     216.703125 31.562500 53.191406     -0.990175 -0.139836 0.139836 -0.990175     6.528250 6.528250 1.439033
132.889435 181.154785     159.929688 -10.742188 372.968750     -0.986879 -0.161461 0.161461 -0.986879     8.048949 8.048949 1.582995
209.925644 103.862457     55.546875 -9.558594 44.341797     -0.977998 -0.208616 0.208616 -0.977998     7.801093 7.801093 4.611618
31.702703 453.729736     30684.328125 -1931.671875 10960.480469     0.467542 -0.883971 0.883971 0.467542     18.669145 18.669145 1.388538
31.702703 453.729736     314.031250 -81.201172 109.823242     0.467542 -0.883971 0.883971 0.467542     18.669145 18.669145 2.091600
190.554398 321.922272     1686.132812 403.738281 2252.894531     -0.988695 -0.149938 0.149938 -0.988695     17.708025 17.708025 4.701633
255.138245 143.067368     30488.812500 -854.835938 12786.902344     -0.984582 -0.174926 0.174926 -0.984582     11.977092 11.977092 1.468728
255.138245 143.067368     57.750000 -73.664062 109.500000     -0.984582 -0.174926 0.174926 -0.984582     11.977092 11.977092 4.704574
212.785049 104.392525     331.890625 -76.726562 104.278320     -0.981178 -0.193104 0.193104 -0.981178     8.298505 8.298505 4.625668
293.811340 185.412094     174.890625 6.726562 72.414062     -0.986949 -0.161030 0.161030 -0.986949     10.574145 10.574145 4.618254
374.625000 197.892853     169.625000 5.250000 72.539062     -0.988853 -0.148898 0.148898 -0.988853     7.312417 7.312417 1.417910
109.365677 240.128052     129.546875 67.117188 363.093750     -0.995304 -0.096794 0.096794 -0.995304     18.140313 18.140313 1.472960
109.365677 240.128052     135.595734 -29.689453 27.515625     -0.995304 -0.096794 0.096794 -0.995304     18.140313 18.140313 4.730935
189.192139 321.959167     133.922089 -23.337891 33.062500     -0.991676 -0.128762 0.128762 -0.991676     18.698499 18.698499 4.704555
215.694061 105.474884     27.031319 15.176758 115.515625     -0.983910 -0.178663 0.178663 -0.983910     11.593623 11.593623 4.611003
257.274353 143.430298     178.937500 -42.656250 14.859375     -0.984985 -0.172640 0.172640 -0.984985     12.768830 12.768830 1.461594
257.274353 143.430298     168.265625 0.890625 73.789062     -0.984985 -0.172640 0.172640 -0.984985     12.768830 12.768830 4.683484
301.100739 186.018021     26.418045 21.996826 170.820312     -0.986214 -0.165476 0.165476 -0.986214     11.212652 11.212652 1.469774
301.100739 186.018021     48.466866 -29.998787 63.522476     -0.986214 -0.165476 0.165476 -0.986214     11.212652 11.212652 4.664498
88.407524 174.998962     27.139194 26.983643 207.203125     -0.989705 -0.143126 0.143126 -0.989705     7.927844 7.927844 1.593381
108.736198 261.405914     958.270264 -24.128906 15.109375     -0.996230 -0.086751 0.086751 -0.996230     15.944843 15.944843 1.617624
108.736198 261.405914     2.278028 10.375397 589.996094     -0.996230 -0.086751 0.086751 -0.996230     15.944843 15.944843 4.684926
187.376816 321.724640     65.406250 45.518555 134.534668     -0.991641 -0.129031 0.129031 -0.991641     19.303159 19.303159 4.705559
219.367783 106.213661     51.429321 -11.508545 17.734375     -0.985010 -0.172495 0.172495 -0.985010     12.742726 12.742726 4.610791
115.806450 330.705078     2.881623 15.667084 823.191406     -0.941461 -0.337121 0.337121 -0.941461     12.878106 12.878106 1.211419
57.764332 74.233543     162.033203 -26.648438 16.132812     -0.981043 -0.193791 0.193791 -0.981043     5.296876 5.296876 1.593343
57.764332 74.233543     192.468750 -200.636719 230.374268     -0.981043 -0.193791 0.193791 -0.981043     5.296876 5.296876 4.689717
219.808548 106.324364     95.460938 -77.974609 131.406860     -0.985405 -0.170224 0.170224 -0.985405     13.692171 13.692171 4.606170
73.120079 118.704727     45.625000 -67.796875 138.574829     -0.984696 -0.174283 0.174283 -0.984696     5.073122 5.073122 1.596774
114.780876 330.561768     192.531250 -90.785156 70.947998     -0.952882 -0.303342 0.303342 -0.952882     13.285716 13.285716 1.245760
185.799759 321.448151     38.000000 -31.274414 59.680847     -0.991380 -0.131018 0.131018 -0.991380     19.927158 19.927158 4.703767
221.048294 106.551140     116.921875 30.343750 20.968750     -0.985633 -0.168903 0.168903 -0.985633     14.455486 14.455486 4.611846
259.783813 143.870407     97.500000 -69.304688 92.402344     -0.984774 -0.173838 0.173838 -0.984774     13.915066 13.915066 1.456316
259.783813 143.870407     87.007812 35.042969 26.982422     -0.984774 -0.173838 0.173838 -0.984774     13.915066 13.915066 4.669048
305.769226 186.398773     237.456055 -51.175781 52.484375     -0.985302 -0.170819 0.170819 -0.985302     13.475609 13.475609 1.450982
305.769226 186.398773     89.978088 0.185547 29.546875     -0.985302 -0.170819 0.170819 -0.985302     13.475609 13.475609 4.646480
87.479034 175.044739     594.875000 -92.890625 130.953125     -0.989835 -0.142224 0.142224 -0.989835     8.738016 8.738016 1.613773
84.534119 110.230591     325.078613 193.941406 305.937500     -0.985471 -0.169841 0.169841 -0.985471     4.455325 4.455325 1.538017
84.534119 110.230591     73.281250 36.306641 70.136467     -0.985471 -0.169841 0.169841 -0.985471     4.455325 4.455325 4.740904
56.954632 74.202271     38.890625 -39.790039 103.237122     -0.981262 -0.192679 0.192679 -0.981262     5.815634 5.815634 1.595053
56.954632 74.202271     58.218750 -10.835938 16.136719     -0.981262 -0.192679 0.192679 -0.981262     5.815634 5.815634 4.695670
114.315414 330.634399     25501.289062 7017.851562 8533.681641     -0.944694 -0.327953 0.327953 -0.944694     13.871408 13.871408 1.230419
70.042732 118.328209     255.077148 -48.769531 67.078125     -0.985284 -0.170923 0.170923 -0.985284     5.585471 5.585471 1.599490
110.618347 261.867767     94.990952 45.836426 150.296875     -0.996223 -0.086826 0.086826 -0.996223     18.514082 18.514082 1.613233
110.618347 261.867767     77.214600 21.905273 23.367188     -0.996223 -0.086826 0.086826 -0.996223     18.514082 18.514082 4.671898
220.572845 97.871284     67.804688 7.832031 38.871094     -0.952977 -0.303042 0.303042 -0.952977     55.926426 55.926426 1.507570
220.572845 97.871284     1908.312500 157.171875 151.187500     -0.952977 -0.303042 0.303042 -0.952977     55.926426 55.926426 6.154473
310.108459 187.165604     39.449219 -2.429688 13.406250     -0.983770 -0.179435 0.179435 -0.983770     16.933352 16.933352 1.402477
310.108459 187.165604     252.379944 133.063477 356.562500     -0.983770 -0.179435 0.179435 -0.983770     16.933352 16.933352 4.630312
184.550217 321.285248     86.968750 -21.390625 10.125000     -0.990641 -0.136497 0.136497 -0.990641     21.799362 21.799362 4.704892
221.314926 93.860939     270.954102 -47.605469 67.000000     -0.929227 -0.369510 0.369510 -0.929227     69.032037 69.032037 1.457513
218.199326 88.263000     50.740234 -3.898438 21.734375     -0.899755 -0.436395 0.436395 -0.899755     82.493320 82.493320 1.377148
78.777992 109.100571     82.325806 4.785156 16.882812     -0.984779 -0.173812 0.173812 -0.984779     4.997141 4.997141 1.540480
78.777992 109.100571     804.125000 424.906250 384.695312     -0.984779 -0.173812 0.173812 -0.984779     4.997141 4.997141 4.732733
112.031693 240.461884     269.023499 99.224609 369.328125     -0.995224 -0.097613 0.097613 -0.995224     20.198674 20.198674 1.454555
112.031693 240.461884     123.788086 44.586426 136.953125     -0.995224 -0.097613 0.097613 -0.995224     20.198674 20.198674 4.711139
314.635651 187.912537     83.289474 10.755859 18.218750     -0.983327 -0.181844 0.181844 -0.983327     19.730670 19.730670 1.378000
258.708679 143.632751     43.488853 -23.304169 31.810791     -0.984056 -0.177861 0.177861 -0.984056     16.220049 16.220049 1.431817
258.708679 143.632751     30.750000 -1.593750 13.679688     -0.984056 -0.177861 0.177861 -0.984056     16.220049 16.220049 4.741657
109.479561 166.059952     3439.143555 1329.490234 776.570312     -0.988896 -0.148610 0.148610 -0.988896     4.184907 4.184907 1.559273
113.426826 330.591461     34.609863 -13.695312 21.078125     -0.935540 -0.353220 0.353220 -0.935540     14.694593 14.694593 1.185080
113.426826 330.591461     267.061523 -48.609375 77.515625     -0.935540 -0.353220 0.353220 -0.935540     14.694593 14.694593 4.596227
56.623287 74.232880     46.839844 -0.398438 13.875000     -0.981464 -0.191644 0.191644 -0.981464     6.456715 6.456715 1.602555
56.623287 74.232880     72.000000 7.156250 7.046875     -0.981464 -0.191644 0.191644 -0.981464     6.456715 6.456715 4.696249
69.782539 118.387444     129.867432 -1.626953 13.187500     -0.985290 -0.170891 0.170891 -0.985290     6.182531 6.182531 1.602280
115.247620 262.982666     2419.500000 190.968750 155.437500     -0.995255 -0.097304 0.097304 -0.995255     24.244965 24.244965 1.645190
115.247620 262.982666     83.722168 -76.628906 78.515625     -0.995255 -0.097304 0.097304 -0.995255     24.244965 24.244965 4.651245
74.793159 108.343590     87.092590 6.963867 33.820312     -0.984460 -0.175611 0.175611 -0.984460     5.195713 5.195713 1.551076
74.793159 108.343590     589.593750 -76.906250 268.003235     -0.984460 -0.175611 0.175611 -0.984460     5.195713 5.195713 4.744281
183.973907 320.916901     109.533203 2.550781 38.796875     -0.987253 -0.159158 0.159158 -0.987253     23.969177 23.969177 4.697563
107.960396 165.841583     333.242188 150.250000 81.235352     -0.988935 -0.148348 0.148348 -0.988935     4.419419 4.419419 1.547234
87.718933 175.230194     100.346924 19.701172 30.789062     -0.989850 -0.142118 0.142118 -0.989850     9.767793 9.767793 1.616483
113.388298 330.659576     122.250000 -25.843750 10.953125     -0.939991 -0.341199 0.341199 -0.939991     15.771779 15.771779 4.608019
315.154877 188.078705     26757.703125 6161.261719 8783.916016     -0.983037 -0.183410 0.183410 -0.983037     21.541261 21.541261 1.365868
115.889267 251.613861     108.992188 -0.828125 15.140625     -0.993797 -0.111210 0.111210 -0.993797     56.299790 56.299790 6.076625
118.661835 315.681152     90.875000 3.187500 7.468750     -0.998951 -0.045785 0.045785 -0.998951     12.538739 12.538739 1.543848
118.661835 315.681152     61.468750 -27.390625 28.890625     -0.998951 -0.045785 0.045785 -0.998951     12.538739 12.538739 5.709919
56.189816 74.282410     277.511108 105.313477 432.000000     -0.981732 -0.190270 0.190270 -0.981732     7.180118 7.180118 1.614121
56.189816 74.282410     91.356262 3.094727 46.304688     -0.981732 -0.190270 0.190270 -0.981732     7.180118 7.180118 4.688879
224.847733 155.300415     196.023682 -24.727539 50.125000     -0.878966 -0.476884 0.476884 -0.878966     17.004070 17.004070 0.933320
107.767014 165.878357     51.562500 -30.468750 28.734375     -0.988956 -0.148213 0.148213 -0.988956     5.246047 5.246047 1.551869
74.981422 108.421051     77.349609 31.320312 71.687500     -0.984264 -0.176706 0.176706 -0.984264     5.640825 5.640825 4.737759
123.599060 287.952820     112.000000 17.750000 23.953125     -0.996037 -0.088935 0.088935 -0.996037     16.190118 16.190118 5.922078
70.224625 118.633286     14.984375 8.554688 30.515625     -0.985238 -0.171189 0.171189 -0.985238     7.007089 7.007089 1.612095
118.408699 315.830444     88.078125 4.625000 43.796875     -0.998675 -0.051466 0.051466 -0.998675     13.177747 13.177747 1.547040
118.408699 315.830444     55.468750 -31.218750 29.546875     -0.998675 -0.051466 0.051466 -0.998675     13.177747 13.177747 5.700746
89.414413 175.592346     75.214844 8.367188 13.984375     -0.989882 -0.141890 0.141890 -0.989882     11.118631 11.118631 1.620882
108.182144 165.941071     35.192383 7.218750 46.593750     -0.989028 -0.147728 0.147728 -0.989028     6.006327 6.006327 1.540102
55.837990 74.391060     139.218750 -28.328125 11.968750     -0.982147 -0.188113 0.188113 -0.982147     7.986673 7.986673 1.622456
55.837990 74.391060     43.777344 -3.191406 34.697266     -0.982147 -0.188113 0.188113 -0.982147     7.986673 7.986673 4.684147
96.872406 178.180695     751.272339 10.462891 253.390625     -0.984798 -0.173702 0.173702 -0.984798     21.785062 21.785062 2.732421
96.872406 178.180695     47.937500 -13.078125 42.000000     -0.984798 -0.173702 0.173702 -0.984798     21.785062 21.785062 5.851544
123.581200 288.064117     2830.437500 280.562500 201.609375     -0.998409 -0.056388 0.056388 -0.998409     17.171737 17.171737 5.984930
75.616249 108.586838     2857.994141 825.750000 1331.437500     -0.984281 -0.176611 0.176611 -0.984281     6.238787 6.238787 4.741016
102.249359 175.000427     80.246094 9.890625 15.234375     -0.987838 -0.155484 0.155484 -0.987838     35.163419 35.163419 2.974679
102.249359 175.000427     66.453125 -31.437500 36.187500     -0.987838 -0.155484 0.155484 -0.987838     35.163419 35.163419 6.119998
125.080383 287.983917     20.570312 7.023438 30.078125     -0.994764 0.102200 -0.102200 -0.994764     16.783591 16.783591 1.709484
125.080383 287.983917     36.226562 -5.828125 15.343750     -0.994764 0.102200 -0.102200 -0.994764     16.783591 16.783591 4.895395
56.159290 74.557526     18.101089 4.583252 32.882812     -0.982370 -0.186948 0.186948 -0.982370     8.756196 8.756196 1.625953
56.159290 74.557526     108.631348 31.710938 63.320312     -0.982370 -0.186948 0.186948 -0.982370     8.756196 8.756196 4.676991
70.079803 118.700119     26.338760 -16.166748 81.632812     -0.985401 -0.170250 0.170250 -0.985401     7.738687 7.738687 1.613552
70.079803 118.700119     2309.388428 295.212891 2523.562500     -0.985401 -0.170250 0.170250 -0.985401     7.738687 7.738687 6.239573
162.100006 220.024994     107.656250 -34.437500 28.671875     -0.997647 -0.068560 0.068560 -0.997647     14.781422 14.781422 1.107902
162.100006 220.024994     170.216858 -27.471680 10.617188     -0.997647 -0.068560 0.068560 -0.997647     14.781422 14.781422 4.530835
76.224312 108.794487     79.835938 10.640625 16.843750     -0.984188 -0.177127 0.177127 -0.984188     6.990570 6.990570 4.742926
161.386276 219.758118     49.992188 -5.285156 21.382812     -0.994039 -0.109021 0.109021 -0.994039     15.239405 15.239405 1.027313
161.386276 219.758118     81.656250 -7.968750 27.625000     -0.994039 -0.109021 0.109021 -0.994039     15.239405 15.239405 4.518693
158.323029 219.087082     34.351562 -24.644531 46.736328     -0.987873 -0.155262 0.155262 -0.987873     15.602075 15.602075 1.140263
158.323029 219.087082     66.828125 19.937500 44.093750     -0.987873 -0.155262 0.155262 -0.987873     15.602075 15.602075 4.681448
358.087799 135.004883     46.148438 7.718750 29.890625     -0.630921 -0.775847 0.775847 -0.630921     10.544124 10.544124 1.174474
56.100113 74.747498     65.734375 -30.859375 42.125000     -0.982973 -0.183748 0.183748 -0.982973     10.215558 10.215558 6.410488
156.849411 218.924713     15.156250 -8.078125 54.203125     -0.990125 -0.140187 0.140187 -0.990125     16.705165 16.705165 4.708385
357.369568 134.713043     80.664062 -10.875000 29.187500     -0.662030 -0.749477 0.749477 -0.662030     11.636088 11.636088 1.174838
70.803299 118.901100     50.765625 -13.351562 42.539062     -0.985466 -0.169871 0.169871 -0.985466     8.472564 8.472564 1.629264
70.803299 118.901100     369.906250 -56.156250 17.265625     -0.985466 -0.169871 0.169871 -0.985466     8.472564 8.472564 6.238751
156.336136 218.934875     2965.062500 296.015625 211.281250     -0.988552 -0.150881 0.150881 -0.988552     17.413646 17.413646 4.713829
77.324776 109.104912     2260.405273 403.562500 2883.328125     -0.984159 -0.177286 0.177286 -0.984159     7.966833 7.966833 4.746055
353.403839 132.150635     89.570312 1.718750 48.328125     -0.766861 -0.641813 0.641813 -0.766861     13.055205 13.055205 1.276914
56.614227 74.882767     82.781250 -41.109375 115.921875     -0.983479 -0.181022 0.181022 -0.983479     11.240228 11.240228 0.160543
353.023193 131.884064     58.640625 5.937500 22.984375     -0.769730 -0.638370 0.638370 -0.769730     13.070967 13.070967 1.282912
72.232834 119.226868     124.218750 -44.000000 117.859375     -0.985326 -0.170684 0.170684 -0.985326     9.461161 9.461161 1.627033
72.232834 119.226868     266.421875 5.867188 17.296875     -0.985326 -0.170684 0.170684 -0.985326     9.461161 9.461161 6.233332
352.370178 131.637527     95.453125 -0.593750 52.000000     -0.765476 -0.643465 0.643465 -0.765476     13.329395 13.329395 1.281250
352.057739 131.630478     5166.172363 1103.503906 3240.250000     -0.761881 -0.647717 0.647717 -0.761881     13.795142 13.795142 1.277196
95.920929 297.967438     3454.968750 220.015625 228.656250     0.378762 -0.925494 0.925494 0.378762     11.381087 11.381087 1.418278
95.920929 297.967438     801.429688 420.562500 381.914062     0.378762 -0.925494 0.925494 0.378762     11.381087 11.381087 4.614803
43.996296 299.592590     32.312500 17.445312 36.046875     -0.980031 -0.198845 0.198845 -0.980031     8.035018 8.035018 1.526486
44.831684 299.762390     27.234375 4.093750 49.312500     -0.979434 -0.201766 0.201766 -0.979434     8.599065 8.599065 1.524076
44.382858 299.668579     162.265625 -87.453125 76.437500     -0.981245 -0.192766 0.192766 -0.981245     9.428099 9.428099 1.523272
43.706635 299.423462     37.753906 -25.167969 49.625000     -0.982645 -0.185498 0.185498 -0.982645     10.423780 10.423780 1.542102
45.381062 299.799072     21.375000 9.500000 62.593750     -0.981018 -0.193917 0.193917 -0.981018     10.983199 10.983199 1.528043
