1.0
684
267.416656 402.121033     138.070312 261.335938 512.203125     -0.457134 -0.889398 0.889398 -0.457134     8.712604 8.712604 3.227496
393.122803 415.514038     803.265625 -432.640625 236.562500     -0.879741 0.475454 -0.475454 -0.879741     7.452757 7.452757 0.493569
247.081390 428.887604     89.765625 185.335938 388.531250     -0.431541 -0.902093 0.902093 -0.431541     4.730551 4.730551 4.734763
240.123764 424.767334     114.007812 239.117188 504.140625     -0.428882 -0.903361 0.903361 -0.428882     3.130607 3.130607 4.780840
270.571838 408.285919     187.554688 361.265625 714.937500     -0.453010 -0.891505 0.891505 -0.453010     8.978668 8.978668 3.149389
270.571838 408.285919     2059.843750 -1104.812500 600.140625     -0.453010 -0.891505 0.891505 -0.453010     8.978668 8.978668 4.748018
429.102905 395.995605     213.398438 434.070312 913.843750     -0.880681 0.473710 -0.473710 -0.880681     10.904602 10.904602 0.494122
429.102905 395.995605     145.851562 290.851562 581.906250     -0.880681 0.473710 -0.473710 -0.880681     10.904602 10.904602 2.590623
238.124023 413.857880     2789.578125 -1506.640625 823.843750     -0.431316 -0.902201 0.902201 -0.431316     10.913735 10.913735 3.144546
261.699493 405.369446     226.250000 432.414062 847.078125     -0.447323 -0.894372 0.894372 -0.447323     2.778505 2.778505 4.718172
444.627625 387.481384     50.703125 23.906250 92.546875     -0.879311 0.476248 -0.476248 -0.879311     12.587211 12.587211 4.711462
271.098999 409.393555     46.171875 -45.875000 59.187500     -0.456530 -0.889708 0.889708 -0.456530     9.405182 9.405182 3.230687
271.098999 409.393555     201.484375 428.046875 911.625000     -0.456530 -0.889708 0.889708 -0.456530     9.405182 9.405182 4.744420
279.597534 279.185760     59.109375 68.851562 137.179688     -0.413174 -0.910652 0.910652 -0.413174     28.409424 28.409424 1.578803
279.597534 279.185760     177.781250 356.515625 717.296875     -0.413174 -0.910652 0.910652 -0.413174     28.409424 28.409424 6.133722
319.054047 419.000000     110.937500 86.671875 110.937500     0.655571 -0.755134 0.755134 0.655571     11.335525 11.335525 4.851735
230.231339 414.787323     141.328125 -71.484375 42.109375     -0.425178 -0.905110 0.905110 -0.425178     2.874636 2.874636 4.714627
307.691711 262.648224     3422.031250 -1874.234375 1039.218750     -0.503390 -0.864059 0.864059 -0.503390     19.613662 19.613662 1.608972
307.691711 262.648224     2245.921875 -1237.062500 710.375000     -0.503390 -0.864059 0.864059 -0.503390     19.613662 19.613662 4.703859
263.564697 409.031372     159.835938 302.476562 574.640625     -0.445315 -0.895374 0.895374 -0.445315     3.077983 3.077983 4.723870
330.031677 245.579193     504.839844 1054.328125 2233.187500     -0.707107 -0.707107 0.707107 -0.707107     22.167068 22.167068 1.780943
330.031677 245.579193     626.664062 -207.984375 1142.960938     -0.707107 -0.707107 0.707107 -0.707107     22.167068 22.167068 4.893776
419.957184 387.875488     51.351562 24.007812 95.226562     -0.886043 0.463604 -0.463604 -0.886043     9.762664 9.762664 2.892087
419.957184 387.875488     199.156250 396.507812 791.906250     -0.886043 0.463604 -0.463604 -0.886043     9.762664 9.762664 5.941883
455.827911 381.106964     202.621094 430.445312 917.343750     -0.876488 0.481424 -0.481424 -0.876488     14.064610 14.064610 4.707105
393.381775 400.009888     183.164062 344.171875 649.078125     -0.873880 0.486141 -0.486141 -0.873880     21.200326 21.200326 1.564698
293.918457 406.922760     647.632812 1347.976562 2838.078125     -0.466096 -0.884734 0.884734 -0.466096     3.134620 3.134620 4.717187
228.169434 392.802856     4100.796875 -2222.390625 1220.421875     -0.427835 -0.903857 0.903857 -0.427835     10.819367 10.819367 4.738551
317.408783 350.021942     58.906250 68.109375 134.648438     0.332635 -0.943056 0.943056 0.332635     105.850834 105.850834 0.943382
317.408783 350.021942     292.203125 578.367188 1147.203125     0.332635 -0.943056 0.943056 0.332635     105.850834 105.850834 5.305154
279.596649 279.299713     907.054688 1796.976562 3583.562500     -0.403386 -0.915030 0.915030 -0.403386     28.732369 28.732369 1.574351
279.596649 279.299713     110.007812 85.546875 112.648438     -0.403386 -0.915030 0.915030 -0.403386     28.732369 28.732369 6.128941
262.597321 407.140930     203.671875 382.078125 719.265625     -0.447940 -0.894063 0.894063 -0.447940     3.179899 3.179899 4.721528
230.551620 415.474182     4548.171875 -1128.203125 1599.554688     -0.424990 -0.905198 0.905198 -0.424990     3.266995 3.266995 4.717386
292.515381 404.296143     206.234375 438.031250 933.750000     -0.468758 -0.883327 0.883327 -0.468758     3.248790 3.248790 4.716970
224.046402 384.263611     181.628906 -8.292969 73.453125     -0.429773 -0.902937 0.902937 -0.429773     11.052660 11.052660 4.737279
470.337433 373.482330     743.472656 1538.187500 3215.640625     -0.878587 0.477583 -0.477583 -0.878587     15.828363 15.828363 4.708722
307.765137 262.544495     67.156250 69.445312 129.882812     -0.506970 -0.861963 0.861963 -0.506970     19.536015 19.536015 1.609495
307.765137 262.544495     946.574219 1892.054688 3836.656250     -0.506970 -0.861963 0.861963 -0.506970     19.536015 19.536015 4.701060
258.654388 399.373932     800.777344 -182.957031 151.332031     -0.450333 -0.892861 0.892861 -0.450333     3.155951 3.155951 4.716231
249.302612 365.745087     4460.312500 -2419.546875 1330.640625     -0.448726 -0.893669 0.893669 -0.448726     9.820077 9.820077 4.739895
330.306122 245.800003     1124.746094 2343.554688 4914.773438     -0.701630 -0.712542 0.712542 -0.701630     22.844343 22.844343 1.780389
330.306122 245.800003     5811.453125 -1943.953125 2060.984375     -0.701630 -0.712542 0.712542 -0.701630     22.844343 22.844343 4.890387
291.244843 401.972412     1205.265625 -276.402344 243.597656     -0.469407 -0.882982 0.882982 -0.469407     3.347712 3.347712 4.719168
230.433136 415.171509     481.257812 1011.984375 2131.406250     -0.424930 -0.905226 0.905226 -0.424930     3.527121 3.527121 4.715379
228.693436 233.913940     56.687500 76.304688 132.867188     -0.997108 0.075996 -0.075996 -0.997108     38.400866 38.400866 5.708714
221.469467 379.001801     114.257812 88.351562 115.511719     -0.432202 -0.901777 0.901777 -0.432202     11.253351 11.253351 4.736604
385.000000 223.430344     1558.210938 -354.019531 346.371094     -0.542404 -0.840118 0.840118 -0.542404     21.260014 21.260014 1.633456
247.152084 364.631256     1098.679688 2310.859375 4933.390625     -0.443302 -0.896372 0.896372 -0.443302     14.826808 14.826808 2.864594
247.152084 364.631256     58.359375 68.562500 138.781250     -0.443302 -0.896372 0.896372 -0.443302     14.826808 14.826808 4.733849
248.619705 222.956360     69.171875 69.953125 129.320312     -0.967272 0.253741 -0.253741 -0.967272     45.744781 45.744781 1.536728
248.619705 222.956360     1131.941406 2234.460938 4469.078125     -0.967272 0.253741 -0.253741 -0.967272     45.744781 45.744781 5.807539
474.106598 371.446686     8495.796875 1147.109375 4761.382812     -0.878370 0.477982 -0.477982 -0.878370     16.836267 16.836267 4.721029
212.654358 360.472809     1179.214844 2453.109375 5179.171875     -0.430832 -0.902432 0.902432 -0.430832     10.934349 10.934349 4.733170
256.915009 214.121002     79.421875 117.035156 183.271484     -0.966169 0.257908 -0.257908 -0.966169     58.640895 58.640895 1.544557
256.915009 214.121002     1189.304688 2344.062500 4679.085938     -0.966169 0.257908 -0.257908 -0.966169     58.640895 58.640895 5.816882
245.590317 361.912872     103.093750 153.175781 238.873047     -0.444948 -0.895556 0.895556 -0.444948     15.224037 15.224037 2.911637
245.590317 361.912872     61.085938 70.929688 140.375000     -0.444948 -0.895556 0.895556 -0.444948     15.224037 15.224037 4.776522
279.585602 279.238220     123.523438 184.628906 287.574219     -0.421350 -0.906898 0.906898 -0.421350     29.137232 29.137232 1.584391
279.585602 279.238220     52.992188 25.414062 97.601562     -0.421350 -0.906898 0.906898 -0.421350     29.137232 29.137232 6.167045
220.751526 394.920563     1254.929688 2601.195312 5467.710938     -0.429010 -0.903300 0.903300 -0.429010     3.569541 3.569541 4.704668
362.823517 236.019608     43.234375 -0.125000 69.242188     -0.526010 -0.850478 0.850478 -0.526010     13.865582 13.865582 1.579958
330.177124 245.605164     130.375000 187.093750 276.640625     -0.704594 -0.709611 0.709611 -0.704594     23.178704 23.178704 1.779212
330.177124 245.605164     1164.605469 2298.289062 4614.148438     -0.704594 -0.709611 0.709611 -0.704594     23.178704 23.178704 4.895967
262.253174 206.310745     69.468750 71.367188 132.992188     -0.965253 0.261316 -0.261316 -0.965253     71.226602 71.226602 1.540091
262.253174 206.310745     56.937500 76.523438 133.312500     -0.965253 0.261316 -0.261316 -0.965253     71.226602 71.226602 5.817840
211.662750 361.872284     114.296875 89.164062 117.589844     -0.425124 -0.905135 0.905135 -0.425124     16.420919 16.420919 4.740325
307.758057 262.519348     168.609375 252.777344 391.035156     -0.497042 -0.867727 0.867727 -0.497042     19.659452 19.659452 1.613434
307.758057 262.519348     10404.617188 3879.898438 7399.953125     -0.497042 -0.867727 0.867727 -0.497042     19.659452 19.659452 4.699171
385.126373 223.728027     314.406250 183.648438 318.251953     -0.550016 -0.835154 0.835154 -0.550016     21.629119 21.629119 1.638975
240.932968 353.165009     187.265625 270.468750 399.242188     -0.448147 -0.893960 0.893960 -0.448147     15.454027 15.454027 1.560076
240.932968 353.165009     336.531250 231.261719 404.638672     -0.448147 -0.893960 0.893960 -0.448147     15.454027 15.454027 3.014140
208.669113 356.263245     238.203125 346.015625 511.464844     -0.429016 -0.903297 0.903297 -0.429016     16.912274 16.912274 4.750852
363.899994 167.927277     59.562500 73.710938 127.890625     -0.540558 -0.841306 0.841306 -0.540558     8.187673 8.187673 4.725367
359.864197 161.820984     1196.996094 2331.992188 4640.156250     -0.545185 -0.838316 0.838316 -0.545185     8.186927 8.186927 4.721328
238.353256 348.438416     333.640625 488.210938 723.156250     -0.448824 -0.893620 0.893620 -0.448824     15.583249 15.583249 1.514829
238.353256 348.438416     145.554688 312.250000 672.671875     -0.448824 -0.893620 0.893620 -0.448824     15.583249 15.583249 3.013853
357.533325 158.274353     533.656250 502.367188 779.065430     -0.545344 -0.838212 0.838212 -0.545344     8.342513 8.342513 4.725050
307.756531 262.414490     374.820312 567.582031 872.013672     -0.506019 -0.862523 0.862523 -0.506019     19.857910 19.857910 1.613853
307.756531 262.414490     89.115723 -12.105469 52.546875     -0.506019 -0.862523 0.862523 -0.506019     19.857910 19.857910 4.705811
355.763641 155.545456     11420.617188 4845.039062 9543.515625     -0.544974 -0.838453 0.838453 -0.544974     8.441708 8.441708 4.718279
279.713013 279.302429     1228.812500 2521.109375 5288.968750     -0.412533 -0.910943 0.910943 -0.412533     28.983307 28.983307 1.575332
279.713013 279.302429     693.875000 767.304688 1204.916016     -0.412533 -0.910943 0.910943 -0.412533     28.983307 28.983307 6.158850
205.427231 350.028168     467.976562 687.863281 1020.458008     -0.430513 -0.902584 0.902584 -0.430513     16.967631 16.967631 4.748757
400.974365 206.769226     42.578125 1.085938 70.222656     0.004806 -0.999988 0.999988 0.004806     29.588578 29.588578 1.052657
400.974365 206.769226     509.906250 770.707031 1178.123047     0.004806 -0.999988 0.999988 0.004806     29.588578 29.588578 1.440575
373.090424 147.348404     116.726562 72.406250 101.144531     -0.563887 -0.825852 0.825852 -0.563887     7.295757 7.295757 4.729745
237.740662 348.622406     61.453125 70.648438 140.617188     -0.447082 -0.894493 0.894493 -0.447082     17.933891 17.933891 1.545747
237.740662 348.622406     77.132812 62.828125 165.992188     -0.447082 -0.894493 0.894493 -0.447082     17.933891 17.933891 3.000082
385.002411 223.518158     67.734375 69.195312 132.718750     -0.544703 -0.838629 0.838629 -0.544703     21.634961 21.634961 1.630257
363.025543 236.421280     118.679688 92.929688 121.367188     -0.526061 -0.850447 0.850447 -0.526061     13.944455 13.944455 1.579803
330.373322 245.806671     98.370605 -4.556641 55.660156     -0.700549 -0.713604 0.713604 -0.700549     23.280313 23.280313 1.783470
330.373322 245.806671     1294.878906 2646.750000 5540.914062     -0.700549 -0.713604 0.713604 -0.700549     23.280313 23.280313 4.896285
352.725891 150.865784     963.906250 1157.171875 1786.152344     -0.546484 -0.837470 0.837470 -0.546484     8.610932 8.610932 4.715894
404.763397 129.806763     93.468750 59.953125 133.703125     -0.703395 -0.710799 0.710799 -0.703395     51.832226 51.832226 3.433034
369.194916 141.557205     117.195312 73.468750 104.308594     -0.563536 -0.826092 0.826092 -0.563536     7.475610 7.475610 4.726435
402.572968 126.015732     43.609375 1.523438 70.011719     -0.653574 -0.756862 0.756862 -0.653574     52.638355 52.638355 3.310851
347.971375 143.597885     10708.031250 4277.796875 12801.734375     -0.547456 -0.836835 0.836835 -0.547456     8.664508 8.664508 4.709973
366.432220 137.424911     112.006348 1.228516 55.774414     -0.562462 -0.826823 0.826823 -0.562462     7.556065 7.556065 4.718809
88.435822 126.561195     222.234375 484.230469 1058.671875     -0.953656 0.300900 -0.300900 -0.953656     31.177510 31.177510 1.441570
88.435822 126.561195     18.609375 12.226562 35.023438     -0.953656 0.300900 -0.300900 -0.953656     31.177510 31.177510 4.518557
362.483032 236.350937     81.492188 65.804688 169.554688     -0.538277 -0.842768 0.842768 -0.538277     15.899202 15.899202 1.609970
234.859055 344.704987     1352.277344 2784.710938 5882.750000     -0.450594 -0.892729 0.892729 -0.450594     20.100149 20.100149 1.496015
234.859055 344.704987     61.867188 71.171875 143.445312     -0.450594 -0.892729 0.892729 -0.450594     20.100149 20.100149 3.095427
362.082550 131.057632     159.117188 333.640625 701.632812     -0.561014 -0.827806 0.827806 -0.561014     7.495572 7.495572 4.733022
177.909088 315.172729     236.927734 516.386719 1129.570312     -0.421301 -0.906921 0.906921 -0.421301     3.188277 3.188277 0.272513
392.974579 112.567825     121.937500 94.875000 122.281250     -0.617545 -0.786536 0.786536 -0.617545     53.097189 53.097189 3.234787
342.470459 135.135101     171.941406 345.414062 696.125000     -0.547176 -0.837018 0.837018 -0.547176     8.749309 8.749309 4.705871
87.994637 126.219841     175.867188 369.335938 777.929688     -0.957553 0.288256 -0.288256 -0.957553     31.468716 31.468716 1.443346
87.994637 126.219841     1325.171875 2693.656250 5667.562500     -0.957553 0.288256 -0.288256 -0.957553     31.468716 31.468716 4.507750
202.632690 347.031982     44.359375 3.921875 71.285156     -0.431754 -0.901991 0.901991 -0.431754     21.125480 21.125480 4.734390
385.841553 101.586632     123.109375 92.468750 117.062500     -0.584828 -0.811157 0.811157 -0.584828     53.370769 53.370769 3.111226
385.841553 101.586632     63.257812 71.453125 146.296875     -0.584828 -0.811157 0.811157 -0.584828     53.370769 53.370769 4.791440
356.512299 122.786240     82.281250 64.125000 169.976562     -0.560061 -0.828452 0.828452 -0.560061     7.739916 7.739916 1.588883
356.512299 122.786240     160.734375 -35.617188 187.492188     -0.560061 -0.828452 0.828452 -0.560061     7.739916 7.739916 4.727619
401.163940 206.816391     11219.585938 3279.929688 13409.792969     -0.039192 -0.999232 0.999232 -0.039192     29.348672 29.348672 0.979663
401.163940 206.816391     83.015625 81.125000 146.382812     -0.039192 -0.999232 0.999232 -0.039192     29.348672 29.348672 1.396295
337.322662 127.376625     52.625000 63.656250 90.269531     -0.548752 -0.835985 0.835985 -0.548752     9.004592 9.004592 1.565859
337.322662 127.376625     113.765625 86.554688 89.980469     -0.548752 -0.835985 0.835985 -0.548752     9.004592 9.004592 4.706650
356.655334 234.684464     371.437500 -148.781250 260.406250     -0.743970 -0.668213 0.668213 -0.743970     27.041721 27.041721 0.988179
356.655334 234.684464     122.000000 92.867188 122.156250     -0.743970 -0.668213 0.668213 -0.743970     27.041721 27.041721 1.710528
308.000000 262.625977     82.968750 62.414062 80.410156     -0.505578 -0.862781 0.862781 -0.505578     20.151789 20.151789 1.611675
308.000000 262.625977     110.439453 245.261719 547.945312     -0.505578 -0.862781 0.862781 -0.505578     20.151789 20.151789 4.695734
276.804962 274.055298     54.796875 66.218750 94.042969     -0.459684 -0.888082 0.888082 -0.459684     30.056517 30.056517 1.598143
276.804962 274.055298     30.062500 10.226562 28.800781     -0.459684 -0.888082 0.888082 -0.459684     30.056517 30.056517 4.723537
385.106995 223.624451     87.609375 83.625000 150.218750     -0.536170 -0.844110 0.844110 -0.536170     21.945170 21.945170 1.617722
330.631744 246.104797     83.312500 62.351562 172.054688     -0.701976 -0.712200 0.712200 -0.701976     23.419046 23.419046 1.777770
330.631744 246.104797     82.359375 61.257812 80.835938     -0.701976 -0.712200 0.712200 -0.701976     23.419046 23.419046 4.892463
88.473427 126.625603     377.343750 -142.968750 259.179688     -0.994481 0.104917 -0.104917 -0.994481     33.427287 33.427287 1.219364
88.473427 126.625603     96.906250 77.484375 139.828125     -0.994481 0.104917 -0.104917 -0.994481     33.427287 33.427287 4.294453
200.814606 344.536926     122.500000 90.835938 120.859375     -0.432606 -0.901583 0.901583 -0.432606     22.450698 22.450698 4.747546
377.765533 89.878571     111.125000 45.648438 98.160156     -0.576723 -0.816940 0.816940 -0.576723     54.558622 54.558622 1.604429
377.765533 89.878571     87.835938 62.750000 159.382812     -0.576723 -0.816940 0.816940 -0.576723     54.558622 54.558622 3.067353
356.113220 122.204231     29.781250 10.445312 31.636719     -0.560105 -0.828422 0.828422 -0.560105     8.887345 8.887345 1.577492
356.113220 122.204231     42.109375 -8.335938 41.136719     -0.560105 -0.828422 0.828422 -0.560105     8.887345 8.887345 4.732259
381.912872 225.237137     10876.679688 2488.312500 12540.128906     -0.583902 -0.811824 0.811824 -0.583902     31.930242 31.930242 1.659947
356.969421 234.893021     100.367188 -35.421875 28.015625     -0.737349 -0.675512 0.675512 -0.737349     27.372874 27.372874 0.945746
356.969421 234.893021     31.843750 -20.562500 44.484375     -0.737349 -0.675512 0.675512 -0.737349     27.372874 27.372874 4.899278
401.068054 207.005920     106.492188 -44.351562 32.906250     -0.057415 -0.998350 0.998350 -0.057415     29.686961 29.686961 1.434720
401.068054 207.005920     102.562500 26.421875 41.468750     -0.057415 -0.998350 0.998350 -0.057415     29.686961 29.686961 4.157054
89.549568 127.133621     128.712891 -56.921875 45.843750     -0.999762 -0.021832 0.021832 -0.999762     33.598938 33.598938 1.129686
89.549568 127.133621     23.578125 -26.500000 60.656250     -0.999762 -0.021832 0.021832 -0.999762     33.598938 33.598938 4.197658
179.066895 329.137115     83.812500 6.390625 17.671875     -0.416151 -0.909296 0.909296 -0.416151     3.544103 3.544103 0.527070
356.579193 249.960403     96.125000 36.609375 27.671875     -0.470463 -0.882420 0.882420 -0.470463     15.647307 15.647307 1.558798
356.579193 249.960403     113.695312 -22.421875 26.812500     -0.470463 -0.882420 0.882420 -0.470463     15.647307 15.647307 4.310229
277.173187 274.300781     140.332031 -71.187500 59.453125     -0.471110 -0.882075 0.882075 -0.471110     30.635176 30.635176 1.604776
277.173187 274.300781     120.718750 17.390625 62.890625     -0.471110 -0.882075 0.882075 -0.471110     30.635176 30.635176 4.718921
200.189499 344.264282     245.203125 40.437500 35.265625     -0.429512 -0.903061 0.903061 -0.429512     23.734508 23.734508 4.786095
308.247101 262.780884     28.271484 9.593750 47.484375     -0.501380 -0.865227 0.865227 -0.501380     20.436466 20.436466 1.612660
308.247101 262.780884     38.437500 -30.406250 55.437500     -0.501380 -0.865227 0.865227 -0.501380     20.436466 20.436466 4.698914
206.524506 324.676483     109.593750 -32.625000 28.734375     -0.429629 -0.903005 0.903005 -0.429629     2.769027 2.769027 0.486559
180.183670 331.440247     52.828125 -22.781250 39.843750     -0.415984 -0.909372 0.909372 -0.415984     3.794861 3.794861 0.517932
330.862152 246.267563     30.750000 -17.718750 33.953125     -0.706466 -0.707747 0.707747 -0.706466     23.483887 23.483887 1.771514
330.862152 246.267563     186.222656 -52.640625 52.656250     -0.706466 -0.707747 0.707747 -0.706466     23.483887 23.483887 4.895537
232.743240 316.828827     88.843750 24.406250 25.812500     -0.444711 -0.895674 0.895674 -0.444711     2.985280 2.985280 0.844725
205.238297 322.004242     187.328125 -51.515625 90.750000     -0.429076 -0.903268 0.903268 -0.429076     2.926710 2.926710 0.445911
198.660797 343.324768     140.746094 -65.027344 42.734375     -0.431533 -0.902097 0.902097 -0.431533     27.230300 27.230300 1.400751
198.660797 343.324768     96.437500 -46.578125 80.125000     -0.431533 -0.902097 0.902097 -0.431533     27.230300 27.230300 4.777126
356.938629 239.172943     77.406250 -25.125000 17.835938     -0.551808 -0.833971 0.833971 -0.551808     32.535282 32.535282 1.650481
356.938629 239.172943     117.156250 -35.015625 38.171875     -0.551808 -0.833971 0.833971 -0.551808     32.535282 32.535282 4.775787
436.876099 193.898224     15.296875 -15.312500 55.796875     -0.753472 -0.657480 0.657480 -0.753472     16.613428 16.613428 1.676668
436.876099 193.898224     98.718750 -31.218750 39.140625     -0.753472 -0.657480 0.657480 -0.753472     16.613428 16.613428 3.835116
401.101288 207.020782     110.468750 -12.953125 9.312500     -0.141259 -0.989973 0.989973 -0.141259     29.781626 29.781626 1.106174
401.101288 207.020782     292.296875 -41.890625 133.546875     -0.141259 -0.989973 0.989973 -0.141259     29.781626 29.781626 1.379771
331.055298 246.187500     197.933594 -32.585938 59.578125     -0.718568 -0.695457 0.695457 -0.718568     23.627259 23.627259 1.781350
331.055298 246.187500     162.875000 48.062500 31.562500     -0.718568 -0.695457 0.695457 -0.718568     23.627259 23.627259 4.900101
308.258942 262.526306     449.068359 -198.031250 107.984375     -0.498792 -0.866722 0.866722 -0.498792     21.172505 21.172505 1.611131
308.258942 262.526306     79.468750 -30.515625 122.031250     -0.498792 -0.866722 0.866722 -0.498792     21.172505 21.172505 4.696199
277.516998 274.119568     102.500000 38.421875 29.109375     -0.466667 -0.884433 0.884433 -0.466667     31.321425 31.321425 1.575988
277.516998 274.119568     31.015625 -12.390625 23.859375     -0.466667 -0.884433 0.884433 -0.466667     31.321425 31.321425 4.722177
388.572266 219.295792     51.939453 -21.953125 40.140625     0.569368 -0.822083 0.822083 0.569368     52.491341 52.491341 0.596312
307.078247 261.646942     141.437500 -61.265625 67.234375     -0.564007 -0.825770 0.825770 -0.564007     23.643913 23.643913 1.646924
307.078247 261.646942     77.269531 2.148438 23.234375     -0.564007 -0.825770 0.825770 -0.564007     23.643913 23.643913 4.738328
424.584991 202.347824     108.269531 -35.113281 47.093750     -0.598519 -0.801109 0.801109 -0.598519     10.129076 10.129076 1.606430
424.584991 202.347824     81.369385 -8.371094 43.359375     -0.598519 -0.801109 0.801109 -0.598519     10.129076 10.129076 4.726646
437.299225 193.952759     35.263672 25.500000 37.984375     -0.753698 -0.657221 0.657221 -0.753698     17.138539 17.138539 1.676020
437.299225 193.952759     70.817932 -67.185547 137.906250     -0.753698 -0.657221 0.657221 -0.753698     17.138539 17.138539 3.825541
376.412689 226.864395     631.783203 -284.144531 175.500000     -0.821460 0.570267 -0.570267 -0.821460     56.406490 56.406490 3.358090
331.388763 246.142548     330.500000 -104.921875 59.078125     -0.706809 -0.707404 0.707404 -0.706809     24.321201 24.321201 1.779767
331.388763 246.142548     12181.296875 2434.218750 13164.117188     -0.706809 -0.707404 0.707404 -0.706809     24.321201 24.321201 4.894225
437.539032 196.448364     35.577148 -32.330078 94.371094     -0.714315 -0.699824 0.699824 -0.714315     19.749967 19.749967 3.593171
437.539032 196.448364     158.562500 -29.546875 15.015625     -0.714315 -0.699824 0.699824 -0.714315     19.749967 19.749967 4.806541
171.906540 325.378510     118.347656 -53.332031 30.820312     -0.408886 -0.912586 0.912586 -0.408886     3.335724 3.335724 0.404042
424.889282 202.510712     52.330078 -8.675781 31.250000     -0.598279 -0.801288 0.801288 -0.598279     10.413228 10.413228 1.605708
424.889282 202.510712     122.312500 -12.234375 7.335938     -0.598279 -0.801288 0.801288 -0.598279     10.413228 10.413228 4.721748
419.297424 220.448273     44.617188 -39.240234 215.640625     -0.728550 -0.684992 0.684992 -0.728550     19.710636 19.710636 1.855622
419.297424 220.448273     255.347656 -88.730469 97.726562     -0.728550 -0.684992 0.684992 -0.728550     19.710636 19.710636 4.879853
307.049927 261.506012     146.843750 -110.171875 152.234375     -0.569830 -0.821762 0.821762 -0.569830     24.491624 24.491624 1.644043
307.049927 261.506012     70.406250 -5.765625 50.757812     -0.569830 -0.821762 0.821762 -0.569830     24.491624 24.491624 4.732999
277.725830 274.159668     15.328125 -13.468750 59.609375     -0.458365 -0.888764 0.888764 -0.458365     32.185461 32.185461 1.590201
277.725830 274.159668     512.308228 -178.869141 107.460938     -0.458365 -0.888764 0.888764 -0.458365     32.185461 32.185461 4.728557
437.668945 196.387756     61.321777 -33.728516 49.078125     -0.711489 -0.702697 0.702697 -0.711489     20.292509 20.292509 0.486674
437.668945 196.387756     353.468750 113.078125 174.671875     -0.711489 -0.702697 0.702697 -0.711489     20.292509 20.292509 0.837031
376.364868 226.694260     113.250000 33.265625 27.593750     -0.831241 0.555912 -0.555912 -0.831241     57.551825 57.551825 0.213423
376.364868 226.694260     27.478516 -28.664062 55.984375     -0.831241 0.555912 -0.555912 -0.831241     57.551825 57.551825 3.327998
306.068695 261.529785     39.281250 -24.734375 52.250000     -0.605425 -0.795903 0.795903 -0.605425     27.727338 27.727338 1.683147
306.068695 261.529785     169.844238 -31.421875 21.265625     -0.605425 -0.795903 0.795903 -0.605425     27.727338 27.727338 4.774580
331.475739 245.988342     116.718750 29.656250 18.375000     -0.710292 -0.703907 0.703907 -0.710292     24.990217 24.990217 4.902198
432.657959 198.780685     345.750000 -120.078125 75.312500     -0.755181 -0.655516 0.655516 -0.755181     34.429018 34.429018 3.531466
432.657959 198.780685     163.687500 -41.015625 23.296875     -0.755181 -0.655516 0.655516 -0.755181     34.429018 34.429018 4.990931
305.756317 263.989899     93.061523 -57.640625 84.156250     -0.502362 -0.864657 0.864657 -0.502362     32.255454 32.255454 1.627492
305.756317 263.989899     148.499756 -40.511719 33.750000     -0.502362 -0.864657 0.864657 -0.502362     32.255454 32.255454 4.738095
419.546875 220.574219     109.168945 -36.972656 30.070312     -0.675104 -0.737723 0.737723 -0.675104     20.236272 20.236272 1.776438
417.387878 222.654541     148.803711 -57.398438 53.265625     -0.727407 0.686206 -0.686206 -0.727407     25.957214 25.957214 1.678592
417.387878 222.654541     46.182617 -34.152344 53.390625     -0.727407 0.686206 -0.686206 -0.727407     25.957214 25.957214 3.499678
432.869568 198.930664     28.968750 -24.937500 53.734375     -0.747906 -0.663805 0.663805 -0.747906     34.847263 34.847263 3.512273
432.869568 198.930664     31.702881 -32.814453 73.234375     -0.747906 -0.663805 0.663805 -0.747906     34.847263 34.847263 4.995029
465.528290 452.311310     101.031250 -32.593750 41.421875     0.594220 -0.804303 0.804303 0.594220     18.363166 18.363166 0.775881
465.528290 452.311310     123.500000 -24.460938 72.382812     0.594220 -0.804303 0.804303 0.594220     18.363166 18.363166 1.470470
196.881516 440.336487     109.406250 -7.023438 26.578125     -0.905118 0.425161 -0.425161 -0.905118     15.635786 15.635786 1.644240
475.286377 407.985901     642.304688 -588.599609 958.742188     -0.993093 0.117334 -0.117334 -0.993093     16.599562 16.599562 0.362846
475.286377 407.985901     108.755920 -6.218750 174.203125     -0.993093 0.117334 -0.117334 -0.993093     16.599562 16.599562 2.685967
494.102814 416.504669     110.687012 4.300781 10.843750     0.461933 -0.886915 0.886915 0.461933     14.070030 14.070030 4.445790
538.232666 445.772278     30.343750 -9.039062 64.234375     -0.995449 -0.095300 0.095300 -0.995449     18.586722 18.586722 2.287339
538.232666 445.772278     213.750000 -70.718750 59.343750     -0.995449 -0.095300 0.095300 -0.995449     18.586722 18.586722 5.119541
543.275696 399.257019     12.375000 12.710938 155.878906     -0.917315 -0.398162 0.398162 -0.917315     15.445908 15.445908 1.811001
543.275696 399.257019     28.642090 -12.042969 36.031250     -0.917315 -0.398162 0.398162 -0.917315     15.445908 15.445908 4.904570
485.084747 410.666656     39.250000 25.343750 45.078125     -0.963572 -0.267450 0.267450 -0.963572     34.289782 34.289782 5.400048
177.307693 410.600739     27.085205 -16.147461 44.664062     -0.382378 -0.924006 0.924006 -0.382378     22.183374 22.183374 1.632378
177.307693 410.600739     172.790527 -139.775391 388.406250     -0.382378 -0.924006 0.924006 -0.382378     22.183374 22.183374 5.254661
466.391144 450.837646     103.519897 -4.642578 33.199219     0.604472 -0.796626 0.796626 0.604472     17.639494 17.639494 0.888388
466.391144 450.837646     50.384659 -15.297363 43.625000     0.604472 -0.796626 0.796626 0.604472     17.639494 17.639494 3.808197
620.552612 457.925446     40.656250 -12.757812 35.869141     -0.942927 0.333001 -0.333001 -0.942927     18.669654 18.669654 1.706453
378.243988 454.407990     78.562500 22.796875 89.951172     -0.798144 0.602467 -0.602467 -0.798144     21.415307 21.415307 6.350610
148.681366 440.441162     31.312500 -10.046875 65.828125     0.674529 -0.738248 0.738248 0.674529     17.171247 17.171247 0.808040
148.681366 440.441162     183.187500 37.335938 51.535156     0.674529 -0.738248 0.738248 0.674529     17.171247 17.171247 4.204303
479.818756 414.319397     47.656250 -12.445312 22.687500     -0.917576 0.397562 -0.397562 -0.917576     37.224989 37.224989 6.123419
113.120003 457.716003     29.468750 -2.195312 21.656250     -0.894944 0.446179 -0.446179 -0.894944     14.452376 14.452376 1.508450
113.120003 457.716003     53.906250 -27.562500 48.503906     -0.894944 0.446179 -0.446179 -0.894944     14.452376 14.452376 2.436755
539.042603 442.922302     59.485550 -35.500488 35.937500     -0.765665 0.643240 -0.643240 -0.765665     28.812091 28.812091 1.275090
539.042603 442.922302     47.271240 -24.354492 33.804688     -0.765665 0.643240 -0.643240 -0.765665     28.812091 28.812091 3.273053
621.877258 299.431824     50.000000 -17.617188 30.078125     -0.939247 0.343242 -0.343242 -0.939247     13.238087 13.238087 1.701354
583.147217 381.634521     179.970062 -57.536377 81.476562     -0.934944 0.354794 -0.354794 -0.934944     22.447774 22.447774 0.326841
583.147217 381.634521     155.625000 15.914062 26.466553     -0.934944 0.354794 -0.354794 -0.934944     22.447774 22.447774 3.533626
480.557678 465.408661     223.906250 -5.441406 17.590820     0.318096 -0.948059 0.948059 0.318096     14.343059 14.343059 1.421508
574.770752 455.829254     28.812500 -33.023438 73.279785     -0.992153 0.125028 -0.125028 -0.992153     12.470915 12.470915 1.741614
574.770752 455.829254     93.399170 -29.912598 24.138672     -0.992153 0.125028 -0.125028 -0.992153     12.470915 12.470915 4.756647
129.246796 450.314453     237.143188 -190.264160 189.843750     -0.908998 0.416800 -0.416800 -0.908998     18.652958 18.652958 4.314631
543.671875 399.351562     126.906250 -61.558594 50.807007     -0.919421 -0.393274 0.393274 -0.919421     16.020750 16.020750 1.848958
543.671875 399.351562     125.281250 24.414062 16.743652     -0.919421 -0.393274 0.393274 -0.919421     16.020750 16.020750 4.756668
502.619904 454.796387     94.812500 -116.945312 210.829102     -0.799200 0.601066 -0.601066 -0.799200     17.159450 17.159450 0.373733
502.619904 454.796387     86.115204 -14.421021 50.223633     -0.799200 0.601066 -0.601066 -0.799200     17.159450 17.159450 0.824429
157.014816 457.637024     92.593750 -22.542969 16.972656     -0.793574 0.608473 -0.608473 -0.793574     21.725291 21.725291 3.912825
82.659340 281.670319     311.312500 -232.964844 215.430176     0.060756 -0.998153 0.998153 0.060756     21.962791 21.962791 0.695253
82.659340 281.670319     89.593750 10.015625 34.129883     0.060756 -0.998153 0.998153 0.060756     21.962791 21.962791 1.134788
515.789978 434.429993     154.046875 -32.636719 39.405640     -0.871207 0.490915 -0.490915 -0.871207     25.737443 25.737443 0.594111
515.789978 434.429993     64.343750 -28.381836 57.467117     -0.871207 0.490915 -0.490915 -0.871207     25.737443 25.737443 1.294297
130.486984 419.698883     154.500000 -22.398438 16.697266     -0.999213 -0.039666 0.039666 -0.999213     21.651074 21.651074 1.557278
130.486984 419.698883     45.217529 -15.142334 29.056641     -0.999213 -0.039666 0.039666 -0.999213     21.651074 21.651074 2.149106
148.033798 384.746490     68.500000 -3.708008 98.781708     -0.910177 0.414218 -0.414218 -0.910177     25.100895 25.100895 0.309563
148.033798 384.746490     100.087891 -29.854980 42.457359     -0.910177 0.414218 -0.414218 -0.910177     25.100895 25.100895 1.120347
61.428570 305.944092     52.122070 22.786865 85.135864     -0.978559 0.205965 -0.205965 -0.978559     29.023238 29.023238 2.486743
61.428570 305.944092     66.560791 -18.146729 23.739258     -0.978559 0.205965 -0.205965 -0.978559     29.023238 29.023238 2.917914
127.217590 402.537048     123.828125 -122.290771 209.486084     -0.688015 -0.725697 0.725697 -0.688015     14.984232 14.984232 4.750469
581.186279 381.964966     299.120605 -204.978149 178.995239     -0.946343 0.323163 -0.323163 -0.946343     21.697659 21.697659 1.642261
83.208145 208.000000     268.375366 -205.020630 178.559204     0.404507 -0.914535 0.914535 0.404507     20.757275 20.757275 0.546132
83.208145 208.000000     79.699127 40.998810 50.642792     0.404507 -0.914535 0.914535 0.404507     20.757275 20.757275 1.104582
597.625427 437.838501     93.790527 41.595215 104.759399     -0.980997 0.194024 -0.194024 -0.980997     13.628218 13.628218 1.606571
110.895454 299.159088     66.375000 21.057617 103.092728     -0.903978 0.427579 -0.427579 -0.903978     10.643606 10.643606 1.564506
101.262100 393.096771     98.656250 -3.195312 80.214096     -0.941298 0.337577 -0.337577 -0.941298     23.870626 23.870626 0.558517
101.262100 393.096771     112.750000 -32.363281 36.381836     -0.941298 0.337577 -0.337577 -0.941298     23.870626 23.870626 1.464258
617.177856 333.956726     147.676270 -56.401367 44.663086     -0.994509 0.104651 -0.104651 -0.994509     11.067185 11.067185 1.615972
86.312500 276.595978     125.703888 -56.495361 76.499023     0.213455 -0.976953 0.976953 0.213455     27.016335 27.016335 0.533321
86.312500 276.595978     86.800781 -2.082275 21.748566     0.213455 -0.976953 0.976953 0.213455     27.016335 27.016335 1.211316
119.282181 334.158417     40.416992 21.302734 130.335938     -0.912161 0.409831 -0.409831 -0.912161     34.229665 34.229665 1.572799
511.366364 441.528534     21.470703 16.751953 51.328125     0.698406 -0.715702 0.715702 0.698406     28.222651 28.222651 1.052093
44.588966 314.446899     55.171875 5.527344 80.412598     -0.935243 0.354006 -0.354006 -0.935243     28.373528 28.373528 4.806866
39.768421 333.852631     48.500000 -41.613281 63.629150     -0.767654 0.640865 -0.640865 -0.767654     20.582457 20.582457 0.685969
39.768421 333.852631     36.998047 33.150391 112.683594     -0.767654 0.640865 -0.640865 -0.767654     20.582457 20.582457 1.388237
542.733337 399.511108     90.695312 -34.161987 38.065422     -0.945980 -0.324226 0.324226 -0.945980     18.107829 18.107829 2.929351
542.733337 399.511108     48.338867 17.400391 139.615234     -0.945980 -0.324226 0.324226 -0.945980     18.107829 18.107829 4.754673
61.611111 333.875000     153.968750 -51.296875 73.395508     0.526671 -0.850069 0.850069 0.526671     14.029140 14.029140 1.357588
61.611111 333.875000     164.875000 -104.210938 93.505859     0.526671 -0.850069 0.850069 0.526671     14.029140 14.029140 4.686236
72.360229 416.634003     3686.306641 -697.634766 991.801758     -0.980052 0.198741 -0.198741 -0.980052     17.366557 17.366557 1.670403
72.360229 416.634003     63.671875 1.019531 29.009888     -0.980052 0.198741 -0.198741 -0.980052     17.366557 17.366557 2.199288
544.360352 414.311737     179.960938 70.990234 36.698242     -0.963409 -0.268035 0.268035 -0.963409     14.318329 14.318329 4.983919
579.725098 383.314026     71.250000 16.687500 29.037109     -0.934807 0.355156 -0.355156 -0.934807     24.520628 24.520628 1.690838
599.101746 436.831390     91.601562 -15.783691 12.168194     -0.965249 0.261331 -0.261331 -0.965249     15.712896 15.712896 1.609723
79.549866 210.770889     39.984375 -23.828125 51.363281     -0.733832 0.679331 -0.679331 -0.733832     24.972583 24.972583 1.401651
79.549866 210.770889     75.281250 -5.062500 19.051758     -0.733832 0.679331 -0.679331 -0.733832     24.972583 24.972583 3.627046
109.221184 297.872284     213.078125 -1.624023 98.632126     -0.930189 0.367081 -0.367081 -0.930189     17.704945 17.704945 1.623998
109.221184 297.872284     4220.281250 456.765625 1040.556152     -0.930189 0.367081 -0.367081 -0.930189     17.704945 17.704945 3.205992
97.642525 393.133179     126.367188 -39.536865 26.914795     -0.905452 0.424449 -0.424449 -0.905452     23.103438 23.103438 1.266031
122.662651 273.726898     22.843750 15.582031 35.285156     0.668975 -0.743285 0.743285 0.668975     17.684853 17.684853 4.711355
128.322403 421.655731     344.631836 93.990234 155.900391     -0.952361 0.304973 -0.304973 -0.952361     25.789945 25.789945 0.593146
128.322403 421.655731     180.687500 -69.148438 142.644531     -0.952361 0.304973 -0.304973 -0.952361     25.789945 25.789945 1.116085
508.125488 421.768616     67.281250 -3.976562 40.078125     0.526905 -0.849924 0.849924 0.526905     16.539515 16.539515 1.002962
508.125488 421.768616     38.609375 -19.873047 50.791504     0.526905 -0.849924 0.849924 0.526905     16.539515 16.539515 1.348415
45.314049 453.053711     99.531250 22.968750 53.367188     0.482315 -0.875998 0.875998 0.482315     16.616882 16.616882 1.299559
32.927319 356.045105     170.156250 -2.570312 485.507812     -0.973855 -0.227169 0.227169 -0.973855     27.460691 27.460691 4.590271
538.180908 205.417770     5143.000000 615.187500 1578.966064     -0.991775 0.127996 -0.127996 -0.991775     17.486747 17.486747 4.664679
52.493149 207.716888     73.832031 -19.529297 76.425781     0.531140 -0.847284 0.847284 0.531140     17.791796 17.791796 0.306075
52.493149 207.716888     64.437500 -25.195312 49.281250     0.531140 -0.847284 0.847284 0.531140     17.791796 17.791796 4.034669
513.937500 173.066406     52.202881 -29.089844 59.699219     -0.928022 0.372525 -0.372525 -0.928022     35.593760 35.593760 2.836827
513.937500 173.066406     362.926758 31.146484 235.933594     -0.928022 0.372525 -0.372525 -0.928022     35.593760 35.593760 3.637389
537.482239 203.931473     238.385742 -84.855469 76.378906     -0.996474 0.083897 -0.083897 -0.996474     22.939759 22.939759 4.461749
53.611488 282.780396     73.062500 -30.218750 66.734375     0.687398 -0.726280 0.726280 0.687398     27.049644 27.049644 0.297988
53.611488 282.780396     5575.843750 1419.835938 2777.881836     0.687398 -0.726280 0.726280 0.687398     27.049644 27.049644 0.903013
102.690849 428.693207     44.062500 -7.593750 40.816406     -0.914578 0.404409 -0.404409 -0.914578     38.207726 38.207726 1.529658
102.690849 428.693207     25.109375 27.382812 97.703125     -0.914578 0.404409 -0.404409 -0.914578     38.207726 38.207726 2.627678
613.278381 281.690338     40.062500 -10.593750 80.976562     0.659850 -0.751398 0.751398 0.659850     25.470850 25.470850 0.593537
613.278381 281.690338     115.125000 -21.968750 19.250000     0.659850 -0.751398 0.751398 0.659850     25.470850 25.470850 1.051182
69.963799 384.104065     56.637207 -89.490234 258.625000     -0.999077 -0.042956 0.042956 -0.999077     14.691542 14.691542 1.927259
69.963799 384.104065     117.171875 -7.050781 50.636719     -0.999077 -0.042956 0.042956 -0.999077     14.691542 14.691542 4.886134
561.252197 172.318588     50.968750 -7.898438 124.355469     0.242570 -0.970134 0.970134 0.242570     23.847300 23.847300 0.998726
561.252197 172.318588     199.625000 -39.468750 19.097656     0.242570 -0.970134 0.970134 0.242570     23.847300 23.847300 1.465765
593.771851 258.606781     103.892838 -94.710449 269.617188     -0.932040 0.362356 -0.362356 -0.932040     25.396058 25.396058 4.548598
611.695129 203.603653     103.500000 -53.218750 85.968750     -0.087554 -0.996160 0.996160 -0.087554     15.098703 15.098703 4.608438
66.017624 365.348022     148.574951 -48.485352 45.187500     0.594436 -0.804143 0.804143 0.594436     19.993235 19.993235 0.963401
66.017624 365.348022     312.812500 -57.492188 46.480469     0.594436 -0.804143 0.804143 0.594436     19.993235 19.993235 3.237265
558.427979 227.993912     89.370117 -34.679688 44.718750     -0.989502 -0.144520 0.144520 -0.989502     25.786932 25.786932 4.133114
475.244659 148.272171     199.829102 -169.765625 166.093750     0.323517 -0.946222 0.946222 0.323517     27.353079 27.353079 0.508147
475.244659 148.272171     111.437500 -26.468750 23.406250     0.323517 -0.946222 0.946222 0.323517     27.353079 27.353079 1.653847
52.597610 207.254974     79.865723 -23.386719 65.750000     0.510840 -0.859676 0.859676 0.510840     18.819474 18.819474 0.588425
52.597610 207.254974     124.968750 27.125000 197.398438     0.510840 -0.859676 0.859676 0.510840     18.819474 18.819474 1.310718
74.907921 219.380371     70.879059 -56.991211 96.554688     0.441171 -0.897423 0.897423 0.441171     45.908227 45.908227 4.605679
74.907921 219.380371     197.850494 -187.057617 430.093750     0.441171 -0.897423 0.897423 0.441171     45.908227 45.908227 4.973651
37.062130 250.934906     74.375000 0.765625 16.726562     -0.997846 0.065593 -0.065593 -0.997846     25.808997 25.808997 4.739565
498.166656 145.293472     99.779785 -22.000977 37.031250     -0.769545 0.638593 -0.638593 -0.769545     22.626675 22.626675 0.802682
498.166656 145.293472     139.270325 -28.487305 34.390625     -0.769545 0.638593 -0.638593 -0.769545     22.626675 22.626675 3.320491
558.054016 174.408447     150.406250 -34.843750 96.500000     -0.615492 -0.788143 0.788143 -0.615492     35.076782 35.076782 0.155479
558.054016 174.408447     161.968750 -26.703125 48.773438     -0.615492 -0.788143 0.788143 -0.615492     35.076782 35.076782 1.023331
562.199707 228.943604     107.460449 -18.121094 38.453125     -0.966909 -0.255121 0.255121 -0.966909     29.053418 29.053418 4.067071
572.841858 125.501213     27.343750 -33.265625 91.359375     -0.995419 0.095612 -0.095612 -0.995419     21.734625 21.734625 1.657022
573.850708 143.493210     222.406250 -42.546875 41.273438     -0.924179 0.381959 -0.381959 -0.924179     18.848449 18.848449 0.180317
545.837463 149.990143     240.110352 -74.671875 62.648438     -0.967409 0.253218 -0.253218 -0.967409     20.661632 20.661632 2.916616
545.837463 149.990143     164.373047 -155.062500 175.984375     -0.967409 0.253218 -0.253218 -0.967409     20.661632 20.661632 6.147727
499.250000 143.875000     26.632812 -23.154297 95.632812     -0.740788 0.671739 -0.671739 -0.740788     21.819448 21.819448 0.896686
499.250000 143.875000     120.781250 -45.843750 49.062500     -0.740788 0.671739 -0.671739 -0.740788     21.819448 21.819448 1.369992
61.283104 166.219177     232.097656 -122.003906 154.437500     -0.795762 0.605610 -0.605610 -0.795762     17.584487 17.584487 1.601139
61.283104 166.219177     149.587891 -114.312500 102.625000     -0.795762 0.605610 -0.605610 -0.795762     17.584487 17.584487 4.263874
573.835144 142.390686     141.312500 -94.921875 366.218750     -0.863766 0.503893 -0.503893 -0.863766     20.024162 20.024162 0.355804
573.835144 142.390686     61.031250 18.859375 60.937500     -0.863766 0.503893 -0.503893 -0.863766     20.024162 20.024162 2.878430
471.643463 54.240582     227.700195 -34.097656 93.070312     -0.992712 -0.120513 0.120513 -0.992712     22.289597 22.289597 1.600374
471.643463 54.240582     123.787415 -28.315430 12.671875     -0.992712 -0.120513 0.120513 -0.992712     22.289597 22.289597 1.871892
470.286072 89.050484     119.093750 -22.515625 133.656250     -0.999653 0.026347 -0.026347 -0.999653     18.796542 18.796542 1.745736
470.286072 89.050484     187.218750 -96.906250 80.390625     -0.999653 0.026347 -0.026347 -0.999653     18.796542 18.796542 2.231860
532.926392 126.476189     106.349609 -0.976562 25.890625     0.637632 -0.770341 0.770341 0.637632     16.736379 16.736379 0.844822
532.926392 126.476189     175.981445 -13.890625 33.562500     0.637632 -0.770341 0.770341 0.637632     16.736379 16.736379 1.373605
516.880554 68.871681     437.156250 -168.218750 1170.187500     0.469848 -0.882747 0.882747 0.469848     15.083771 15.083771 1.405249
516.880554 68.871681     29.732422 -9.191406 50.000000     0.469848 -0.882747 0.882747 0.469848     15.083771 15.083771 4.728604
32.310925 131.705887     202.500000 -42.781250 61.335938     -0.937223 0.348732 -0.348732 -0.937223     16.230274 16.230274 4.896517
428.139191 43.229122     195.781250 26.515625 30.421875     0.638756 -0.769409 0.769409 0.638756     33.240725 33.240725 1.704661
599.207947 61.400990     672.000000 -4.968750 468.562500     0.269741 -0.962933 0.962933 0.269741     17.558383 17.558383 0.927706
599.207947 61.400990     103.390625 -18.296875 68.046875     0.269741 -0.962933 0.962933 0.269741     17.558383 17.558383 1.262158
574.537781 127.216347     40.953125 -29.320312 90.203125     -0.779933 0.625863 -0.625863 -0.779933     43.516526 43.516526 2.023076
39.494663 124.037369     42.250000 -0.625000 33.984375     -0.749450 0.662061 -0.662061 -0.749450     20.993896 20.993896 4.940049
613.538635 124.886101     169.443359 32.726562 36.968750     -0.792405 0.609995 -0.609995 -0.792405     23.604574 23.604574 1.915931
591.629150 40.834438     41.109375 2.945312 20.078125     -0.873434 0.486942 -0.486942 -0.873434     18.272378 18.272378 0.733252
591.629150 40.834438     53589.039062 -7286.000000 16409.824219     -0.873434 0.486942 -0.486942 -0.873434     18.272378 18.272378 4.042282
548.843323 73.677422     39.609375 -20.957031 41.437500     -0.977744 -0.209804 0.209804 -0.977744     15.263491 15.263491 1.773827
548.843323 73.677422     166.232422 -16.187500 66.984375     -0.977744 -0.209804 0.209804 -0.977744     15.263491 15.263491 4.969270
592.250549 72.662872     158.734375 -30.984375 51.343750     0.527084 -0.849813 0.849813 0.527084     21.240273 21.240273 0.492607
592.250549 72.662872     62.546875 -34.906250 39.656250     0.527084 -0.849813 0.849813 0.527084     21.240273 21.240273 1.984219
563.098206 60.401787     54560.671875 -2108.062500 21669.757812     -0.964087 0.265588 -0.265588 -0.964087     14.762808 14.762808 2.178743
563.098206 60.401787     88.746094 14.250000 107.140625     -0.964087 0.265588 -0.265588 -0.964087     14.762808 14.762808 4.699247
535.294006 54.968658     26.417969 -7.976562 65.078125     -0.775101 0.631837 -0.631837 -0.775101     22.734935 22.734935 1.274276
554.607971 94.873756     159.812500 -24.562500 84.968750     -0.985023 -0.172424 0.172424 -0.985023     25.605232 25.605232 1.750476
554.607971 94.873756     33.210938 -2.882812 24.640625     -0.985023 -0.172424 0.172424 -0.985023     25.605232 25.605232 4.741490
565.266846 60.372433     51356.070312 -1730.476562 23706.363281     -0.987677 0.156506 -0.156506 -0.987677     16.317102 16.317102 1.661547
565.266846 60.372433     138.195312 -51.429688 65.929688     -0.987677 0.156506 -0.156506 -0.987677     16.317102 16.317102 2.565129
42.545456 88.372292     42.046875 60.656250 101.203125     -0.857553 0.514396 -0.514396 -0.857553     20.111345 20.111345 0.690032
42.545456 88.372292     75.703125 126.984375 230.687500     -0.857553 0.514396 -0.514396 -0.857553     20.111345 20.111345 3.297301
109.252838 32.474430     155.914062 266.562500 481.312500     -0.454615 -0.890688 0.890688 -0.454615     28.634808 28.634808 5.092429
47.520493 54.549179     172.914062 294.953125 531.156250     -0.938845 0.344340 -0.344340 -0.938845     18.599535 18.599535 5.903416
68.729912 57.068375     272.578125 93.785156 34.777344     0.578560 -0.815640 0.815640 0.578560     27.403250 27.403250 4.419865
36.876076 41.690189     259.132812 406.281250 691.343750     -0.800374 0.599501 -0.599501 -0.800374     22.706583 22.706583 4.921260
105.926315 171.178940     341.089844 118.419922 43.593750     -0.276378 -0.961049 0.961049 -0.276378     21.250421 21.250421 5.155222
44.162678 21.023924     77.890625 -25.654297 48.541016     -0.779092 0.626910 -0.626910 -0.779092     16.586577 16.586577 1.314520
74.730652 78.074303     89.539062 148.484375 260.156250     -0.914970 0.403523 -0.403523 -0.914970     20.018056 20.018056 3.494986
74.730652 78.074303     373.783203 128.246094 46.371094     -0.914970 0.403523 -0.403523 -0.914970     20.018056 20.018056 4.653236
107.624832 175.542969     113.914062 192.117188 344.000000     -0.219442 -0.975625 0.975625 -0.219442     26.859187 26.859187 4.979453
142.425003 181.145828     21.343750 2.708008 20.380859     -0.409077 -0.912500 0.912500 -0.409077     16.813830 16.813830 5.182378
161.537598 46.952644     121.796875 206.570312 371.984375     0.563770 -0.825932 0.825932 0.563770     26.368701 26.368701 0.880972
131.970581 62.129414     29.531250 5.117188 21.714844     -0.204940 -0.978775 0.978775 -0.204940     33.072562 33.072562 1.397856
584.330017 61.529999     20.203125 3.812500 24.000000     0.640761 -0.767741 0.767741 0.640761     16.698170 16.698170 0.478201
584.330017 61.529999     409.052734 141.126953 51.177734     0.640761 -0.767741 0.767741 0.640761     16.698170 16.698170 1.144627
142.419998 184.871994     21.656250 6.757812 21.710938     -0.351992 -0.936003 0.936003 -0.351992     22.288195 22.288195 5.114132
108.291969 175.434311     22.640625 6.828125 21.132812     -0.181122 -0.983461 0.983461 -0.181122     30.231919 30.231919 4.985901
558.027161 101.471603     21.625000 3.828125 24.226562     -0.899347 0.437235 -0.437235 -0.899347     31.324820 31.324820 1.262477
558.027161 101.471603     29.734375 5.195312 24.070312     -0.899347 0.437235 -0.437235 -0.899347     31.324820 31.324820 2.669188
534.990906 95.327271     47.062500 -3.382812 29.406250     -0.813621 0.581395 -0.581395 -0.813621     19.635235 19.635235 1.620402
534.990906 95.327271     142.589844 304.421875 652.976562     -0.813621 0.581395 -0.581395 -0.813621     19.635235 19.635235 3.306969
410.044525 36.951416     260.937500 -123.414062 98.261719     -0.999568 -0.029375 0.029375 -0.999568     24.224853 24.224853 2.766133
410.044525 36.951416     28.390625 7.218750 29.203125     -0.999568 -0.029375 0.029375 -0.999568     24.224853 24.224853 5.569319
119.463875 122.520912     267.031250 -125.851562 102.800781     -0.924737 -0.380606 0.380606 -0.924737     12.307219 12.307219 1.340310
119.463875 122.520912     267.394531 535.250000 1072.625000     -0.924737 -0.380606 0.380606 -0.924737     12.307219 12.307219 1.823857
546.447632 135.238098     70.609375 -31.578125 29.890625     -0.944574 -0.328299 0.328299 -0.944574     21.692217 21.692217 1.781885
546.447632 135.238098     30.859375 6.406250 29.203125     -0.944574 -0.328299 0.328299 -0.944574     21.692217 21.692217 2.139966
478.405975 71.299149     377.984375 -215.531250 140.390625     0.619580 -0.784934 0.784934 0.619580     20.707766 20.707766 0.436678
478.405975 71.299149     102.796875 0.789062 54.714844     0.619580 -0.784934 0.784934 0.619580     20.707766 20.707766 1.085614
579.111084 114.395065     47.339844 -22.796875 129.726562     -0.996035 0.088961 -0.088961 -0.996035     19.407265 19.407265 0.295512
579.111084 114.395065     531.500000 -341.718750 407.882812     -0.996035 0.088961 -0.088961 -0.996035     19.407265 19.407265 1.743440
174.000000 189.361984     447.906250 -272.421875 678.546875     -0.560906 -0.827879 0.827879 -0.560906     15.773502 15.773502 0.224563
123.545456 180.017044     97.429688 13.996094 13.265625     -0.924261 -0.381762 0.381762 -0.924261     48.691180 48.691180 1.165769
123.545456 180.017044     27.164062 8.140625 53.734375     -0.924261 -0.381762 0.381762 -0.924261     48.691180 48.691180 4.032170
589.149841 144.962540     2159.187500 -104.191406 580.945312     -0.795371 0.606123 -0.606123 -0.795371     42.678663 42.678663 1.877560
589.149841 144.962540     82.265625 -25.687500 54.003906     -0.795371 0.606123 -0.606123 -0.795371     42.678663 42.678663 4.333516
413.472900 65.482758     108.297119 -21.262695 93.078125     0.594540 -0.804066 0.804066 0.594540     22.006284 22.006284 1.745830
544.452576 158.090515     454.767578 -208.232422 97.673828     -0.924350 -0.381547 0.381547 -0.924350     29.811031 29.811031 1.303451
544.452576 158.090515     2267.164062 -246.992188 666.853516     -0.924350 -0.381547 0.381547 -0.924350     29.811031 29.811031 1.883534
78.753624 174.611588     56.914062 38.195312 163.046875     0.683279 -0.730158 0.730158 0.683279     33.541334 33.541334 4.169629
37.922131 237.381149     39.208984 24.632812 136.890625     0.660382 -0.750930 0.750930 0.660382     23.217875 23.217875 0.412388
37.922131 237.381149     62.099609 14.089844 195.734375     0.660382 -0.750930 0.750930 0.660382     23.217875 23.217875 1.194209
122.483597 184.314438     38.009766 -36.851562 91.414062     -0.974116 -0.226048 0.226048 -0.974116     68.053619 68.053619 1.088177
122.483597 184.314438     77.781250 -58.023438 270.105469     -0.974116 -0.226048 0.226048 -0.974116     68.053619 68.053619 3.985867
47.688404 385.514496     49135.796875 6019.726562 28914.304688     0.427513 -0.904009 0.904009 0.427513     21.189415 21.189415 1.209052
47.688404 385.514496     39.037109 -37.398438 92.398438     0.427513 -0.904009 0.904009 0.427513     21.189415 21.189415 3.576373
175.810272 195.272324     132.335938 -42.023438 65.585938     -0.317564 -0.948237 0.948237 -0.317564     17.965588 17.965588 2.586348
175.810272 195.272324     52.093750 51.890625 81.781250     -0.317564 -0.948237 0.948237 -0.317564     17.965588 17.965588 4.984022
576.736389 266.418182     1346.906250 -954.093750 1303.988281     0.236648 -0.971596 0.971596 0.236648     27.550226 27.550226 2.067908
78.392525 362.464172     2031.078125 -314.687500 633.441406     0.354650 -0.934999 0.934999 0.354650     21.436766 21.436766 0.370924
78.392525 362.464172     122.617188 -4.210938 178.703125     0.354650 -0.934999 0.934999 0.354650     21.436766 21.436766 0.768521
448.605255 117.372810     130.375000 18.781250 103.621094     -0.994553 0.104236 -0.104236 -0.994553     31.787253 31.787253 4.267280
536.562256 184.190872     198.310547 -13.992188 171.671875     0.105812 -0.994386 0.994386 0.105812     31.860599 31.860599 0.317164
536.562256 184.190872     917.183594 -487.357422 281.142578     0.105812 -0.994386 0.994386 0.105812     31.860599 31.860599 0.899514
568.054077 249.608109     28.922852 27.810547 86.566406     -0.978835 0.204649 -0.204649 -0.978835     14.819821 14.819821 4.571559
55.591503 266.379089     115.658203 1.849609 144.425781     -0.929887 0.367846 -0.367846 -0.929887     22.948942 22.948942 1.576613
55.591503 266.379089     136.898438 -25.398438 164.992188     -0.929887 0.367846 -0.367846 -0.929887     22.948942 22.948942 2.041219
560.724060 212.466553     91.804688 -38.052734 18.757812     -0.979309 0.202372 -0.202372 -0.979309     26.469719 26.469719 4.509782
462.125824 147.841064     2096.273438 -368.644531 665.464844     -0.464939 -0.885343 0.885343 -0.464939     24.222524 24.222524 1.662886
462.125824 147.841064     348.828125 -145.441406 423.999756     -0.464939 -0.885343 0.885343 -0.464939     24.222524 24.222524 2.814816
114.620537 354.102692     1355.218750 -874.109375 1178.859375     -0.877867 0.478905 -0.478905 -0.877867     22.857092 22.857092 0.472657
114.620537 354.102692     42.796875 -16.796875 24.101562     -0.877867 0.478905 -0.478905 -0.877867     22.857092 22.857092 1.463107
512.309387 196.780273     162.273438 -14.976562 159.750000     0.472406 -0.881381 0.881381 0.472406     23.736619 23.736619 1.778868
89.086960 453.331512     1460.906250 -890.593750 1152.058594     -0.741239 0.671241 -0.671241 -0.741239     15.820482 15.820482 4.451752
81.806648 233.314194     183.445312 -12.003906 137.062500     -0.802782 0.596272 -0.596272 -0.802782     31.299871 31.299871 0.159317
81.806648 233.314194     467.351562 -342.490234 751.195312     -0.802782 0.596272 -0.596272 -0.802782     31.299871 31.299871 0.864910
571.644836 259.829254     1637.203125 -924.195312 1102.527344     -0.315925 -0.948784 0.948784 -0.315925     48.453260 48.453260 2.623660
585.546814 341.266022     106.046875 -43.224609 20.979980     -0.999912 -0.013277 0.013277 -0.999912     18.398560 18.398560 5.404905
29.618893 433.084686     82.273438 11.292969 24.066406     -0.953613 0.301037 -0.301037 -0.953613     24.682806 24.682806 4.974580
77.455803 375.441437     39.468750 45.320312 110.140625     -0.731708 0.681618 -0.681618 -0.731708     72.478042 72.478042 5.320417
83.079643 429.247803     23.503906 46.093750 105.031250     -0.970909 0.239450 -0.239450 -0.970909     26.233116 26.233116 1.672934
83.079643 429.247803     356.531250 -154.861328 423.737549     -0.970909 0.239450 -0.239450 -0.970909     26.233116 26.233116 2.232947
533.328491 462.033813     638.460938 -490.240234 831.982422     0.391566 -0.920150 0.920150 0.391566     16.341695 16.341695 1.397603
599.556335 358.754517     328.867188 74.687500 211.734375     -0.975986 0.217832 -0.217832 -0.975986     25.367115 25.367115 1.674243
108.831894 315.045258     166.937500 -129.523438 152.023438     -0.939446 0.342696 -0.342696 -0.939446     26.777557 26.777557 1.608151
129.635452 432.612030     52.687500 5.968750 23.835938     0.693753 -0.720213 0.720213 0.693753     17.432819 17.432819 1.254761
114.883408 265.434967     2281.289062 -526.859375 781.162109     0.291262 -0.956643 0.956643 0.291262     19.913802 19.913802 1.279048
114.883408 265.434967     178.437500 -56.023438 159.535156     0.291262 -0.956643 0.956643 0.291262     19.913802 19.913802 3.931739
597.566589 316.000000     38.335938 46.632812 122.765625     -0.898920 0.438114 -0.438114 -0.898920     23.260805 23.260805 4.646766
54.189816 329.787048     1601.447266 -592.353516 675.230469     0.704199 -0.710003 0.710003 0.704199     20.758656 20.758656 0.829913
54.189816 329.787048     49.281250 4.328125 27.343750     0.704199 -0.710003 0.710003 0.704199     20.758656 20.758656 3.809910
92.027672 295.752777     67.371094 40.156250 129.281250     -0.807242 0.590221 -0.590221 -0.807242     36.345263 36.345263 1.681014
148.315552 429.182220     105.570312 -42.691406 20.824707     -0.774988 0.631976 -0.631976 -0.774988     13.801984 13.801984 1.465944
534.469299 421.073608     50.296875 2.335938 26.914062     -0.707985 -0.706227 0.706227 -0.707985     29.206679 29.206679 1.892810
534.469299 421.073608     29.507812 -0.656250 26.226562     -0.707985 -0.706227 0.706227 -0.707985     29.206679 29.206679 2.217831
112.766670 317.911102     2404.031250 -685.679688 926.257812     -0.972646 0.232291 -0.232291 -0.972646     41.470125 41.470125 1.540505
573.380859 430.697784     15.656250 -1.179688 26.296875     -0.861023 0.508566 -0.508566 -0.861023     21.652719 21.652719 1.179778
573.380859 430.697784     826.398438 113.859375 247.687500     -0.861023 0.508566 -0.508566 -0.861023     21.652719 21.652719 3.180284
180.561752 450.705170     92.500000 9.906250 68.625000     -0.999926 0.012135 -0.012135 -0.999926     22.892033 22.892033 2.107671
124.472000 372.474670     1471.658203 -568.394531 679.851562     -0.995364 0.096175 -0.096175 -0.995364     25.543336 25.543336 1.301751
124.472000 372.474670     64.945312 9.185547 62.556641     -0.995364 0.096175 -0.096175 -0.995364     25.543336 25.543336 1.526704
149.604080 326.106110     3963.140625 -1749.523438 1545.406250     0.360064 -0.932928 0.932928 0.360064     23.027075 23.027075 1.006538
149.604080 326.106110     485.460938 -223.507812 205.429688     0.360064 -0.932928 0.932928 0.360064     23.027075 23.027075 4.560558
599.031799 360.739777     90.628906 8.128906 67.798828     -0.963113 0.269096 -0.269096 -0.963113     31.622795 31.622795 1.730466
538.307434 394.128357     74.390625 20.449219 73.627930     -0.987985 -0.154548 0.154548 -0.987985     23.066218 23.066218 4.782875
538.307434 394.128357     490.453125 -158.679688 187.648438     -0.987985 -0.154548 0.154548 -0.987985     23.066218 23.066218 5.224822
417.517914 434.069214     464.718750 -167.355469 434.381592     -0.920520 0.390695 -0.390695 -0.920520     34.938425 34.938425 6.183982
549.583679 363.856018     383.335938 -75.814453 94.498047     -0.997185 0.074975 -0.074975 -0.997185     26.215110 26.215110 5.809460
176.462906 448.905029     9587.796875 -625.929688 3272.117188     -0.973792 -0.227442 0.227442 -0.973792     24.368658 24.368658 2.012950
165.280792 363.290649     565.656250 -193.851562 461.560669     0.691529 -0.722348 0.722348 0.691529     19.895131 19.895131 0.413386
165.280792 363.290649     42.648438 8.417969 37.706055     0.691529 -0.722348 0.722348 0.691529     19.895131 19.895131 3.967212
346.110046 461.009583     58.273438 -5.929688 40.624023     -0.809804 0.586700 -0.586700 -0.809804     17.056613 17.056613 0.412212
187.745529 400.665192     58.312500 -6.052734 41.584961     0.194436 -0.980915 0.980915 0.194436     22.426470 22.426470 0.555068
187.745529 400.665192     364.878906 -136.378906 133.751953     0.194436 -0.980915 0.980915 0.194436     22.426470 22.426470 4.115572
200.566971 424.937500     56.875000 0.613281 65.255859     -0.956482 0.291791 -0.291791 -0.956482     21.935445 21.935445 0.268965
200.566971 424.937500     144.906250 -13.482422 4.575195     -0.956482 0.291791 -0.291791 -0.956482     21.935445 21.935445 1.418882
200.228378 422.605530     1092.510742 -525.658203 614.890625     -0.008425 -0.999965 0.999965 -0.008425     24.744748 24.744748 4.630033
199.616501 426.490295     21.515625 -7.953125 25.148438     0.242878 -0.970057 0.970057 0.242878     28.420905 28.420905 1.378635
199.616501 426.490295     77.074219 2.015625 74.709961     0.242878 -0.970057 0.970057 0.242878     28.420905 28.420905 3.976132
326.047485 274.125000     66.109375 2.281250 91.749023     -0.887376 0.461047 -0.461047 -0.887376     28.177604 28.177604 3.203612
268.598328 456.058563     179.890625 -5.625000 5.054199     -0.529953 -0.848027 0.848027 -0.529953     9.157613 9.157613 3.720056
265.424988 450.018738     255.281250 15.992188 20.500488     -0.489431 -0.872042 0.872042 -0.489431     9.475168 9.475168 3.643314
264.414124 447.077637     13559.734375 5241.632812 4810.132812     -0.495679 -0.868506 0.868506 -0.495679     10.392973 10.392973 3.725418
262.364716 442.893799     195.164062 -21.539062 6.089844     -0.490012 -0.871716 0.871716 -0.490012     10.731067 10.731067 3.765282
262.114075 441.903748     229.171875 44.675781 77.264648     -0.489396 -0.872062 0.872062 -0.489396     11.313529 11.313529 3.737870
261.665588 440.559479     726.375000 -202.488281 380.487305     -0.490373 -0.871512 0.871512 -0.490373     11.865822 11.865822 3.744873
130.192307 148.451920     57.562500 -0.089844 67.810547     -0.944762 -0.327757 0.327757 -0.944762     6.737112 6.737112 1.479826
130.192307 148.451920     78.917969 0.662109 75.386719     -0.944762 -0.327757 0.327757 -0.944762     6.737112 6.737112 3.101226
263.665283 442.175720     35.000000 -0.812500 46.700195     -0.524148 -0.851627 0.851627 -0.524148     17.333535 17.333535 3.814346
133.410049 149.535568     419.898438 15.039062 85.284180     -0.944823 -0.327581 0.327581 -0.944823     6.718783 6.718783 1.494303
262.296448 439.109467     295.109375 -22.117188 5.956543     -0.514971 -0.857208 0.857208 -0.514971     17.462002 17.462002 3.813731
276.665039 61.221676     60.820312 -5.261719 40.291016     -0.711593 0.702592 -0.702592 -0.711593     24.274768 24.274768 4.788424
133.914185 149.753738     357.625000 18.851562 22.101562     -0.944021 -0.329886 0.329886 -0.944021     6.693077 6.693077 1.493165
279.011505 61.237549     149.445312 -17.351562 66.749023     -0.865022 0.501734 -0.501734 -0.865022     26.108110 26.108110 4.642426
299.004578 52.018349     80.011719 -0.884766 76.838867     -0.955911 -0.293658 0.293658 -0.955911     16.146364 16.146364 0.919103
299.004578 52.018349     419.007812 13.183594 92.763672     -0.955911 -0.293658 0.293658 -0.955911     16.146364 16.146364 4.035180
293.127350 435.857666     424.929688 -49.046875 64.553711     -0.510886 -0.859648 0.859648 -0.510886     8.075159 8.075159 3.758253
279.006897 61.120689     769.472656 -91.423828 75.824219     -0.864307 0.502965 -0.502965 -0.864307     26.534957 26.534957 4.650302
313.663544 44.331776     44.996094 34.515625 95.568359     -0.843802 -0.536655 0.536655 -0.843802     17.529981 17.529981 0.731698
313.663544 44.331776     178.062500 251.765625 426.804688     -0.843802 -0.536655 0.536655 -0.843802     17.529981 17.529981 1.808688
464.455444 241.173264     88.656250 20.593750 54.640625     -0.865337 -0.501191 0.501191 -0.865337     19.915947 19.915947 2.001450
464.455444 241.173264     34.203125 8.933594 29.636719     -0.865337 -0.501191 0.501191 -0.865337     19.915947 19.915947 3.765141
292.545441 434.350647     358.843750 263.406250 659.804688     -0.500917 -0.865495 0.865495 -0.500917     8.540206 8.540206 3.643906
133.316666 149.619995     19.625000 -8.921875 116.546875     -0.945306 -0.326186 0.326186 -0.945306     6.550028 6.550028 1.512082
292.317505 432.942505     37.706055 11.255859 20.304688     -0.494512 -0.869171 0.869171 -0.494512     9.997385 9.997385 3.551420
464.560547 241.201797     63.623047 -22.683472 85.468384     -0.872619 -0.488401 0.488401 -0.872619     19.730585 19.730585 2.027258
464.560547 241.201797     115.611572 25.827881 45.183594     -0.872619 -0.488401 0.488401 -0.872619     19.730585 19.730585 3.766837
291.225220 430.788300     66.468750 -42.132812 79.272461     -0.493078 -0.869985 0.869985 -0.493078     10.091141 10.091141 3.565555
89.163368 131.267334     69.625000 52.316406 52.280273     -0.766499 -0.642246 0.642246 -0.766499     19.151100 19.151100 0.535006
133.580643 149.700882     86.369629 50.999512 45.493164     -0.945318 -0.326151 0.326151 -0.945318     6.548092 6.548092 1.507307
290.715454 429.406494     9.890625 -9.445312 76.522217     -0.490919 -0.871205 0.871205 -0.490919     10.453008 10.453008 3.550508
288.619202 425.301880     26.562500 21.910156 58.476562     -0.492996 -0.870032 0.870032 -0.492996     10.610182 10.610182 3.631316
464.457825 241.232925     96.138672 -38.041992 90.441437     -0.896372 -0.443302 0.443302 -0.896372     19.709861 19.709861 2.067767
464.457825 241.232925     184.906250 91.492188 113.007111     -0.896372 -0.443302 0.443302 -0.896372     19.709861 19.709861 3.764999
432.299011 259.794128     610.156250 53.687500 257.984375     -0.526429 -0.850219 0.850219 -0.526429     19.008197 19.008197 1.611331
432.299011 259.794128     24385.382812 -375.281250 9143.359375     -0.526429 -0.850219 0.850219 -0.526429     19.008197 19.008197 3.075286
133.563828 149.619675     23.519531 24.421875 46.071777     -0.944770 -0.327734 0.327734 -0.944770     6.707473 6.707473 1.485284
448.092224 250.373779     30.298828 26.828125 54.953613     -0.705675 -0.708536 0.708536 -0.705675     17.385222 17.385222 1.837059
464.441620 241.171539     494.296875 338.277344 289.241211     -0.870157 -0.492774 0.492774 -0.870157     20.012796 20.012796 2.033909
464.441620 241.171539     43.782227 19.424805 30.918686     -0.870157 -0.492774 0.492774 -0.870157     20.012796 20.012796 3.756221
432.391113 259.808899     40.214844 -5.066162 46.692627     -0.568009 -0.823023 0.823023 -0.568009     19.017199 19.017199 1.666520
432.391113 259.808899     142.843750 -36.296875 46.976562     -0.568009 -0.823023 0.823023 -0.568009     19.017199 19.017199 3.080564
448.197357 250.438599     684.968750 888.656250 1703.183594     -0.744898 -0.667179 0.667179 -0.744898     17.438356 17.438356 1.862076
448.197357 250.438599     152.468750 11.683594 25.038086     -0.744898 -0.667179 0.667179 -0.744898     17.438356 17.438356 3.467604
432.443542 259.875000     36.140625 30.378906 56.351074     -0.582353 -0.812936 0.812936 -0.582353     19.554399 19.554399 1.684738
432.443542 259.875000     50.578125 19.978516 32.963867     -0.582353 -0.812936 0.812936 -0.582353     19.554399 19.554399 3.118060
464.634857 241.217102     27.203125 19.103516 30.520996     -0.859832 -0.510578 0.510578 -0.859832     20.614361 20.614361 2.033018
464.634857 241.217102     211.843750 -78.095703 92.391632     -0.859832 -0.510578 0.510578 -0.859832     20.614361 20.614361 3.783192
466.731384 240.146271     64.921875 20.013672 33.005737     -0.983309 0.181945 -0.181945 -0.983309     24.141280 24.141280 1.170882
466.731384 240.146271     35.505981 10.071411 23.454765     -0.983309 0.181945 -0.181945 -0.983309     24.141280 24.141280 2.733444
193.815674 344.235016     97.687500 95.339844 186.058105     -0.422834 -0.906207 0.906207 -0.422834     3.329218 3.329218 6.299093
431.931641 259.726624     11.304688 7.357422 182.199219     -0.789434 -0.613836 0.613836 -0.789434     19.990190 19.990190 1.943866
431.931641 259.726624     472.506836 139.378906 695.060547     -0.789434 -0.613836 0.613836 -0.789434     19.990190 19.990190 3.445036
459.815765 244.066864     15.853210 2.173340 27.644531     -0.893739 0.448588 -0.448588 -0.893739     25.038408 25.038408 1.460564
459.815765 244.066864     82.549072 7.072876 96.546082     -0.893739 0.448588 -0.448588 -0.893739     25.038408 25.038408 3.036384
431.967651 259.663422     36.562500 16.406250 29.921875     -0.849201 -0.528070 0.528070 -0.849201     20.533450 20.533450 2.088942
431.967651 259.663422     35.133011 27.085938 47.328125     -0.849201 -0.528070 0.528070 -0.849201     20.533450 20.533450 3.611326
451.419281 248.792740     89.502930 105.541992 204.006348     -0.880426 0.474184 -0.474184 -0.880426     25.373256 25.373256 4.627132
414.490112 271.391083     213.755493 31.706055 53.676270     -0.686954 -0.726701 0.726701 -0.686954     20.897984 20.897984 1.814774
452.126160 248.483597     61.031250 26.890625 59.507812     -0.879331 0.476211 -0.476211 -0.879331     26.486812 26.486812 3.094512
452.126160 248.483597     40.406250 63.640625 182.185791     -0.879331 0.476211 -0.476211 -0.879331     26.486812 26.486812 4.624605
214.547165 307.726410     93.647461 38.225586 48.294922     -0.446584 -0.894742 0.894742 -0.446584     2.204368 2.204368 1.590184
427.557861 369.462799     29.265625 29.116211 166.551270     -0.878029 0.478607 -0.478607 -0.878029     16.022554 16.022554 1.474596
427.557861 369.462799     13.031250 -8.689453 71.727417     -0.878029 0.478607 -0.478607 -0.878029     16.022554 16.022554 4.684361
414.512299 271.106567     47.500000 44.903320 73.673218     -0.751066 -0.660227 0.660227 -0.751066     21.847811 21.847811 1.855791
436.624725 363.923584     24.523438 21.115234 77.425781     -0.856546 0.516071 -0.516071 -0.856546     16.278615 16.278615 1.528316
436.624725 363.923584     85.281250 19.717773 47.717773     -0.856546 0.516071 -0.516071 -0.856546     16.278615 16.278615 3.163697
426.579041 369.864746     28.812500 1.588867 34.931824     -0.861021 0.508570 -0.508570 -0.861021     16.277967 16.277967 1.571057
426.579041 369.864746     61.309570 38.637451 46.114624     -0.861021 0.508570 -0.508570 -0.861021     16.277967 16.277967 3.181574
