1.0
535
197.470322 41.972603     47.800781 -3.225586 8.108765     -0.996757 0.080474 -0.080474 -0.996757     12.606704 12.606704 1.623690
197.470322 41.972603     61.679688 -5.276367 8.718506     -0.996757 0.080474 -0.080474 -0.996757     12.606704 12.606704 3.689959
198.602417 41.843372     77.613281 -5.815430 11.071289     -0.995169 0.098181 -0.098181 -0.995169     12.884431 12.884431 5.116085
199.916397 41.781349     1.000000 -14.513672 701.361572     -0.996259 0.086413 -0.086413 -0.996259     14.628028 14.628028 5.103976
91.128784 41.901516     88.324219 -7.207031 12.561157     0.020710 -0.999786 0.999786 0.020710     3.763250 3.763250 1.567382
200.334274 41.786518     1.939453 -31.895020 1235.874268     -0.995585 0.093864 -0.093864 -0.995585     15.511413 15.511413 5.106808
91.007233 53.197590     28.560547 -12.508789 708.021240     0.025822 -0.999667 0.999667 0.025822     4.752933 4.752933 1.571260
159.086929 54.515228     3.850586 -7.281982 120.905151     0.018401 -0.999831 0.999831 0.018401     23.951814 23.951814 1.574851
126.043266 19.408653     93.425781 -7.432617 14.968872     0.061853 -0.998085 0.998085 0.061853     8.296751 8.296751 1.564230
200.485001 41.689999     173.488281 -9.395508 2020.770020     -0.995620 0.093488 -0.093488 -0.995620     16.999611 16.999611 5.153191
111.644531 76.113121     103.468750 -10.489258 17.981323     0.005086 -0.999987 0.999987 0.005086     59.263564 59.263564 1.570634
201.263977 41.635345     125.011719 -78.270508 2661.041992     -0.992770 0.120032 -0.120032 -0.992770     18.396753 18.396753 5.182579
162.776459 91.730293     174.694336 -36.176758 3502.396484     0.030819 -0.999525 0.999525 0.030819     49.825857 49.825857 1.582612
110.986313 101.274513     130.138672 -79.052734 3536.415039     0.010869 -0.999941 0.999941 0.010869     59.410412 59.410412 1.568997
162.661636 105.718948     199.046875 17.222046 20.857075     0.023189 -0.999731 0.999731 0.023189     50.972310 50.972310 1.581638
202.003998 41.588001     306.646484 -474.261719 5214.601562     -0.987469 0.157812 -0.157812 -0.987469     19.918786 19.918786 5.212590
110.923531 116.889404     12.588379 8.669922 60.031250     0.006349 -0.999980 0.999980 0.006349     59.544771 59.544771 1.568701
166.439102 109.848236     450.658203 -701.630859 6034.754883     0.095310 -0.995448 0.995448 0.095310     72.732879 72.732879 1.578574
74.542450 245.589630     54.152832 2.517578 3831.089844     -0.174308 -0.984691 0.984691 -0.174308     14.961161 14.961161 3.549286
168.165833 114.342598     180.626953 -38.215820 6053.662109     0.122788 -0.992433 0.992433 0.122788     85.836738 85.836738 1.572210
72.057610 239.999268     19.581055 0.873047 71.569336     -0.000667 -1.000000 1.000000 -0.000667     33.114360 33.114360 3.128962
72.057610 239.999268     23.551270 0.464844 26.390625     -0.000667 -1.000000 1.000000 -0.000667     33.114360 33.114360 4.729256
110.573059 132.972809     35.794434 21.353516 113.781250     0.006507 -0.999979 0.999979 0.006507     60.437244 60.437244 1.566343
77.258331 105.322220     88.427246 15.304688 4920.226562     -0.016786 -0.999859 0.999859 -0.016786     19.905264 19.905264 6.336124
76.370216 436.119141     620.861328 -977.777344 6867.726562     -0.157554 -0.987510 0.987510 -0.157554     21.803930 21.803930 3.304135
74.432915 400.397461     13.551270 4.386719 26.843750     -0.247895 -0.968787 0.968787 -0.247895     24.782895 24.782895 3.637982
68.306732 251.279800     164.202148 27.199219 12569.453125     -0.003167 -0.999995 0.999995 -0.003167     42.304492 42.304492 4.737121
171.273819 116.107101     199.704102 -84.897461 7389.228516     0.151110 -0.988517 0.988517 0.151110     97.702152 97.702152 1.564386
78.980484 460.039032     854.558594 -1313.785156 8483.306641     -0.287578 -0.957757 0.957757 -0.287578     15.739779 15.739779 3.560988
64.799133 253.214417     16.293945 2.494141 46.531250     -0.002193 -0.999998 0.999998 -0.002193     57.653152 57.653152 1.518055
64.799133 253.214417     416.467773 2.808594 12908.203125     -0.002193 -0.999998 0.999998 -0.002193     57.653152 57.653152 4.770335
111.300621 144.335602     484.201416 -17.273438 13793.851562     0.011806 -0.999930 0.999930 0.011806     63.432721 63.432721 1.567992
173.409760 125.850426     9.562500 -2.179688 28.750000     0.165093 -0.986278 0.986278 0.165093     113.364682 113.364682 1.565966
48.942085 411.471039     1152.982422 -1700.730469 10166.130859     -0.081658 -0.996660 0.996660 -0.081658     18.050327 18.050327 5.520005
318.608917 313.534668     19.335938 -1.140625 31.445312     0.111471 -0.993768 0.993768 0.111471     13.736433 13.736433 1.550061
318.608917 313.534668     3.085938 -6.953125 378.562500     0.111471 -0.993768 0.993768 0.111471     13.736433 13.736433 4.704667
175.855743 134.855072     6.523438 -5.375000 235.078125     0.179454 -0.983766 0.983766 0.179454     130.635149 130.635149 1.562676
175.855743 134.855072     2015.371094 -2839.472656 15585.093750     0.179454 -0.983766 0.983766 0.179454     130.635149 130.635149 2.669874
318.321442 313.544647     32.453125 3.023438 30.703125     0.109700 -0.993965 0.993965 0.109700     15.204633 15.204633 1.544895
318.321442 313.544647     5.664062 -35.296875 1876.875000     0.109700 -0.993965 0.993965 0.109700     15.204633 15.204633 4.704796
317.819550 313.409760     41.851562 6.070312 31.242188     0.148880 -0.988855 0.988855 0.148880     17.600892 17.600892 1.506790
317.819550 313.409760     6.203125 -38.328125 1818.687500     0.148880 -0.988855 0.988855 0.148880     17.600892 17.600892 4.667814
317.754089 313.508209     12.187500 5.156250 31.132812     0.092968 -0.995669 0.995669 0.092968     19.733121 19.733121 1.536157
317.754089 313.508209     56.468750 34.343750 159.964844     0.092968 -0.995669 0.995669 0.092968     19.733121 19.733121 4.717900
333.744843 375.773651     0.562500 -5.324219 2763.458008     0.018509 -0.999829 0.999829 0.018509     7.738460 7.738460 4.622353
332.708099 453.760101     23.710938 -14.734375 61.375000     0.023498 -0.999724 0.999724 0.023498     11.381621 11.381621 6.356535
316.812500 313.307281     27.500000 -1.000000 117.125000     -0.799374 -0.600834 0.600834 -0.799374     23.994166 23.994166 1.013288
316.812500 313.307281     6.828125 -41.437500 1785.203125     -0.799374 -0.600834 0.600834 -0.799374     23.994166 23.994166 2.404677
333.333344 414.182159     24.601562 -13.812500 62.609375     0.018853 -0.999822 0.999822 0.018853     10.060786 10.060786 1.594237
333.333344 414.182159     72.500000 26.390625 26.406250     0.018853 -0.999822 0.999822 0.018853     10.060786 10.060786 4.686362
317.542938 313.385162     14.250000 6.351562 60.214844     -0.910501 -0.413507 0.413507 -0.910501     24.017245 24.017245 1.270410
317.542938 313.385162     11.250000 13.742188 76.363281     -0.910501 -0.413507 0.413507 -0.910501     24.017245 24.017245 4.409383
333.359222 413.646179     369.750000 -106.031250 5848.070312     0.021133 -0.999777 0.999777 0.021133     10.450248 10.450248 1.595751
333.359222 413.646179     23.218750 5.195312 45.644531     0.021133 -0.999777 0.999777 0.021133     10.450248 10.450248 4.687150
612.568420 271.221039     27.320312 -14.093750 61.468750     -0.441802 -0.897113 0.897113 -0.441802     19.745936 19.745936 1.583100
612.568420 271.221039     62.515625 7.398438 33.015625     -0.441802 -0.897113 0.897113 -0.441802     19.745936 19.745936 4.096866
468.315796 117.975708     0.312500 -2.062500 3504.251953     0.004877 -0.999988 0.999988 0.004877     1.446361 1.446361 1.568764
318.496979 313.212433     391.125000 -237.437500 9694.562500     -0.969439 -0.245331 0.245331 -0.969439     24.687611 24.687611 1.424145
318.496979 313.212433     3182.882812 -4182.386719 20925.679688     -0.969439 -0.245331 0.245331 -0.969439     24.687611 24.687611 4.571806
354.752472 230.044556     14.765625 4.226562 33.292969     -0.246667 -0.969100 0.969100 -0.246667     14.839816 14.839816 4.860730
468.633331 122.233330     36.062500 -1.421875 108.835938     0.001927 -0.999998 0.999998 0.001927     3.344078 3.344078 1.570241
350.195251 379.500000     20.281250 7.337891 39.896240     0.325898 -0.945405 0.945405 0.325898     19.424021 19.424021 4.426601
589.321899 456.365723     36.281250 -16.085938 845.066406     0.011156 -0.999938 0.999938 0.011156     23.593412 23.593412 4.706832
333.307312 413.790253     33.851562 5.500000 16.531250     0.023282 -0.999729 0.999729 0.023282     10.896249 10.896249 1.599273
333.307312 413.790253     57.703125 5.841797 50.324219     0.023282 -0.999729 0.999729 0.023282     10.896249 10.896249 4.689231
350.410034 378.589966     17.203125 4.492188 38.078125     0.309105 -0.951028 0.951028 0.309105     20.180983 20.180983 1.470603
350.410034 378.589966     113.546875 -170.812500 1549.390625     0.309105 -0.951028 0.951028 0.309105     20.180983 20.180983 4.420129
621.657349 166.107574     62.484375 -244.414062 3272.855469     -0.910433 -0.413656 0.413656 -0.910433     17.085586 17.085586 4.581021
596.087708 149.807022     6.390625 -0.828125 541.642578     -0.134410 -0.990926 0.990926 -0.134410     16.465616 16.465616 1.745149
596.087708 149.807022     451.375000 -128.203125 15014.273438     -0.134410 -0.990926 0.990926 -0.134410     16.465616 16.465616 2.359378
583.544250 156.128311     56.257812 -1.394531 87.876953     -0.198381 -0.980125 0.980125 -0.198381     13.095327 13.095327 1.172254
583.544250 156.128311     3.093750 6.394531 249.434082     -0.198381 -0.980125 0.980125 -0.198381     13.095327 13.095327 1.570406
455.073303 244.167542     0.796875 6.027344 362.327148     -0.215246 -0.976560 0.976560 -0.215246     21.142166 21.142166 0.331901
350.718628 378.114075     9.375000 0.585938 29.242188     0.338226 -0.941065 0.941065 0.338226     21.228800 21.228800 1.506424
350.718628 378.114075     35.679688 10.531250 53.828125     0.338226 -0.941065 0.941065 0.338226     21.228800 21.228800 4.417485
318.976532 313.391693     36.695312 -4.054688 68.101562     -0.973103 -0.230371 0.230371 -0.973103     25.161451 25.161451 1.445702
318.976532 313.391693     134.585938 -210.796875 1572.953125     -0.973103 -0.230371 0.230371 -0.973103     25.161451 25.161451 4.584633
597.333313 111.738739     1.656250 10.664062 792.528076     -0.110058 -0.993925 0.993925 -0.110058     18.209528 18.209528 1.598419
597.333313 111.738739     34.156250 39.203125 1524.465820     -0.110058 -0.993925 0.993925 -0.110058     18.209528 18.209528 2.055917
468.796753 136.469421     1.875000 -5.531250 280.173828     0.000589 -1.000000 1.000000 0.000589     2.510685 2.510685 1.566509
355.105042 230.210083     15.078125 2.914062 61.488281     -0.212390 -0.977185 0.977185 -0.212390     16.745193 16.745193 4.862549
456.398376 186.441055     10.601562 2.648438 35.406250     0.160736 -0.986998 0.986998 0.160736     23.803114 23.803114 5.933684
455.988190 242.703415     90.250000 -10.333984 120.244629     0.019527 -0.999809 0.999809 0.019527     27.013020 27.013020 6.203652
594.391113 54.959999     189.984375 -544.984375 4289.837891     -0.315678 -0.948866 0.948866 -0.315678     19.006844 19.006844 3.145100
353.354919 378.577728     219.898438 12.273438 33.867188     -0.730408 0.683011 -0.683011 -0.730408     31.565563 31.565563 2.281335
333.721954 411.496643     100.164062 -10.339844 145.337891     0.027514 -0.999621 0.999621 0.027514     12.206600 12.206600 1.598541
333.721954 411.496643     22.554688 2.882812 41.433594     0.027514 -0.999621 0.999621 0.027514     12.206600 12.206600 4.691121
456.850098 218.349213     4776.457031 -5406.154297 21884.650391     0.019877 -0.999802 0.999802 0.019877     26.985537 26.985537 1.469794
353.606415 433.718872     54.359375 -4.757812 69.015625     -0.960247 -0.279153 0.279153 -0.960247     17.389078 17.389078 2.410530
353.606415 433.718872     142.062500 -106.093750 1739.546875     -0.960247 -0.279153 0.279153 -0.960247     17.389078 17.389078 4.524191
291.643280 92.681366     22.468750 3.164062 117.117188     -0.875780 -0.482710 0.482710 -0.875780     30.884676 30.884676 4.125680
355.399231 229.752853     80.031250 -16.652344 9.454102     -0.201817 -0.979423 0.979423 -0.201817     18.155409 18.155409 4.851819
339.570618 401.035736     234.906250 -501.703125 4674.263672     0.116526 -0.993188 0.993188 0.116526     43.514371 43.514371 1.578482
339.570618 401.035736     21.312500 19.593750 66.099609     0.116526 -0.993188 0.993188 0.116526     43.514371 43.514371 5.916700
460.810944 192.408478     143.484375 -76.949219 73.890625     0.075480 -0.997147 0.997147 0.075480     29.843892 29.843892 1.518864
460.810944 192.408478     149.617188 -19.060547 457.615234     0.075480 -0.997147 0.997147 0.075480     29.843892 29.843892 4.696227
482.759460 103.053261     61.726562 -4.710938 68.375000     0.001547 -0.999999 0.999999 0.001547     11.374718 11.374718 1.533546
291.317657 91.160965     6.324219 -2.458984 85.537109     0.043976 -0.999033 0.999033 0.043976     33.733924 33.733924 2.697270
291.317657 91.160965     80.625000 86.007812 5440.689453     0.043976 -0.999033 0.999033 0.043976     33.733924 33.733924 4.515195
519.789062 87.214546     8.804688 -18.638672 149.595215     -0.025932 -0.999664 0.999664 -0.025932     7.699961 7.699961 1.563715
519.789062 87.214546     33.953125 9.523438 205.640625     -0.025932 -0.999664 0.999664 -0.025932     7.699961 7.699961 3.144461
316.326416 313.232361     501.789062 -36.482422 5.194946     -0.994662 -0.103185 0.103185 -0.994662     25.667464 25.667464 1.547647
316.326416 313.232361     25.941406 4.945312 25.843750     -0.994662 -0.103185 0.103185 -0.994662     25.667464 25.667464 4.681588
506.945007 65.864998     4.031250 -1.226562 64.506836     -0.016665 -0.999861 0.999861 -0.016665     3.755321 3.755321 0.289236
342.683167 314.391083     570.812500 -104.281250 19006.261719     -0.029454 -0.999566 0.999566 -0.029454     13.765686 13.765686 1.631489
342.683167 314.391083     4.656250 1.671875 139.140625     -0.029454 -0.999566 0.999566 -0.029454     13.765686 13.765686 4.674910
355.114227 437.587402     26.347656 -10.367188 144.677734     -0.416680 -0.909053 0.909053 -0.416680     24.995268 24.995268 1.699878
345.292236 282.134033     174.710938 -28.564453 475.360352     0.126009 -0.992029 0.992029 0.126009     27.067521 27.067521 1.567001
342.887238 389.921936     29.171875 32.257812 229.158203     0.142078 -0.989856 0.989856 0.142078     45.963815 45.963815 1.619047
507.456573 62.866005     9.296875 -17.943359 169.020996     -0.013480 -0.999909 0.999909 -0.013480     5.534236 5.534236 1.570494
507.456573 62.866005     32.437500 5.218750 44.105469     -0.013480 -0.999909 0.999909 -0.013480     5.534236 5.534236 6.429557
523.317688 103.564507     157.765625 -95.281250 1769.203125     -0.026278 -0.999655 0.999655 -0.026278     25.899723 25.899723 3.225487
508.554535 148.672729     258.859375 -543.445312 6549.320312     0.019863 -0.999803 0.999803 0.019863     5.978583 5.978583 5.963131
354.881683 439.066803     571.507812 -37.766602 5.614746     -0.099847 -0.995003 0.995003 -0.099847     26.903814 26.903814 1.469499
346.105255 281.688782     26.457031 0.964844 33.574219     0.255473 -0.966816 0.966816 0.255473     31.368180 31.368180 1.453309
426.172424 240.310349     259.531250 12.867188 36.406250     -0.062422 -0.998050 0.998050 -0.062422     17.367825 17.367825 3.155001
426.172424 240.310349     31.125000 -25.398438 1125.101562     -0.062422 -0.998050 0.998050 -0.062422     17.367825 17.367825 3.569330
299.688904 172.524445     124.398438 -54.976562 153.771484     -0.104998 -0.994472 0.994472 -0.104998     14.457497 14.457497 2.128375
299.688904 172.524445     36.046875 -10.531250 217.375000     -0.104998 -0.994472 0.994472 -0.104998     14.457497 14.457497 4.040522
288.651398 90.441902     225.828125 -29.941406 514.487305     0.297117 -0.954841 0.954841 0.297117     41.981500 41.981500 2.435204
288.651398 90.441902     38.125000 -108.531250 3510.492188     0.297117 -0.954841 0.954841 0.297117     41.981500 41.981500 4.208012
472.045380 161.690750     20319.046875 -2967.878906 17177.328125     0.129557 -0.991572 0.991572 0.129557     49.043301 49.043301 1.515583
322.175964 313.441345     85.625000 105.679688 7527.529297     -0.997849 -0.065549 0.065549 -0.997849     25.874390 25.874390 1.572029
322.175964 313.441345     18.867188 -5.035156 171.339844     -0.997849 -0.065549 0.065549 -0.997849     25.874390 25.874390 4.700852
288.088928 89.709976     131.210938 -54.917969 159.683594     0.213008 -0.977050 0.977050 0.213008     44.527235 44.527235 2.513089
288.088928 89.709976     18.718750 -6.390625 27.796875     0.213008 -0.977050 0.977050 0.213008     44.527235 44.527235 4.259583
356.140930 229.697983     4.351562 -1.789062 83.383789     -0.147660 -0.989038 0.989038 -0.147660     21.166411 21.166411 4.810357
299.888000 172.552002     76.539062 -1.609375 70.601562     -0.073743 -0.997277 0.997277 -0.073743     15.964472 15.964472 2.140983
299.888000 172.552002     14.468750 4.667969 72.072266     -0.073743 -0.997277 0.997277 -0.073743     15.964472 15.964472 3.967138
346.527161 281.786713     140.187500 -61.105469 167.587891     0.283963 -0.958835 0.958835 0.283963     32.745139 32.745139 1.405477
346.036896 399.833557     832.445312 -380.066406 719.631836     0.065979 -0.997821 0.997821 0.065979     52.294434 52.294434 1.601001
346.036896 399.833557     29.062500 -17.296875 50.375000     0.065979 -0.997821 0.997821 0.065979     52.294434 52.294434 4.617915
426.350006 239.791931     22.796875 -8.578125 31.906250     -0.033374 -0.999443 0.999443 -0.033374     21.280335 21.280335 6.303329
274.481476 120.695473     43.796875 -13.218750 450.375000     -0.975798 0.218673 -0.218673 -0.975798     10.764667 10.764667 1.576733
274.481476 120.695473     20114.937500 -1438.074219 16523.902344     -0.975798 0.218673 -0.218673 -0.975798     10.764667 10.764667 6.367406
474.199982 165.538879     90.812500 69.312500 8765.062500     0.110916 -0.993830 0.993830 0.110916     60.191385 60.191385 1.498993
428.218567 170.907104     21.750000 -1.718750 176.571289     -0.351719 -0.936105 0.936105 -0.351719     16.807734 16.807734 0.785046
428.218567 170.907104     179.140625 -111.187500 1792.015625     -0.351719 -0.936105 0.936105 -0.351719     16.807734 16.807734 6.177027
290.120728 178.303818     39.453125 -27.171875 153.078125     -0.840249 0.542201 -0.542201 -0.840249     22.153671 22.153671 1.836796
286.434357 92.763916     1332.203125 -53.992188 21.933594     0.061533 -0.998105 0.998105 0.061533     54.826568 54.826568 4.677703
347.129547 281.868622     87.320312 1.335938 71.242188     0.460136 -0.887849 0.887849 0.460136     34.648561 34.648561 1.197943
474.457489 173.220230     25020.238281 -3537.621094 18660.054688     0.093573 -0.995612 0.995612 0.093573     63.240292 63.240292 1.577592
231.991867 133.300812     159.437500 -74.207031 189.638672     0.030998 -0.999519 0.999519 0.030998     11.248163 11.248163 1.566211
231.991867 133.300812     56.671875 -23.000000 454.375000     0.030998 -0.999519 0.999519 0.030998     11.248163 11.248163 4.716772
521.535339 127.506371     11.429688 -2.460938 65.487061     -0.016040 -0.999871 0.999871 -0.016040     40.058916 40.058916 1.559607
356.561646 87.424660     55.398438 9.367188 48.308594     0.129055 -0.991637 0.991637 0.129055     11.365493 11.365493 1.659906
426.813965 239.999008     63.312500 -33.890625 362.328125     -0.055216 -0.998474 0.998474 -0.055216     26.017037 26.017037 6.285249
271.275543 43.977779     1465.398438 -46.875977 25.390381     -0.997341 0.072879 -0.072879 -0.997341     7.156368 7.156368 4.765880
227.044342 97.911331     100.140625 -245.269531 975.230469     -0.710589 -0.703607 0.703607 -0.710589     20.595564 20.595564 0.994748
336.861389 113.698021     40.656250 -13.765625 53.156250     0.020269 -0.999795 0.999795 0.020269     9.007178 9.007178 1.555506
336.861389 113.698021     720.218750 -156.718750 18907.824219     0.020269 -0.999795 0.999795 0.020269     9.007178 9.007178 4.673792
460.455139 431.760803     172.992188 -88.867188 221.509766     -0.012429 -0.999923 0.999923 -0.012429     9.688563 9.688563 1.721206
227.855957 135.298019     95.156250 76.843750 10682.210938     0.086623 -0.996241 0.996241 0.086623     22.699915 22.699915 3.125405
227.855957 135.298019     862.851562 -417.710938 850.639648     0.086623 -0.996241 0.996241 0.086623     22.699915 22.699915 3.546564
285.705444 93.667892     11.820312 -4.722656 85.896484     0.093752 -0.995596 0.995596 0.093752     59.020570 59.020570 4.646392
427.881531 161.401855     44.046875 -12.859375 54.703125     -0.155398 -0.987852 0.987852 -0.155398     22.090117 22.090117 1.547812
427.881531 161.401855     102.546875 2.875000 72.734375     -0.155398 -0.987852 0.987852 -0.155398     22.090117 22.090117 5.473654
356.705414 85.189926     360.140625 19.148438 39.640625     0.110280 -0.993901 0.993901 0.110280     12.163276 12.163276 1.624110
356.705414 85.189926     200.640625 -101.781250 1852.718750     0.110280 -0.993901 0.993901 0.110280     12.163276 12.163276 3.735240
357.354645 229.968018     48.734375 -10.605469 39.351562     -0.356852 -0.934161 0.934161 -0.356852     24.829205 24.829205 5.009852
347.621582 401.118652     96.171875 19.453125 48.136719     0.058821 -0.998269 0.998269 0.058821     55.507347 55.507347 1.600110
347.621582 401.118652     142.757812 3.367188 72.906250     0.058821 -0.998269 0.998269 0.058821     55.507347 55.507347 4.632519
474.515167 183.334137     122.078125 15.046875 46.539062     0.085443 -0.996343 0.996343 0.085443     65.560435 65.560435 1.575769
474.515167 183.334137     25761.257812 -1306.843750 19109.980469     0.085443 -0.996343 0.996343 0.085443     65.560435 65.560435 4.690625
272.611115 44.000000     1521.687500 281.140625 18301.765625     -0.997800 0.066297 -0.066297 -0.997800     7.929970 7.929970 4.772063
228.112122 97.069695     425.062500 382.484375 2781.781250     -0.131996 -0.991250 0.991250 -0.131996     23.090110 23.090110 0.302239
347.931030 282.022980     135.625000 14.515625 45.332031     -0.714845 0.699283 -0.699283 -0.714845     36.427951 36.427951 2.354306
347.931030 282.022980     16.363281 14.429688 656.453125     -0.714845 0.699283 -0.699283 -0.714845     36.427951 36.427951 4.071164
320.835602 313.487274     165.062500 5.484375 71.164062     -0.998352 -0.057383 0.057383 -0.998352     26.874713 26.874713 1.573635
320.835602 313.487274     136.390625 12.375000 44.851562     -0.998352 -0.057383 0.057383 -0.998352     26.874713 26.874713 4.700419
425.834137 260.711090     177.851562 6.265625 70.679688     0.023198 -0.999731 0.999731 0.023198     24.866583 24.866583 1.476291
425.834137 260.711090     139.468750 12.898438 43.992188     0.023198 -0.999731 0.999731 0.023198     24.866583 24.866583 5.088701
286.102722 173.482880     9.363281 -1.765625 48.265625     0.609060 -0.793124 0.793124 0.609060     40.794060 40.794060 5.472318
454.082733 434.941772     200.984375 39.460938 54.621094     0.057787 -0.998329 0.998329 0.057787     26.788151 26.788151 1.831304
284.808289 95.679962     6.550781 -1.617188 76.859375     0.102097 -0.994774 0.994774 0.102097     67.162427 67.162427 4.622533
426.235291 234.174942     9.121094 -1.781250 94.828125     0.031210 -0.999513 0.999513 0.031210     26.521798 26.521798 1.548256
521.694946 147.699402     8.671875 3.781250 92.570312     -0.014196 -0.999899 0.999899 -0.014196     41.273755 41.273755 1.563720
355.358276 81.764709     23.375000 -61.468750 278.125000     0.032969 -0.999456 0.999456 0.032969     19.460141 19.460141 1.580340
355.358276 81.764709     7.406250 48.980469 472.171875     0.032969 -0.999456 0.999456 0.032969     19.460141 19.460141 3.192714
284.918488 173.338120     24.660156 -80.812500 547.437500     0.611991 -0.790865 0.790865 0.611991     42.384664 42.384664 5.471943
337.000000 113.780083     43.773438 -75.804688 833.203125     0.022620 -0.999744 0.999744 0.022620     9.343418 9.343418 1.534784
337.000000 113.780083     14.441406 20.375000 1096.355469     0.022620 -0.999744 0.999744 0.022620     9.343418 9.343418 4.687912
348.836761 281.764709     52.507812 -64.437500 1236.671875     -0.969312 0.245835 -0.245835 -0.969312     37.701675 37.701675 3.566799
334.024780 156.132233     61.593750 16.539062 5183.421875     -0.080251 -0.996775 0.996775 -0.080251     16.893247 16.893247 4.917633
417.040314 441.234161     71.492188 68.898438 5490.609375     0.119963 -0.992778 0.992778 0.119963     17.310338 17.310338 1.483209
275.109375 44.395088     15.062500 -5.281250 28.937500     -0.997083 0.076321 -0.076321 -0.997083     13.267126 13.267126 4.738704
284.337158 173.201767     61.250000 97.632812 225.566406     0.624990 -0.780633 0.780633 0.624990     42.989776 42.989776 5.460870
266.164185 105.894417     76.812500 105.882812 256.347656     -0.757233 0.653144 -0.653144 -0.757233     89.073772 89.073772 0.926898
266.164185 105.894417     53.281250 4.953125 39.347656     -0.757233 0.653144 -0.653144 -0.757233     89.073772 89.073772 5.343288
403.270844 404.433319     154.437500 296.101562 7425.101562     0.487583 -0.873077 0.873077 0.487583     19.821878 19.821878 5.519352
452.628143 441.124542     64.656250 1.726562 46.230469     0.032461 -0.999473 0.999473 0.032461     29.634322 29.634322 1.771910
521.316345 160.677872     43.882812 -7.140625 37.640625     -0.007990 -0.999968 0.999968 -0.007990     42.752057 42.752057 1.563814
355.204346 80.228264     37.703125 -7.914062 33.933594     0.011099 -0.999938 0.999938 0.011099     20.977396 20.977396 1.667675
355.204346 80.228264     104.453125 93.507812 359.011719     0.011099 -0.999938 0.999938 0.011099     20.977396 20.977396 3.692952
349.217682 400.104218     95.421875 -7.656250 4.288574     0.068452 -0.997654 0.997654 0.068452     58.933119 58.933119 1.612144
417.804199 439.899017     7.328125 -5.609375 123.937500     0.221213 -0.975226 0.975226 0.221213     25.963740 25.963740 1.371717
281.993469 43.669933     202.843750 37.443359 29.149780     -0.999155 0.041102 -0.041102 -0.999155     19.979446 19.979446 4.778957
349.813080 281.736969     24.421875 -12.640625 26.109375     -0.996612 -0.082245 0.082245 -0.996612     37.952889 37.952889 1.510107
349.813080 281.736969     4.218750 10.335938 114.083984     -0.996612 -0.082245 0.082245 -0.996612     37.952889 37.952889 3.216898
282.994904 173.691132     40.109375 -4.628906 34.728516     0.632690 -0.774405 0.774405 0.632690     44.731496 44.731496 5.426648
452.023834 441.218323     104.171875 -7.976562 5.011230     0.057544 -0.998343 0.998343 0.057544     33.477749 33.477749 1.763315
336.282867 63.649403     84.968750 -3.453125 3.929688     0.045384 -0.998970 0.998970 0.045384     15.138929 15.138929 1.593946
359.417053 230.052139     268.484375 44.119141 37.724854     -0.822783 -0.568356 0.568356 -0.822783     29.107033 29.107033 5.516721
283.806213 43.449787     83.531250 -5.453125 3.656250     -0.999472 0.032501 -0.032501 -0.999472     21.983806 21.983806 4.785878
345.309418 108.813156     85.078125 -2.960938 4.367188     0.252687 -0.967548 0.967548 0.252687     27.032008 27.032008 4.740979
404.599060 402.680664     19.218750 -11.515625 134.718750     0.541566 -0.840659 0.840659 0.541566     25.371468 25.371468 5.566433
285.013489 43.479168     28.531250 -13.312500 26.609375     -0.999637 0.026929 -0.026929 -0.999637     23.773612 23.773612 4.795530
282.498993 174.483673     6.000000 -5.906250 112.609375     0.606901 -0.794778 0.794778 0.606901     46.140301 46.140301 5.390915
521.663147 177.913208     7.515625 18.964844 160.468750     -0.007258 -0.999974 0.999974 -0.007258     43.767798 43.767798 1.567034
263.105560 107.370583     88.859375 1.500000 50.976562     -0.712256 0.701920 -0.701920 -0.712256     94.284402 94.284402 5.356976
336.117645 65.640526     135.156250 -7.578125 6.541016     0.063369 -0.997990 0.997990 0.063369     15.273797 15.273797 1.590713
404.900635 402.964050     88.250000 -6.578125 4.187500     0.555526 -0.831499 0.831499 0.555526     26.795035 26.795035 5.591691
350.760590 281.467957     93.109375 -4.210938 5.359375     -0.995466 -0.095122 0.095122 -0.995466     38.305456 38.305456 1.500264
350.760590 281.467957     23.546875 -5.250000 139.437500     -0.995466 -0.095122 0.095122 -0.995466     38.305456 38.305456 3.188277
321.076141 313.298340     229.437500 243.000000 8430.750000     -0.998233 -0.059429 0.059429 -0.998233     27.922000 27.922000 1.562961
321.076141 313.298340     8.750000 -6.031250 55.046875     -0.998233 -0.059429 0.059429 -0.998233     27.922000 27.922000 4.699973
351.129059 401.701111     154.828125 -7.972656 7.236328     0.061261 -0.998122 0.998122 0.061261     62.741314 62.741314 1.588802
351.129059 401.701111     450.343750 112.806641 84.752197     0.061261 -0.998122 0.998122 0.061261     62.741314 62.741314 4.577848
305.293274 211.724380     125.906250 32.906250 696.650391     -0.838017 0.545645 -0.545645 -0.838017     25.632701 25.632701 2.049499
362.126495 230.551376     9.968750 -32.546875 666.421875     -0.942624 -0.333855 0.333855 -0.942624     28.900682 28.900682 1.344470
362.126495 230.551376     9.546875 -33.546875 510.992188     -0.942624 -0.333855 0.333855 -0.942624     28.900682 28.900682 5.688491
352.952545 281.278473     150.265625 6.070312 51.750000     -0.998846 -0.048038 0.048038 -0.998846     38.380624 38.380624 1.562225
352.952545 281.278473     98.468750 -7.093750 4.695312     -0.998846 -0.048038 0.048038 -0.998846     38.380624 38.380624 3.292498
363.830048 230.402512     487.453125 147.478516 124.550781     -0.982088 -0.188424 0.188424 -0.982088     29.731400 29.731400 1.463376
345.757477 382.848175     13.359375 -17.554688 115.953125     -0.156287 -0.987712 0.987712 -0.156287     85.918339 85.918339 0.578454
345.757477 382.848175     199.187500 -8.355469 8.225586     -0.156287 -0.987712 0.987712 -0.156287     85.918339 85.918339 1.560359
365.328033 230.343948     140.609375 -3.515625 5.648438     -0.987928 -0.154915 0.154915 -0.987928     29.527633 29.527633 1.480579
225.982483 306.707123     30.453125 -13.296875 30.812500     -0.022526 -0.999746 0.999746 -0.022526     18.021449 18.021449 3.161805
225.982483 306.707123     25.796875 -1.187500 137.953125     -0.022526 -0.999746 0.999746 -0.022526     18.021449 18.021449 6.316051
354.768951 281.265259     115.859375 -7.609375 5.234375     -0.998310 -0.058111 0.058111 -0.998310     37.876214 37.876214 1.552533
354.768951 281.265259     36.023438 177.546875 2220.406250     -0.998310 -0.058111 0.058111 -0.998310     37.876214 37.876214 3.263813
366.023163 230.127350     219.062500 -9.683594 10.409668     -0.991297 -0.131648 0.131648 -0.991297     29.579796 29.579796 1.495078
356.189972 281.218414     487.343750 222.300781 279.428223     -0.998307 -0.058166 0.058166 -0.998307     37.734216 37.734216 1.551426
366.945282 230.143768     34.468750 -11.906250 31.312500     -0.991308 -0.131562 0.131562 -0.991308     29.260508 29.260508 1.508628
192.101273 455.649780     159.421875 -17.466797 42.371094     0.045247 -0.998976 0.998976 0.045247     13.710837 13.710837 3.032462
364.993469 228.504654     36.507812 174.156250 2155.832031     -0.969586 -0.244752 0.244752 -0.969586     30.072654 30.072654 1.451158
237.253159 460.244720     650.984375 390.679688 9291.796875     0.022983 -0.999736 0.999736 0.022983     11.484793 11.484793 1.579157
236.780487 460.030487     233.703125 -6.867188 669.472656     0.020770 -0.999784 0.999784 0.020770     13.562921 13.562921 1.574671
262.434021 311.625000     197.890625 -33.144531 161.357910     -0.044933 -0.998990 0.998990 -0.044933     13.121032 13.121032 0.189638
262.434021 311.625000     124.359375 -12.359375 11.437500     -0.044933 -0.998990 0.998990 -0.044933     13.121032 13.121032 0.770765
252.481659 408.545868     119.890625 -10.500000 113.093750     0.222919 -0.974837 0.974837 0.222919     13.736984 13.736984 1.711560
257.041412 234.278107     10.492188 -51.375000 493.320312     -0.103680 -0.994611 0.994611 -0.103680     6.825203 6.825203 4.492849
253.212402 397.964386     493.703125 270.976562 402.610352     0.149361 -0.988783 0.988783 0.149361     15.879940 15.879940 1.636178
256.286255 239.650757     162.984375 -1.281250 8.671875     -0.036074 -0.999349 0.999349 -0.036074     12.860931 12.860931 5.542619
254.680115 390.414459     48.695312 192.015625 2104.546875     0.094727 -0.995503 0.995503 0.094727     27.209275 27.209275 1.559288
255.752121 250.443863     315.593750 -511.804688 3938.599609     -0.018822 -0.999823 0.999823 -0.018822     16.872199 16.872199 4.616134
255.752121 250.443863     34.828125 -9.828125 36.187500     -0.018822 -0.999823 0.999823 -0.018822     16.872199 16.872199 5.499069
255.732071 385.289398     40.343750 4.437500 50.328125     0.054176 -0.998531 0.998531 0.054176     31.503761 31.503761 1.569389
256.089050 343.780914     179.265625 -40.250000 121.531250     -0.003229 -0.999995 0.999995 -0.003229     35.301444 35.301444 1.571247
256.358490 345.357178     765.460938 274.500000 9161.468750     -0.012711 -0.999919 0.999919 -0.012711     37.815093 37.815093 1.568303
352.299561 411.237885     760.140625 -973.195312 5424.996094     0.319626 -0.947544 0.947544 0.319626     16.399414 16.399414 1.118405
369.257141 193.904083     31.781250 -5.859375 113.937500     -0.421980 -0.906605 0.906605 -0.421980     17.890954 17.890954 1.759525
367.790985 193.989075     196.335938 8.229492 17.398926     -0.420313 -0.907379 0.907379 -0.420313     23.711993 23.711993 1.824015
370.500916 254.413727     788.765625 405.980469 547.751221     -0.952631 -0.304128 0.304128 -0.952631     27.654457 27.654457 5.845017
260.468323 354.052948     1.171875 -39.828125 1793.203125     -0.040625 -0.999174 0.999174 -0.040625     53.698888 53.698888 1.577602
366.687805 193.439896     29.812500 -5.691406 11.708008     -0.415335 -0.909669 0.909669 -0.415335     29.317301 29.317301 1.831883
366.687805 193.439896     33.421875 -3.015625 121.203125     -0.415335 -0.909669 0.909669 -0.415335     29.317301 29.317301 4.074026
371.445465 253.906067     37.421875 4.218750 51.484375     -0.995713 -0.092497 0.092497 -0.995713     30.543725 30.543725 3.165061
371.445465 253.906067     80.445312 -14.882812 7.725098     -0.995713 -0.092497 0.092497 -0.995713     30.543725 30.543725 6.118643
451.127106 41.110168     48.554688 -5.203125 41.625000     -0.982463 -0.186457 0.186457 -0.982463     14.115798 14.115798 1.498281
451.127106 41.110168     2508.296875 799.140625 584.386475     -0.982463 -0.186457 0.186457 -0.982463     14.115798 14.115798 5.983192
347.190491 411.103180     35.308594 -11.691406 20.292480     -0.836810 0.547493 -0.547493 -0.836810     25.838305 25.838305 2.143015
367.118866 137.081970     38.343750 -7.390625 38.359375     -0.784753 0.619809 -0.619809 -0.784753     23.676569 23.676569 1.775344
367.118866 137.081970     39.484375 5.562500 54.484375     -0.784753 0.619809 -0.619809 -0.784753     23.676569 23.676569 5.451128
367.065308 190.592346     1.375000 -63.109375 3376.781250     -0.311535 -0.950235 0.950235 -0.311535     38.657221 38.657221 1.881456
397.958344 89.129631     836.453125 213.179688 8934.804688     -0.996538 0.083138 -0.083138 -0.996538     8.597047 8.597047 1.583540
397.958344 89.129631     6.617188 -1.230469 48.121094     -0.996538 0.083138 -0.083138 -0.996538     8.597047 8.597047 4.704373
460.283936 384.728394     842.250000 -998.046875 5497.933594     0.047938 -0.998850 0.998850 0.047938     11.955877 11.955877 1.731379
443.163208 43.313057     32.343750 -4.000000 193.859375     -0.979359 -0.202128 0.202128 -0.979359     20.827712 20.827712 1.502127
443.163208 43.313057     22.320312 6.917969 46.466797     -0.979359 -0.202128 0.202128 -0.979359     20.827712 20.827712 5.867488
485.152710 390.192108     7.105469 -29.863281 1114.078125     0.683154 -0.730274 0.730274 0.683154     15.971432 15.971432 1.357438
320.877106 178.122879     162.062500 -65.698242 48.645508     -0.092857 -0.995679 0.995679 -0.092857     8.118503 8.118503 1.683721
320.877106 178.122879     202.921875 -55.984375 149.796875     -0.092857 -0.995679 0.995679 -0.092857     8.118503 8.118503 4.774568
371.925690 253.997299     46.320312 -13.948242 28.016357     -0.990570 -0.137006 0.137006 -0.990570     31.206602 31.206602 1.472188
371.925690 253.997299     1675.609375 -1722.062500 7259.357422     -0.990570 -0.137006 0.137006 -0.990570     31.206602 31.206602 3.100442
367.590454 137.269623     43.687500 -15.562500 210.906250     -0.866750 0.498744 -0.498744 -0.866750     25.481668 25.481668 1.617722
367.590454 137.269623     1.484375 -66.109375 3592.890625     -0.866750 0.498744 -0.498744 -0.866750     25.481668 25.481668 5.384703
397.068542 89.181450     228.277344 -101.186523 66.754150     -0.996821 0.079673 -0.079673 -0.996821     9.411014 9.411014 1.592520
397.068542 89.181450     26.500000 11.492188 75.331055     -0.996821 0.079673 -0.079673 -0.996821     9.411014 9.411014 4.716995
371.633667 299.450500     0.683594 34.546875 2606.375000     -0.999097 0.042495 -0.042495 -0.999097     8.752256 8.752256 1.567009
438.648010 44.306999     38.296875 3.046875 67.468750     -0.983372 -0.181600 0.181600 -0.983372     24.473273 24.473273 1.512582
438.648010 44.306999     1333.156250 -5.578125 8263.671875     -0.983372 -0.181600 0.181600 -0.983372     24.473273 24.473273 5.919102
263.092072 344.380035     7.742188 -0.668945 53.686035     -0.031726 -0.999497 0.999497 -0.031726     62.714602 62.714602 1.576782
372.244995 327.959991     55.488281 -16.994141 38.421875     -0.997699 0.067799 -0.067799 -0.997699     8.156901 8.156901 1.613200
372.000000 299.473450     41.203125 -4.031250 42.031250     -0.999330 0.036612 -0.036612 -0.999330     9.286488 9.286488 1.567863
458.369507 384.565765     50.656250 -18.828125 230.750000     0.098253 -0.995161 0.995161 0.098253     19.135218 19.135218 1.776727
458.369507 384.565765     31.835938 5.634766 16.714111     0.098253 -0.995161 0.995161 0.098253     19.135218 19.135218 6.055169
366.672180 181.182617     41.265625 2.312500 68.093750     -0.080433 -0.996760 0.996760 -0.080433     47.030305 47.030305 1.712699
484.929474 390.074677     2.593750 -134.609375 9616.617188     -0.732119 0.681177 -0.681177 -0.732119     16.971132 16.971132 1.373149
484.929474 390.074677     14.031250 -7.031250 31.265625     -0.732119 0.681177 -0.681177 -0.732119     16.971132 16.971132 4.426656
321.908752 462.273773     61.453125 -17.105469 49.405273     0.055148 -0.998478 0.998478 0.055148     10.718871 10.718871 1.566442
321.908752 462.273773     2133.546875 -1051.507812 7396.007812     0.055148 -0.998478 0.998478 0.055148     10.718871 10.718871 6.192295
321.565216 181.017395     0.781250 36.160156 2622.781250     -0.121240 -0.992623 0.992623 -0.121240     10.260821 10.260821 4.768702
372.906982 254.059982     151.898438 -31.316406 98.921387     -0.999219 -0.039503 0.039503 -0.999219     32.110350 32.110350 1.552122
372.906982 254.059982     1.046875 52.757812 3732.390625     -0.999219 -0.039503 0.039503 -0.999219     32.110350 32.110350 3.239548
395.930511 89.190331     920.593750 -297.734375 307.328125     -0.998281 0.058617 -0.058617 -0.998281     11.110577 11.110577 4.765851
372.804535 327.818176     82.000000 -299.515625 17827.765625     -0.996989 0.077545 -0.077545 -0.996989     8.627637 8.627637 1.610528
372.007538 299.550934     1460.730469 241.382812 7972.132812     -0.998856 0.047823 -0.047823 -0.998856     10.219820 10.219820 1.567696
457.509766 384.680786     75.460938 -18.825195 67.057129     0.045163 -0.998980 0.998980 0.045163     21.725974 21.725974 6.212125
264.002228 337.540375     21.679688 -4.813477 54.479004     -0.029590 -0.999562 0.999562 -0.029590     67.085306 67.085306 1.575584
435.913055 386.682617     1052.984375 -661.500000 949.968750     0.127095 -0.991891 0.991891 0.127095     12.709763 12.709763 2.740228
435.913055 386.682617     5091.351562 -5423.531250 16327.703125     0.127095 -0.991891 0.991891 0.127095     12.709763 12.709763 4.304890
394.539093 89.334229     51.476562 -11.515625 60.515625     -0.998553 0.053784 -0.053784 -0.998553     11.740524 11.740524 4.768715
435.015289 46.912483     1.128906 57.226562 4213.656250     -0.962029 -0.272948 0.272948 -0.962029     32.682082 32.682082 1.478566
435.015289 46.912483     219.843750 49.640625 13615.015625     -0.962029 -0.272948 0.272948 -0.962029     32.682082 32.682082 5.680024
366.557770 180.889130     119.070312 -19.666992 77.687500     -0.057370 -0.998353 0.998353 -0.057370     50.112972 50.112972 1.714799
321.536987 437.503967     30.453125 2.132812 10.144531     0.049398 -0.998779 0.998779 0.049398     13.010392 13.010392 1.577813
331.640442 265.786530     5617.718750 -3846.859375 16575.523438     0.066456 -0.997789 0.997789 0.066456     12.168763 12.168763 1.593249
369.076416 253.967926     14.468750 -11.160156 745.134399     -0.998121 -0.061270 0.061270 -0.998121     32.255104 32.255104 1.547058
372.348175 327.785431     135.000000 -23.294922 85.387695     -0.997183 0.075008 -0.075008 -0.997183     9.180135 9.180135 1.615494
435.301849 48.815384     1.257812 59.746094 4358.953125     -0.942340 -0.334656 0.334656 -0.942340     38.230484 38.230484 5.596575
324.287994 182.751999     384.109375 72.500000 8347.015625     -0.209727 -0.977760 0.977760 -0.209727     18.494728 18.494728 0.435553
324.287994 182.751999     15.156250 -21.449219 1743.720947     -0.209727 -0.977760 0.977760 -0.209727     18.494728 18.494728 3.825922
436.000000 386.383118     6.718750 -7.234375 246.265625     0.133431 -0.991058 0.991058 0.133431     17.856891 17.856891 2.830978
436.000000 386.383118     461.500000 -38.359375 7451.031250     0.133431 -0.991058 0.991058 0.133431     17.856891 17.856891 4.184507
226.897522 465.318024     25.000000 -1.966309 15.207733     0.164117 -0.986441 0.986441 0.164117     14.539080 14.539080 1.517796
392.381042 89.361237     8.765625 -16.875000 291.046875     -0.999048 0.043630 -0.043630 -0.999048     12.616617 12.616617 4.774119
369.807007 299.654968     5721.375000 -2921.703125 16898.507812     -0.999661 0.026023 -0.026023 -0.999661     10.607904 10.607904 1.561641
485.109222 389.641632     61.156250 -7.656250 66.781250     0.702313 -0.711868 0.711868 0.702313     18.735745 18.735745 1.313989
485.109222 389.641632     636.968750 -1549.140625 22593.335938     0.702313 -0.711868 0.711868 0.702313     18.735745 18.735745 4.523929
457.007141 384.472168     1.367188 61.675781 4825.593750     0.010586 -0.999944 0.999944 0.010586     22.850211 22.850211 1.866982
457.007141 384.472168     10440.070312 -669.132812 18327.757812     0.010586 -0.999944 0.999944 0.010586     22.850211 22.850211 6.322223
371.450348 327.670227     49.703125 0.738281 11.854492     -0.997665 0.068303 -0.068303 -0.997665     9.769680 9.769680 1.605645
327.724487 218.784882     1.449219 -3.933594 19400.171875     -0.080488 -0.996756 0.996756 -0.080488     20.955948 20.955948 1.588307
327.724487 218.784882     7.062500 -1.367188 87.968750     -0.080488 -0.996756 0.996756 -0.080488     20.955948 20.955948 4.679425
391.281769 89.357277     128.210938 3.306641 16.240234     -0.998929 0.046261 -0.046261 -0.998929     14.202627 14.202627 4.771316
437.861633 54.564762     11183.234375 -188.781250 18143.867188     -0.843686 -0.536837 0.536837 -0.843686     52.858905 52.858905 5.397798
484.815948 389.693237     1.550781 0.906250 18742.609375     -0.752129 0.659016 -0.659016 -0.752129     20.562707 20.562707 1.382507
484.815948 389.693237     11714.093750 217.453125 18032.140625     -0.752129 0.659016 -0.659016 -0.752129     20.562707 20.562707 2.120270
392.395935 65.700226     56.125000 2.320557 11.605753     -0.989504 0.144509 -0.144509 -0.989504     28.396468 28.396468 4.737114
327.657990 219.176117     1.705078 5.664062 19069.710938     -0.081357 -0.996685 0.996685 -0.081357     21.246395 21.246395 1.584644
269.275208 343.815765     27.656250 10.901855 33.790234     -0.045075 -0.998984 0.998984 -0.045075     113.249580 113.249580 1.584259
371.248962 176.845535     82.656250 11.724121 69.477478     0.015753 -0.999876 0.999876 0.015753     68.777158 68.777158 1.711564
313.760101 271.840820     2.031250 9.273438 19403.570312     0.097716 -0.995214 0.995214 0.097716     9.471590 9.471590 1.540085
391.193970 75.656601     63.031250 2.089844 14.224609     -0.861007 0.508593 -0.508593 -0.861007     53.582055 53.582055 0.662474
372.258820 327.049988     3.314453 9.628906 19833.000000     -0.994200 0.107543 -0.107543 -0.994200     14.301639 14.301639 1.634639
372.258820 327.049988     20.075195 14.015625 50.187500     -0.994200 0.107543 -0.107543 -0.994200     14.301639 14.301639 3.560376
449.471924 384.948975     64.468750 4.851562 62.132812     -0.808682 0.588246 -0.588246 -0.808682     46.211278 46.211278 2.208798
314.264862 267.272064     138.625000 -18.625000 54.578125     0.104648 -0.994509 0.994509 0.104648     10.148666 10.148666 1.542718
370.093903 299.920197     29.468750 14.593750 22.578125     -0.999966 0.008302 -0.008302 -0.999966     13.243491 13.243491 1.558426
328.428436 221.097107     41.281250 57.531250 161.140625     -0.092204 -0.995740 0.995740 -0.092204     25.020532 25.020532 1.613026
377.083374 156.758789     45.466652 3.413330 26.698799     0.137242 -0.990538 0.990538 0.137242     70.390343 70.390343 1.728159
377.083374 156.758789     84.670776 -6.837074 33.839478     0.137242 -0.990538 0.990538 0.137242     70.390343 70.390343 4.610232
484.860718 389.289703     35.568039 10.276855 24.562500     0.682278 -0.731093 0.731093 0.682278     22.793383 22.793383 1.324466
484.860718 389.289703     105.280426 -37.266891 77.848679     0.682278 -0.731093 0.731093 0.682278     22.793383 22.793383 4.527235
445.980743 386.277985     68.799057 55.545410 194.468750     -0.889608 0.456725 -0.456725 -0.889608     45.194623 45.194623 2.011469
269.383575 345.815765     180.683197 -67.740448 138.875488     -0.032642 -0.999467 0.999467 -0.032642     123.770124 123.770124 1.586638
363.337677 185.560349     121.004791 42.590332 213.984375     0.196358 -0.980532 0.980532 0.196358     106.987625 106.987625 4.569129
384.891846 409.783661     208.661072 -124.448822 393.227539     0.070783 -0.997492 0.997492 0.070783     25.202195 25.202195 6.271283
320.877441 33.014946     166.800232 52.113281 485.843750     -0.998949 -0.045846 0.045846 -0.998949     18.565563 18.565563 6.313745
500.771332 416.903107     30.357422 5.980957 24.726562     0.022209 -0.999753 0.999753 0.022209     2.411289 2.411289 1.565904
247.574158 57.229664     203.451416 134.756836 858.109375     -0.960879 0.276969 -0.276969 -0.960879     14.278187 14.278187 0.219128
384.849731 409.908752     25.682007 27.284668 85.261719     0.034293 -0.999412 0.999412 0.034293     25.974941 25.974941 6.323855
243.995651 39.200001     154.562500 -342.484375 1152.355469     -0.981192 0.193037 -0.193037 -0.981192     9.856023 9.856023 5.008237
347.113678 411.392548     1453.207031 858.972656 3726.593750     -0.881552 0.472087 -0.472087 -0.881552     28.044292 28.044292 2.088446
247.526321 58.398495     75.953125 15.171875 11.671875     -0.877598 0.479397 -0.479397 -0.877598     16.780800 16.780800 0.654154
485.031952 389.245697     198.203125 -5.539062 7830.914062     0.706733 -0.707480 0.707480 0.706733     25.039147 25.039147 1.258248
485.031952 389.245697     158.421875 36.328125 18.187500     0.706733 -0.707480 0.707480 0.706733     25.039147 25.039147 4.474609
501.244843 399.469116     2661.835938 -222.484375 1320.625000     0.018687 -0.999825 0.999825 0.018687     1.989526 1.989526 1.562244
268.997345 346.017944     165.421875 35.546875 18.937500     -0.026297 -0.999654 0.999654 -0.026297     129.709743 129.709743 1.589284
214.434586 69.817757     11.598633 43.922852 221.716797     0.029608 -0.999562 0.999562 0.029608     11.543829 11.543829 4.682142
363.200684 185.430969     187.015625 37.671875 19.281250     0.201137 -0.979563 0.979563 0.201137     113.603178 113.603178 1.563782
363.200684 185.430969     62.156250 31.937500 77.703125     0.201137 -0.979563 0.979563 0.201137     113.603178 113.603178 4.559965
384.840271 406.937500     13.064453 50.075195 259.380859     0.024743 -0.999694 0.999694 0.024743     25.553007 25.553007 4.165879
384.840271 406.937500     120.453125 -8.265625 67.578125     0.024743 -0.999694 0.999694 0.024743     25.553007 25.553007 6.347196
322.205414 102.236435     16.343750 -13.734375 41.242188     -0.257240 -0.966348 0.966348 -0.257240     20.364060 20.364060 0.630600
322.205414 102.236435     1.750000 6.937500 198.467285     -0.257240 -0.966348 0.966348 -0.257240     20.364060 20.364060 0.952721
213.426453 264.176758     13.156250 -0.656250 34.765625     0.026948 -0.999637 0.999637 0.026948     11.295286 11.295286 4.761797
213.426453 264.176758     13.804199 51.531250 267.056641     0.026948 -0.999637 0.999637 0.026948     11.295286 11.295286 5.336974
250.617447 34.073826     207.539062 -28.628906 7631.718750     -0.909235 0.416284 -0.416284 -0.909235     19.389862 19.389862 0.979556
443.793549 386.758820     190.328125 37.812500 20.531250     -0.845181 0.534481 -0.534481 -0.845181     48.129624 48.129624 1.979379
248.272964 59.446194     1.906250 6.705078 229.871338     -0.879941 0.475084 -0.475084 -0.879941     20.367482 20.367482 0.657734
374.751373 156.403137     14.399902 52.309570 274.539062     0.272841 -0.962059 0.962059 0.272841     155.052944 155.052944 4.475802
374.751373 156.403137     150.609375 -31.109375 83.203125     0.272841 -0.962059 0.962059 0.272841     155.052944 155.052944 5.608651
385.590637 406.390869     1609.750000 982.796875 4304.962891     0.091884 -0.995770 0.995770 0.091884     29.250513 29.250513 6.167280
501.333344 396.666656     169.062500 -55.140625 58.046875     0.018398 -0.999831 0.999831 0.018398     2.329020 2.329020 1.560444
247.537292 35.366100     2.140625 5.039062 248.749268     -0.901058 0.433699 -0.433699 -0.901058     19.118855 19.118855 1.055582
322.310638 104.588760     215.859375 42.296875 22.546875     -0.218194 -0.975905 0.975905 -0.218194     22.013493 22.013493 0.749944
139.688461 400.861542     15.166016 53.207031 281.259766     -0.013255 -0.999912 0.999912 -0.013255     2.137588 2.137588 1.569625
214.536285 70.584679     22.031250 22.781250 89.718750     0.014555 -0.999894 0.999894 0.014555     12.513277 12.513277 4.688001
248.650833 60.535126     2.718750 6.640625 250.622559     -0.851097 0.525008 -0.525008 -0.851097     23.785752 23.785752 0.701620
485.188599 389.260956     269.843750 -11.781250 61.984375     0.670009 -0.742353 0.742353 0.670009     27.580532 27.580532 5.519507
385.684601 406.825623     18.890625 -15.507812 43.226562     0.102879 -0.994694 0.994694 0.102879     31.406292 31.406292 6.196162
317.181427 56.759495     96.062500 -3.625000 76.296875     -0.949164 -0.314782 0.314782 -0.949164     17.338373 17.338373 2.666437
317.181427 56.759495     19.650879 59.866211 311.433594     -0.949164 -0.314782 0.314782 -0.949164     17.338373 17.338373 5.779714
501.907257 356.720551     141.140625 -38.656250 159.328125     0.013997 -0.999902 0.999902 0.013997     3.790179 3.790179 1.554064
249.127457 61.996731     5.281250 10.126953 230.979980     -0.816140 0.577855 -0.577855 -0.816140     27.480973 27.480973 0.744184
249.127457 61.996731     1633.515625 961.380859 5063.154297     -0.816140 0.577855 -0.577855 -0.816140     27.480973 27.480973 3.728835
139.699661 401.331055     6.828125 12.568359 241.967041     -0.013787 -0.999905 0.999905 -0.013787     2.392451 2.392451 1.567075
324.610199 57.471073     15.718750 -28.984375 197.265625     -0.907139 0.420832 -0.420832 -0.907139     41.339631 41.339631 0.675094
139.521133 388.450714     61.437500 -121.015625 309.609375     -0.014135 -0.999900 0.999900 -0.014135     2.469170 2.469170 4.309257
421.322937 393.594727     218.203125 7.843750 7559.005859     -0.926672 0.375872 -0.375872 -0.926672     61.464545 61.464545 1.792187
494.619629 355.209076     300.062500 -35.062500 78.093750     0.016871 -0.999858 0.999858 0.016871     39.473535 39.473535 1.579604
249.011307 63.282661     368.390625 60.046875 34.000000     -0.780335 0.625362 -0.625362 -0.780335     32.440784 32.440784 0.776303
249.011307 63.282661     35.692383 77.899414 507.144531     -0.780335 0.625362 -0.625362 -0.780335     32.440784 32.440784 3.792192
212.455261 71.723686     39.578125 5.968750 109.859375     0.142262 -0.989829 0.989829 0.142262     20.615637 20.615637 4.612970
347.725159 410.473602     348.156250 -41.671875 82.093750     0.563321 -0.826238 0.826238 0.563321     29.722263 29.722263 5.588140
139.467331 383.429657     47.890625 1.937500 39.742188     -0.013581 -0.999908 0.999908 -0.013581     2.668448 2.668448 4.306446
498.147980 392.350220     12.515625 16.347656 235.002930     -0.003706 -0.999993 0.999993 -0.003706     66.694158 66.694158 1.570070
247.745697 64.652489     270.132812 -191.760742 150.561523     -0.928661 0.370930 -0.370930 -0.928661     37.604499 37.604499 0.488548
376.271851 228.364075     64.085938 -124.906250 314.812500     -0.994647 -0.103331 0.103331 -0.994647     14.175329 14.175329 4.664462
543.518921 41.717060     2122.097656 790.667969 14809.062500     0.015269 -0.999883 0.999883 0.015269     17.015910 17.015910 2.857112
543.518921 41.717060     4.031250 -6.109375 249.578125     0.015269 -0.999883 0.999883 0.015269     17.015910 17.015910 4.792039
247.481430 65.404739     20.187500 -32.687500 187.734375     -0.929775 0.368128 -0.368128 -0.929775     39.272516 39.272516 0.501479
139.493393 381.209259     76.289062 94.230469 465.457031     -0.013707 -0.999906 0.999906 -0.013707     2.980953 2.980953 4.292974
544.014343 61.352058     21.265625 -17.164062 46.750000     0.012406 -0.999923 0.999923 0.012406     17.364482 17.364482 4.782052
434.834961 446.488678     19.859375 14.699219 244.050781     0.030159 -0.999545 0.999545 0.030159     11.473208 11.473208 1.503171
434.735504 447.767975     454.781250 90.656250 173.390625     0.059463 -0.998230 0.998230 0.059463     12.535875 12.535875 1.516694
348.481934 410.486115     131.218750 -7.187500 91.031250     0.572356 -0.820005 0.820005 0.572356     33.618422 33.618422 5.611210
516.260498 325.744019     29.078125 8.759766 241.496338     0.070035 -0.997545 0.997545 0.070035     103.422418 103.422418 1.560179
516.260498 325.744019     131.062500 -247.500000 573.328125     0.070035 -0.997545 0.997545 0.070035     103.422418 103.422418 4.676244
139.483337 377.137024     44.765625 0.531250 47.679688     -0.012781 -0.999918 0.999918 -0.012781     3.423599 3.423599 4.259775
248.376266 112.054237     445.437500 44.531250 276.843750     -0.999810 -0.019495 0.019495 -0.999810     15.484249 15.484249 0.269572
248.376266 112.054237     5.031250 10.718750 104.515625     -0.999810 -0.019495 0.019495 -0.999810     15.484249 15.484249 1.582114
139.590912 289.199554     23.562500 -35.562500 180.078125     0.000203 -1.000000 1.000000 0.000203     5.415767 5.415767 1.645177
139.590912 289.199554     137.117188 -266.921875 632.109375     0.000203 -1.000000 1.000000 0.000203     5.415767 5.415767 4.300040
438.365845 209.819519     43.000000 6.185547 231.728271     0.016891 -0.999857 0.999857 0.016891     11.939343 11.939343 1.945426
438.365845 209.819519     3045.824219 576.109375 14657.640625     0.016891 -0.999857 0.999857 0.016891     11.939343 11.939343 6.023637
247.127106 111.885979     82.562500 -101.328125 328.312500     -0.999565 -0.029493 0.029493 -0.999565     18.080074 18.080074 1.588274
247.127106 111.885979     1555.640625 57.218750 285.453125     -0.999565 -0.029493 0.029493 -0.999565     18.080074 18.080074 4.673772
139.600571 294.629852     66.203125 -105.031250 171.187500     -0.000048 -1.000000 1.000000 -0.000048     5.603787 5.603787 1.634254
139.600571 294.629852     80.406250 -74.984375 255.437500     -0.000048 -1.000000 1.000000 -0.000048     5.603787 5.603787 4.249193
139.637527 295.720703     160.132812 -294.734375 653.343750     -0.000297 -1.000000 1.000000 -0.000297     5.873139 5.873139 1.119431
139.637527 295.720703     1172.390625 -21.218750 648.000000     -0.000297 -1.000000 1.000000 -0.000297     5.873139 5.873139 1.677525
139.688629 296.937134     72.757812 -114.976562 187.343750     -0.000478 -1.000000 1.000000 -0.000478     6.406485 6.406485 1.095716
139.688629 296.937134     133.736206 16.967773 16.578125     -0.000478 -1.000000 1.000000 -0.000478     6.406485 6.406485 1.665625
139.710571 305.401520     389.812500 -250.812500 948.171875     -0.000486 -1.000000 1.000000 -0.000486     8.186757 8.186757 0.981975
139.710571 305.401520     75.476562 -119.484375 196.140625     -0.000486 -1.000000 1.000000 -0.000486     8.186757 8.186757 1.640425
608.701416 242.725693     24.046875 -19.007812 52.937500     -0.545032 -0.838415 0.838415 -0.545032     22.796519 22.796519 1.577647
618.293823 407.085297     26.250000 -32.359375 99.484375     -0.784145 -0.620578 0.620578 -0.784145     14.944143 14.944143 4.242690
604.148743 275.393951     1116.171875 -94.625000 630.703125     -0.373233 -0.927738 0.927738 -0.373233     19.163977 19.163977 1.566622
35.133003 133.935959     28.562500 -46.867188 184.890625     -0.362330 -0.932050 0.932050 -0.362330     17.472070 17.472070 1.239094
