1.0
892
262.274994 394.059998     221.812500 -113.625000 59.578125     -0.889110 0.457694 -0.457694 -0.889110     4.690448 4.690448 6.421427
285.190277 382.230103     925.828125 -469.289062 239.796875     -0.891656 0.452715 -0.452715 -0.891656     5.562126 5.562126 6.377696
304.138062 370.134064     1442.656250 -758.085938 407.812500     -0.884235 0.467043 -0.467043 -0.884235     12.241438 12.241438 0.301835
316.621002 361.571686     3094.484375 -1591.875000 837.882812     -0.888331 0.459204 -0.459204 -0.888331     17.426750 17.426750 0.180982
311.045227 363.897461     5356.765625 -2707.015625 1388.093750     -0.891966 0.452102 -0.452102 -0.891966     18.008171 18.008171 6.310144
310.750000 364.140686     7250.820312 -3656.562500 1864.625000     -0.892476 0.451095 -0.451095 -0.892476     18.247279 18.247279 6.283480
218.469254 281.454803     158.703125 -87.371094 122.000000     -0.776388 0.630255 -0.630255 -0.776388     32.159726 32.159726 4.687355
207.709045 276.081543     299.542969 -62.980469 216.632812     -0.880286 0.474443 -0.474443 -0.880286     60.823045 60.823045 6.381412
305.970612 366.319122     9310.117188 -4674.914062 2368.640625     -0.893335 0.449390 -0.449390 -0.893335     18.518815 18.518815 1.553870
305.970612 366.319122     440.015625 -81.703125 395.328125     -0.893335 0.449390 -0.449390 -0.893335     18.518815 18.518815 6.212904
198.469833 273.388123     389.375000 -186.578125 95.062500     -0.794918 0.606717 -0.606717 -0.794918     82.113423 82.113423 0.330743
325.157013 340.723145     652.347656 -174.609375 562.640625     -0.899799 0.436305 -0.436305 -0.899799     9.643280 9.643280 3.191286
188.872055 273.484283     10537.250000 -5280.796875 2698.890625     -0.790190 0.612862 -0.612862 -0.790190     93.011399 93.011399 0.376504
188.872055 273.484283     12501.632812 -5809.921875 2832.343750     -0.790190 0.612862 -0.612862 -0.790190     93.011399 93.011399 4.672670
305.055695 364.051880     1005.435547 -274.152344 821.726562     -0.893298 0.449465 -0.449465 -0.893298     29.108262 29.108262 1.547507
305.055695 364.051880     15490.460938 -5981.031250 2818.703125     -0.893298 0.449465 -0.449465 -0.893298     29.108262 29.108262 6.235790
296.086884 365.722565     1393.365234 -317.328125 1073.210938     -0.905439 0.424476 -0.424476 -0.905439     46.898716 46.898716 1.579038
296.086884 365.722565     17637.140625 -6082.546875 2951.406250     -0.905439 0.424476 -0.424476 -0.905439     46.898716 46.898716 5.907752
174.488358 272.286591     91.093750 -6.679688 50.195312     -0.811693 0.584084 -0.584084 -0.811693     112.450491 112.450491 0.329372
174.488358 272.286591     40.093750 18.507812 28.412109     -0.811693 0.584084 -0.584084 -0.811693     112.450491 112.450491 4.657961
281.831482 365.338837     51.984375 11.218750 29.765625     -0.929295 0.369340 -0.369340 -0.929295     94.564015 94.564015 5.724791
159.724472 271.479340     131.007812 -12.273438 56.859375     -0.851584 0.524218 -0.524218 -0.851584     133.329939 133.329939 1.764486
314.502228 324.512665     19939.304688 -6236.156250 3226.382812     -0.987566 0.157206 -0.157206 -0.987566     31.542402 31.542402 1.244212
436.496277 154.343277     324.328125 67.632812 244.277344     -0.806522 -0.591204 0.591204 -0.806522     17.338346 17.338346 1.568399
436.496277 154.343277     28.367188 -52.539062 122.929688     -0.806522 -0.591204 0.591204 -0.806522     17.338346 17.338346 3.134948
450.571442 174.459625     21.636719 -30.023438 76.976562     -0.922939 -0.384945 0.384945 -0.922939     22.538865 22.538865 5.301861
311.237457 325.299072     25.093750 -15.164062 34.093750     -0.987252 0.159167 -0.159167 -0.987252     33.336654 33.336654 1.276785
150.476883 269.962189     442.546875 115.085938 338.093750     -0.930668 0.365865 -0.365865 -0.930668     145.670006 145.670006 1.631256
426.030243 173.365067     32.667969 -45.781250 128.640625     -0.541002 -0.841021 0.841021 -0.541002     25.011317 25.011317 0.429877
426.030243 173.365067     139.211914 40.839844 17.156250     -0.541002 -0.841021 0.841021 -0.541002     25.011317 25.011317 4.746863
437.946350 161.676636     14.835938 28.417969 94.625000     -0.868706 -0.495328 0.495328 -0.868706     64.542260 64.542260 0.773735
437.946350 161.676636     102.396484 -29.183594 13.384766     -0.868706 -0.495328 0.495328 -0.868706     64.542260 64.542260 5.205637
248.763565 304.387604     30.304688 -26.070312 69.171875     0.406857 -0.913492 0.913492 0.406857     10.029016 10.029016 1.676810
238.509735 300.256805     919.468750 107.492188 386.074219     0.401436 -0.915887 0.915887 0.401436     13.102146 13.102146 5.059732
265.709808 309.780396     181.757812 -93.863281 55.503906     0.598125 -0.801402 0.801402 0.598125     16.702262 16.702262 3.910488
438.655884 155.287918     123.572266 -26.271484 24.929688     -0.840608 -0.541644 0.541644 -0.840608     73.107815 73.107815 0.662258
438.655884 155.287918     148.105469 -16.820312 130.359375     -0.840608 -0.541644 0.541644 -0.840608     73.107815 73.107815 5.166066
250.583496 306.561890     82.738281 -27.335938 103.851562     0.371796 -0.928314 0.928314 0.371796     17.036096 17.036096 1.778290
250.583496 306.561890     143.249023 42.804688 25.500000     0.371796 -0.928314 0.928314 0.371796     17.036096 17.036096 3.197315
126.316605 363.084930     32.363281 78.082031 212.867188     -0.956838 -0.290622 0.290622 -0.956838     9.809457 9.809457 4.735165
313.033173 324.690582     82.697266 21.371094 12.515625     -0.977522 0.210832 -0.210832 -0.977522     33.189600 33.189600 1.359596
101.619049 371.780945     60.414062 -27.382812 26.007812     -0.304559 -0.952493 0.952493 -0.304559     10.789967 10.789967 2.889368
180.859909 167.014496     265.402344 -189.070312 190.144531     -0.958188 0.286139 -0.286139 -0.958188     9.724399 9.724399 1.550242
236.567307 300.177887     75.460938 14.738281 19.093750     0.448524 -0.893771 0.893771 0.448524     18.674585 18.674585 5.155221
446.784576 148.946518     157.862305 48.167969 27.343750     -0.981707 -0.190397 0.190397 -0.981707     85.999074 85.999074 5.422731
226.887100 147.883072     49.187500 5.964844 16.000000     -0.882630 0.470069 -0.470069 -0.882630     10.567266 10.567266 4.686266
176.983490 165.575470     1282.035156 -492.542969 237.994141     -0.970206 0.242281 -0.242281 -0.970206     19.286652 19.286652 1.475809
228.330795 360.714966     1228.906250 88.769531 544.414062     -0.856324 0.516440 -0.516440 -0.856324     49.339216 49.339216 3.249950
255.501190 307.699524     64.867188 -29.492188 27.140625     0.565574 -0.824697 0.824697 0.565574     35.997582 35.997582 3.825097
126.421051 365.074554     2016.648438 -798.146484 367.832031     -0.951005 -0.309175 0.309175 -0.951005     15.315916 15.315916 5.018299
80.022308 313.505585     69.203125 15.203125 88.082031     -0.349103 -0.937084 0.937084 -0.349103     8.142970 8.142970 2.746527
451.965637 143.480270     50.931641 5.906250 15.984375     -0.992526 -0.122037 0.122037 -0.992526     95.946706 95.946706 1.120873
451.965637 143.480270     73.757812 -34.890625 29.343750     -0.992526 -0.122037 0.122037 -0.992526     95.946706 95.946706 5.506319
131.366379 353.034485     29437.226562 -6865.218750 4635.617188     -0.962828 -0.270116 0.270116 -0.962828     11.490502 11.490502 4.453759
353.375458 260.451263     1298.234375 73.105469 648.037109     -0.875207 0.483749 -0.483749 -0.875207     14.838154 14.838154 3.316411
187.882111 186.195129     73.078125 -33.867188 29.992188     -0.773044 0.634353 -0.634353 -0.773044     26.620466 26.620466 4.640623
132.341812 351.319214     60.007812 -20.195312 15.179688     -0.971120 -0.238591 0.238591 -0.971120     17.700940 17.700940 4.313675
126.839928 365.290009     2217.882812 -887.267578 417.771484     -0.949887 -0.312593 0.312593 -0.949887     15.255229 15.255229 5.031849
121.294609 378.352692     22.718750 -5.937500 13.875000     -0.985152 -0.171685 0.171685 -0.985152     17.405456 17.405456 5.395510
201.336655 153.454269     84.046875 7.906250 94.488281     -0.929340 0.369226 -0.369226 -0.929340     29.269792 29.269792 1.569264
453.752899 139.462143     134.365234 19.261719 63.781250     -0.991960 -0.126550 0.126550 -0.991960     103.899261 103.899261 1.082352
453.752899 139.462143     88.468750 -40.953125 31.972656     -0.991960 -0.126550 0.126550 -0.991960     103.899261 103.899261 5.524665
353.057495 260.661346     537.457031 -335.957031 273.605469     -0.877159 0.480200 -0.480200 -0.877159     14.921526 14.921526 3.304893
210.223480 149.144852     68.398438 -18.296875 15.203125     -0.926946 0.375195 -0.375195 -0.926946     30.109857 30.109857 1.574523
445.246704 212.673233     224.257812 -73.683594 30.336914     -0.486063 -0.873924 0.873924 -0.486063     35.073271 35.073271 4.735346
188.056564 185.259338     537.164062 -204.058594 82.338867     -0.782448 0.622716 -0.622716 -0.782448     28.700222 28.700222 4.637291
132.479691 351.228424     22464.464844 -2118.074219 4430.531250     -0.973033 -0.230666 0.230666 -0.973033     17.757502 17.757502 4.315006
121.253571 378.385712     2339.335938 -944.384766 455.203125     -0.986749 -0.162256 0.162256 -0.986749     17.436081 17.436081 5.401140
338.908234 239.297470     1337.562500 11.101562 743.521484     -0.876625 0.481174 -0.481174 -0.876625     14.366558 14.366558 3.188182
338.908234 239.297470     71.671875 -23.007812 20.523438     -0.876625 0.481174 -0.481174 -0.876625     14.366558 14.366558 6.247365
456.052094 134.798859     455.312500 -84.410156 41.151367     -0.993890 -0.110371 0.110371 -0.993890     113.834774 113.834774 1.089837
456.052094 134.798859     1424.906250 -633.371094 291.935547     -0.993890 -0.110371 0.110371 -0.993890     113.834774 113.834774 4.029388
352.540833 261.019714     111.875000 -50.148438 36.441406     -0.876561 0.481291 -0.481291 -0.876561     15.191631 15.191631 3.331541
335.406769 283.911011     192.101562 -58.843750 24.206055     -0.933520 0.358524 -0.358524 -0.933520     12.260788 12.260788 3.091022
213.733536 146.836060     2480.542969 -995.474609 479.005859     -0.925243 0.379376 -0.379376 -0.925243     33.057827 33.057827 1.571447
426.304993 255.320007     23420.019531 -2668.703125 4592.742188     -0.893671 0.448723 -0.448723 -0.893671     14.852528 14.852528 2.243057
426.304993 255.320007     12.500000 -7.484375 61.421875     -0.893671 0.448723 -0.448723 -0.893671     14.852528 14.852528 3.959059
446.737976 211.305008     83.125000 6.945312 97.855469     -0.473798 -0.880634 0.880634 -0.473798     40.197159 40.197159 4.724322
124.681503 369.734009     578.707031 -354.976562 284.523438     -0.968962 -0.247210 0.247210 -0.968962     34.526187 34.526187 5.424748
338.285706 239.285721     144.566406 1.484375 109.046875     -0.885380 0.464869 -0.464869 -0.885380     14.560973 14.560973 3.186891
338.285706 239.285721     56.695312 -12.982422 55.647949     -0.885380 0.464869 -0.464869 -0.885380     14.560973 14.560973 5.841882
192.726303 181.976974     87.046875 -25.203125 20.906250     -0.826291 0.563243 -0.563243 -0.826291     30.052374 30.052374 4.662955
335.617554 284.242096     2872.281250 -1307.753906 881.975586     -0.954956 0.296747 -0.296747 -0.954956     13.882693 13.882693 2.863605
347.851837 110.866669     452.937500 -79.718750 46.257812     -0.947678 0.319228 -0.319228 -0.947678     10.569167 10.569167 1.135670
218.474625 113.025383     19.132812 -3.486328 16.736328     -0.933887 0.357568 -0.357568 -0.933887     9.231770 9.231770 1.553782
218.474625 113.025383     83.988281 11.101562 30.765625     -0.933887 0.357568 -0.357568 -0.933887     9.231770 9.231770 2.563319
217.182663 144.767624     128.593750 -59.101562 41.714844     -0.923644 0.383251 -0.383251 -0.923644     35.815621 35.815621 1.575831
458.877045 130.797058     26.578125 -19.750000 27.867188     -0.999826 -0.018678 0.018678 -0.999826     122.687042 122.687042 4.068393
335.471802 284.896149     69.773438 -10.523438 13.929688     -0.933655 0.358173 -0.358173 -0.933655     15.390443 15.390443 3.103274
335.471802 284.896149     1336.453125 -70.390625 923.292969     -0.933655 0.358173 -0.358173 -0.933655     15.390443 15.390443 4.656459
352.157623 261.206909     115.679688 -42.894531 84.564941     -0.873337 0.487117 -0.487117 -0.873337     15.412412 15.412412 3.372588
426.054535 255.495453     96.625000 -30.656250 23.835938     -0.897130 0.441766 -0.441766 -0.897130     15.915523 15.915523 2.239231
426.054535 255.495453     24117.308594 -3380.031250 4853.921875     -0.897130 0.441766 -0.441766 -0.897130     15.915523 15.915523 3.947415
364.536926 106.865433     94.757812 -45.570312 37.656250     -0.981332 0.192323 -0.192323 -0.981332     22.323134 22.323134 0.792328
364.536926 106.865433     488.125000 -89.664062 53.716797     -0.981332 0.192323 -0.192323 -0.981332     22.323134 22.323134 1.609405
208.054611 117.661263     118.835938 -45.535156 92.030273     -0.912868 0.408256 -0.408256 -0.912868     13.255580 13.255580 1.569612
337.623413 239.274475     3285.246094 -1516.414062 987.359375     -0.894728 0.446612 -0.446612 -0.894728     15.199957 15.199957 3.160759
337.623413 239.274475     38.534180 -56.682617 110.457031     -0.894728 0.446612 -0.446612 -0.894728     15.199957 15.199957 5.727511
311.296173 72.608284     120.312500 7.281250 86.777344     -0.953641 0.300945 -0.300945 -0.953641     10.683528 10.683528 2.606031
220.794998 143.018829     14.812500 8.730469 24.908203     -0.924386 0.381458 -0.381458 -0.924386     37.165852 37.165852 1.577227
527.747986 206.796005     103.454102 -19.417969 39.828125     0.147919 -0.989000 0.989000 0.147919     15.180820 15.180820 1.220712
527.747986 206.796005     14.656250 -18.554688 79.419922     0.147919 -0.989000 0.989000 0.147919     15.180820 15.180820 5.217686
446.887024 210.745377     826.761719 -373.619141 169.951172     -0.369092 -0.929393 0.929393 -0.369092     40.341388 40.341388 4.606258
193.366562 181.212219     147.593750 -69.546875 47.832031     -0.831507 0.555515 -0.555515 -0.831507     30.971659 30.971659 4.693199
249.192612 305.111572     36.437500 -27.234375 35.066406     -0.999131 -0.041681 0.041681 -0.999131     46.978136 46.978136 5.697718
353.918304 80.240097     104.585938 -20.003906 41.367188     -0.721216 0.692710 -0.692710 -0.721216     29.569709 29.569709 1.739432
353.918304 80.240097     78.031250 -12.437500 14.609375     -0.721216 0.692710 -0.692710 -0.721216     29.569709 29.569709 3.710433
335.989807 285.055969     14.812500 -20.718750 85.759766     -0.947458 0.319880 -0.319880 -0.947458     15.844348 15.844348 2.936099
335.989807 285.055969     14.562500 -7.054688 45.441406     -0.947458 0.319880 -0.319880 -0.947458     15.844348 15.844348 4.666955
227.130569 127.584702     19.766113 -14.772461 30.238281     -0.895982 0.444089 -0.444089 -0.895982     68.806393 68.806393 1.605062
227.130569 127.584702     4632.054688 -2242.236328 1513.292969     -0.895982 0.444089 -0.444089 -0.895982     68.806393 68.806393 3.348524
366.098114 106.361168     40.937012 -60.155273 117.207031     -0.982601 0.185731 -0.185731 -0.982601     25.131357 25.131357 1.704080
366.098114 106.361168     40.414062 -10.875000 24.328125     -0.982601 0.185731 -0.185731 -0.982601     25.131357 25.131357 2.449789
199.770004 145.654999     82.578125 -19.968750 15.242188     -0.813952 0.580932 -0.580932 -0.813952     16.985978 16.985978 1.575333
199.770004 145.654999     40.406250 0.992188 7.109375     -0.813952 0.580932 -0.580932 -0.813952     16.985978 16.985978 4.912845
133.010239 350.500000     5077.445312 -2199.447266 954.885742     -0.980538 -0.196328 0.196328 -0.980538     24.041465 24.041465 4.281980
425.842743 255.411285     29.250000 -6.632812 21.441406     -0.868046 0.496484 -0.496484 -0.868046     17.432787 17.432787 3.997203
425.842743 255.411285     45.695312 -11.445312 9.953125     -0.868046 0.496484 -0.496484 -0.868046     17.432787 17.432787 5.917603
79.239212 219.478424     103.055664 -9.242188 57.232422     0.529799 -0.848123 0.848123 0.529799     14.855481 14.855481 1.973529
79.239212 219.478424     635.828125 -135.914062 70.849609     0.529799 -0.848123 0.848123 0.529799     14.855481 14.855481 6.204564
338.103241 238.850861     62.422363 -36.240234 90.054688     -0.892254 0.451534 -0.451534 -0.892254     15.461901 15.461901 3.181304
338.103241 238.850861     108.210938 -35.437500 26.398438     -0.892254 0.451534 -0.451534 -0.892254     15.461901 15.461901 5.718337
392.782410 203.231476     18.968750 12.033203 28.539551     0.695479 -0.718546 0.718546 0.695479     12.292615 12.292615 0.262995
297.428162 282.252197     15.062500 -8.109375 47.105469     -0.983806 0.179239 -0.179239 -0.983806     15.596529 15.596529 2.762614
356.893524 80.594856     13.968750 -4.515625 26.386719     -0.818827 0.574040 -0.574040 -0.818827     33.218924 33.218924 4.731368
335.932587 285.179779     15.468750 -22.453125 99.876953     -0.939368 0.342910 -0.342910 -0.939368     16.001976 16.001976 3.038911
335.932587 285.179779     30425.304688 -10451.164062 9587.949219     -0.939368 0.342910 -0.342910 -0.939368     16.001976 16.001976 4.680198
351.465790 261.551880     49.265625 -10.789062 10.312500     -0.874907 0.484290 -0.484290 -0.874907     15.866293 15.866293 3.364470
351.465790 261.551880     43.640625 -19.656250 16.664062     -0.874907 0.484290 -0.484290 -0.874907     15.866293 15.866293 5.170015
365.967163 106.203110     105.018555 -18.707031 71.787109     -0.980902 0.194503 -0.194503 -0.980902     26.976498 26.976498 1.649052
365.967163 106.203110     5647.695312 -2224.408203 1375.023438     -0.980902 0.194503 -0.194503 -0.980902     26.976498 26.976498 2.467752
357.295227 80.517204     46.210938 1.640625 7.468750     -0.800738 0.599015 -0.599015 -0.800738     34.261056 34.261056 4.748806
233.777924 122.765442     166.773438 -80.679688 55.027344     -0.895518 0.445025 -0.445025 -0.895518     68.804795 68.804795 1.590337
233.777924 122.765442     51.281250 -6.726562 82.550781     -0.895518 0.445025 -0.445025 -0.895518     68.804795 68.804795 3.379120
66.854446 216.927231     43.109375 5.312500 33.529297     0.481811 -0.876275 0.876275 0.481811     12.214655 12.214655 1.285506
538.173523 209.046021     88.984375 -16.273438 16.414062     -0.979094 -0.203408 0.203408 -0.979094     41.552487 41.552487 2.431062
332.794250 85.880386     26894.539062 -8196.160156 11117.304688     -0.499728 -0.866182 0.866182 -0.499728     14.069692 14.069692 1.706725
332.794250 85.880386     44.921875 -18.429688 17.015625     -0.499728 -0.866182 0.866182 -0.499728     14.069692 14.069692 4.785665
96.364960 175.817520     41.203125 5.394531 44.779053     -0.888012 0.459820 -0.459820 -0.888012     20.588204 20.588204 1.572509
96.364960 175.817520     101.382812 -24.015625 16.812500     -0.888012 0.459820 -0.459820 -0.888012     20.588204 20.588204 4.742387
550.361511 162.688461     21.960938 2.976562 21.222656     0.258930 -0.965896 0.965896 0.258930     14.220939 14.220939 3.129426
550.361511 162.688461     60.125000 16.500000 46.245605     0.258930 -0.965896 0.965896 0.258930     14.220939 14.220939 4.367892
94.590553 174.657486     20.476562 13.359375 31.399902     -0.962694 0.270592 -0.270592 -0.962694     26.381732 26.381732 1.479810
550.250000 163.080002     102.359375 21.562500 9.177979     0.257239 -0.966348 0.966348 0.257239     14.027482 14.027482 3.148878
550.250000 163.080002     31.078125 -7.000000 24.164062     0.257239 -0.966348 0.966348 0.257239     14.027482 14.027482 4.399815
138.203339 130.323334     41.039062 -9.593750 26.222656     -0.911098 0.412191 -0.412191 -0.911098     4.320329 4.320329 0.436138
138.203339 130.323334     20.261719 -3.396484 18.914062     -0.911098 0.412191 -0.412191 -0.911098     4.320329 4.320329 0.788200
338.395508 238.443863     56.250000 8.740234 8.570557     -0.889612 0.456717 -0.456717 -0.889612     15.671019 15.671019 1.592752
338.395508 238.443863     117.875000 24.451172 9.660645     -0.889612 0.456717 -0.456717 -0.889612     15.671019 15.671019 3.216128
392.838715 203.168457     128.359375 -42.359375 29.460938     -0.715948 0.698153 -0.698153 -0.715948     13.126548 13.126548 3.329752
94.325935 173.947098     49.507812 -17.789062 17.312500     -0.960470 0.278384 -0.278384 -0.960470     26.837973 26.837973 1.480288
297.490814 282.230957     54.492188 -10.164062 10.742188     -0.982587 0.185803 -0.185803 -0.982587     15.754823 15.754823 2.749973
550.234802 163.101456     164.695312 -74.382812 61.128906     0.261242 -0.965273 0.965273 0.261242     13.653013 13.653013 4.429226
536.954224 159.675568     97.437500 15.611328 24.457642     0.212663 -0.977126 0.977126 0.212663     16.241889 16.241889 5.202823
56.353775 212.358490     9.515625 0.656250 62.398438     0.577025 -0.816726 0.816726 0.577025     13.744698 13.744698 0.895582
245.942429 124.551704     50.078125 1.671875 8.101562     -0.886272 0.463165 -0.463165 -0.886272     83.159136 83.159136 1.620595
245.942429 124.551704     53.062500 -40.460938 48.273438     -0.886272 0.463165 -0.463165 -0.886272     83.159136 83.159136 3.477283
67.184654 216.218231     34.718750 -8.265625 27.093750     0.481965 -0.876190 0.876190 0.481965     12.606006 12.606006 1.236565
341.435883 218.384613     62.593750 9.927734 9.316406     -0.892924 0.450207 -0.450207 -0.892924     19.534877 19.534877 3.287506
281.994354 259.799988     213.625000 -103.789062 79.859375     -0.964390 0.264484 -0.264484 -0.964390     14.062603 14.062603 3.077482
281.994354 259.799988     120.109375 -27.367188 17.882812     -0.964390 0.264484 -0.264484 -0.964390     14.062603 14.062603 4.532043
285.154999 298.010010     58.203125 8.445312 77.156250     -0.999557 -0.029759 0.029759 -0.999557     11.973582 11.973582 2.734834
285.154999 298.010010     131.117188 -65.992188 51.359375     -0.999557 -0.029759 0.029759 -0.999557     11.973582 11.973582 4.271890
198.232574 104.277779     20.734375 -9.183594 24.693359     -0.917556 0.397607 -0.397607 -0.917556     6.025384 6.025384 1.601634
198.232574 104.277779     49.546875 -24.179688 41.996094     -0.917556 0.397607 -0.397607 -0.917556     6.025384 6.025384 4.702533
426.270264 255.199326     51.437500 -16.625000 18.195312     -0.868123 0.496349 -0.496349 -0.868123     18.904873 18.904873 3.952253
313.797028 304.851471     126.281250 -40.125000 25.351562     -0.959715 0.280977 -0.280977 -0.959715     11.562696 11.562696 3.178772
93.330780 171.538956     23.390625 -3.763672 20.718750     -0.981680 0.190538 -0.190538 -0.981680     33.505687 33.505687 1.397299
93.330780 171.538956     26804.867188 -8370.132812 11761.125000     -0.981680 0.190538 -0.190538 -0.981680     33.505687 33.505687 4.502976
363.064056 106.541069     515.812500 -310.671875 220.003906     -0.974968 0.222345 -0.222345 -0.974968     28.408482 28.408482 1.636409
363.064056 106.541069     59.359375 1.703125 83.312500     -0.974968 0.222345 -0.222345 -0.974968     28.408482 28.408482 2.525772
63.557575 214.766663     23.421875 14.968750 33.783691     0.567350 -0.823477 0.823477 0.567350     27.539846 27.539846 0.822400
335.934692 285.110199     130.406250 -31.117188 63.757812     -0.936969 0.349412 -0.349412 -0.936969     16.338891 16.338891 4.723786
332.305084 85.419495     47.742188 -4.328125 25.285156     -0.561456 -0.827506 0.827506 -0.561456     14.791468 14.791468 1.730586
332.305084 85.419495     65.921875 -24.234375 115.746094     -0.561456 -0.827506 0.827506 -0.561456     14.791468 14.791468 4.851772
536.948792 159.604095     148.984375 -50.398438 36.140625     0.232143 -0.972682 0.972682 0.232143     16.304099 16.304099 5.199349
189.676361 106.051628     104.414062 -19.296875 17.804688     -0.916257 0.400591 -0.400591 -0.916257     12.774251 12.774251 4.695538
563.285706 165.492615     38.453125 -8.992188 30.253906     0.309244 -0.950983 0.950983 0.309244     15.910120 15.910120 4.114927
550.414978 162.522507     246.445312 -13.062500 31.492188     0.242037 -0.970267 0.970267 0.242037     14.135829 14.135829 4.447526
351.015930 261.675293     37.953125 -15.210938 48.273438     -0.870603 0.491986 -0.491986 -0.870603     16.269133 16.269133 1.475830
351.015930 261.675293     1012.734375 -585.343750 457.054688     -0.870603 0.491986 -0.491986 -0.870603     16.269133 16.269133 3.403471
392.568695 203.495209     103.382812 4.546875 35.960938     -0.717139 0.696931 -0.696931 -0.717139     13.567774 13.567774 3.332963
314.422424 304.922424     9.992188 1.691406 66.382812     -0.968182 0.250247 -0.250247 -0.968182     12.343324 12.343324 3.130356
358.900482 288.644562     27.523438 -4.050781 16.132812     -0.884818 0.465937 -0.465937 -0.884818     11.306791 11.306791 4.698262
93.687164 170.275085     58.718750 -26.906250 123.953125     -0.912162 0.409830 -0.409830 -0.912162     35.825804 35.825804 1.602976
93.687164 170.275085     93.429688 40.835938 35.812500     -0.912162 0.409830 -0.409830 -0.912162     35.825804 35.825804 6.303884
262.035980 121.682693     64.546875 -50.101562 57.386719     -0.919969 0.391992 -0.391992 -0.919969     93.011723 93.011723 1.572726
262.035980 121.682693     24.101562 -10.062500 26.982422     -0.919969 0.391992 -0.391992 -0.919969     93.011723 93.011723 4.617157
285.013580 297.914032     216.187500 -66.796875 167.976562     -0.999108 -0.042234 0.042234 -0.999108     12.240826 12.240826 4.177430
339.080048 237.924652     42.000000 -9.242188 34.000000     -0.885814 0.464040 -0.464040 -0.885814     16.076205 16.076205 1.533410
339.080048 237.924652     161.312500 -35.140625 83.632812     -0.885814 0.464040 -0.464040 -0.885814     16.076205 16.076205 3.236996
554.770142 163.280060     29.546875 -4.804688 18.371094     0.201752 -0.979437 0.979437 0.201752     31.786587 31.786587 4.134128
377.945251 51.247837     111.304688 10.132812 76.484375     -0.913686 -0.406421 0.406421 -0.913686     25.122020 25.122020 3.783355
377.945251 51.247837     772.500000 -334.929688 1070.312500     -0.913686 -0.406421 0.406421 -0.913686     25.122020 25.122020 5.393859
297.614105 282.209412     134.835938 -61.867188 36.687500     -0.977864 0.209240 -0.209240 -0.977864     16.182446 16.182446 2.753300
297.614105 282.209412     498.414062 -8.968750 59.132812     -0.977864 0.209240 -0.209240 -0.977864     16.182446 16.182446 4.499779
359.225006 288.887512     45.265625 -9.921875 39.210938     -0.895438 0.445187 -0.445187 -0.895438     12.610352 12.610352 4.681905
378.029846 50.084576     102.890625 -48.015625 29.894531     -0.585402 -0.810743 0.810743 -0.585402     27.486115 27.486115 3.131496
378.029846 50.084576     96.546875 -7.386719 7.951172     -0.585402 -0.810743 0.810743 -0.585402     27.486115 27.486115 4.918363
281.778595 259.592041     86.687500 -22.945312 161.429688     -0.966836 0.255397 -0.255397 -0.966836     14.559850 14.559850 2.894627
281.778595 259.592041     24010.750000 -7285.089844 10924.765625     -0.966836 0.255397 -0.255397 -0.966836     14.559850 14.559850 4.534051
299.902130 237.046814     47.968750 -22.195312 52.011719     -0.749357 -0.662166 0.662166 -0.749357     19.403524 19.403524 0.481182
299.902130 237.046814     87.984375 -27.390625 50.171875     -0.749357 -0.662166 0.662166 -0.749357     19.403524 19.403524 2.073032
376.342377 49.070980     33.320312 -4.027344 19.539062     -0.832974 -0.553311 0.553311 -0.832974     26.730651 26.730651 5.201711
332.007690 84.857689     25.933594 -9.261719 29.527344     -0.557484 -0.830188 0.830188 -0.557484     15.263915 15.263915 1.734337
332.007690 84.857689     98.578125 -43.585938 26.359375     -0.557484 -0.830188 0.830188 -0.557484     15.263915 15.263915 4.848159
457.381897 46.299213     95.718750 -19.359375 155.695312     -0.976607 -0.215034 0.215034 -0.976607     9.471666 9.471666 1.833821
426.260620 255.275757     132.269531 -61.492188 45.984375     -0.849354 0.527823 -0.527823 -0.849354     20.030802 20.030802 4.049464
341.765717 218.671432     72.234375 -13.718750 40.070312     -0.897547 0.440919 -0.440919 -0.897547     20.870368 20.870368 3.250625
199.704041 145.506729     35.453125 -5.695312 10.847656     -0.772851 0.634588 -0.634588 -0.772851     18.070294 18.070294 1.602778
199.704041 145.506729     36.023438 -4.863281 24.230469     -0.772851 0.634588 -0.634588 -0.772851     18.070294 18.070294 5.010843
453.911499 55.274338     49.039062 -8.367188 17.023438     -0.984604 -0.174801 0.174801 -0.984604     11.921911 11.921911 1.151388
456.723419 46.141846     85.734375 -24.949219 47.515625     -0.977566 -0.210628 0.210628 -0.977566     9.431072 9.431072 1.812412
335.310089 285.155975     193.968750 -47.593750 577.554688     -0.937937 0.346806 -0.346806 -0.937937     16.715784 16.715784 4.724013
359.548492 289.085815     65.218750 -33.312500 32.750000     -0.914051 0.405600 -0.405600 -0.914051     13.810527 13.810527 4.672543
314.866425 305.034363     103.796875 -48.218750 30.359375     -0.976444 0.215772 -0.215772 -0.976444     13.116681 13.116681 2.920792
337.543243 220.571625     95.406250 -40.968750 25.894531     -0.886384 0.462952 -0.462952 -0.886384     21.240437 21.240437 3.212892
456.984772 43.365219     46.148438 -0.660156 27.898438     -0.979641 -0.200757 0.200757 -0.979641     20.748086 20.748086 2.216353
269.055542 237.333328     28.984375 -7.964844 31.453125     -0.012407 -0.999923 0.999923 -0.012407     13.875393 13.875393 0.647699
269.055542 237.333328     23166.703125 -6843.789062 10590.089844     -0.012407 -0.999923 0.999923 -0.012407     13.875393 13.875393 1.443760
284.719513 298.036591     40.953125 -6.480469 12.630859     -0.999210 -0.039734 0.039734 -0.999210     12.755797 12.755797 1.198112
284.719513 298.036591     30.757812 -11.375000 17.968750     -0.999210 -0.039734 0.039734 -0.999210     12.755797 12.755797 4.067950
392.212524 203.561310     68.906250 -18.117188 31.082031     -0.727694 0.685902 -0.685902 -0.727694     14.326856 14.326856 1.673254
392.212524 203.561310     91.375000 -24.988281 45.158203     -0.727694 0.685902 -0.685902 -0.727694     14.326856 14.326856 3.302555
426.013611 255.743866     69.570312 5.230469 42.054688     -0.842271 0.539055 -0.539055 -0.842271     21.012513 21.012513 4.072848
453.865601 55.217392     73.781250 -18.460938 38.550781     -0.984135 -0.177424 0.177424 -0.984135     12.345587 12.345587 1.143725
340.746307 218.669312     45.726562 -7.269531 14.404297     -0.877975 0.478706 -0.478706 -0.877975     21.707358 21.707358 3.272649
281.184845 259.706024     36.906250 7.238281 15.314453     -0.969945 0.243324 -0.243324 -0.969945     14.936602 14.936602 4.531459
407.089844 220.886719     55.031250 -23.640625 19.792969     -0.355978 -0.934494 0.934494 -0.355978     33.368659 33.368659 1.028528
407.089844 220.886719     95.132812 1.417969 61.777344     -0.355978 -0.934494 0.934494 -0.355978     33.368659 33.368659 4.322350
350.077057 262.182800     92.781250 -15.539062 40.703125     -0.870976 0.491326 -0.491326 -0.870976     16.916969 16.916969 1.442628
350.077057 262.182800     36.476562 -9.746094 34.890625     -0.870976 0.491326 -0.491326 -0.870976     16.916969 16.916969 3.406739
256.139435 167.693222     81.312500 -38.429688 31.050781     0.628209 -0.778045 0.778045 0.628209     16.423064 16.423064 0.250706
256.139435 167.693222     52.187500 -10.667969 22.917969     0.628209 -0.778045 0.778045 0.628209     16.423064 16.423064 1.740675
376.949646 195.673859     43.125000 12.167969 24.546875     -0.759694 0.650281 -0.650281 -0.759694     20.767794 20.767794 3.133717
359.541809 289.381256     43.017578 -15.449219 57.687500     -0.923857 0.382738 -0.382738 -0.923857     15.132228 15.132228 4.623974
317.697449 261.835907     67.179688 -28.402344 17.570312     -0.944122 0.329596 -0.329596 -0.944122     15.156256 15.156256 0.384369
317.697449 261.835907     117.984375 -6.277344 54.167969     -0.944122 0.329596 -0.329596 -0.944122     15.156256 15.156256 3.122408
199.566269 145.329315     47.828125 10.367188 32.896484     -0.816856 0.576841 -0.576841 -0.816856     19.124178 19.124178 4.912048
355.015533 209.454102     22508.242188 -6517.742188 10327.125000     -0.845533 0.533923 -0.533923 -0.845533     21.965259 21.965259 1.608060
355.015533 209.454102     84.671875 -9.941406 52.626953     -0.845533 0.533923 -0.533923 -0.845533     21.965259 21.965259 3.848333
406.734192 222.360764     85.390625 6.648438 34.082031     -0.070570 -0.997507 0.997507 -0.070570     34.635061 34.635061 0.816319
406.734192 222.360764     93.945312 -23.250000 43.566406     -0.070570 -0.997507 0.997507 -0.070570     34.635061 34.635061 3.958208
331.948273 84.903450     38.179688 -71.367188 148.273438     -0.580053 -0.814579 0.814579 -0.580053     16.076273 16.076273 1.741286
331.948273 84.903450     189.429688 22.101562 17.337891     -0.580053 -0.814579 0.814579 -0.580053     16.076273 16.076273 4.862150
352.419678 264.602478     105.906250 5.875000 19.062500     -0.930294 0.366814 -0.366814 -0.930294     32.289925 32.289925 3.028426
352.419678 264.602478     84.515625 -29.046875 34.820312     -0.930294 0.366814 -0.366814 -0.930294     32.289925 32.289925 4.805149
303.647369 235.723679     87.578125 -39.500000 41.953125     -0.983128 0.182918 -0.182918 -0.983128     22.264714 22.264714 1.272895
303.647369 235.723679     124.937500 37.546875 32.125000     -0.983128 0.182918 -0.182918 -0.983128     22.264714 22.264714 2.704709
408.136810 220.121887     87.476562 -17.328125 25.250000     0.376305 -0.926496 0.926496 0.376305     33.698621 33.698621 5.332946
278.116211 261.797546     23.351562 -21.062500 59.859375     -0.934290 0.356515 -0.356515 -0.934290     18.504328 18.504328 4.590253
297.233063 282.296600     94.183594 -29.789062 128.796875     -0.978115 0.208066 -0.208066 -0.978115     16.655974 16.655974 2.667425
297.233063 282.296600     21745.625000 -6096.523438 10186.671875     -0.978115 0.208066 -0.208066 -0.978115     16.655974 16.655974 4.509754
425.828430 255.698532     54.531250 -13.375000 21.234375     -0.841080 0.540911 -0.540911 -0.841080     22.260628 22.260628 4.033302
343.719696 286.734161     109.625000 -41.484375 53.703125     -0.998172 0.060436 -0.060436 -0.998172     24.933940 24.933940 2.377826
343.719696 286.734161     41.273438 -4.054688 33.703125     -0.998172 0.060436 -0.060436 -0.998172     24.933940 24.933940 4.608394
314.912140 259.123016     120.125000 21.484375 47.671875     -0.987660 0.156611 -0.156611 -0.987660     27.993839 27.993839 2.594027
407.776306 221.377197     205.363281 -105.242188 82.906250     0.352448 -0.935831 0.935831 0.352448     32.380882 32.380882 5.310401
371.789307 225.501480     68.953125 3.734375 32.000000     0.582556 -0.812791 0.812791 0.582556     23.404719 23.404719 0.457722
371.789307 225.501480     49.875000 -20.828125 45.750000     0.582556 -0.812791 0.812791 0.582556     23.404719 23.404719 3.587669
343.332764 219.383728     44.031250 -15.828125 55.984375     -0.845224 0.534412 -0.534412 -0.845224     41.962973 41.962973 1.576400
343.332764 219.383728     123.656250 36.031250 31.328125     -0.845224 0.534412 -0.534412 -0.845224     41.962973 41.962973 3.773913
294.969299 279.843292     152.171875 -72.000000 102.734375     -0.997754 -0.066984 0.066984 -0.997754     26.870571 26.870571 2.353809
294.969299 279.843292     97.757812 0.375000 48.375000     -0.997754 -0.066984 0.066984 -0.997754     26.870571 26.870571 5.681158
269.061768 237.741318     63.593750 -49.250000 93.562500     -0.029954 -0.999551 0.999551 -0.029954     14.188565 14.188565 0.736061
269.061768 237.741318     127.187500 -47.703125 119.734375     -0.029954 -0.999551 0.999551 -0.029954     14.188565 14.188565 1.471996
277.865601 204.928848     52.656250 32.359375 53.796875     -0.952602 0.304218 -0.304218 -0.952602     17.334743 17.334743 0.277864
277.865601 204.928848     113.671875 -23.468750 114.421875     -0.952602 0.304218 -0.304218 -0.952602     17.334743 17.334743 2.519886
407.626221 222.050888     96.718750 -47.078125 86.937500     0.338077 -0.941118 0.941118 0.338077     31.517106 31.517106 3.937872
407.626221 222.050888     114.281250 -6.000000 25.875000     0.338077 -0.941118 0.941118 0.338077     31.517106 31.517106 5.333107
278.962006 293.983368     67.734375 -31.921875 107.640625     -0.887823 -0.460185 0.460185 -0.887823     17.221548 17.221548 2.145533
391.944855 203.669067     104.703125 -25.750000 15.265625     -0.731872 0.681442 -0.681442 -0.731872     14.745648 14.745648 1.645747
391.944855 203.669067     74.437500 -47.906250 67.296875     -0.731872 0.681442 -0.681442 -0.731872     14.745648 14.745648 4.889514
256.070190 167.701752     93.734375 29.875000 106.484375     0.655094 -0.755547 0.755547 0.655094     17.646036 17.646036 1.762697
256.070190 167.701752     187.906250 -63.187500 98.109375     0.655094 -0.755547 0.755547 0.655094     17.646036 17.646036 3.845807
347.637787 277.002411     19.937500 -22.562500 60.562500     -0.818367 0.574696 -0.574696 -0.818367     49.514046 49.514046 3.482328
347.637787 277.002411     219.875000 -240.562500 390.750000     -0.818367 0.574696 -0.574696 -0.818367     49.514046 49.514046 4.894930
425.621155 255.775330     56.187500 -15.421875 16.593750     -0.835821 0.549002 -0.549002 -0.835821     23.781701 23.781701 4.067471
288.450104 285.564972     60.875000 -47.250000 56.382812     -0.933150 0.359487 -0.359487 -0.933150     37.675297 37.675297 0.481094
288.450104 285.564972     142.148438 -86.218750 107.234375     -0.933150 0.359487 -0.359487 -0.933150     37.675297 37.675297 0.862793
278.035706 204.842850     90.007812 2.742188 28.625000     -0.937615 0.347674 -0.347674 -0.937615     18.328585 18.328585 0.312738
278.035706 204.842850     41.500000 -9.781250 21.531250     -0.937615 0.347674 -0.347674 -0.937615     18.328585 18.328585 2.639309
316.602081 262.742889     133.093750 40.343750 33.187500     -0.965473 -0.260502 0.260502 -0.965473     38.645115 38.645115 2.316696
344.088928 240.327072     87.843750 37.031250 37.187500     0.544863 -0.838525 0.838525 0.544863     106.000275 106.000275 0.733421
189.817917 389.065674     72.687500 -16.312500 51.031250     -0.900403 0.435057 -0.435057 -0.900403     11.729784 11.729784 1.582669
299.913208 262.366577     129.687500 64.468750 49.968750     -0.999792 0.020404 -0.020404 -0.999792     34.550441 34.550441 2.352655
299.913208 262.366577     200.125000 37.140625 37.976562     -0.999792 0.020404 -0.020404 -0.999792     34.550441 34.550441 4.403106
191.106491 389.405182     26.750000 -6.890625 34.421875     -0.920552 0.390621 -0.390621 -0.920552     15.274370 15.274370 2.800767
183.938507 375.024078     57.921875 -20.125000 101.062500     -0.886119 0.463459 -0.463459 -0.886119     12.888932 12.888932 1.588898
425.662750 255.768631     86.093750 -10.406250 24.406250     -0.803690 0.595048 -0.595048 -0.803690     25.402025 25.402025 4.122844
498.996277 221.533585     71.250000 -22.531250 33.890625     -0.895865 0.444326 -0.444326 -0.895865     11.095941 11.095941 1.537982
339.985870 175.070679     187.906250 -31.921875 25.687500     -0.996589 0.082522 -0.082522 -0.996589     12.191199 12.191199 2.211989
410.477814 219.132004     67.859375 -56.015625 127.312500     0.271855 -0.962338 0.962338 0.271855     40.300908 40.300908 3.954275
410.477814 219.132004     106.843750 40.812500 69.710938     0.271855 -0.962338 0.962338 0.271855     40.300908 40.300908 5.375403
371.768616 225.837769     136.468750 91.328125 232.937500     0.674277 -0.738479 0.738479 0.674277     23.685162 23.685162 1.749199
371.768616 225.837769     280.187500 -89.890625 98.937500     0.674277 -0.738479 0.738479 0.674277     23.685162 23.685162 3.451570
337.423401 180.068085     78.187500 35.343750 53.937500     -0.885455 0.464725 -0.464725 -0.885455     26.923432 26.923432 3.700379
278.041931 205.025803     70.984375 9.484375 21.343750     -0.965234 0.261388 -0.261388 -0.965234     19.328245 19.328245 2.578802
278.041931 205.025803     28.186035 12.144531 41.421875     -0.965234 0.261388 -0.261388 -0.965234     19.328245 19.328245 5.231528
255.940445 167.658310     173.312500 -50.750000 36.859375     0.636216 -0.771511 0.771511 0.636216     19.248249 19.248249 3.964362
255.940445 167.658310     204.375000 -87.875000 59.593750     0.636216 -0.771511 0.771511 0.636216     19.248249 19.248249 6.393969
507.305542 232.908737     170.062500 7.343750 28.078125     -0.904978 0.425459 -0.425459 -0.904978     10.900977 10.900977 1.529059
409.500519 219.143295     402.343750 -178.250000 215.406250     0.282717 -0.959203 0.959203 0.282717     42.693770 42.693770 5.399575
184.789810 375.509552     57.491516 32.258789 53.015625     -0.887225 0.461336 -0.461336 -0.887225     16.843412 16.843412 1.611059
184.789810 375.509552     96.093750 -70.281250 87.960938     -0.887225 0.461336 -0.461336 -0.887225     16.843412 16.843412 3.187464
424.522888 256.016327     51.062500 -11.890625 17.109375     -0.938295 0.345837 -0.345837 -0.938295     26.627627 26.627627 3.920199
309.364807 156.008591     40.406250 -7.265625 43.906250     -0.976596 0.215084 -0.215084 -0.976596     13.937896 13.937896 0.602183
309.364807 156.008591     55.031250 -12.734375 20.593750     -0.976596 0.215084 -0.215084 -0.976596     13.937896 13.937896 4.093303
277.703918 205.572632     54.968750 20.687500 74.562500     -0.941132 0.338040 -0.338040 -0.941132     21.337619 21.337619 0.200509
277.703918 205.572632     65.283203 -2.569336 72.531250     -0.941132 0.338040 -0.338040 -0.941132     21.337619 21.337619 3.097517
320.741180 206.464706     32.742485 -16.276855 80.738281     -0.971143 0.238498 -0.238498 -0.971143     17.410165 17.410165 2.654334
320.741180 206.464706     59.343750 -25.875000 40.921875     -0.971143 0.238498 -0.238498 -0.971143     17.410165 17.410165 3.473508
337.360229 180.266418     84.562500 3.015625 12.765625     -0.896678 0.442683 -0.442683 -0.896678     26.697704 26.697704 3.744830
411.012726 242.586334     35.123047 0.950195 38.554199     0.121320 -0.992614 0.992614 0.121320     61.725785 61.725785 1.152644
411.012726 242.586334     99.236328 5.501953 27.071289     0.121320 -0.992614 0.992614 0.121320     61.725785 61.725785 4.284951
386.638641 251.029419     75.635742 -28.103516 87.856445     -0.847963 0.530055 -0.530055 -0.847963     15.540719 15.540719 1.218475
386.638641 251.029419     65.494675 -5.426514 24.101562     -0.847963 0.530055 -0.530055 -0.847963     15.540719 15.540719 4.758602
499.049194 221.498367     139.941406 -45.147461 34.446289     -0.896058 0.443936 -0.443936 -0.896058     11.446509 11.446509 1.551552
507.604156 233.031250     129.863281 -48.472656 38.004883     -0.907446 0.420168 -0.420168 -0.907446     11.842002 11.842002 1.516595
507.604156 233.031250     73.312500 6.558594 42.307617     -0.907446 0.420168 -0.420168 -0.907446     11.842002 11.842002 3.131922
278.474426 206.041855     124.746094 -92.818359 94.652222     -0.999348 0.036102 -0.036102 -0.999348     23.758376 23.758376 2.401748
278.474426 206.041855     91.937500 -6.410156 106.270020     -0.999348 0.036102 -0.036102 -0.999348     23.758376 23.758376 5.098992
255.986069 167.668518     95.975586 -27.597656 56.377441     0.650711 -0.759325 0.759325 0.650711     21.182922 21.182922 3.904409
255.986069 167.668518     112.439087 -50.038330 45.090820     0.650711 -0.759325 0.759325 0.650711     21.182922 21.182922 6.368560
309.907074 155.892197     73.154449 -25.395111 104.918137     -0.977064 0.212945 -0.212945 -0.977064     15.072302 15.072302 0.685732
309.907074 155.892197     207.834747 -69.224823 165.475311     -0.977064 0.212945 -0.212945 -0.977064     15.072302 15.072302 3.029910
285.311920 342.866974     70.593750 -5.038086 90.135483     -0.863144 0.504959 -0.504959 -0.863144     15.136410 15.136410 1.586610
320.075104 207.059296     150.125000 2.026367 163.900970     -0.927933 0.372746 -0.372746 -0.927933     21.955408 21.955408 3.056699
320.075104 207.059296     834.881592 -180.023560 329.130432     -0.927933 0.372746 -0.372746 -0.927933     21.955408 21.955408 3.527569
337.491669 180.458328     87.343750 -25.958984 25.604816     -0.916229 0.400655 -0.400655 -0.916229     26.328325 26.328325 3.675528
278.577911 206.301941     646.156250 81.829102 143.060181     -0.983546 -0.180656 0.180656 -0.983546     28.847059 28.847059 2.205435
278.577911 206.301941     1981.921387 -444.882202 779.432251     -0.983546 -0.180656 0.180656 -0.983546     28.847059 28.847059 4.913119
319.758270 207.122513     39.500000 -6.242188 29.721649     -0.919332 0.393484 -0.393484 -0.919332     24.912815 24.912815 3.268707
310.062714 155.848190     40.554688 -9.767578 35.910645     -0.976485 0.215584 -0.215584 -0.976485     16.099287 16.099287 0.619034
310.062714 155.848190     53.460938 1.267334 20.117561     -0.976485 0.215584 -0.215584 -0.976485     16.099287 16.099287 4.113181
372.177551 148.289856     91.687500 -6.048828 19.765137     -0.956711 -0.291040 0.291040 -0.956711     16.295034 16.295034 1.446660
372.177551 148.289856     3272.774902 -557.568115 772.902344     -0.956711 -0.291040 0.291040 -0.956711     16.295034 16.295034 4.888732
460.221710 234.583710     1700.718750 251.191406 392.997009     -0.893751 0.448564 -0.448564 -0.893751     12.670509 12.670509 1.429195
460.221710 234.583710     59.710938 -2.927856 17.332218     -0.893751 0.448564 -0.448564 -0.893751     12.670509 12.670509 4.622415
277.493256 206.996628     91.656250 -14.173828 14.687134     -0.999101 -0.042396 0.042396 -0.999101     35.352125 35.352125 2.338488
319.103485 206.752441     220.718750 31.783691 18.221119     -0.964033 0.265784 -0.265784 -0.964033     27.156673 27.156673 3.079487
256.115021 167.361496     70.113281 -37.238770 104.401428     -0.735219 0.677829 -0.677829 -0.735219     22.903760 22.903760 0.624245
256.115021 167.361496     198.015625 40.633301 125.388306     -0.735219 0.677829 -0.677829 -0.735219     22.903760 22.903760 2.967430
469.819244 245.209915     3673.747070 -688.312744 948.227661     -0.879576 0.475759 -0.475759 -0.879576     14.417085 14.417085 1.593101
469.819244 245.209915     177.639771 -8.594238 29.458008     -0.879576 0.475759 -0.475759 -0.879576     14.417085 14.417085 3.223382
310.829468 155.666672     478.539062 -67.834717 73.870033     -0.950813 0.309764 -0.309764 -0.950813     19.842124 19.842124 0.613430
372.812683 149.327820     30.781250 0.871094 67.731323     -0.896325 -0.443398 0.443398 -0.896325     19.369648 19.369648 1.365691
372.812683 149.327820     1771.250000 608.613281 1283.734863     -0.896325 -0.443398 0.443398 -0.896325     19.369648 19.369648 2.346268
146.176468 396.740479     100.156250 -66.380859 73.025879     0.534372 -0.845250 0.845250 0.534372     25.948458 25.948458 2.075468
146.176468 396.740479     107.312500 36.125000 63.238281     0.534372 -0.845250 0.845250 0.534372     25.948458 25.948458 3.894639
128.857849 158.990189     99.069855 -52.505615 48.181641     -0.910438 0.413647 -0.413647 -0.910438     9.720458 9.720458 1.570738
128.857849 158.990189     9635.688477 -1915.943359 1735.672363     -0.910438 0.413647 -0.413647 -0.910438     9.720458 9.720458 4.722411
318.112396 205.448441     26.531250 -8.125000 54.437500     -0.995287 0.096973 -0.096973 -0.995287     32.931993 32.931993 2.694082
372.465057 150.395203     181.843750 -49.125000 51.585938     -0.890050 -0.455862 0.455862 -0.890050     23.635353 23.635353 0.703447
372.465057 150.395203     89.729248 -25.734375 94.546875     -0.890050 -0.455862 0.455862 -0.890050     23.635353 23.635353 1.533045
175.617020 344.680847     44.406250 -20.500000 50.812500     0.439171 -0.898404 0.898404 0.439171     6.855839 6.855839 4.676944
305.656250 180.590912     68.656250 22.906250 47.265625     -0.907043 0.421037 -0.421037 -0.907043     21.721200 21.721200 1.183133
305.656250 180.590912     72.750000 -10.062500 26.921875     -0.907043 0.421037 -0.421037 -0.907043     21.721200 21.721200 3.155838
258.130829 169.693314     123.250000 10.279297 35.104706     -0.961698 0.274112 -0.274112 -0.961698     31.753984 31.753984 5.400688
370.181824 150.573425     1749.062500 778.664062 1846.911865     -0.991973 -0.126449 0.126449 -0.991973     25.942233 25.942233 1.027925
370.181824 150.573425     50.468750 -5.234375 51.488281     -0.991973 -0.126449 0.126449 -0.991973     25.942233 25.942233 1.661992
337.393677 180.672699     105.281250 -32.453125 42.539062     -0.931351 0.364122 -0.364122 -0.931351     26.422531 26.422531 3.652622
175.487808 344.937286     45.588135 3.642578 25.406250     0.441164 -0.897427 0.897427 0.441164     7.918553 7.918553 4.678903
350.190094 164.464874     52.000000 4.296875 50.656250     -0.992109 -0.125380 0.125380 -0.992109     17.161908 17.161908 2.157255
350.190094 164.464874     136.333374 -33.188477 101.546875     -0.992109 -0.125380 0.125380 -0.992109     17.161908 17.161908 4.897153
394.535858 392.329102     140.000000 -37.625000 233.937500     -0.997740 -0.067191 0.067191 -0.997740     19.442321 19.442321 2.672200
394.535858 392.329102     323.500000 15.000000 62.046875     -0.997740 -0.067191 0.067191 -0.997740     19.442321 19.442321 3.441118
376.124390 358.047852     76.250000 -18.218750 38.796875     -0.908307 0.418305 -0.418305 -0.908307     20.838099 20.838099 6.212618
342.097870 374.987244     204.709900 46.332031 21.734375     -0.866059 0.499941 -0.499941 -0.866059     19.693026 19.693026 6.428729
308.826935 409.480774     66.055176 -7.314453 41.000000     0.415376 -0.909650 0.909650 0.415376     16.676569 16.676569 1.704085
308.826935 409.480774     334.125000 -11.984375 122.406250     0.415376 -0.909650 0.909650 0.415376     16.676569 16.676569 3.871815
384.389130 377.728516     160.656250 -53.062500 197.000000     -0.943287 0.331977 -0.331977 -0.943287     18.294161 18.294161 3.307853
384.389130 377.728516     59.468750 -24.937500 44.765625     -0.943287 0.331977 -0.331977 -0.943287     18.294161 18.294161 5.964244
448.843567 395.392639     83.781250 -20.875000 47.453125     -0.882867 0.469622 -0.469622 -0.882867     25.310808 25.310808 0.528302
448.843567 395.392639     56.343750 -9.640625 148.546875     -0.882867 0.469622 -0.469622 -0.882867     25.310808 25.310808 1.965143
271.407928 412.389893     1758.218750 901.785156 2126.290771     -0.917168 0.398501 -0.398501 -0.917168     25.432525 25.432525 6.196206
422.853027 413.242798     130.437500 -22.156250 24.031250     -0.964395 -0.264465 0.264465 -0.964395     29.086938 29.086938 1.579143
422.853027 413.242798     42.515625 26.996094 279.578125     -0.964395 -0.264465 0.264465 -0.964395     29.086938 29.086938 2.156451
245.466522 456.969757     212.282837 -69.043945 36.515625     -0.866854 0.498561 -0.498561 -0.866854     21.287154 21.287154 4.197631
495.810730 414.536285     87.375000 -46.437500 91.265625     -0.995033 -0.099549 0.099549 -0.995033     25.306806 25.306806 1.449309
495.810730 414.536285     93.650879 19.869141 56.156250     -0.995033 -0.099549 0.099549 -0.995033     25.306806 25.306806 1.983550
459.593231 417.305084     9906.728516 -3287.226562 4130.130371     -0.741128 0.671363 -0.671363 -0.741128     23.331754 23.331754 1.021530
459.593231 417.305084     116.812500 -17.515625 47.445312     -0.741128 0.671363 -0.671363 -0.741128     23.331754 23.331754 3.091216
524.810303 369.691711     938.806396 535.771484 2155.015625     0.568662 -0.822572 0.822572 0.568662     25.885337 25.885337 0.751524
524.810303 369.691711     101.312500 -21.484375 32.328125     0.568662 -0.822572 0.822572 0.568662     25.885337 25.885337 1.299454
325.688080 443.164581     236.468750 96.140625 72.593750     -0.813853 0.581071 -0.581071 -0.813853     32.239640 32.239640 3.959267
325.688080 443.164581     129.984375 3.393555 51.066467     -0.813853 0.581071 -0.581071 -0.813853     32.239640 32.239640 4.210462
238.789841 440.889160     48.218750 -18.785156 92.706299     -0.999971 -0.007593 0.007593 -0.999971     31.297541 31.297541 5.620819
357.533142 455.475494     156.078125 -42.937500 525.593750     0.595367 -0.803454 0.803454 0.595367     23.425541 23.425541 1.193386
395.794037 397.674622     84.781250 93.050781 280.167969     -0.734126 0.679013 -0.679013 -0.734126     39.129945 39.129945 0.476112
395.794037 397.674622     50.140625 -7.359375 63.328125     -0.734126 0.679013 -0.679013 -0.734126     39.129945 39.129945 1.650049
447.986023 388.777924     123.140625 50.453125 95.437500     0.701435 -0.712733 0.712733 0.701435     42.826935 42.826935 2.949203
447.986023 388.777924     37.015625 -6.964844 38.906250     0.701435 -0.712733 0.712733 0.701435     42.826935 42.826935 6.151414
491.778442 419.157684     1145.718750 -341.078125 5330.312500     -0.742741 0.669579 -0.669579 -0.742741     30.017616 30.017616 0.870571
491.778442 419.157684     88.257812 -0.484375 29.343750     -0.742741 0.669579 -0.669579 -0.742741     30.017616 30.017616 2.166780
391.600006 434.991852     77.606934 -41.417969 98.464844     -0.997726 0.067405 -0.067405 -0.997726     22.710358 22.710358 1.197115
391.600006 434.991852     46.109375 18.703125 273.876953     -0.997726 0.067405 -0.067405 -0.997726     22.710358 22.710358 1.832624
362.641724 415.331055     134.265625 -45.515625 43.125000     0.484749 -0.874653 0.874653 0.484749     31.833379 31.833379 0.199954
362.641724 415.331055     125.296875 -57.265625 71.843750     0.484749 -0.874653 0.874653 0.484749     31.833379 31.833379 4.302409
477.117340 345.154663     96.859375 45.171875 122.031250     -0.732912 0.680323 -0.680323 -0.732912     21.500433 21.500433 0.777076
477.117340 345.154663     19.125000 -22.765625 117.015625     -0.732912 0.680323 -0.680323 -0.732912     21.500433 21.500433 3.818445
425.671936 418.308777     36.359375 -17.078125 48.328125     -0.629011 -0.777397 0.777397 -0.629011     37.531664 37.531664 1.673208
425.671936 418.308777     73.703125 -76.968750 246.718750     -0.629011 -0.777397 0.777397 -0.629011     37.531664 37.531664 5.042758
327.777466 442.922241     9239.956055 -7117.694336 22161.351562     -0.888601 0.458680 -0.458680 -0.888601     36.417515 36.417515 3.944463
498.587158 371.922028     199.859375 -123.679688 292.442261     0.406769 -0.913531 0.913531 0.406769     14.152539 14.152539 1.429873
498.587158 371.922028     28.824219 -26.984375 86.375000     0.406769 -0.913531 0.913531 0.406769     14.152539 14.152539 4.284061
453.637299 426.992920     79.398438 76.781250 291.449219     0.576768 -0.816908 0.816908 0.576768     31.828896 31.828896 1.357212
558.960205 326.427856     101.390625 -46.640625 59.960938     -0.945749 0.324898 -0.324898 -0.945749     15.124148 15.124148 0.564149
558.960205 326.427856     98.157715 -27.751953 91.421875     -0.945749 0.324898 -0.324898 -0.945749     15.124148 15.124148 3.546950
498.053284 342.295074     75.890625 41.609375 71.296875     -0.723700 0.690115 -0.690115 -0.723700     15.144055 15.144055 1.166712
498.053284 342.295074     34.771484 -26.437500 48.953125     -0.723700 0.690115 -0.690115 -0.723700     15.144055 15.144055 4.067390
535.661743 399.220581     99.832031 10.218750 73.937500     -0.884462 -0.466612 0.466612 -0.884462     18.905935 18.905935 1.890390
535.661743 399.220581     255.812500 -134.643555 284.600098     -0.884462 -0.466612 0.466612 -0.884462     18.905935 18.905935 5.040387
526.654114 369.757874     396.312500 -192.312500 241.859375     -0.881204 0.472736 -0.472736 -0.881204     29.260436 29.260436 0.224038
526.654114 369.757874     525.679688 -1.515625 35.187500     -0.881204 0.472736 -0.472736 -0.881204     29.260436 29.260436 1.328905
549.362061 392.475861     108.399170 -22.447266 90.531250     -0.873464 -0.486889 0.486889 -0.873464     16.856940 16.856940 3.702874
549.362061 392.475861     50.328125 -3.531250 212.703125     -0.873464 -0.486889 0.486889 -0.873464     16.856940 16.856940 4.887143
515.172119 318.543701     53.140625 1.984375 25.437500     -0.977022 -0.213140 0.213140 -0.977022     24.595801 24.595801 5.186736
398.424988 452.570007     4174.125000 -3686.406250 26117.468750     0.506755 -0.862090 0.862090 0.506755     21.439819 21.439819 0.552307
398.424988 452.570007     144.734375 110.929688 348.894531     0.506755 -0.862090 0.862090 0.506755     21.439819 21.439819 1.285470
614.492493 407.642853     149.515625 -7.812500 16.007812     -0.986794 0.161980 -0.161980 -0.986794     21.439130 21.439130 1.626770
589.782288 441.794342     97.328125 4.906250 53.621094     -0.905052 0.425300 -0.425300 -0.905052     21.722833 21.722833 0.147993
589.782288 441.794342     23.109375 -8.474609 34.593018     -0.905052 0.425300 -0.425300 -0.905052     21.722833 21.722833 1.779739
562.014038 326.077118     9093.116211 -6808.731445 24447.640625     -0.982478 0.186377 -0.186377 -0.982478     19.938543 19.938543 3.458560
562.014038 326.077118     261.593750 -138.995117 329.313843     -0.982478 0.186377 -0.186377 -0.982478     19.938543 19.938543 4.571809
504.359436 362.865448     137.718750 33.757812 80.957031     0.515381 -0.856961 0.856961 0.515381     26.305293 26.305293 1.026496
504.359436 362.865448     11120.593750 -8011.125000 24949.304688     0.515381 -0.856961 0.856961 0.515381     26.305293 26.305293 3.273208
536.752258 344.982147     700.585938 -54.175781 330.017578     -0.840858 -0.541255 0.541255 -0.840858     29.659123 29.659123 2.513340
536.752258 344.982147     104.128906 15.816406 12.914062     -0.840858 -0.541255 0.541255 -0.840858     29.659123 29.659123 4.826604
532.469299 296.779327     102.796875 0.789062 54.714844     -0.997799 -0.066304 0.066304 -0.997799     23.775014 23.775014 5.099153
596.356506 304.587952     47.339844 -22.796875 129.726562     -0.886397 0.462925 -0.462925 -0.886397     17.868719 17.868719 0.262287
596.356506 304.587952     531.500000 -341.718750 407.882812     -0.886397 0.462925 -0.462925 -0.886397     17.868719 17.868719 1.273960
500.695190 415.525116     189.968750 -16.375000 16.976562     -0.924656 0.380803 -0.380803 -0.924656     35.409488 35.409488 0.831322
500.695190 415.525116     135.218750 20.304688 94.460938     -0.924656 0.380803 -0.380803 -0.924656     35.409488 35.409488 1.521923
613.763977 407.985413     97.429688 13.996094 13.265625     -0.949306 0.314353 -0.314353 -0.949306     20.151774 20.151774 1.658313
618.744812 269.170105     27.164062 8.140625 53.734375     -0.904386 0.426716 -0.426716 -0.904386     19.161631 19.161631 1.737317
585.929810 441.612762     2159.187500 -104.191406 580.945312     -0.998672 -0.051516 0.051516 -0.998672     23.683556 23.683556 1.552602
585.929810 441.612762     82.265625 -25.687500 54.003906     -0.998672 -0.051516 0.051516 -0.998672     23.683556 23.683556 4.959661
25.196970 417.397736     133.437500 21.273438 97.250000     -0.731166 -0.682199 0.682199 -0.731166     21.542382 21.542382 1.887831
25.196970 417.397736     668.968750 -280.703125 592.796875     -0.731166 -0.682199 0.682199 -0.731166     21.542382 21.542382 2.334703
581.226440 380.712250     108.297119 -21.262695 93.078125     -0.953696 0.300772 -0.300772 -0.953696     16.447712 16.447712 0.473788
601.724121 331.597687     454.767578 -208.232422 97.673828     0.618804 -0.785546 0.785546 0.618804     26.501464 26.501464 0.637552
601.724121 331.597687     2267.164062 -246.992188 666.853516     0.618804 -0.785546 0.785546 0.618804     26.501464 26.501464 3.980452
583.878601 377.086700     117.294922 -62.667969 176.796875     -0.817118 0.576471 -0.576471 -0.817118     21.424562 21.424562 0.588196
583.878601 377.086700     2260.968750 -238.988281 617.064453     -0.817118 0.576471 -0.576471 -0.817118     21.424562 21.424562 3.703840
586.706116 395.432648     39.208984 24.632812 136.890625     -0.999122 -0.041892 0.041892 -0.999122     15.998234 15.998234 1.098356
586.706116 395.432648     62.099609 14.089844 195.734375     -0.999122 -0.041892 0.041892 -0.999122     15.998234 15.998234 4.543987
133.639481 70.433479     38.009766 -36.851562 91.414062     -0.250215 -0.968190 0.968190 -0.250215     26.575722 26.575722 0.448211
133.639481 70.433479     77.781250 -58.023438 270.105469     -0.250215 -0.968190 0.968190 -0.250215     26.575722 26.575722 0.880729
131.213837 93.254715     874.359375 -397.255859 183.271484     -0.997139 -0.075586 0.075586 -0.997139     23.232478 23.232478 2.372031
69.100296 120.849556     64.382812 -28.101562 74.046875     0.627511 -0.778607 0.778607 0.627511     32.756162 32.756162 0.644658
199.088440 58.469387     81.250000 10.890625 21.945312     -0.938008 0.346614 -0.346614 -0.938008     18.965949 18.965949 1.848265
199.088440 58.469387     49135.796875 6019.726562 28914.304688     -0.938008 0.346614 -0.346614 -0.938008     18.965949 18.965949 2.348636
172.628983 57.660778     39.037109 -37.398438 92.398438     -0.918642 0.395091 -0.395091 -0.918642     18.639816 18.639816 0.181575
172.628983 57.660778     338.703125 -147.095703 429.548340     -0.918642 0.395091 -0.395091 -0.918642     18.639816 18.639816 1.726240
599.729248 66.213974     110.132812 -60.656250 169.351562     -0.980043 -0.198784 0.198784 -0.980043     28.806091 28.806091 1.610219
599.729248 66.213974     132.335938 -42.023438 65.585938     -0.980043 -0.198784 0.198784 -0.980043     28.806091 28.806091 2.324167
211.326767 32.696850     52.093750 51.890625 81.781250     -0.761585 0.648065 -0.648065 -0.761585     17.812877 17.812877 1.128446
563.223450 48.542233     1346.906250 -954.093750 1303.988281     0.356839 -0.934166 0.934166 0.356839     42.569360 42.569360 0.666795
563.223450 48.542233     191.482422 -22.187500 132.960938     0.356839 -0.934166 0.934166 0.356839     42.569360 42.569360 2.081062
89.233131 81.929451     2031.078125 -314.687500 633.441406     -0.889641 0.456660 -0.456660 -0.889641     29.236610 29.236610 1.595996
89.233131 81.929451     122.617188 -4.210938 178.703125     -0.889641 0.456660 -0.456660 -0.889641     29.236610 29.236610 2.108426
29.314199 115.314201     130.375000 18.781250 103.621094     -0.882699 0.469940 -0.469940 -0.882699     19.329544 19.329544 4.968747
602.523804 47.361904     198.310547 -13.992188 171.671875     -0.978574 0.205893 -0.205893 -0.978574     13.221332 13.221332 1.627047
544.355469 54.540283     32.482422 29.287109 85.488281     -0.996531 0.083226 -0.083226 -0.996531     19.748780 19.748780 4.320835
537.909119 41.385281     82.273438 11.292969 24.066406     -0.984475 0.175527 -0.175527 -0.984475     15.692038 15.692038 4.455750
40.407581 126.604263     356.531250 -154.861328 423.737549     -0.998334 0.057708 -0.057708 -0.998334     24.217035 24.217035 4.736405
220.927399 43.036304     328.867188 74.687500 211.734375     -0.023555 -0.999723 0.999723 -0.023555     24.958059 24.958059 0.192176
220.927399 43.036304     166.937500 -129.523438 152.023438     -0.023555 -0.999723 0.999723 -0.023555     24.958059 24.958059 1.015418
209.563568 77.044670     178.437500 -56.023438 159.535156     -0.774666 0.632370 -0.632370 -0.774666     19.531416 19.531416 3.822540
598.614136 399.510376     96.898438 -39.423828 19.552979     0.650240 -0.759729 0.759729 0.650240     23.322263 23.322263 1.357819
598.614136 399.510376     478.503906 -305.781250 880.312500     0.650240 -0.759729 0.759729 0.650240     23.322263 23.322263 4.481010
612.149353 434.452271     2404.031250 -685.679688 926.257812     -0.843526 -0.537089 0.537089 -0.843526     25.725201 25.725201 1.078790
612.149353 434.452271     280.367188 -76.898438 164.687500     -0.843526 -0.537089 0.537089 -0.843526     25.725201 25.725201 1.467059
564.765320 378.554413     464.718750 -167.355469 434.381592     -0.926488 0.376325 -0.376325 -0.926488     25.214737 25.214737 0.922174
564.765320 378.554413     111.929688 -45.957031 22.790771     -0.926488 0.376325 -0.376325 -0.926488     25.214737 25.214737 3.714594
29.903847 426.930756     383.335938 -75.814453 94.498047     -0.972657 -0.232248 0.232248 -0.972657     14.700152 14.700152 4.658034
563.721069 440.296722     231.023438 -43.861328 28.133301     -0.790055 -0.613035 0.613035 -0.790055     32.018346 32.018346 1.900242
563.721069 440.296722     71.628906 10.910156 60.162109     -0.790055 -0.613035 0.613035 -0.790055     32.018346 32.018346 2.339574
69.497040 421.109467     565.656250 -193.851562 461.560669     -0.965292 0.261172 -0.261172 -0.965292     28.110049 28.110049 1.511393
581.874390 272.680054     12905.437500 -4299.296875 5824.863281     0.518408 -0.855133 0.855133 0.518408     42.131520 42.131520 3.834222
276.218842 159.011078     58.273438 -5.929688 40.624023     -0.433527 -0.901141 0.901141 -0.433527     29.233765 29.233765 4.655856
510.820618 376.484314     42.417969 9.050781 38.852539     -0.800865 0.598845 -0.598845 -0.800865     22.997880 22.997880 1.333768
510.820618 376.484314     158.351562 -68.906250 34.876953     -0.800865 0.598845 -0.598845 -0.800865     22.997880 22.997880 3.263275
565.568909 379.075195     89.019531 5.279297 72.240234     -0.910061 0.414474 -0.414474 -0.910061     27.720119 27.720119 0.772340
565.568909 379.075195     58.312500 -6.052734 41.584961     -0.910061 0.414474 -0.414474 -0.910061     27.720119 27.720119 1.183277
569.823120 312.367340     56.875000 0.613281 65.255859     -0.980599 0.196024 -0.196024 -0.980599     19.923448 19.923448 0.226393
569.823120 312.367340     144.906250 -13.482422 4.575195     -0.980599 0.196024 -0.196024 -0.980599     19.923448 19.923448 1.315409
381.902740 161.601822     19.000000 -7.765625 24.609375     -0.111734 -0.993738 0.993738 -0.111734     28.274987 28.274987 1.478003
381.902740 161.601822     230.382812 45.402344 75.109375     -0.111734 -0.993738 0.993738 -0.111734     28.274987 28.274987 4.740242
29.692308 308.213287     1092.510742 -525.658203 614.890625     -0.945080 0.326840 -0.326840 -0.945080     15.997422 15.997422 1.582853
485.889374 362.853973     21.515625 -7.953125 25.148438     0.692151 -0.721753 0.721753 0.692151     29.454239 29.454239 2.828331
485.889374 362.853973     77.074219 2.015625 74.709961     0.692151 -0.721753 0.721753 0.692151     29.454239 29.454239 4.920031
72.220589 423.115540     59.273438 -6.281250 37.168945     -0.918225 -0.396058 0.396058 -0.918225     31.042201 31.042201 0.972087
553.058960 264.356567     66.109375 2.281250 91.749023     -0.972787 0.231700 -0.231700 -0.972787     29.602141 29.602141 5.860659
505.522003 428.527863     13559.734375 5241.632812 4810.132812     -0.961459 0.274948 -0.274948 -0.961459     23.026748 23.026748 1.759818
505.522003 428.527863     195.164062 -21.539062 6.089844     -0.961459 0.274948 -0.274948 -0.961459     23.026748 23.026748 4.152886
415.923645 58.759998     78.917969 0.662109 75.386719     0.343508 -0.939150 0.939150 0.343508     28.936012 28.936012 0.989785
489.103149 392.371582     35.000000 -0.812500 46.700195     0.113925 -0.993489 0.993489 0.113925     55.325193 55.325193 1.497659
489.103149 392.371582     419.898438 15.039062 85.284180     0.113925 -0.993489 0.993489 0.113925     55.325193 55.325193 3.609125
276.528076 158.784271     295.109375 -22.117188 5.956543     -0.371414 -0.928467 0.928467 -0.371414     31.033101 31.033101 4.615573
511.091705 378.338104     60.820312 -5.261719 40.291016     0.407858 -0.913045 0.913045 0.407858     30.802223 30.802223 0.246840
511.091705 378.338104     357.625000 18.851562 22.101562     0.407858 -0.913045 0.913045 0.407858     30.802223 30.802223 1.086530
537.535095 285.973694     149.445312 -17.351562 66.749023     -0.976040 0.217589 -0.217589 -0.976040     16.887146 16.887146 4.633178
335.941620 145.758759     419.007812 13.183594 92.763672     0.657840 -0.753158 0.753158 0.657840     25.027540 25.027540 4.265749
52.498234 184.680206     178.062500 251.765625 426.804688     0.614745 -0.788726 0.788726 0.614745     30.295764 30.295764 0.752772
52.498234 184.680206     88.656250 20.593750 54.640625     0.614745 -0.788726 0.788726 0.614745     30.295764 30.295764 1.960425
380.865204 161.740189     34.203125 8.933594 29.636719     -0.081299 -0.996690 0.996690 -0.081299     30.046991 30.046991 1.413185
380.865204 161.740189     358.843750 263.406250 659.804688     -0.081299 -0.996690 0.996690 -0.081299     30.046991 30.046991 4.735189
405.951721 377.958618     19.625000 -8.921875 116.546875     -0.923994 0.382406 -0.382406 -0.923994     22.177202 22.177202 2.541066
405.951721 377.958618     37.706055 11.255859 20.304688     -0.923994 0.382406 -0.382406 -0.923994     22.177202 22.177202 2.976221
435.964111 354.002380     66.468750 -42.132812 79.272461     -0.604814 -0.796367 0.796367 -0.604814     35.590659 35.590659 4.835494
461.909088 372.813385     69.625000 52.316406 52.280273     0.215965 -0.976401 0.976401 0.215965     16.891252 16.891252 0.224418
461.909088 372.813385     86.369629 50.999512 45.493164     0.215965 -0.976401 0.976401 0.215965     16.891252 16.891252 1.103405
425.140503 395.570251     9.890625 -9.445312 76.522217     0.578491 -0.815689 0.815689 0.578491     22.158777 22.158777 1.131311
425.140503 395.570251     26.562500 21.910156 58.476562     0.578491 -0.815689 0.815689 0.578491     22.158777 22.158777 3.468159
443.657196 422.687622     96.138672 -38.041992 90.441437     0.355601 -0.934638 0.934638 0.355601     29.991386 29.991386 1.328481
443.657196 422.687622     184.906250 91.492188 113.007111     0.355601 -0.934638 0.934638 0.355601     29.991386 29.991386 3.586263
276.314606 158.518723     40.214844 -5.066162 46.692627     -0.308280 -0.951296 0.951296 -0.308280     33.225863 33.225863 4.628668
482.902008 325.927948     142.843750 -36.296875 46.976562     -0.838422 0.545021 -0.545021 -0.838422     24.499987 24.499987 1.674958
482.902008 325.927948     684.968750 888.656250 1703.183594     -0.838422 0.545021 -0.545021 -0.838422     24.499987 24.499987 4.142241
55.495640 185.646332     152.468750 11.683594 25.038086     -0.748490 0.663146 -0.663146 -0.748490     36.788491 36.788491 3.584948
55.495640 185.646332     36.140625 30.378906 56.351074     -0.748490 0.663146 -0.663146 -0.748490     36.788491 36.788491 5.031361
448.623383 334.523804     50.578125 19.978516 32.963867     -0.726332 -0.687344 0.687344 -0.726332     25.424414 25.424414 4.939958
336.241608 146.026840     35.505981 10.071411 23.454765     -0.785675 0.618639 -0.618639 -0.785675     27.377038 27.377038 0.763887
336.241608 146.026840     97.687500 95.339844 186.058105     -0.785675 0.618639 -0.618639 -0.785675     27.377038 27.377038 1.193910
380.949127 161.712326     11.304688 7.357422 182.199219     -0.109480 -0.993989 0.993989 -0.109480     33.078798 33.078798 1.315644
380.949127 161.712326     472.506836 139.378906 695.060547     -0.109480 -0.993989 0.993989 -0.109480     33.078798 33.078798 4.752174
382.664581 421.517242     15.853210 2.173340 27.644531     -0.836269 0.548320 -0.548320 -0.836269     21.604677 21.604677 0.539410
382.664581 421.517242     82.549072 7.072876 96.546082     -0.836269 0.548320 -0.548320 -0.836269     21.604677 21.604677 3.370336
422.935577 365.695007     40.406250 63.640625 182.185791     -0.828446 0.560069 -0.560069 -0.828446     47.590952 47.590952 0.287113
56.619957 186.056259     29.265625 29.116211 166.551270     -0.827583 0.561344 -0.561344 -0.827583     39.050413 39.050413 3.401936
56.619957 186.056259     13.031250 -8.689453 71.727417     -0.827583 0.561344 -0.561344 -0.827583     39.050413 39.050413 4.934865
351.907959 412.408844     47.500000 44.903320 73.673218     0.021732 -0.999764 0.999764 0.021732     31.899689 31.899689 4.442040
329.958344 427.754639     24.523438 21.115234 77.425781     -0.997470 -0.071086 0.071086 -0.997470     22.632844 22.632844 2.408373
329.958344 427.754639     85.281250 19.717773 47.717773     -0.997470 -0.071086 0.071086 -0.997470     22.632844 22.632844 4.748344
376.996826 158.698883     23.640869 21.914062 43.511475     -0.401780 -0.915736 0.915736 -0.401780     44.105480 44.105480 1.347045
245.968475 236.968475     688.875000 728.343750 1636.832031     -0.981937 -0.189207 0.189207 -0.981937     13.608633 13.608633 1.526467
393.627533 344.910919     96.899109 46.630371 128.496094     -0.998304 0.058219 -0.058219 -0.998304     17.746326 17.746326 5.395490
338.832520 147.209366     87.265137 52.121094 50.939453     -0.993910 -0.110198 0.110198 -0.993910     32.784321 32.784321 2.569859
338.832520 147.209366     53.515625 -30.685547 45.043945     -0.993910 -0.110198 0.110198 -0.993910     32.784321 32.784321 6.254412
437.155548 63.804443     20.781250 28.796875 112.652832     0.468555 -0.883434 0.883434 0.468555     19.415098 19.415098 0.828630
571.625977 193.716187     29.713646 11.997559 28.263672     -0.906508 -0.422188 0.422188 -0.906508     36.345690 36.345690 2.090708
571.625977 193.716187     123.281250 87.335938 79.171875     -0.906508 -0.422188 0.422188 -0.906508     36.345690 36.345690 5.261088
278.835785 164.782013     80.187500 60.812500 92.222656     -0.989902 0.141753 -0.141753 -0.989902     80.782168 80.782168 5.720695
246.194336 236.651825     102.109375 139.853516 308.962891     -0.986103 -0.166134 0.166134 -0.986103     14.406597 14.406597 1.522127
339.370544 147.205353     46.031250 20.040039 35.646973     -0.999865 -0.016404 0.016404 -0.999865     33.282329 33.282329 6.302750
131.953232 181.122299     50.140625 35.058594 45.479492     0.250047 -0.968234 0.968234 0.250047     28.972635 28.972635 1.107553
427.251465 278.961548     79.859375 13.792969 50.204102     -0.767459 0.641098 -0.641098 -0.767459     49.791195 49.791195 0.557662
427.251465 278.961548     50.562500 -13.075439 50.187729     -0.767459 0.641098 -0.641098 -0.767459     49.791195 49.791195 3.782409
368.777893 170.769440     62.781250 35.945312 37.265625     0.359304 -0.933221 0.933221 0.359304     63.033050 63.033050 0.871032
393.091187 344.367767     151.859375 44.767578 172.972412     -0.995627 0.093414 -0.093414 -0.995627     17.682304 17.682304 5.380482
572.279236 191.974716     25.546875 30.644531 73.215820     -0.924228 -0.381841 0.381841 -0.924228     41.748785 41.748785 0.612131
572.279236 191.974716     29034.210938 395.273438 10191.273438     -0.924228 -0.381841 0.381841 -0.924228     41.748785 41.748785 2.201562
134.591690 180.374084     38.273438 -9.515625 38.165878     0.433505 -0.901151 0.901151 0.433505     32.756761 32.756761 0.876365
426.812103 269.369507     457.515625 307.792969 271.245117     0.552347 -0.833614 0.833614 0.552347     73.585874 73.585874 3.928319
245.989792 236.139450     80.785156 58.607422 64.922363     -0.987141 -0.159852 0.159852 -0.987141     14.924250 14.924250 1.504145
130.622299 411.057556     63.328125 35.602539 178.635986     -0.271427 -0.962459 0.962459 -0.271427     22.440655 22.440655 2.950166
321.407166 167.090744     292.626953 49.369141 49.978027     -0.997847 0.065591 -0.065591 -0.997847     107.821408 107.821408 1.298672
489.050415 204.281509     60.549805 29.345459 55.214111     -0.860811 0.508925 -0.508925 -0.860811     28.036496 28.036496 4.615699
572.133179 191.834900     19.631470 17.208496 80.712891     -0.907712 -0.419593 0.419593 -0.907712     42.073506 42.073506 0.591336
572.133179 191.834900     98.648438 54.144531 51.763672     -0.907712 -0.419593 0.419593 -0.907712     42.073506 42.073506 2.169649
423.927307 269.502411     168.675964 -34.218018 201.308594     -0.753143 0.657857 -0.657857 -0.753143     83.899083 83.899083 0.468425
245.983734 234.940384     68.718750 -42.781250 80.949219     -0.992056 -0.125798 0.125798 -0.992056     18.720646 18.720646 1.551141
245.983734 234.940384     45.578125 18.406250 55.258789     -0.992056 -0.125798 0.125798 -0.992056     18.720646 18.720646 4.107062
57.731544 186.597321     36.533203 -2.102539 73.735352     -0.817604 0.575781 -0.575781 -0.817604     39.769485 39.769485 3.422260
145.208221 133.487671     50.301758 16.805298 29.831451     -0.908549 0.417779 -0.417779 -0.908549     6.238779 6.238779 4.704954
314.649780 168.170792     267.890625 115.886719 258.404663     -0.988816 0.149142 -0.149142 -0.988816     112.913234 112.913234 1.360124
177.530869 347.336426     19.629395 -11.091797 35.768555     0.492423 -0.870356 0.870356 0.492423     33.242309 33.242309 4.053788
489.292023 197.803101     33.843750 19.085938 52.296875     0.315428 -0.948950 0.948950 0.315428     32.576454 32.576454 4.111425
134.856979 179.343018     213.667969 -78.944336 91.222748     0.239739 -0.970837 0.970837 0.239739     35.121293 35.121293 1.001757
134.856979 179.343018     279.085938 72.650391 105.803864     0.239739 -0.970837 0.970837 0.239739     35.121293 35.121293 5.455852
131.811127 407.127380     73.656250 -10.463867 12.439880     -0.306900 -0.951742 0.951742 -0.306900     30.051630 30.051630 1.530056
131.811127 407.127380     143.608398 62.794922 57.388672     -0.306900 -0.951742 0.951742 -0.306900     30.051630 30.051630 4.637814
157.141846 404.716309     685.593750 597.503906 642.940430     -0.485934 -0.873995 0.873995 -0.485934     19.814794 19.814794 1.597497
178.190125 347.595062     84.351379 6.862061 96.141541     0.534385 -0.845241 0.845241 0.534385     39.659905 39.659905 3.954079
309.451477 167.655350     490.097900 89.771484 103.616699     -0.990009 0.141006 -0.141006 -0.990009     108.656646 108.656646 1.346730
158.355515 398.829529     59.968750 28.025391 289.007568     -0.231443 -0.972849 0.972849 -0.231443     25.986784 25.986784 1.412324
132.728165 405.019684     62.625000 15.156250 15.757812     -0.103726 -0.994606 0.994606 -0.103726     35.039428 35.039428 2.634274
132.728165 405.019684     19.125000 26.941406 125.312012     -0.103726 -0.994606 0.994606 -0.103726     35.039428 35.039428 4.488038
153.273178 341.697571     43.804688 17.643555 41.983154     0.454561 -0.890715 0.890715 0.454561     19.719659 19.719659 4.143213
487.854736 202.746124     41.156250 18.150879 125.046600     0.268133 -0.963382 0.963382 0.268133     35.327686 35.327686 4.255554
158.696686 127.492645     195.407776 -86.254395 459.728516     -0.910025 0.414553 -0.414553 -0.910025     6.832560 6.832560 1.633723
158.696686 127.492645     30.633186 10.991577 28.966797     -0.910025 0.414553 -0.414553 -0.910025     6.832560 6.832560 4.700083
270.494110 328.470581     170.062500 18.273438 28.076172     0.644414 -0.764677 0.764677 0.644414     28.708757 28.708757 3.775956
426.750244 267.398773     38.734375 31.199219 57.929199     -0.796622 0.604477 -0.604477 -0.796622     80.685913 80.685913 0.347278
245.370132 233.740265     51.828125 48.691406 62.147461     -0.984553 -0.175084 0.175084 -0.984553     20.128948 20.128948 1.173238
245.370132 233.740265     56.375000 14.824219 188.202393     -0.984553 -0.175084 0.175084 -0.984553     20.128948 20.128948 1.493856
153.678864 341.186981     59.250000 -20.466797 101.830566     0.457838 -0.889036 0.889036 0.457838     20.012398 20.012398 4.131189
177.764481 347.469116     34.031250 -8.703125 193.560547     0.529776 -0.848138 0.848138 0.529776     38.248627 38.248627 3.954941
264.519135 330.630249     237.642578 -105.618408 107.563263     -0.900534 0.434786 -0.434786 -0.900534     30.286241 30.286241 1.569899
264.519135 330.630249     148.191406 39.941162 62.904068     -0.900534 0.434786 -0.434786 -0.900534     30.286241 30.286241 4.689475
525.599121 173.754303     107.468750 104.222656 251.121094     -0.602069 -0.798444 0.798444 -0.602069     16.203454 16.203454 4.801021
525.599121 173.754303     55.218750 44.328125 46.487305     -0.602069 -0.798444 0.798444 -0.602069     16.203454 16.203454 6.228374
456.134430 232.047729     67.734375 19.322266 35.581177     -0.715013 0.699112 -0.699112 -0.715013     86.689230 86.689230 0.689576
168.206436 345.665771     13.253906 -3.499023 86.070923     -0.947847 0.318727 -0.318727 -0.947847     50.412067 50.412067 6.132942
307.209381 170.244400     34.453125 -8.054688 31.609375     -0.977705 0.209983 -0.209983 -0.977705     107.044739 107.044739 1.399195
265.886902 336.959534     89.375000 62.332031 54.231812     0.074454 -0.997224 0.997224 0.074454     49.765767 49.765767 1.058905
265.886902 336.959534     61.796875 28.414062 61.950195     0.074454 -0.997224 0.997224 0.074454     49.765767 49.765767 4.216742
571.735046 191.475098     1116.704346 144.352051 95.426270     -0.888859 -0.458181 0.458181 -0.888859     43.615169 43.615169 0.566229
571.735046 191.475098     199.027344 -23.001953 62.030273     -0.888859 -0.458181 0.458181 -0.888859     43.615169 43.615169 2.125716
143.378525 402.182068     108.343750 -6.320312 8.890625     -0.919097 0.394032 -0.394032 -0.919097     57.921344 57.921344 3.055796
143.378525 402.182068     76.000000 54.312500 62.683105     -0.919097 0.394032 -0.394032 -0.919097     57.921344 57.921344 4.732597
150.498062 133.984512     51.468750 19.275391 33.111084     -0.879342 0.476192 -0.476192 -0.879342     18.675254 18.675254 0.629168
150.498062 133.984512     256.812500 100.100586 254.195923     -0.879342 0.476192 -0.476192 -0.879342     18.675254 18.675254 1.585562
94.562996 204.338577     24.312500 5.861328 71.376099     -0.374421 -0.927259 0.927259 -0.374421     18.928449 18.928449 1.565047
94.562996 204.338577     207.113281 -130.687500 506.398682     -0.374421 -0.927259 0.927259 -0.374421     18.928449 18.928449 3.080585
458.049622 232.180618     158.500000 17.464844 61.656250     -0.722422 0.691452 -0.691452 -0.722422     87.910964 87.910964 0.667319
525.647705 173.753784     80.290100 5.924744 90.565002     -0.609454 -0.792821 0.792821 -0.609454     16.764852 16.764852 3.147727
525.647705 173.753784     55.781250 -11.726562 69.376465     -0.609454 -0.792821 0.792821 -0.609454     16.764852 16.764852 4.804615
136.898819 183.266571     62.625000 30.914062 65.155273     -0.063900 -0.997956 0.997956 -0.063900     48.370242 48.370242 1.221305
266.806335 338.739868     107.468750 99.324219 125.746094     0.507950 -0.861387 0.861387 0.507950     49.688083 49.688083 0.686174
266.806335 338.739868     92.132812 -20.424805 19.557007     0.507950 -0.861387 0.861387 0.507950     49.688083 49.688083 3.828479
332.773407 53.029556     154.760742 50.329834 53.552612     -0.919908 0.392135 -0.392135 -0.919908     7.167367 7.167367 1.573107
332.773407 53.029556     48.537842 37.760254 134.805664     -0.919908 0.392135 -0.392135 -0.919908     7.167367 7.167367 3.206910
305.845886 171.900421     77.468750 48.922852 57.161011     -0.971834 0.235667 -0.235667 -0.971834     108.006537 108.006537 1.442049
305.845886 171.900421     158.957031 23.029297 233.287109     -0.971834 0.235667 -0.235667 -0.971834     108.006537 108.006537 4.535879
457.683533 234.836014     485.218750 17.003906 206.416870     -0.741745 0.670682 -0.670682 -0.741745     88.696037 88.696037 0.607195
457.683533 234.836014     72.500000 13.593750 16.849609     -0.741745 0.670682 -0.670682 -0.741745     88.696037 88.696037 4.742890
396.313049 253.860870     300.328125 54.997559 53.788574     -0.862056 0.506813 -0.506813 -0.862056     16.973103 16.973103 0.957780
144.842819 401.436493     67.781250 -63.148438 242.470703     -0.920989 0.389590 -0.389590 -0.920989     56.718024 56.718024 3.040895
144.842819 401.436493     37.409058 10.395355 25.024086     -0.920989 0.389590 -0.389590 -0.920989     56.718024 56.718024 4.738228
268.290985 339.500671     77.769531 -18.259766 76.326050     -0.736189 0.676776 -0.676776 -0.736189     54.370374 54.370374 0.358487
268.290985 339.500671     71.067383 -35.501160 83.205276     -0.736189 0.676776 -0.676776 -0.736189     54.370374 54.370374 3.441709
455.772552 237.794647     109.937500 -9.328125 11.150391     -0.765129 0.643877 -0.643877 -0.765129     90.291994 90.291994 0.564807
519.320923 176.510635     119.031250 99.953125 261.956055     -0.747918 -0.663791 0.663791 -0.747918     35.813065 35.813065 0.408915
519.320923 176.510635     32.453125 6.877441 59.041321     -0.747918 -0.663791 0.663791 -0.747918     35.813065 35.813065 3.624687
169.192261 344.278717     105.500000 58.316406 119.513184     -0.971619 0.236551 -0.236551 -0.971619     52.118475 52.118475 6.031237
139.702057 166.585571     72.062500 -1.874268 19.315582     0.555510 -0.831510 0.831510 0.555510     69.501705 69.501705 0.876583
450.012177 240.413300     37.484375 -7.914429 24.727859     -0.799335 0.600885 -0.600885 -0.799335     90.871120 90.871120 0.421880
450.012177 240.413300     404.714844 187.058594 298.532715     -0.799335 0.600885 -0.600885 -0.799335     90.871120 90.871120 4.718912
94.471634 204.411346     125.093750 13.578125 758.356445     -0.405596 -0.914052 0.914052 -0.405596     19.864706 19.864706 1.576975
94.471634 204.411346     9.678711 1.857422 55.250000     -0.405596 -0.914052 0.914052 -0.405596     19.864706 19.864706 3.168267
146.871155 399.740997     303.875000 123.613281 201.584167     -0.818070 0.575119 -0.575119 -0.818070     56.066917 56.066917 3.349336
146.871155 399.740997     108.732269 -16.769836 101.831116     -0.818070 0.575119 -0.575119 -0.818070     56.066917 56.066917 4.906539
264.695648 81.801933     43.968750 31.246094 45.833496     -0.922330 0.386403 -0.386403 -0.922330     7.625283 7.625283 3.132645
207.434433 328.692627     100.656250 97.281250 196.487305     -0.518432 -0.855119 0.855119 -0.518432     17.386603 17.386603 0.329435
207.434433 328.692627     72.656250 -16.721680 24.922485     -0.518432 -0.855119 0.855119 -0.518432     17.386603 17.386603 1.655426
306.455475 171.867676     127.875000 28.681641 176.676025     -0.961111 0.276161 -0.276161 -0.961111     110.713499 110.713499 1.454024
245.402725 233.478592     54.884766 -11.988770 20.245361     -0.982923 -0.184017 0.184017 -0.982923     21.083932 21.083932 1.313876
245.402725 233.478592     226.250000 27.265625 50.197266     -0.982923 -0.184017 0.184017 -0.982923     21.083932 21.083932 4.015768
269.925262 339.655640     70.046875 29.576172 167.350586     -0.833935 0.551863 -0.551863 -0.833935     54.192478 54.192478 0.165899
269.925262 339.655640     81.328125 1.730469 32.333740     -0.833935 0.551863 -0.551863 -0.833935     54.192478 54.192478 3.258021
450.898804 237.898697     157.714844 40.453857 64.263962     -0.800466 0.599378 -0.599378 -0.800466     88.398988 88.398988 0.526406
450.898804 237.898697     20.750000 -7.141602 33.074036     -0.800466 0.599378 -0.599378 -0.800466     88.398988 88.398988 4.721511
207.354095 326.796722     66.828125 0.470215 50.883972     -0.438816 -0.898577 0.898577 -0.438816     18.736862 18.736862 3.242548
207.354095 326.796722     54.984375 17.169800 30.262260     -0.438816 -0.898577 0.898577 -0.438816     18.736862 18.736862 4.725184
226.873779 315.213593     46.062500 32.357422 56.016541     -0.410811 -0.911720 0.911720 -0.410811     7.441445 7.441445 4.694230
158.539932 374.704132     78.093750 32.945312 43.142578     0.422522 -0.906353 0.906353 0.422522     65.076029 65.076029 4.180866
133.622513 171.157364     105.031250 -9.210938 13.052734     0.634965 -0.772541 0.772541 0.634965     69.060508 69.060508 0.847531
266.008728 336.999084     15.796875 16.492676 49.342529     -0.899183 -0.437572 0.437572 -0.899183     59.595530 59.595530 5.285599
399.432098 190.650208     55.406250 15.812500 40.426514     -0.727144 0.686485 -0.686485 -0.727144     24.541528 24.541528 1.728387
367.327179 302.000000     117.250000 115.632812 222.443359     -0.980823 -0.194899 0.194899 -0.980823     21.416356 21.416356 2.316361
305.670410 171.232361     299.437500 48.218750 98.259674     -0.953494 0.301413 -0.301413 -0.953494     111.561383 111.561383 1.480357
305.670410 171.232361     46.656250 41.732422 96.774414     -0.953494 0.301413 -0.301413 -0.953494     111.561383 111.561383 4.495517
405.891541 195.323212     173.687500 -100.501953 139.131683     -0.763659 0.645620 -0.645620 -0.763659     47.659924 47.659924 1.767047
207.185501 325.715942     241.765625 -42.488281 121.666992     -0.405514 -0.914089 0.914089 -0.405514     18.904488 18.904488 3.086822
207.185501 325.715942     17.125000 20.398438 150.567871     -0.405514 -0.914089 0.914089 -0.405514     18.904488 18.904488 4.735092
112.618835 175.256241     424.578125 -109.488281 197.020050     -0.898866 0.438225 -0.438225 -0.898866     88.461335 88.461335 1.632078
112.618835 175.256241     585.656250 -50.918945 108.041107     -0.898866 0.438225 -0.438225 -0.898866     88.461335 88.461335 3.244389
367.341675 302.008331     442.328125 -63.242188 371.500000     -0.982396 -0.186812 0.186812 -0.982396     23.174221 23.174221 2.330419
211.247177 324.299988     30.605469 1.847656 17.728516     -0.441291 -0.897364 0.897364 -0.441291     31.054465 31.054465 6.306164
264.616394 81.797417     38.214844 4.798828 27.044922     -0.923161 0.384413 -0.384413 -0.923161     7.855831 7.855831 3.121008
464.635651 228.640640     1285.445312 -291.382812 1146.875000     -0.890045 0.455874 -0.455874 -0.890045     109.200643 109.200643 4.619246
464.635651 228.640640     126.746094 -87.554688 125.900391     -0.890045 0.455874 -0.455874 -0.890045     109.200643 109.200643 6.261974
367.078644 301.887634     126.222656 -81.154297 125.902344     -0.995143 -0.098442 0.098442 -0.995143     23.245010 23.245010 2.396838
348.093903 312.802826     117.679688 -73.505859 123.957031     -0.981956 0.189108 -0.189108 -0.981956     22.989751 22.989751 2.839864
333.116058 52.973213     120.464844 -68.029297 120.988281     -0.922029 0.387122 -0.387122 -0.922029     7.794941 7.794941 1.570796
333.116058 52.973213     90.812500 26.310059 30.198166     -0.922029 0.387122 -0.387122 -0.922029     7.794941 7.794941 3.175382
163.585861 373.684052     26.859375 15.140625 51.358398     0.474813 -0.880087 0.880087 0.474813     79.680876 79.680876 4.038641
302.543427 173.990921     124.199219 -63.767578 124.761719     -0.930861 0.365373 -0.365373 -0.930861     115.354725 115.354725 1.532119
302.543427 173.990921     94.265625 27.351074 31.013458     -0.930861 0.365373 -0.365373 -0.930861     115.354725 115.354725 4.505290
268.612549 263.848480     17.826904 20.323730 90.433105     -0.894736 0.446596 -0.446596 -0.894736     50.573393 50.573393 4.493928
312.072296 97.899597     124.500000 30.021484 37.036499     -0.897093 -0.441841 0.441841 -0.897093     14.546846 14.546846 1.873667
312.072296 97.899597     176.296875 -48.382812 28.106201     -0.897093 -0.441841 0.441841 -0.897093     14.546846 14.546846 4.171138
330.775177 86.771812     21.125000 -8.875000 22.507812     -0.722551 -0.691318 0.691318 -0.722551     33.028926 33.028926 2.003132
405.859650 225.859650     95.562500 -14.453125 38.753906     0.108885 -0.994054 0.994054 0.108885     17.731960 17.731960 0.792533
405.859650 225.859650     28.585938 14.685547 53.255859     0.108885 -0.994054 0.994054 0.108885     17.731960 17.731960 3.941090
256.919952 333.066772     82.796875 -54.645508 78.899414     -0.982484 -0.186347 0.186347 -0.982484     67.663592 67.663592 5.378521
192.813812 144.531525     16.921875 9.851562 56.003906     -0.940622 -0.339455 0.339455 -0.940622     36.294111 36.294111 2.271780
112.278465 177.264984     35.375000 -1.537109 46.565430     -0.886439 0.462845 -0.462845 -0.886439     88.074830 88.074830 1.656594
219.153198 131.821732     105.078125 25.305176 30.434540     -0.751312 -0.659948 0.659948 -0.751312     33.217228 33.217228 2.005151
219.153198 131.821732     50.925781 -0.543945 35.548828     -0.751312 -0.659948 0.659948 -0.751312     33.217228 33.217228 3.794816
268.585663 263.833923     71.277832 13.819336 45.907074     -0.941807 0.336155 -0.336155 -0.941807     50.641130 50.641130 4.388430
310.665924 273.142853     89.531250 -7.104980 19.757557     -0.851051 0.525084 -0.525084 -0.851051     37.049622 37.049622 0.947542
310.665924 273.142853     19.163818 22.175537 151.685791     -0.851051 0.525084 -0.525084 -0.851051     37.049622 37.049622 1.363358
457.058624 231.008575     193.843750 29.527344 23.708984     -0.885569 0.464508 -0.464508 -0.885569     112.745324 112.745324 4.632528
457.058624 231.008575     219.328125 -55.042969 47.591797     -0.885569 0.464508 -0.464508 -0.885569     112.745324 112.745324 6.295656
312.739471 273.394623     154.906250 30.882812 35.767578     -0.874894 0.484314 -0.484314 -0.874894     40.675318 40.675318 0.213998
312.739471 273.394623     302.687500 -413.179688 568.921875     -0.874894 0.484314 -0.484314 -0.874894     40.675318 40.675318 1.062303
192.888580 144.209244     115.812500 10.070312 49.104980     -0.952514 -0.304495 0.304495 -0.952514     36.335995 36.335995 2.310403
192.888580 144.209244     54.187500 16.558594 37.173340     -0.952514 -0.304495 0.304495 -0.952514     36.335995 36.335995 5.480203
330.725891 86.322289     76.529297 19.715332 35.189941     -0.713668 -0.700484 0.700484 -0.713668     32.932039 32.932039 1.982855
272.895905 262.022003     338.781250 146.078125 211.029175     -0.919326 0.393496 -0.393496 -0.919326     49.239398 49.239398 4.516716
301.197693 98.003838     76.437500 -9.074219 33.539062     -0.999702 0.024426 -0.024426 -0.999702     33.426531 33.426531 1.332793
301.197693 98.003838     30.890625 9.501953 72.512207     -0.999702 0.024426 -0.024426 -0.999702     33.426531 33.426531 2.456582
333.692902 52.740158     116.594727 31.265503 22.224442     -0.920920 0.389752 -0.389752 -0.920920     8.225055 8.225055 3.197305
312.870636 93.309334     78.187500 65.625000 98.986572     -0.970930 0.239362 -0.239362 -0.970930     39.180411 39.180411 1.447398
312.870636 93.309334     43.480469 -6.718750 43.098145     -0.970930 0.239362 -0.239362 -0.970930     39.180411 39.180411 2.742401
263.166046 82.516602     215.656250 -53.949219 45.981445     -0.915778 0.401685 -0.401685 -0.915778     8.490134 8.490134 3.248406
193.017120 143.848404     28.593750 15.542969 41.002930     -0.942788 -0.333393 0.333393 -0.942788     37.220894 37.220894 2.325052
193.017120 143.848404     369.390625 -486.742188 648.359375     -0.942788 -0.333393 0.333393 -0.942788     37.220894 37.220894 5.505399
339.638794 52.125374     217.578125 50.714844 37.410812     -0.979255 0.202633 -0.202633 -0.979255     19.644574 19.644574 2.526295
219.378708 131.747528     49.234375 -0.214600 15.572357     -0.855917 -0.517113 0.517113 -0.855917     32.936373 32.936373 2.107007
219.378708 131.747528     84.357422 20.771973 48.511017     -0.855917 -0.517113 0.517113 -0.855917     32.936373 32.936373 3.849508
237.039795 121.736320     70.013672 19.118652 41.998291     -0.800523 -0.599302 0.599302 -0.800523     25.217692 25.217692 2.074759
260.642212 111.243118     140.515625 22.812500 25.944824     -0.956563 0.291527 -0.291527 -0.956563     28.036431 28.036431 1.367297
260.642212 111.243118     14.734375 7.074219 63.472656     -0.956563 0.291527 -0.291527 -0.956563     28.036431 28.036431 4.535486
312.737915 92.984879     31.843750 2.777344 59.158203     -0.971446 0.237260 -0.237260 -0.971446     39.976481 39.976481 1.443178
312.737915 92.984879     61.718750 -40.541016 49.073486     -0.971446 0.237260 -0.237260 -0.971446     39.976481 39.976481 2.918654
237.035721 121.428574     236.563965 24.750977 38.484375     -0.772417 -0.635116 0.635116 -0.772417     25.220312 25.220312 2.032331
262.728699 82.605675     117.582031 49.667969 57.801025     -0.913045 0.407860 -0.407860 -0.913045     9.107732 9.107732 3.293092
193.341995 143.344162     115.593750 23.226562 51.351685     -0.960826 -0.277153 0.277153 -0.960826     37.842139 37.842139 2.364877
193.341995 143.344162     34.375000 -12.178711 53.810547     -0.960826 -0.277153 0.277153 -0.960826     37.842139 37.842139 5.528828
260.681824 110.966942     38.218750 7.511719 22.680664     -0.951345 0.308126 -0.308126 -0.951345     28.326623 28.326623 1.356033
260.681824 110.966942     201.656250 89.445312 127.987305     -0.951345 0.308126 -0.308126 -0.951345     28.326623 28.326623 4.584559
212.592255 134.019379     31.669922 19.287109 48.991211     -0.907327 0.420427 -0.420427 -0.907327     37.799536 37.799536 1.511880
212.592255 134.019379     99.246094 80.488281 102.276367     -0.907327 0.420427 -0.420427 -0.907327     37.799536 37.799536 3.196896
220.980438 129.862442     136.062500 41.492188 66.476562     -0.904540 0.426389 -0.426389 -0.904540     36.438893 36.438893 1.568967
220.980438 129.862442     30.875000 1.144531 110.504883     -0.904540 0.426389 -0.426389 -0.904540     36.438893 36.438893 3.240260
221.250595 129.076187     97.234375 3.906250 65.109375     -0.905024 0.425361 -0.425361 -0.905024     36.701889 36.701889 1.549604
221.250595 129.076187     30.500000 19.237793 57.046707     -0.905024 0.425361 -0.425361 -0.905024     36.701889 36.701889 3.221676
