1.0
469
588.036804 244.424545     9.000000 15.890625 559.894531     -0.028809 -0.999585 0.999585 -0.028809     13.152026 13.152026 1.604469
603.609497 198.176193     14.625000 -3.296875 20.906250     0.393865 -0.919168 0.919168 0.393865     16.356918 16.356918 1.559865
603.609497 198.176193     15.937500 -0.828125 22.507812     0.393865 -0.919168 0.919168 0.393865     16.356918 16.356918 4.688328
603.107788 197.762924     86.750000 -4.296875 12.796875     0.123155 -0.992387 0.992387 0.123155     17.906794 17.906794 1.531350
603.107788 197.762924     351.218750 528.773438 8423.121094     0.123155 -0.992387 0.992387 0.123155     17.906794 17.906794 4.803910
600.137634 198.232422     45.406250 -24.125000 66.781250     -0.964987 0.262296 -0.262296 -0.964987     20.327804 20.327804 0.846017
600.137634 198.232422     43.687500 1.312500 22.398438     -0.964987 0.262296 -0.262296 -0.964987     20.327804 20.327804 3.967527
598.786255 197.541992     473.156250 220.960938 10309.226562     -0.998119 -0.061303 0.061303 -0.998119     21.258786 21.258786 1.505458
623.689026 385.648804     6.968750 -5.386719 109.773438     -0.999200 0.040001 -0.040001 -0.999200     14.797850 14.797850 4.728831
420.477844 125.231529     509.437500 421.914062 11932.583984     0.052183 -0.998638 0.998638 0.052183     11.636890 11.636890 1.580934
420.477844 125.231529     17.718750 25.453125 222.570312     0.052183 -0.998638 0.998638 0.052183     11.636890 11.636890 4.623606
420.359985 125.191109     150.125000 1.562500 2.031250     0.030885 -0.999523 0.999523 0.030885     12.343834 12.343834 1.579598
520.505554 259.780457     10.687500 6.890625 154.203125     -0.090435 -0.995902 0.995902 -0.090435     13.740067 13.740067 1.807258
522.443359 303.714294     6.281250 8.703125 187.533203     -0.115445 -0.993314 0.993314 -0.115445     11.039655 11.039655 1.903846
521.169678 260.413513     46.875000 1.875000 25.589844     -0.105098 -0.994462 0.994462 -0.105098     15.219092 15.219092 1.833662
521.956787 261.010101     14.312500 8.375000 201.031250     -0.121484 -0.992593 0.992593 -0.121484     17.196556 17.196556 1.887836
620.855713 399.512451     44.843750 39.406250 237.554688     -0.999944 -0.010549 0.010549 -0.999944     6.387411 6.387411 4.759619
524.152222 313.105713     9.234375 19.437500 203.473633     -0.047848 -0.998855 0.998855 -0.047848     14.482325 14.482325 1.859073
511.923431 151.739227     17.781250 9.812500 214.289062     -0.047852 -0.998854 0.998854 -0.047852     10.897355 10.897355 4.504819
598.691956 197.448273     13.250000 20.234375 62.664062     -0.996201 -0.087084 0.087084 -0.996201     22.690863 22.690863 1.433254
507.539429 101.233437     18.046875 26.640625 226.311523     -0.101150 -0.994871 0.994871 -0.101150     9.866051 9.866051 0.181143
507.539429 101.233437     23.625000 11.546875 212.210938     -0.101150 -0.994871 0.994871 -0.101150     9.866051 9.866051 1.554194
525.097778 316.769226     171.125000 -0.156250 2.312500     -0.044719 -0.999000 0.999000 -0.044719     16.799895 16.799895 1.901955
525.097778 316.769226     8.171875 -5.226562 117.181641     -0.044719 -0.999000 0.999000 -0.044719     16.799895 16.799895 4.586416
526.136963 263.628479     14.125000 4.648438 196.035156     -0.192890 -0.981220 0.981220 -0.192890     27.408364 27.408364 0.325018
526.136963 263.628479     30.875000 27.000000 223.633789     -0.192890 -0.981220 0.981220 -0.192890     27.408364 27.408364 2.020736
507.830109 96.081718     30.562500 13.609375 205.867188     -0.098604 -0.995127 0.995127 -0.098604     12.165294 12.165294 1.619916
507.830109 96.081718     36.078125 11.148438 37.304688     -0.098604 -0.995127 0.995127 -0.098604     12.165294 12.165294 6.429077
525.778259 318.231506     34.359375 -9.562500 51.640625     -0.049749 -0.998762 0.998762 -0.049749     18.712905 18.712905 1.973451
525.778259 318.231506     55.156250 47.671875 251.210938     -0.049749 -0.998762 0.998762 -0.049749     18.712905 18.712905 4.524604
437.690002 317.429993     101.171875 -31.265625 64.328125     -0.336409 -0.941716 0.941716 -0.336409     11.042591 11.042591 4.694148
509.100922 94.007767     89.875000 63.218750 181.003906     -0.124904 -0.992169 0.992169 -0.124904     17.249205 17.249205 0.202117
526.523010 318.518005     15.093750 6.945312 193.664062     -0.060888 -0.998145 0.998145 -0.060888     21.543973 21.543973 6.194788
619.156494 399.586945     204.718750 -42.488281 71.767578     -1.000000 0.000926 -0.000926 -1.000000     6.842894 6.842894 4.756064
420.489960 125.204819     64.734375 -22.515625 132.480469     0.047781 -0.998858 0.998858 0.047781     12.665607 12.665607 1.584402
420.489960 125.204819     14.875000 37.000000 258.843750     0.047781 -0.998858 0.998858 0.047781     12.665607 12.665607 4.637395
524.625488 140.558060     90.906250 1.265625 37.148438     -0.025528 -0.999674 0.999674 -0.025528     16.841242 16.841242 2.926901
510.986115 92.689812     142.671875 -19.687500 149.792969     -0.136146 -0.990689 0.990689 -0.136146     23.453807 23.453807 0.215393
527.367004 318.896759     36.437500 17.851562 220.602539     -0.076942 -0.997036 0.997036 -0.076942     24.446334 24.446334 2.136525
527.367004 318.896759     132.093750 -30.296875 60.982422     -0.076942 -0.997036 0.997036 -0.076942     24.446334 24.446334 6.273620
372.387817 197.839340     232.828125 60.960938 121.554688     -0.687413 -0.726267 0.726267 -0.687413     22.735518 22.735518 4.340138
375.740570 239.566040     326.632812 -215.375000 806.851562     0.405933 -0.913903 0.913903 0.405933     24.693461 24.693461 1.177200
375.740570 239.566040     412.851562 -187.621094 715.003906     0.405933 -0.913903 0.913903 0.405933     24.693461 24.693461 2.060680
527.304810 264.422791     464.468750 322.273438 738.960938     -0.224392 -0.974499 0.974499 -0.224392     29.910331 29.910331 0.382344
527.304810 264.422791     102.687500 18.941406 118.266602     -0.224392 -0.974499 0.974499 -0.224392     29.910331 29.910331 2.033972
387.644226 170.649719     180.593750 -3.171875 2.750000     -0.868228 0.496165 -0.496165 -0.868228     30.672978 30.672978 4.686298
361.614624 188.648407     40.062500 21.750000 202.726562     -0.455685 -0.890141 0.890141 -0.455685     34.126420 34.126420 4.888215
524.768494 140.630219     136.046875 -10.242188 41.359375     -0.038806 -0.999247 0.999247 -0.038806     17.325892 17.325892 2.988644
377.084412 133.933838     570.234375 285.937500 694.953125     -0.959842 0.280540 -0.280540 -0.959842     34.667294 34.667294 1.648015
377.084412 133.933838     7.625000 8.578125 194.156250     -0.959842 0.280540 -0.280540 -0.959842     34.667294 34.667294 4.622496
369.563385 245.556885     13.171875 11.519531 33.942383     0.289134 -0.957289 0.957289 0.289134     34.251440 34.251440 1.347247
436.225708 307.191223     15.187500 8.992188 187.812500     -0.146717 -0.989178 0.989178 -0.146717     13.787249 13.787249 1.697610
436.225708 307.191223     41.156250 9.847656 224.375000     -0.146717 -0.989178 0.989178 -0.146717     13.787249 13.787249 4.618126
395.498230 260.095734     698.281250 -194.164062 681.949219     -0.999723 -0.023524 0.023524 -0.999723     27.416287 27.416287 4.829499
362.380066 247.859756     18.218750 -6.453125 44.148438     0.641106 -0.767452 0.767452 0.641106     50.557564 50.557564 0.948732
512.030884 91.321037     16.125000 15.097656 42.671387     -0.095599 -0.995420 0.995420 -0.095599     26.516826 26.516826 6.359994
389.433868 170.615570     245.750000 -64.046875 68.972656     -0.938390 0.345578 -0.345578 -0.938390     31.764094 31.764094 4.622675
390.255920 300.331787     15.343750 -7.843750 25.882812     -0.914909 -0.403661 0.403661 -0.914909     43.781670 43.781670 2.990801
390.255920 300.331787     826.125000 -167.144531 671.943359     -0.914909 -0.403661 0.403661 -0.914909     43.781670 43.781670 4.763989
360.700378 161.643936     867.515625 246.835938 676.125000     0.357485 -0.933919 0.933919 0.357485     70.319835 70.319835 1.456143
355.859253 161.491394     21.765625 20.429688 54.309814     0.431758 -0.901990 0.901990 0.431758     80.880227 80.880227 1.282428
355.859253 161.491394     16.875000 -9.187500 30.976562     0.431758 -0.901990 0.901990 0.431758     80.880227 80.880227 3.932621
373.120789 279.939056     26.921875 7.242188 58.585938     -0.551445 -0.834211 0.834211 -0.551445     71.355020 71.355020 4.841231
380.072205 69.914444     1073.554688 -166.152344 698.113281     -0.556624 -0.830764 0.830764 -0.556624     42.689912 42.689912 4.913252
380.072205 69.914444     1102.484375 181.773438 704.101562     -0.556624 -0.830764 0.830764 -0.556624     42.689912 42.689912 5.195690
617.619385 399.735077     15.468750 9.312500 184.039062     -0.999841 0.017827 -0.017827 -0.999841     7.385276 7.385276 4.755312
528.258728 319.612396     560.031250 502.179688 12633.152344     -0.130282 -0.991477 0.991477 -0.130282     27.447970 27.447970 6.391646
397.648773 260.507996     876.296875 -270.375000 578.038574     -0.994331 0.106325 -0.106325 -0.994331     28.554322 28.554322 4.892525
368.982697 281.209747     29.656250 -24.171875 50.421875     -0.627264 -0.778806 0.778806 -0.627264     82.968010 82.968010 2.399425
368.982697 281.209747     15.515625 36.703125 259.523438     -0.627264 -0.778806 0.778806 -0.627264     82.968010 82.968010 5.016122
512.021484 151.899139     1287.718750 -172.667969 783.910156     -0.045843 -0.998949 0.998949 -0.045843     12.101021 12.101021 4.476216
504.323517 47.151962     8.921875 -4.457031 118.891602     -0.406452 -0.913672 0.913672 -0.406452     12.765537 12.765537 0.669352
524.664429 139.195953     41.703125 38.785156 80.396240     -0.051880 -0.998653 0.998653 -0.051880     17.265201 17.265201 3.030459
512.798584 90.223923     753.062500 130.968750 252.015625     -0.053517 -0.998567 0.998567 -0.053517     28.683212 28.683212 6.252099
343.744690 162.788834     34.656250 -28.953125 59.484375     -0.721810 0.692091 -0.692091 -0.721810     100.197482 100.197482 4.064788
343.744690 162.788834     1557.835938 130.031250 770.539062     -0.721810 0.692091 -0.692091 -0.721810     100.197482 100.197482 6.264023
402.288971 358.097412     34.734375 5.546875 61.027344     0.228872 -0.973456 0.973456 0.228872     18.390381 18.390381 0.644405
402.288971 358.097412     30.125000 -3.265625 54.589844     0.228872 -0.973456 0.973456 0.228872     18.390381 18.390381 1.345507
504.644897 46.444897     64.625000 56.031250 267.093750     -0.412146 -0.911118 0.911118 -0.412146     13.719861 13.719861 0.697377
394.378632 169.309692     286.796875 2.593750 41.585938     -0.951252 0.308413 -0.308413 -0.951252     31.244228 31.244228 4.682096
528.710388 360.153839     1614.164062 -999.847656 3660.668945     0.470290 -0.882512 0.882512 0.470290     15.035534 15.035534 0.859725
528.710388 360.153839     44.968750 45.261719 102.633789     0.470290 -0.882512 0.882512 0.470290     15.035534 15.035534 5.474022
339.154449 162.375534     37.218750 -31.968750 66.960938     -0.842265 0.539063 -0.539063 -0.842265     106.960768 106.960768 3.960194
339.154449 162.375534     1986.898438 1021.960938 2586.859375     -0.842265 0.539063 -0.539063 -0.842265     106.960768 106.960768 6.038156
357.861023 282.077362     38.468750 -32.265625 72.117188     -0.825068 -0.565034 0.565034 -0.825068     101.333317 101.333317 4.999173
505.468750 45.553123     1934.664062 -1069.132812 3764.893555     -0.434154 -0.900839 0.900839 -0.434154     15.536185 15.536185 0.738850
529.067993 360.588013     15.953125 37.750000 256.773438     0.442259 -0.896887 0.896887 0.442259     15.810700 15.810700 0.882027
529.067993 360.588013     10.781250 1.398438 119.566406     0.442259 -0.896887 0.896887 0.442259     15.810700 15.810700 5.486803
414.684967 193.413925     39.890625 3.609375 60.566406     -0.212870 -0.977081 0.977081 -0.212870     22.654301 22.654301 4.652032
331.053833 162.491074     36.359375 -0.390625 55.574219     -0.935098 0.354390 -0.354390 -0.935098     113.409251 113.409251 1.145880
331.053833 162.491074     47.578125 48.371094 119.472046     -0.935098 0.354390 -0.354390 -0.935098     113.409251 113.409251 3.911309
349.408112 283.848602     2148.976562 1095.796875 2833.890625     -0.932380 -0.361480 0.361480 -0.932380     113.273924 113.273924 1.702931
349.408112 283.848602     39.406250 -33.406250 83.671875     -0.932380 -0.361480 0.361480 -0.932380     113.273924 113.273924 2.659401
524.814697 139.202698     2352.687500 1213.843750 3136.203125     -0.054993 -0.998487 0.998487 -0.054993     17.402758 17.402758 3.044165
530.689209 359.729218     52.125000 57.974609 161.473877     0.550149 -0.835066 0.835066 0.550149     16.675281 16.675281 0.883245
530.689209 359.729218     16.562500 7.742188 195.455078     0.550149 -0.835066 0.835066 0.550149     16.675281 16.675281 5.291711
436.101990 307.365448     43.687500 -37.812500 99.359375     -0.145592 -0.989345 0.989345 -0.145592     14.311401 14.311401 1.733511
436.101990 307.365448     46.449219 12.011719 13.238281     -0.145592 -0.989345 0.989345 -0.145592     14.311401 14.311401 4.584889
323.784119 160.995483     14.984375 33.312500 244.257812     -0.955204 0.295947 -0.295947 -0.955204     121.617699 121.617699 3.884273
323.784119 160.995483     12.515625 3.238281 115.923828     -0.955204 0.295947 -0.295947 -0.955204     121.617699 121.617699 5.956546
420.450348 125.343971     3138.023438 -1170.488281 3895.599609     0.040430 -0.999182 0.999182 0.040430     13.304735 13.304735 1.574592
507.395691 45.040859     44.562500 -40.140625 125.109375     -0.526135 -0.850401 0.850401 -0.526135     18.935924 18.935924 0.880704
380.398956 377.082306     48.015625 4.085938 58.234375     -0.971135 -0.238531 0.238531 -0.971135     66.722572 66.722572 4.612710
531.451294 360.107697     54.437500 65.318359 204.641479     0.550423 -0.834886 0.834886 0.550423     17.755367 17.755367 0.879458
531.451294 360.107697     24.433594 -4.226562 37.308594     0.550423 -0.834886 0.834886 0.550423     17.755367 17.755367 5.289006
336.149933 286.095428     3572.820312 1462.195312 4299.085938     -0.987304 -0.158844 0.158844 -0.987304     123.206252 123.206252 3.742411
415.935791 193.192657     701.468750 502.609375 12609.445312     -0.198310 -0.980139 0.980139 -0.198310     26.089169 26.089169 4.749421
419.975250 234.038864     44.937500 -40.578125 147.671875     0.130071 -0.991505 0.991505 0.130071     24.522563 24.522563 1.626407
419.975250 234.038864     49.843750 -2.210938 51.578125     0.130071 -0.991505 0.991505 0.130071     24.522563 24.522563 4.750059
528.248901 265.107605     4136.265625 -1052.697266 3838.534180     -0.250073 -0.968227 0.968227 -0.250073     31.868542 31.868542 0.437339
528.248901 265.107605     16.593750 4.203125 113.967773     -0.250073 -0.968227 0.968227 -0.250073     31.868542 31.868542 2.054933
403.996613 261.031738     319.250000 1.835938 42.718750     -0.999944 -0.010576 0.010576 -0.999944     29.009649 29.009649 4.744838
507.500916 43.427029     27.632812 -3.382812 36.613281     -0.481005 -0.876718 0.876718 -0.481005     20.193031 20.193031 0.842315
531.893250 360.283051     49.179688 15.140625 16.437500     0.537692 -0.843142 0.843142 0.537692     18.461798 18.461798 0.873844
531.893250 360.283051     8.656250 7.601562 208.531250     0.537692 -0.843142 0.843142 0.537692     18.461798 18.461798 5.292639
343.930389 318.105438     56.406250 66.443359 243.623291     -0.599312 -0.800516 0.800516 -0.599312     157.294170 157.294170 1.309906
343.930389 318.105438     47.656250 -43.578125 179.875000     -0.599312 -0.800516 0.800516 -0.599312     157.294170 157.294170 4.847983
532.228027 360.857727     4524.015625 1330.929688 4388.710938     0.518484 -0.855088 0.855088 0.518484     19.565657 19.565657 0.886088
532.228027 360.857727     1056.093750 110.546875 12282.644531     0.518484 -0.855088 0.855088 0.518484     19.565657 19.565657 5.323607
435.795013 306.217499     19.843750 21.000000 229.093750     -0.151320 -0.988485 0.988485 -0.151320     14.353705 14.353705 1.798542
435.795013 306.217499     56.218750 6.234375 56.503906     -0.151320 -0.988485 0.988485 -0.151320     14.353705 14.353705 4.638983
420.361633 124.987419     48.125000 6.781250 229.905762     -0.012852 -0.999917 0.999917 -0.012852     14.763344 14.763344 1.588570
416.829681 192.936813     47.843750 -49.718750 237.890625     -0.167166 -0.985929 0.985929 -0.167166     28.202706 28.202706 4.567590
420.956238 234.443756     5743.867188 -986.148438 3864.506836     0.020317 -0.999794 0.999794 0.020317     27.131469 27.131469 1.491903
507.746094 42.040497     5549.656250 1166.671875 4375.507812     -0.449180 -0.893441 0.893441 -0.449180     21.702624 21.702624 0.794302
532.294983 362.124298     24.359375 5.226562 114.308594     0.473121 -0.880998 0.880998 0.473121     20.849206 20.849206 5.359791
396.142090 168.982803     48.500000 -55.671875 341.796875     -0.961533 0.274690 -0.274690 -0.961533     31.620223 31.620223 4.735968
421.742950 234.587570     46.390625 -8.394531 11.991211     -0.026325 -0.999653 0.999653 -0.026325     28.678571 28.678571 1.551466
507.885529 39.420124     25.203125 18.171875 231.648438     -0.396171 -0.918177 0.918177 -0.396171     23.430424 23.430424 0.763590
525.027100 139.210175     28.390625 5.582031 115.307617     -0.043157 -0.999068 0.999068 -0.043157     18.127827 18.127827 2.999275
532.932678 362.818909     8420.664062 2140.152344 20374.976562     0.451198 -0.892424 0.892424 0.451198     22.305664 22.305664 5.372930
236.274261 239.734177     47.781250 -59.781250 437.421875     -0.951378 -0.308025 0.308025 -0.951378     13.759472 13.759472 0.841640
236.274261 239.734177     366.500000 -91.101562 82.070312     -0.951378 -0.308025 0.308025 -0.951378     13.759472 13.759472 1.584369
436.002167 305.475067     33.609375 5.105469 114.477539     -0.140931 -0.990019 0.990019 -0.140931     14.401607 14.401607 1.811998
436.002167 305.475067     1415.093750 773.601562 12838.953125     -0.140931 -0.990019 0.990019 -0.140931     14.401607 14.401607 4.558198
420.835571 125.056602     9918.742188 1982.253906 20305.371094     -0.031270 -0.999511 0.999511 -0.031270     15.855280 15.855280 1.581960
533.063538 364.755524     67.562500 -9.531250 50.085938     0.381920 -0.924195 0.924195 0.381920     23.800930 23.800930 5.400448
417.831696 192.936584     359.343750 7.015625 55.632812     -0.330919 -0.943659 0.943659 -0.330919     30.713212 30.713212 4.629981
507.819550 36.827068     26.953125 16.507812 176.965820     -0.350325 -0.936628 0.936628 -0.350325     24.650225 24.650225 0.715856
218.996811 253.216568     23.406250 1.164062 48.646484     0.286416 -0.958105 0.958105 0.286416     21.660901 21.660901 0.860396
218.996811 253.216568     11.359375 -10.777344 40.228027     0.286416 -0.958105 0.958105 0.286416     21.660901 21.660901 3.528530
533.204163 366.460022     448.812500 16.117188 56.585938     0.328103 -0.944642 0.944642 0.328103     24.991600 24.991600 5.456044
422.519806 234.623764     467.234375 -120.460938 89.562500     0.563408 -0.826179 0.826179 0.563408     31.285848 31.285848 0.998397
421.527832 125.231628     13.015625 -10.707031 40.555176     -0.043045 -0.999073 0.999073 -0.043045     18.230644 18.230644 1.507145
421.527832 125.231628     176.812500 -51.929688 58.695312     -0.043045 -0.999073 0.999073 -0.043045     18.230644 18.230644 5.899757
405.709045 261.195312     174.812500 31.843750 55.460938     -0.999978 -0.006639 0.006639 -0.999978     29.407616 29.407616 4.681649
436.603241 304.596039     51.488281 15.816406 18.210938     -0.124832 -0.992178 0.992178 -0.124832     15.761646 15.761646 1.793978
436.603241 304.596039     55.062500 8.242188 16.062500     -0.124832 -0.992178 0.992178 -0.124832     15.761646 15.761646 4.645522
398.391937 168.425644     24.281250 19.609375 118.718750     -0.962178 0.272422 -0.272422 -0.962178     31.745993 31.745993 4.726117
218.575928 253.171921     29.718750 4.968750 17.816406     0.317249 -0.948342 0.948342 0.317249     23.165674 23.165674 0.876424
218.575928 253.171921     44.250000 -18.820312 26.535156     0.317249 -0.948342 0.948342 0.317249     23.165674 23.165674 2.238902
235.996185 239.347336     15.156250 3.781250 33.339844     -0.931171 -0.364583 0.364583 -0.931171     14.588236 14.588236 0.875401
235.996185 239.347336     1723.562500 514.539062 13870.636719     -0.931171 -0.364583 0.364583 -0.931171     14.588236 14.588236 1.675892
512.032959 152.234497     447.203125 27.796875 253.371094     -0.037949 -0.999280 0.999280 -0.037949     13.017037 13.017037 4.471098
512.032959 152.234497     11.937500 5.796875 31.679688     -0.037949 -0.999280 0.999280 -0.037949     13.017037 13.017037 6.014430
508.112610 34.201965     39.859375 -3.980469 63.033203     -0.303760 -0.952749 0.952749 -0.303760     26.706830 26.706830 0.625771
533.706299 368.268433     193.140625 -57.054688 61.824219     0.287295 -0.957842 0.957842 0.287295     26.464222 26.464222 5.487868
422.109100 125.202019     80.484375 9.906250 17.527344     -0.044324 -0.999017 0.999017 -0.044324     19.607325 19.607325 1.548367
422.109100 125.202019     52.593750 -21.859375 29.601562     -0.044324 -0.999017 0.999017 -0.044324     19.607325 19.607325 5.922576
436.961365 304.296753     16.859375 3.687500 29.976562     -0.098881 -0.995099 0.995099 -0.098881     18.962592 18.962592 1.779867
436.961365 304.296753     102.593750 12.625000 21.046875     -0.098881 -0.995099 0.995099 -0.098881     18.962592 18.962592 4.458490
418.576080 192.971741     49.277344 4.964844 32.480469     -0.698977 -0.715145 0.715145 -0.698977     31.859658 31.859658 5.086103
513.284302 90.142159     78.523438 0.429688 40.421875     -0.037227 -0.999307 0.999307 -0.037227     31.135441 31.135441 6.215654
533.655151 370.910522     184.937500 -6.445312 35.449219     0.238701 -0.971093 0.971093 0.238701     26.858091 26.858091 5.500804
423.494446 234.414627     22.640625 -8.054688 100.949219     -0.888432 0.459007 -0.459007 -0.888432     30.796164 30.796164 0.687024
423.494446 234.414627     192.281250 78.632812 48.107422     -0.888432 0.459007 -0.459007 -0.888432     30.796164 30.796164 3.727363
508.465485 32.898457     159.605469 -12.117188 129.906250     -0.269779 -0.962922 0.962922 -0.269779     28.359918 28.359918 0.551749
423.184814 125.238342     14.000000 16.984375 124.675781     -0.057814 -0.998327 0.998327 -0.057814     22.071434 22.071434 1.536310
423.184814 125.238342     67.000000 -20.265625 74.839844     -0.057814 -0.998327 0.998327 -0.057814     22.071434 22.071434 3.716806
407.270233 261.978882     45.125000 -22.109375 25.785156     -0.999954 -0.009569 0.009569 -0.999954     31.322819 31.322819 4.676392
407.270233 261.978882     332.265625 91.042969 47.849609     -0.999954 -0.009569 0.009569 -0.999954     31.322819 31.322819 5.105113
533.866028 375.146240     735.781250 68.625000 301.890625     0.180418 -0.983590 0.983590 0.180418     27.844871 27.844871 5.520211
376.181427 100.694687     15.343750 14.851562 126.996094     -0.974340 0.225081 -0.225081 -0.974340     14.267202 14.267202 1.541782
438.141968 304.059784     47.406250 -19.882812 29.414062     -0.087020 -0.996207 0.996207 -0.087020     21.868237 21.868237 1.826965
438.141968 304.059784     30.171875 -10.242188 106.628906     -0.087020 -0.996207 0.996207 -0.087020     21.868237 21.868237 2.340268
423.781586 125.101402     18.828125 0.031250 59.007812     -0.063829 -0.997961 0.997961 -0.063829     23.826044 23.826044 1.364853
423.781586 125.101402     11.000000 6.062500 45.125000     -0.063829 -0.997961 0.997961 -0.063829     23.826044 23.826044 1.750613
533.961426 378.471222     890.671875 -158.093750 83.523438     0.148317 -0.988940 0.988940 0.148317     28.035945 28.035945 5.529851
401.268097 167.197769     123.328125 -5.390625 87.390625     -0.959699 0.281029 -0.281029 -0.959699     33.491917 33.491917 4.733339
424.187866 124.877121     47.375000 -14.156250 30.937500     -0.062760 -0.998029 0.998029 -0.062760     25.963216 25.963216 1.382874
424.187866 124.877121     13.375000 4.210938 49.562500     -0.062760 -0.998029 0.998029 -0.062760     25.963216 25.963216 3.059110
438.950562 304.216492     31.062500 -12.078125 124.156250     -0.078435 -0.996919 0.996919 -0.078435     23.954633 23.954633 1.913529
438.950562 304.216492     37.539062 14.375000 116.710938     -0.078435 -0.996919 0.996919 -0.078435     23.954633 23.954633 2.487116
419.278931 193.155594     93.171875 12.468750 180.449219     -0.888162 -0.459530 0.459530 -0.888162     32.446913 32.446913 5.303199
423.941895 234.442886     20.062500 1.750000 57.250000     -0.915363 0.402629 -0.402629 -0.915363     30.485149 30.485149 3.560254
423.941895 234.442886     759.437500 45.421875 468.671875     -0.915363 0.402629 -0.402629 -0.915363     30.485149 30.485149 4.044016
408.983734 262.823395     49.875000 -14.406250 36.648438     -0.999734 -0.023081 0.023081 -0.999734     33.515437 33.515437 4.640125
449.212280 124.705521     29.734375 -10.320312 151.695312     -0.108104 -0.994140 0.994140 -0.108104     22.571006 22.571006 1.616791
449.212280 124.705521     1369.156250 -90.265625 255.875000     -0.108104 -0.994140 0.994140 -0.108104     22.571006 22.571006 3.182052
445.652710 81.738914     1232.968750 177.433594 98.718750     -0.045973 -0.998943 0.998943 -0.045973     21.746074 21.746074 1.562669
445.652710 81.738914     35.945312 13.062500 143.519531     -0.045973 -0.998943 0.998943 -0.045973     21.746074 21.746074 3.062059
480.369446 74.945816     51.500000 -58.906250 242.046875     0.315208 -0.949023 0.949023 0.315208     12.551526 12.551526 3.075544
218.448456 253.149490     264.781250 55.187500 330.390625     0.350919 -0.936406 0.936406 0.350919     24.939764 24.939764 0.908989
218.448456 253.149490     173.015625 104.109375 357.156250     0.350919 -0.936406 0.936406 0.350919     24.939764 24.939764 2.264094
463.020782 301.260406     13.156250 3.488281 75.354248     -0.063061 -0.998010 0.998010 -0.063061     22.457115 22.457115 1.567975
463.020782 301.260406     219.468750 2.449219 162.382812     -0.063061 -0.998010 0.998010 -0.063061     22.457115 22.457115 3.177363
437.402863 124.599892     1406.031250 -97.984375 258.398438     -0.913313 -0.407259 0.407259 -0.913313     53.801597 53.801597 4.353126
412.360748 263.293030     21.359375 -2.195312 35.421875     -0.999160 -0.040988 0.040988 -0.999160     33.652290 33.652290 4.646967
405.257385 165.927673     51.531250 -55.578125 255.757812     -0.959966 0.280117 -0.280117 -0.959966     33.194072 33.194072 4.792548
451.534180 303.083252     1179.343750 179.640625 101.419922     -0.002551 -0.999997 0.999997 -0.002551     55.633366 55.633366 2.568453
451.534180 303.083252     252.921875 18.664062 393.980469     -0.002551 -0.999997 0.999997 -0.002551     55.633366 55.633366 3.001160
480.609650 75.039474     23.718750 0.859375 56.890625     0.324477 -0.945894 0.945894 0.324477     13.754636 13.754636 3.070541
429.272858 232.568985     44.343750 0.986328 68.402100     -0.935676 0.352861 -0.352861 -0.935676     28.142676 28.142676 3.848834
429.272858 232.568985     75.687500 -28.625000 154.800781     -0.935676 0.352861 -0.352861 -0.935676     28.142676 28.142676 4.310600
423.558563 194.177170     178.484375 120.171875 640.703125     -0.970116 -0.242641 0.242641 -0.970116     31.012909 31.012909 5.237371
235.785461 239.384079     36.132812 13.617188 151.230469     -0.928652 -0.370952 0.370952 -0.928652     15.518829 15.518829 0.766120
235.785461 239.384079     20.742188 8.164062 64.621094     -0.928652 -0.370952 0.370952 -0.928652     15.518829 15.518829 1.726806
446.023682 183.668640     66.546875 -45.390625 76.601562     -0.980076 -0.198621 0.198621 -0.980076     17.071645 17.071645 2.350555
446.023682 183.668640     52.531250 -51.968750 272.332031     -0.980076 -0.198621 0.198621 -0.980076     17.071645 17.071645 3.943276
468.249512 373.473267     112.703125 -18.539062 6.644531     -0.195540 -0.980696 0.980696 -0.195540     20.310589 20.310589 3.550710
543.133667 174.420792     1078.484375 -61.851562 390.371094     -0.940112 -0.340865 0.340865 -0.940112     18.008346 18.008346 0.869965
449.700653 242.450653     690.656250 520.312500 2394.218750     -0.844343 0.535804 -0.535804 -0.844343     17.189849 17.189849 4.409788
449.700653 242.450653     96.273438 -61.886719 86.285156     -0.844343 0.535804 -0.535804 -0.844343     17.189849 17.189849 4.833251
535.957520 202.386795     1305.671875 124.828125 111.708984     -0.195794 -0.980645 0.980645 -0.195794     17.077064 17.077064 3.418367
535.957520 202.386795     142.109375 -6.214844 59.628906     -0.195794 -0.980645 0.980645 -0.195794     17.077064 17.077064 3.789483
410.792206 174.479050     221.484375 -0.728516 55.418213     -0.990264 -0.139205 0.139205 -0.990264     71.074875 71.074875 5.387947
498.141449 339.575623     520.656250 48.484375 166.074219     -0.262391 -0.964962 0.964962 -0.262391     14.484986 14.484986 2.965072
482.483307 123.772102     41.968750 10.945312 150.109375     0.164696 -0.986344 0.986344 0.164696     28.172562 28.172562 1.923979
482.483307 123.772102     822.406250 71.500000 570.015625     0.164696 -0.986344 0.986344 0.164696     28.172562 28.172562 5.514113
430.161194 232.389343     1317.828125 -139.765625 724.367188     -0.936704 0.350122 -0.350122 -0.936704     28.637225 28.637225 4.137481
430.161194 232.389343     65.937500 -49.156250 273.167969     -0.936704 0.350122 -0.350122 -0.936704     28.637225 28.637225 4.473688
433.696747 149.098679     37.917507 18.250000 32.359375     -0.755837 0.654760 -0.654760 -0.755837     88.916682 88.916682 2.013569
433.696747 149.098679     112.625000 -59.683105 145.177780     -0.755837 0.654760 -0.654760 -0.755837     88.916682 88.916682 5.159482
494.766541 291.483734     36.812500 -31.710938 57.472656     -0.522128 -0.852867 0.852867 -0.522128     31.092169 31.092169 0.779230
470.238586 170.855331     21.742188 11.029297 73.552734     -0.991107 0.133067 -0.133067 -0.991107     15.597649 15.597649 1.606398
470.238586 170.855331     23.062500 -9.757080 30.172764     -0.991107 0.133067 -0.133067 -0.991107     15.597649 15.597649 4.750237
469.593292 209.765549     254.687500 -192.683594 185.746094     -0.260561 -0.965457 0.965457 -0.260561     17.652660 17.652660 1.796732
469.593292 209.765549     490.050781 55.031250 220.953125     -0.260561 -0.965457 0.965457 -0.260561     17.652660 17.652660 3.489255
447.580139 183.862595     94.625000 -20.796875 304.414062     -0.988403 -0.151854 0.151854 -0.988403     18.003034 18.003034 2.353034
447.580139 183.862595     1473.234375 268.640625 2603.421875     -0.988403 -0.151854 0.151854 -0.988403     18.003034 18.003034 4.007321
450.008636 242.429398     1342.359375 720.718750 2593.625000     -0.855998 0.516979 -0.516979 -0.855998     18.223406 18.223406 4.365733
450.008636 242.429398     107.500000 6.132812 26.218750     -0.855998 0.516979 -0.516979 -0.855998     18.223406 18.223406 4.800984
469.655609 209.443985     246.609375 69.129883 487.397827     -0.253306 -0.967386 0.967386 -0.253306     17.940175 17.940175 1.776612
469.655609 209.443985     455.671875 -182.457031 132.865234     -0.253306 -0.967386 0.967386 -0.253306     17.940175 17.940175 3.389454
449.336945 184.386612     46.906250 -43.976562 137.500000     -0.988751 -0.149574 0.149574 -0.988751     19.685644 19.685644 2.384127
449.336945 184.386612     199.093750 80.210938 64.304688     -0.988751 -0.149574 0.149574 -0.988751     19.685644 19.685644 4.027466
236.696426 237.102036     26.406250 -10.833008 43.237419     -0.964580 -0.263789 0.263789 -0.964580     25.104478 25.104478 2.649273
236.696426 237.102036     85.333038 53.928223 153.140625     -0.964580 -0.263789 0.263789 -0.964580     25.104478 25.104478 5.533451
185.682632 233.002991     47.335938 -2.261719 67.717773     -0.999936 -0.011275 0.011275 -0.999936     28.608475 28.608475 1.356980
185.682632 233.002991     67.351562 3.718750 143.632812     -0.999936 -0.011275 0.011275 -0.999936     28.608475 28.608475 1.764134
191.104843 232.985886     4.578125 12.640625 290.500000     -0.999075 0.042996 -0.042996 -0.999075     26.687632 26.687632 1.648440
191.104843 232.985886     32.855114 -23.550713 81.027039     -0.999075 0.042996 -0.042996 -0.999075     26.687632 26.687632 4.714437
480.700012 218.195450     62.218750 -1.949707 63.304359     -0.012509 -0.999922 0.999922 -0.012509     17.164829 17.164829 1.468635
480.700012 218.195450     122.579147 96.397949 324.031250     -0.012509 -0.999922 0.999922 -0.012509     17.164829 17.164829 4.438634
190.694870 238.277390     2740.375000 1790.734375 16356.628906     -0.920849 0.389920 -0.389920 -0.920849     47.791679 47.791679 0.703113
190.694870 238.277390     66.562500 0.814941 79.457458     -0.920849 0.389920 -0.389920 -0.920849     47.791679 47.791679 1.403979
480.011719 219.070312     71.535667 -62.175446 210.943665     0.101269 -0.994859 0.994859 0.101269     21.020693 21.020693 1.398701
480.011719 219.070312     4720.671875 5088.187500 18634.968750     0.101269 -0.994859 0.994859 0.101269     21.020693 21.020693 4.972344
479.562805 106.702324     185.664520 375.480957 2497.515625     -0.915358 -0.402642 0.402642 -0.915358     16.545643 16.545643 1.376466
188.365219 239.014130     6.540747 -1.902710 222.464844     -0.942016 0.335569 -0.335569 -0.942016     50.430088 50.430088 0.580910
188.365219 239.014130     528.089844 54.535156 231.570312     -0.942016 0.335569 -0.335569 -0.942016     50.430088 50.430088 0.963493
324.424347 225.476974     37.437500 -10.847656 25.445312     -0.148348 -0.988935 0.988935 -0.148348     15.228506 15.228506 1.647207
324.424347 225.476974     65.250000 -2.067871 94.068985     -0.148348 -0.988935 0.988935 -0.148348     15.228506 15.228506 4.249816
483.529572 217.788177     103.328995 -109.247131 461.644409     0.636433 -0.771332 0.771332 0.636433     31.908354 31.908354 0.889427
483.529572 217.788177     242.412506 681.590332 7330.281250     0.636433 -0.771332 0.771332 0.636433     31.908354 31.908354 2.155808
541.916260 227.975372     61.921875 -12.246094 24.808594     -0.836874 0.547395 -0.547395 -0.836874     15.142701 15.142701 1.927150
541.916260 227.975372     64.562500 -6.299805 109.083496     -0.836874 0.547395 -0.547395 -0.836874     15.142701 15.142701 4.522149
475.521912 106.139442     6.015625 15.779785 148.912445     -0.959737 -0.280899 0.280899 -0.959737     20.720938 20.720938 1.456875
432.018768 334.967133     4322.359375 4354.203125 18254.679688     -0.487414 -0.873171 0.873171 -0.487414     21.513989 21.513989 0.524091
432.018768 334.967133     67.125000 -5.676758 125.689941     -0.487414 -0.873171 0.873171 -0.487414     21.513989 21.513989 4.703224
188.376938 239.356583     73.562500 3.194336 146.686798     -0.917364 0.398049 -0.398049 -0.917364     52.236666 52.236666 0.619666
188.376938 239.356583     565.476562 55.679688 241.523438     -0.917364 0.398049 -0.398049 -0.917364     52.236666 52.236666 3.333462
324.705872 224.876755     4332.625000 4324.843750 18780.117188     -0.129639 -0.991561 0.991561 -0.129639     16.473947 16.473947 1.627464
324.705872 224.876755     894.077881 1192.598633 21666.117188     -0.129639 -0.991561 0.991561 -0.129639     16.473947 16.473947 4.246322
542.817871 227.074356     82.593750 8.232422 244.381836     -0.840305 0.542114 -0.542114 -0.840305     18.327140 18.327140 2.022763
542.817871 227.074356     753.703125 29.917969 241.644531     -0.840305 0.542114 -0.542114 -0.840305     18.327140 18.327140 4.481196
405.532654 221.208542     4400.656250 4252.234375 18506.609375     0.130513 -0.991447 0.991447 0.130513     24.159430 24.159430 1.480848
387.343903 351.624420     1204.274902 1300.597656 21612.531250     -0.000778 -1.000000 1.000000 -0.000778     19.526112 19.526112 1.593414
387.343903 351.624420     87.125000 11.904297 278.633850     -0.000778 -1.000000 1.000000 -0.000778     19.526112 19.526112 4.843142
550.192322 198.177887     1713.444336 1431.667969 21156.921875     -0.169872 -0.985466 0.985466 -0.169872     14.198171 14.198171 1.721302
550.192322 198.177887     97.343750 24.877930 335.068542     -0.169872 -0.985466 0.985466 -0.169872     14.198171 14.198171 4.565127
481.067596 214.324142     43008.203125 2895.054688 19726.320312     -0.248676 -0.968587 0.968587 -0.248676     40.223884 40.223884 0.584406
481.067596 214.324142     181.085938 11.347656 42.855469     -0.248676 -0.968587 0.968587 -0.248676     40.223884 40.223884 1.358882
475.901642 106.780327     11.640625 2.828125 79.718750     -0.955490 -0.295023 0.295023 -0.955490     22.358012 22.358012 1.450500
457.131744 331.600433     858.453125 117.296875 122.101562     -0.982626 0.185598 -0.185598 -0.982626     32.964701 32.964701 1.569543
457.131744 331.600433     38.671875 -1.328125 158.796875     -0.982626 0.185598 -0.185598 -0.982626     32.964701 32.964701 4.691079
492.224609 356.505341     4693.125000 -1735.843750 3798.249512     -0.989400 0.145213 -0.145213 -0.989400     41.876471 41.876471 1.613935
542.646179 226.459061     367.367188 -46.929688 246.312500     -0.866628 0.498954 -0.498954 -0.866628     21.481152 21.481152 2.083205
542.646179 226.459061     88.734375 30.953125 63.718750     -0.866628 0.498954 -0.498954 -0.866628     21.481152 21.481152 4.117775
550.645691 197.826767     351.226562 -19.011719 54.335938     -0.114080 -0.993472 0.993472 -0.114080     16.157104 16.157104 1.748329
550.645691 197.826767     295.382812 132.703125 65.343750     -0.114080 -0.993472 0.993472 -0.114080     16.157104 16.157104 4.598834
411.165985 102.716599     324.984375 -11.867188 48.703125     -0.209974 -0.977707 0.977707 -0.209974     22.827904 22.827904 0.699239
411.165985 102.716599     60.843750 -13.953125 31.726562     -0.209974 -0.977707 0.977707 -0.209974     22.827904 22.827904 6.318746
189.713943 239.463943     506.531250 222.291016 190.696777     -0.993485 0.113964 -0.113964 -0.993485     55.942042 55.942042 0.379180
189.713943 239.463943     44.531250 -0.875000 217.662109     -0.993485 0.113964 -0.113964 -0.993485     55.942042 55.942042 2.786526
405.579956 220.407257     9.312500 6.304688 60.000000     0.126601 -0.991954 0.991954 0.126601     24.449950 24.449950 1.545015
327.535248 225.805710     997.109375 33.203125 151.625000     -0.173284 -0.984872 0.984872 -0.173284     26.626099 26.626099 1.154877
481.481598 214.588501     136.765625 3.203125 74.375000     -0.138707 -0.990333 0.990333 -0.138707     43.027505 43.027505 0.984450
481.481598 214.588501     9.687500 -1.406250 47.632812     -0.138707 -0.990333 0.990333 -0.138707     43.027505 43.027505 1.479455
387.292480 351.837952     2819.568359 112.488281 275.371094     -0.046903 -0.998899 0.998899 -0.046903     20.114712 20.114712 1.598737
387.292480 351.837952     395.054688 -30.429688 63.718750     -0.046903 -0.998899 0.998899 -0.046903     20.114712 20.114712 4.923081
543.065186 225.784454     67.062500 -15.976562 42.441406     -0.841783 0.539816 -0.539816 -0.841783     23.559572 23.559572 2.077637
405.591156 221.656433     381.312500 -27.765625 67.250000     0.083727 -0.996489 0.996489 0.083727     24.177708 24.177708 1.543865
474.423309 343.076691     7316.203125 -4733.226562 7690.479492     -0.996771 0.080294 -0.080294 -0.996771     70.952271 70.952271 1.523236
445.393707 103.462578     90.765625 -21.148438 222.109375     -0.988529 -0.151029 0.151029 -0.988529     38.080279 38.080279 1.518659
327.672821 224.781876     375.593750 -136.593750 57.896484     -0.118840 -0.992913 0.992913 -0.118840     26.386230 26.386230 1.098165
327.672821 224.781876     496.984375 150.070312 1053.127930     -0.118840 -0.992913 0.992913 -0.118840     26.386230 26.386230 1.563857
546.304321 213.951889     67.750000 -15.390625 45.625000     0.273354 -0.961913 0.961913 0.273354     26.530987 26.530987 1.595550
546.304321 213.951889     14.828125 -0.984375 63.378906     0.273354 -0.961913 0.961913 0.273354     26.530987 26.530987 5.241321
474.557312 210.049118     3566.907227 136.705078 273.035156     -0.494487 -0.869185 0.869185 -0.494487     68.746191 68.746191 0.560221
474.557312 210.049118     15.687500 12.117188 74.511719     -0.494487 -0.869185 0.869185 -0.494487     68.746191 68.746191 4.728759
474.347626 58.400002     9196.468750 -4899.968750 7670.989258     -0.055821 -0.998441 0.998441 -0.055821     16.200767 16.200767 0.183108
474.347626 58.400002     68.125000 -15.320312 50.078125     -0.055821 -0.998441 0.998441 -0.055821     16.200767 16.200767 0.923058
190.188843 239.684357     142.796875 3.203125 95.156250     -0.999084 -0.042786 0.042786 -0.999084     57.324759 57.324759 2.680002
190.188843 239.684357     19957.234375 -7602.890625 7893.886719     -0.999084 -0.042786 0.042786 -0.999084     57.324759 57.324759 6.400612
475.333099 342.379944     138.468750 5.640625 332.765625     -0.996427 0.084463 -0.084463 -0.996427     71.164436 71.164436 1.521842
443.080505 215.775421     102.875000 -99.960938 239.609375     0.150739 -0.988574 0.988574 0.150739     20.633680 20.633680 1.192155
443.080505 215.775421     111.437500 -95.468750 253.261719     0.150739 -0.988574 0.988574 0.150739     20.633680 20.633680 1.726895
546.306519 213.621216     68.953125 54.062500 154.203125     0.246648 -0.969105 0.969105 0.246648     27.514835 27.514835 1.607565
546.306519 213.621216     383.648438 -34.039062 104.609375     0.246648 -0.969105 0.969105 0.246648     27.514835 27.514835 5.295568
444.001343 102.953148     19260.343750 -7294.871094 7820.826172     -0.987089 -0.160171 0.160171 -0.987089     38.255377 38.255377 1.503231
473.513550 212.393280     59.761635 -46.006050 124.443527     -0.128989 -0.991646 0.991646 -0.128989     71.221530 71.221530 6.294493
387.286194 351.925934     551.390625 -279.046875 474.578125     -0.025881 -0.999665 0.999665 -0.025881     21.905574 21.905574 1.501960
387.286194 351.925934     18145.109375 -6685.945312 9130.158203     -0.025881 -0.999665 0.999665 -0.025881     21.905574 21.905574 4.829638
476.196716 58.270493     103.393951 -79.994186 237.586365     -0.040894 -0.999163 0.999163 -0.040894     29.952353 29.952353 6.259856
407.981750 220.596909     444.265625 -37.484375 121.937500     0.308114 -0.951349 0.951349 0.308114     36.673400 36.673400 1.291712
327.898193 225.420654     13.445312 -40.437500 422.015625     -0.115912 -0.993259 0.993259 -0.115912     26.448252 26.448252 1.169918
327.898193 225.420654     169.023651 -132.770691 437.363647     -0.115912 -0.993259 0.993259 -0.115912     26.448252 26.448252 1.639312
360.938538 91.266396     19124.375000 -7045.566406 14240.632812     -0.177180 -0.984178 0.984178 -0.177180     19.755165 19.755165 4.725372
242.647614 247.161911     23.492188 -4.468750 17.859375     0.667052 -0.745011 0.745011 0.667052     22.904087 22.904087 0.748613
546.196716 213.046585     137.510406 191.855957 1078.312500     0.219064 -0.975710 0.975710 0.219064     28.766005 28.766005 1.619109
546.196716 213.046585     29421.234375 -3339.242188 15366.072266     0.219064 -0.975710 0.975710 0.219064     28.766005 28.766005 5.306934
374.727722 221.876236     39115.859375 -7831.707031 18342.058594     -0.985894 0.167368 -0.167368 -0.985894     8.415472 8.415472 4.637578
457.504059 217.452087     38990.187500 -7766.230469 18823.433594     -0.996048 0.088819 -0.088819 -0.996048     88.279831 88.279831 1.554068
242.191483 247.855316     8.453125 2.187500 114.562500     -0.734995 0.678072 -0.678072 -0.734995     24.313078 24.313078 1.135434
242.191483 247.855316     56.355469 -0.617188 28.300781     -0.734995 0.678072 -0.678072 -0.734995     24.313078 24.313078 3.458024
433.399261 103.788406     37925.976562 -7583.953125 19257.136719     -0.994694 -0.102882 0.102882 -0.994694     44.728708 44.728708 1.527784
433.399261 103.788406     12.265625 1.109375 139.796875     -0.994694 -0.102882 0.102882 -0.994694     44.728708 44.728708 4.681662
475.002045 59.266941     59.695312 16.015625 64.468750     -0.997205 0.074717 -0.074717 -0.997205     34.612943 34.612943 1.598445
387.958893 156.799088     58.078125 14.781250 60.773438     -0.766634 0.642084 -0.642084 -0.766634     22.184106 22.184106 4.785755
477.456635 59.495575     19.375000 -2.765625 186.031250     -0.999990 0.004387 -0.004387 -0.999990     33.498569 33.498569 1.577354
196.685898 240.709930     23.906250 -3.640625 199.234375     -0.991106 -0.133077 0.133077 -0.991106     56.843417 56.843417 1.778659
196.685898 240.709930     71.976562 20.968750 61.945312     -0.991106 -0.133077 0.133077 -0.991106     56.843417 56.843417 2.403353
328.247009 225.500671     71.828125 113.921875 224.468750     -0.099698 -0.995018 0.995018 -0.099698     28.769066 28.769066 1.119607
328.247009 225.500671     24.679688 -2.921875 23.546875     -0.099698 -0.995018 0.995018 -0.099698     28.769066 28.769066 1.660103
454.152924 215.848740     34.796875 -2.328125 25.976562     -0.975876 0.218325 -0.218325 -0.975876     118.470444 118.470444 1.675078
546.527344 213.016510     87.812500 19.703125 62.750000     0.219678 -0.975573 0.975573 0.219678     33.333000 33.333000 1.622136
546.527344 213.016510     65.035156 1.554688 36.039062     0.219678 -0.975573 0.975573 0.219678     33.333000 33.333000 5.440388
397.834076 186.977585     149.968750 8.968750 41.921875     0.587479 -0.809240 0.809240 0.587479     16.711612 16.711612 4.115220
360.740082 90.281586     181.250000 -2.500000 42.062500     -0.199899 -0.979816 0.979816 -0.199899     19.867398 19.867398 4.734947
388.055786 156.629486     181.937500 -7.437500 46.328125     -0.766845 0.641832 -0.641832 -0.766845     22.262095 22.262095 4.782267
196.377701 238.328690     5.562500 -23.703125 196.281250     -0.981217 -0.192906 0.192906 -0.981217     65.232006 65.232006 0.200066
196.377701 238.328690     5.750000 -27.500000 248.171875     -0.981217 -0.192906 0.192906 -0.981217     65.232006 65.232006 1.449199
545.727905 210.739670     181.906250 0.937500 57.109375     0.097707 -0.995215 0.995215 0.097707     43.299081 43.299081 1.742330
545.727905 210.739670     151.218750 12.109375 25.312500     0.097707 -0.995215 0.995215 0.097707     43.299081 43.299081 5.616579
449.453949 193.942276     617.718750 -845.171875 1717.578125     -0.220068 -0.975485 0.975485 -0.220068     169.132339 169.132339 0.243498
434.707214 273.207214     632.468750 -887.890625 1803.656250     -0.997197 -0.074817 0.074817 -0.997197     22.838829 22.838829 4.602109
401.937012 152.215652     223.562500 -17.375000 70.718750     -0.911749 0.410748 -0.410748 -0.911749     32.031416 32.031416 4.757430
395.344421 187.036255     71.625000 289.203125 1334.914062     0.375842 -0.926684 0.926684 0.375842     24.262625 24.262625 4.270263
408.107880 282.344391     4.281250 -8.156250 118.742188     -0.906446 -0.422321 0.422321 -0.906446     23.353952 23.353952 4.606021
357.601440 91.202866     74.523438 -18.906250 311.308594     0.108981 -0.994044 0.994044 0.108981     30.879306 30.879306 4.612386
326.647186 225.720245     210.656250 -72.421875 575.803833     -0.048578 -0.998819 0.998819 -0.048578     36.880980 36.880980 1.060395
326.647186 225.720245     9241.085938 1731.929688 21370.792969     -0.048578 -0.998819 0.998819 -0.048578     36.880980 36.880980 1.652309
460.897064 454.805878     28.974609 12.824219 45.242188     -0.044081 -0.999028 0.999028 -0.044081     9.022887 9.022887 1.578828
196.967606 238.249359     465.968750 -222.703125 1774.528320     -0.984510 -0.175326 0.175326 -0.984510     67.027108 67.027108 1.586557
196.967606 238.249359     12780.359375 2717.828125 20384.761719     -0.984510 -0.175326 0.175326 -0.984510     67.027108 67.027108 2.132458
293.227722 213.668320     38.765625 25.023438 95.351562     -0.861327 0.508051 -0.508051 -0.861327     19.639219 19.639219 0.887039
293.227722 213.668320     117.781693 -56.681763 192.186829     -0.861327 0.508051 -0.508051 -0.861327     19.639219 19.639219 3.770807
292.946899 213.960175     113.750000 90.250000 493.296875     -0.957767 0.287545 -0.287545 -0.957767     20.686311 20.686311 5.196314
428.347839 17.434782     353.395508 -65.927734 14.515625     -0.108469 -0.994100 0.994100 -0.108469     9.324716 9.324716 4.727121
197.343735 238.008484     13.312500 17.343750 134.152344     -0.986328 -0.164794 0.164794 -0.986328     68.574537 68.574537 1.691696
197.343735 238.008484     314.174194 134.289062 114.437500     -0.986328 -0.164794 0.164794 -0.986328     68.574537 68.574537 2.260946
199.207458 237.558990     24.020588 7.237793 41.585938     -0.998309 -0.058130 0.058130 -0.998309     69.699530 69.699530 1.349040
199.207458 237.558990     417.052673 -534.572510 5813.555664     -0.998309 -0.058130 0.058130 -0.998309     69.699530 69.699530 1.714203
