1.0
785
362.894562 302.950806     179.609375 21.695312 29.546875     -0.990113 -0.140273 0.140273 -0.990113     23.153463 23.153463 1.185077
362.894562 302.950806     645.390625 15.828125 49.070312     -0.990113 -0.140273 0.140273 -0.990113     23.153463 23.153463 5.726400
380.006042 299.574341     1069.296875 79.789062 83.539062     -0.999648 -0.026515 0.026515 -0.999648     31.387454 31.387454 1.340923
380.006042 299.574341     1042.000000 72.085938 103.500000     -0.999648 -0.026515 0.026515 -0.999648     31.387454 31.387454 5.892958
386.081543 295.705994     263.187500 20.875000 17.468750     -0.996782 -0.080160 0.080160 -0.996782     39.518752 39.518752 1.319598
386.081543 295.705994     399.343750 33.062500 20.046875     -0.996782 -0.080160 0.080160 -0.996782     39.518752 39.518752 5.675820
387.713074 292.906769     540.906250 43.187500 22.062500     -0.997097 -0.076140 0.076140 -0.997097     44.546678 44.546678 1.281396
387.713074 292.906769     197.546875 1.062500 2.656250     -0.997097 -0.076140 0.076140 -0.997097     44.546678 44.546678 3.096010
416.677551 406.259735     219.531250 -1.453125 3.515625     -0.996461 -0.084052 0.084052 -0.996461     17.834957 17.834957 3.207769
418.135040 406.447174     929.281250 71.703125 27.015625     -0.996278 -0.086193 0.086193 -0.996278     18.655449 18.655449 3.161608
421.061035 406.865753     251.062500 -3.281250 4.906250     -0.996600 -0.082388 0.082388 -0.996600     19.351166 19.351166 3.154605
431.433899 447.203400     273.640625 -5.390625 6.125000     -0.999985 -0.005452 0.005452 -0.999985     7.326102 7.326102 3.166210
431.433899 447.203400     292.046875 -5.359375 7.468750     -0.999985 -0.005452 0.005452 -0.999985     7.326102 7.326102 4.901327
431.543671 447.374634     29.281250 -33.855469 137.671875     -0.999977 0.006726 -0.006726 -0.999977     8.425762 8.425762 3.292339
426.401520 407.340973     1162.593750 77.515625 27.968750     -0.996896 -0.078729 0.078729 -0.996896     20.794145 20.794145 1.597832
426.401520 407.340973     25.828125 2.890625 18.312500     -0.996896 -0.078729 0.078729 -0.996896     20.794145 20.794145 3.141893
432.323517 447.821259     1036.781250 84.007812 114.539062     -0.999911 0.013326 -0.013326 -0.999911     9.923004 9.923004 3.324475
433.323486 448.098633     312.546875 -5.265625 9.968750     -0.999797 0.020138 -0.020138 -0.999797     11.037776 11.037776 3.374665
433.507751 448.411346     35.328125 5.039062 38.656250     -0.999823 0.018823 -0.018823 -0.999823     12.214706 12.214706 3.357336
433.507751 448.411346     31.750000 -44.449219 182.094727     -0.999823 0.018823 -0.018823 -0.999823     12.214706 12.214706 4.998407
524.257935 74.800957     169.160156 24.398438 30.515625     0.275577 -0.961279 0.961279 0.275577     19.909978 19.909978 4.663151
524.257935 74.800957     1504.937500 85.453125 29.500000     0.275577 -0.961279 0.961279 0.275577     19.909978 19.909978 6.228585
429.202148 407.544373     78.007812 9.328125 19.398438     -0.997696 -0.067846 0.067846 -0.997696     21.438854 21.438854 1.582094
429.202148 407.544373     361.125000 -6.859375 12.875000     -0.997696 -0.067846 0.067846 -0.997696     21.438854 21.438854 4.761113
299.076630 401.379303     55.726562 8.664062 83.281250     -0.946738 -0.322006 0.322006 -0.946738     18.732833 18.732833 0.908368
386.745758 291.924103     33.750000 -53.457031 226.001465     -0.995944 -0.089981 0.089981 -0.995944     46.537307 46.537307 1.274678
386.745758 291.924103     389.515625 -7.015625 14.781250     -0.995944 -0.089981 0.089981 -0.995944     46.537307 46.537307 3.044707
434.280304 448.995605     166.960938 23.468750 29.921875     -0.999849 0.017395 -0.017395 -0.999849     14.142565 14.142565 3.338725
434.280304 448.995605     469.671875 29.039062 21.617188     -0.999849 0.017395 -0.017395 -0.999849     14.142565 14.142565 5.024371
298.563873 397.920715     505.945312 -13.867188 35.953125     -0.585843 -0.810425 0.810425 -0.585843     25.330431 25.330431 0.358337
298.563873 397.920715     1830.109375 86.765625 30.656250     -0.585843 -0.810425 0.810425 -0.585843     25.330431 25.330431 4.050189
524.911072 72.010780     759.738281 169.062500 212.796875     0.263837 -0.964567 0.964567 0.263837     19.918211 19.918211 4.677304
181.394730 335.966156     70.945312 9.093750 115.593750     -0.985718 -0.168402 0.168402 -0.985718     23.098349 23.098349 2.723411
433.494781 407.898071     414.718750 -7.937500 17.156250     -0.998338 -0.057628 0.057628 -0.998338     22.304431 22.304431 1.580875
433.494781 407.898071     36.156250 -64.007812 275.438477     -0.998338 -0.057628 0.057628 -0.998338     22.304431 22.304431 4.756966
288.917419 336.265625     1216.437500 166.367188 568.625000     -0.988152 -0.153478 0.153478 -0.988152     19.065142 19.065142 3.012551
288.917419 336.265625     2193.125000 78.437500 30.875000     -0.988152 -0.153478 0.153478 -0.988152     19.065142 19.065142 6.020833
435.819183 449.586151     1745.789062 40.437500 22.210938     -0.999806 0.019685 -0.019685 -0.999806     16.061877 16.061877 3.363116
435.819183 449.586151     1495.027344 258.406250 647.718750     -0.999806 0.019685 -0.019685 -0.999806     16.061877 16.061877 5.050379
298.309814 392.528717     83.593750 7.757812 145.000000     -0.277015 -0.960866 0.960866 -0.277015     32.831112 32.831112 6.266728
525.369019 69.633415     2598.273438 72.664062 22.984375     0.251048 -0.967975 0.967975 0.251048     20.067016 20.067016 4.686107
436.475464 450.004364     471.500000 -8.015625 21.765625     -0.999825 0.018712 -0.018712 -0.999825     17.223865 17.223865 3.339029
436.475464 450.004364     25.582031 61.156250 209.183594     -0.999825 0.018712 -0.018712 -0.999825     17.223865 17.223865 5.072709
180.036896 392.357941     89.125000 7.007812 165.812500     -0.986419 -0.164247 0.164247 -0.986419     22.951828 22.951828 2.550292
298.652710 335.986908     42.718750 -91.316406 385.020996     -0.997924 -0.064407 0.064407 -0.997924     19.994875 19.994875 6.175915
188.383682 388.121521     3507.062500 90.000000 23.179688     -0.999566 0.029467 -0.029467 -0.999566     26.828579 26.828579 4.745008
435.706543 408.058472     2666.875000 64.937500 31.875000     -0.998845 -0.048051 0.048051 -0.998845     23.157424 23.157424 1.581796
435.706543 408.058472     50.625000 -130.291016 562.758057     -0.998845 -0.048051 0.048051 -0.998845     23.157424 23.157424 4.753845
215.492279 345.696564     51.683594 129.123047 379.291016     -0.961921 -0.273328 0.273328 -0.961921     57.761157 57.761157 2.601706
215.492279 345.696564     507.531250 -7.609375 25.765625     -0.961921 -0.273328 0.273328 -0.961921     57.761157 57.761157 4.621176
298.019836 389.440948     2067.478516 239.351562 1072.125000     -0.192209 -0.981354 0.981354 -0.192209     37.424257 37.424257 6.197982
437.091888 450.431824     98.710938 8.648438 206.265625     -0.999801 0.019953 -0.019953 -0.999801     18.552795 18.552795 5.084768
525.960754 67.068626     5549.609375 116.132812 23.015625     0.243164 -0.969985 0.969985 0.243164     20.179998 20.179998 4.689719
197.756454 361.836243     2066.617188 212.335938 1316.125000     -0.971989 -0.235026 0.235026 -0.971989     103.441055 103.441055 2.755749
197.756454 361.836243     20.099609 -0.582031 30.339844     -0.971989 -0.235026 0.235026 -0.971989     103.441055 103.441055 4.622187
436.753113 408.138275     56.031250 7.257812 31.691406     -0.999344 -0.036205 0.036205 -0.999344     23.825937 23.825937 1.578025
436.753113 408.138275     56.968750 -166.445312 756.041260     -0.999344 -0.036205 0.036205 -0.999344     23.825937 23.825937 4.751032
332.323059 336.280945     3201.187500 32.093750 34.375000     -0.999725 -0.023442 0.023442 -0.999725     20.750192 20.750192 6.246446
192.536560 363.691254     59.437500 11.687500 13.406250     -0.962737 -0.270440 0.270440 -0.962737     107.918445 107.918445 4.603828
298.045624 387.662262     15.625000 27.476562 147.812500     -0.123430 -0.992353 0.992353 -0.123430     40.905179 40.905179 6.078914
346.147766 336.742157     535.046875 -6.062500 29.906250     -0.999603 -0.028182 0.028182 -0.999603     20.590007 20.590007 6.194948
438.531555 451.183563     2062.039062 176.648438 1621.812500     -0.999841 0.017815 -0.017815 -0.999841     20.925149 20.925149 5.098322
217.089996 143.759995     80.000000 18.187500 18.421875     -0.289624 -0.957140 0.957140 -0.289624     11.970808 11.970808 2.453854
217.089996 143.759995     53.125000 5.234375 32.972656     -0.289624 -0.957140 0.957140 -0.289624     11.970808 11.970808 4.685243
297.953400 386.866852     118.500000 19.125000 9.359375     -0.090261 -0.995918 0.995918 -0.090261     42.331076 42.331076 3.495791
297.953400 386.866852     21.906250 -1.324219 30.968750     -0.090261 -0.995918 0.995918 -0.090261     42.331076 42.331076 6.060837
527.130859 62.399067     105.984375 12.460938 250.453125     0.242615 -0.970123 0.970123 0.242615     20.065029 20.065029 4.693833
360.509644 337.003174     89.718750 23.968750 24.703125     -0.999667 -0.025807 0.025807 -0.999667     20.550887 20.550887 6.174193
437.823578 408.269531     15.445312 24.671875 141.718750     -0.999697 -0.024622 0.024622 -0.999697     24.760486 24.760486 1.573254
437.823578 408.269531     123.781250 34.031250 28.843750     -0.999697 -0.024622 0.024622 -0.999697     24.760486 24.760486 4.748740
528.463196 56.220901     1406.156250 158.125000 54.687500     0.233172 -0.972436 0.972436 0.233172     19.812091 19.812091 4.698720
218.862839 148.380524     80.343750 -43.609375 100.125000     -0.327613 -0.944812 0.944812 -0.327613     11.829250 11.829250 1.367499
218.862839 148.380524     1575.296875 178.015625 64.781250     -0.327613 -0.944812 0.944812 -0.327613     11.829250 11.829250 2.456423
439.103088 451.804871     9206.640625 -1649.593750 2124.593750     -0.999875 0.015789 -0.015789 -0.999875     22.788609 22.788609 5.119983
297.665710 385.287415     25.869141 0.386719 31.738281     -0.079643 -0.996823 0.996823 -0.079643     44.552263 44.552263 4.775866
297.665710 385.287415     115.078125 14.085938 4.914062     -0.079643 -0.996823 0.996823 -0.079643     44.552263 44.552263 6.088520
386.412323 337.379761     2911.109375 -197.015625 452.312500     -0.999779 -0.021000 0.021000 -0.999779     20.412523 20.412523 3.227521
386.412323 337.379761     105.335938 16.640625 307.375000     -0.999779 -0.021000 0.021000 -0.999779     20.412523 20.412523 6.211406
176.646011 185.761063     390.093750 -166.953125 295.945312     0.056565 -0.998399 0.998399 0.056565     20.158109 20.158109 4.898049
250.742722 218.752426     4.093750 -11.164062 227.748047     -0.964071 -0.265646 0.265646 -0.964071     24.520476 24.520476 5.801950
529.717957 49.834469     897.390625 58.501953 4.194336     0.220385 -0.975413 0.975413 0.220385     19.801069 19.801069 4.701141
437.367126 408.549316     449.218750 -172.500000 296.320312     -0.999949 -0.010133 0.010133 -0.999949     26.258486 26.258486 1.571806
437.367126 408.549316     9.437500 -26.203125 327.052734     -0.999949 -0.010133 0.010133 -0.999949     26.258486 26.258486 4.737705
526.799377 378.035583     30.550781 3.722656 40.585938     -0.972529 -0.232782 0.232782 -0.972529     14.656995 14.656995 1.354659
291.559998 434.089996     2963.656250 -246.250000 472.421875     -0.195721 -0.980660 0.980660 -0.195721     14.330365 14.330365 0.862539
291.559998 434.089996     70.546875 -3.953125 4.222656     -0.195721 -0.980660 0.980660 -0.195721     14.330365 14.330365 4.928538
439.222595 452.281067     260.914062 414.113281 1663.648438     -0.999928 0.011999 -0.011999 -0.999928     24.579023 24.579023 5.137156
527.757996 377.454315     291.578125 51.656250 11.143066     -0.964624 -0.263628 0.263628 -0.964624     16.504208 16.504208 1.342325
251.118942 218.237885     20.046875 14.520508 48.719639     -0.971444 -0.237271 0.237271 -0.971444     25.333915 25.333915 1.462230
251.118942 218.237885     14.687500 -43.625000 457.675781     -0.971444 -0.237271 0.237271 -0.971444     25.333915 25.333915 2.435849
369.227142 439.760254     1378.851562 94.179688 6.902344     -0.985830 -0.167748 0.167748 -0.985830     11.118812 11.118812 1.544115
176.287354 186.245209     564.656250 -164.031250 324.312500     0.141683 -0.989912 0.989912 0.141683     20.970540 20.970540 4.786272
297.209991 382.889832     124.828125 12.375000 4.675781     -0.085309 -0.996355 0.996355 -0.085309     46.093150 46.093150 4.782296
528.031555 376.886322     41.109375 -0.742188 11.378906     -0.949966 -0.312353 0.312353 -0.949966     18.456635 18.456635 1.311945
528.031555 376.886322     17.531250 -55.148438 561.621094     -0.949966 -0.312353 0.312353 -0.949966     18.456635 18.456635 5.701451
291.282715 434.227844     68.968750 0.781250 7.113281     -0.185187 -0.982703 0.982703 -0.185187     14.785767 14.785767 0.816329
291.282715 434.227844     18.554688 27.039062 134.750000     -0.185187 -0.982703 0.982703 -0.185187     14.785767 14.785767 3.947607
529.013000 376.706879     322.605469 513.960938 1797.054688     -0.952029 -0.306007 0.306007 -0.952029     19.041562 19.041562 1.321757
418.603699 449.131134     82.046875 1.632812 3.703125     -0.993402 -0.114681 0.114681 -0.993402     27.161916 27.161916 4.942373
553.688477 349.768280     2787.156250 -251.593750 510.703125     0.624026 -0.781404 0.781404 0.624026     30.359985 30.359985 1.098831
411.928406 448.624695     21.812500 -72.414062 647.871094     -0.993310 -0.115480 0.115480 -0.993310     29.878612 29.878612 1.503590
411.928406 448.624695     400.109375 69.718750 14.420898     -0.993310 -0.115480 0.115480 -0.993310     29.878612 29.878612 4.927733
548.510315 359.798798     1523.781250 229.892578 64.444824     -0.774863 0.632130 -0.632130 -0.774863     43.663608 43.663608 4.135755
235.964493 184.534576     745.281250 -166.640625 364.265625     -0.407855 -0.913047 0.913047 -0.407855     26.069185 26.069185 1.558143
235.964493 184.534576     25.031250 -80.890625 698.281250     -0.407855 -0.913047 0.913047 -0.407855     26.069185 26.069185 4.607081
176.592468 186.828766     43.937500 -2.507812 8.203125     -0.065466 -0.997855 0.997855 -0.065466     22.876545 22.876545 5.070855
478.844330 251.882080     70.562500 14.087891 17.246582     -0.992175 -0.124854 0.124854 -0.992175     7.975936 7.975936 1.508125
296.930450 380.093628     18.320312 0.709961 16.865723     -0.081540 -0.996670 0.996670 -0.081540     45.885556 45.885556 4.764032
291.220581 434.143372     58.957031 8.179688 125.160156     -0.180374 -0.983598 0.983598 -0.180374     14.979330 14.979330 0.795029
291.220581 434.143372     472.781250 81.246094 16.455078     -0.180374 -0.983598 0.983598 -0.180374     14.979330 14.979330 4.934016
553.972168 361.768219     82.570312 0.578125 4.507812     -0.797302 0.603581 -0.603581 -0.797302     58.596286 58.596286 4.060057
339.213928 78.069649     50.421875 -0.617188 13.101562     -0.997880 -0.065080 0.065080 -0.997880     2.770018 2.770018 1.588476
556.029785 361.827423     28.906250 -90.289062 828.373047     -0.838205 0.545355 -0.545355 -0.838205     61.055559 61.055559 4.007939
176.826920 188.354401     2650.250000 -249.921875 514.578125     -0.313765 -0.949501 0.949501 -0.313765     24.366833 24.366833 2.199318
176.826920 188.354401     21.703125 14.670410 70.712616     -0.313765 -0.949501 0.949501 -0.313765     24.366833 24.366833 5.392911
493.577118 232.960205     142.265625 7.781250 4.617188     -0.998241 0.059288 -0.059288 -0.998241     8.986342 8.986342 1.743774
493.577118 232.960205     556.734375 94.496094 18.715820     -0.998241 0.059288 -0.059288 -0.998241     8.986342 8.986342 3.745125
234.550705 197.792953     83.062500 -9.730469 148.152344     -0.263529 -0.964651 0.964651 -0.263529     54.704903 54.704903 1.124131
234.550705 197.792953     50.539062 -1.195312 9.171875     -0.263529 -0.964651 0.964651 -0.263529     54.704903 54.704903 1.674286
176.967743 189.389572     1437.859375 211.779297 57.778809     -0.200534 -0.979687 0.979687 -0.200534     24.792727 24.792727 1.905955
176.967743 189.389572     28.117188 0.017578 16.564941     -0.200534 -0.979687 0.979687 -0.200534     24.792727 24.792727 5.178398
457.859589 89.046806     71.000000 1.921875 8.296875     -0.984467 -0.175572 0.175572 -0.984467     6.252571 6.252571 1.502522
457.859589 89.046806     111.984375 -33.851562 182.078125     -0.984467 -0.175572 0.175572 -0.984467     6.252571 6.252571 6.011814
349.539673 78.750000     1654.710938 51.568848 37.386154     -0.997674 -0.068167 0.068167 -0.997674     3.076526 3.076526 1.571472
560.628723 363.320068     123.062500 -45.492188 239.175781     -0.891904 0.452224 -0.452224 -0.891904     69.879574 69.879574 3.876392
480.122894 251.775421     26742.906250 -473.546875 2005.734375     -0.994846 -0.101399 0.101399 -0.994846     8.315226 8.315226 1.496993
444.451050 229.161697     645.828125 108.210938 21.241211     -0.999689 0.024941 -0.024941 -0.999689     15.167330 15.167330 6.287057
494.613159 233.510284     37.562500 -94.718750 796.732422     -0.999920 -0.012627 0.012627 -0.999920     11.993505 11.993505 1.750232
494.613159 233.510284     18.062500 25.921875 127.953125     -0.999920 -0.012627 0.012627 -0.999920     11.993505 11.993505 3.449798
291.802582 434.980591     253.515625 45.842773 126.704834     -0.216078 -0.976376 0.976376 -0.216078     15.954874 15.954874 0.821471
291.802582 434.980591     35.625000 -14.234375 25.734375     -0.216078 -0.976376 0.976376 -0.216078     15.954874 15.954874 4.948646
238.518646 206.495331     152.144531 -49.476562 256.070312     -0.299728 -0.954025 0.954025 -0.299728     57.122224 57.122224 1.670849
298.320190 190.413788     56.218750 0.625000 10.144531     -0.999783 -0.020828 0.020828 -0.999783     8.619714 8.619714 1.500349
298.320190 190.413788     988.367188 66.031250 136.961426     -0.999783 -0.020828 0.020828 -0.999783     8.619714 8.619714 4.804075
462.367218 89.832787     45.632812 2.095703 27.371094     -0.984995 -0.172586 0.172586 -0.984995     6.682364 6.682364 6.036632
443.867920 229.015091     29.312500 -9.828125 87.570312     -0.999487 0.032039 -0.032039 -0.999487     15.860647 15.860647 6.303726
177.688034 192.331024     170.796875 2.500000 5.031250     -0.215826 -0.976432 0.976432 -0.215826     30.669647 30.669647 1.704590
177.688034 192.331024     77.429688 -1.500000 10.621094     -0.215826 -0.976432 0.976432 -0.215826     30.669647 30.669647 2.122073
338.336029 74.306236     860.390625 142.367188 27.095703     -0.988378 -0.152018 0.152018 -0.988378     24.269166 24.269166 5.587242
304.327118 218.939255     49.171875 0.722656 30.273438     -0.997570 0.069667 -0.069667 -0.997570     12.750166 12.750166 4.789032
325.874420 51.990696     230.969727 -69.532715 196.739868     -0.970601 -0.240694 0.240694 -0.970601     16.688267 16.688267 2.414318
325.874420 51.990696     48.140625 -1.554688 18.846558     -0.970601 -0.240694 0.240694 -0.970601     16.688267 16.688267 5.828693
361.841125 35.467289     23.921875 1.898438 39.361328     -0.926170 -0.377106 0.377106 -0.926170     18.321495 18.321495 2.296956
361.841125 35.467289     175.404297 -52.355469 292.972656     -0.926170 -0.377106 0.377106 -0.926170     18.321495 18.321495 2.799402
178.845428 196.836060     232.148438 56.420898 364.136475     -0.120832 -0.992673 0.992673 -0.120832     34.259564 34.259564 3.828816
464.838074 90.369316     30.781250 -12.468750 87.359375     -0.985408 -0.170211 0.170211 -0.985408     7.002235 7.002235 6.069098
297.792938 190.647583     822.437500 -512.927734 939.868652     -0.999973 -0.007405 0.007405 -0.999973     9.549686 9.549686 1.495849
297.792938 190.647583     47.828125 11.765625 12.507812     -0.999973 -0.007405 0.007405 -0.999973     9.549686 9.549686 3.270020
443.260284 228.845886     185.503906 -36.890625 389.125000     -0.999863 0.016531 -0.016531 -0.999863     16.281892 16.281892 6.275506
178.892853 197.600006     30.240479 37.383301 79.654785     0.078652 -0.996902 0.996902 0.078652     37.723818 37.723818 1.497688
178.892853 197.600006     310.554688 481.183594 1737.402344     0.078652 -0.996902 0.996902 0.078652     37.723818 37.723818 1.999761
328.380554 52.692307     71.968750 -5.265625 13.539062     -0.973531 -0.228555 0.228555 -0.973531     16.157076 16.157076 2.288279
328.380554 52.692307     39.046875 2.980469 34.560547     -0.973531 -0.228555 0.228555 -0.973531     16.157076 16.157076 5.703085
482.450714 251.450699     20.031250 -99.306641 510.714600     -0.998416 -0.056261 0.056261 -0.998416     9.198853 9.198853 1.528752
467.698486 90.864319     71.734375 4.625000 10.179688     -0.985769 -0.168103 0.168103 -0.985769     7.258034 7.258034 6.093423
179.539780 197.850815     28640.812500 57.390625 1980.390625     0.144753 -0.989468 0.989468 0.144753     40.659435 40.659435 3.206207
179.539780 197.850815     73.609375 4.914062 8.269531     0.144753 -0.989468 0.989468 0.144753     40.659435 40.659435 5.517985
303.753021 218.587051     6.125000 -14.463867 92.944672     -0.999583 0.028859 -0.028859 -0.999583     13.602634 13.602634 4.756102
329.805511 73.098228     134.695312 -0.492188 8.914062     -0.988936 -0.148342 0.148342 -0.988936     22.950703 22.950703 5.592019
361.725555 35.469925     197.322266 -22.695312 406.050781     -0.999999 -0.001522 0.001522 -0.999999     18.315008 18.315008 2.584596
361.725555 35.469925     3930.800781 135.156006 37.001251     -0.999999 -0.001522 0.001522 -0.999999     18.315008 18.315008 4.067910
494.869080 233.203644     31.625000 -11.765625 82.597656     -0.999531 -0.030607 0.030607 -0.999531     12.915881 12.915881 1.749111
494.869080 233.203644     203.203125 -7.468750 7.066406     -0.999531 -0.030607 0.030607 -0.999531     12.915881 12.915881 3.361384
180.138306 197.653870     66.312500 -9.281250 31.503906     0.374656 -0.927164 0.927164 0.374656     44.617078 44.617078 5.436258
258.296082 47.468060     83.429688 1.019531 11.015625     -0.958470 0.285192 -0.285192 -0.958470     31.408531 31.408531 3.781777
297.117462 191.942947     72.390625 2.859375 9.230469     -0.998831 0.048334 -0.048334 -0.998831     13.849164 13.849164 3.448829
442.399384 229.154800     54.250000 16.218750 15.285156     -0.998785 0.049279 -0.049279 -0.998785     16.749067 16.749067 3.144794
442.399384 229.154800     958.640625 -267.330078 996.420654     -0.998785 0.049279 -0.049279 -0.998785     16.749067 16.749067 4.513897
180.697388 196.623917     1533.145996 -79.617188 459.053711     0.326242 -0.945286 0.945286 0.326242     46.627041 46.627041 2.936008
180.697388 196.623917     297.058594 438.433594 1662.484375     0.326242 -0.945286 0.945286 0.326242     46.627041 46.627041 5.470885
470.193970 91.198273     70.718750 1.882812 10.042969     -0.986125 -0.166006 0.166006 -0.986125     7.826305 7.826305 6.128224
331.963409 65.994095     380.132812 15.500000 2.289062     -0.990751 -0.135690 0.135690 -0.990751     47.673707 47.673707 4.718778
331.963409 65.994095     2043.890625 -261.082031 798.493164     -0.990751 -0.135690 0.135690 -0.990751     47.673707 47.673707 5.984217
291.910400 435.286133     314.187500 363.222656 2545.656250     -0.218627 -0.975808 0.975808 -0.218627     15.753072 15.753072 0.818454
291.910400 435.286133     65.140625 27.351562 26.035156     -0.218627 -0.975808 0.975808 -0.218627     15.753072 15.753072 4.924834
254.593689 48.150429     860.875000 153.195312 28.175781     -0.951414 -0.307916 0.307916 -0.951414     47.595509 47.595509 2.753078
254.593689 48.150429     55.742188 25.000000 28.312500     -0.951414 -0.307916 0.307916 -0.951414     47.595509 47.595509 5.883790
591.353210 220.079605     342.992188 225.867188 2281.929688     -0.814917 0.579578 -0.579578 -0.814917     17.779686 17.779686 2.241853
591.353210 220.079605     35.718750 5.062500 16.054688     -0.814917 0.579578 -0.579578 -0.814917     17.779686 17.779686 4.321825
180.552094 196.198547     167.734375 -31.210938 86.566406     0.371335 -0.928499 0.928499 0.371335     51.771000 51.771000 2.866720
180.552094 196.198547     1060.593750 -207.595703 976.777588     0.371335 -0.928499 0.928499 0.371335     51.771000 51.771000 5.396661
302.667847 218.332138     385.722656 15.242188 2.664062     -0.999908 -0.013561 0.013561 -0.999908     14.326727 14.326727 4.731381
335.639099 63.859921     56.523438 25.343750 28.687500     -0.997041 -0.076867 0.076867 -0.997041     51.675750 51.675750 4.731946
335.639099 63.859921     27739.843750 1723.343750 3725.484375     -0.997041 -0.076867 0.076867 -0.997041     51.675750 51.675750 6.195433
361.865387 35.310898     176.250000 10.679688 4.781250     -0.997070 -0.076497 0.076497 -0.997070     18.747561 18.747561 1.510415
361.865387 35.310898     113.992188 18.703125 692.500000     -0.997070 -0.076497 0.076497 -0.997070     18.747561 18.747561 2.437789
268.104645 115.418602     6180.867188 242.434937 39.057320     -0.993644 -0.112567 0.112567 -0.993644     23.440499 23.440499 4.717924
591.605469 227.145203     1753.171875 -12.892334 479.788086     0.161987 -0.986793 0.986793 0.161987     23.683500 23.683500 1.354444
591.605469 227.145203     73.093750 39.093750 38.355469     0.161987 -0.986793 0.986793 0.161987     23.683500 23.683500 1.902753
484.438263 251.194443     97.531250 -4.804688 14.921875     -0.999886 -0.015076 0.015076 -0.999886     10.055818 10.055818 1.531586
297.433746 192.403610     847.203125 151.851562 28.242188     -0.999748 0.022435 -0.022435 -0.999748     14.642251 14.642251 3.354200
297.433746 192.403610     1020.515625 136.242188 158.203125     -0.999748 0.022435 -0.022435 -0.999748     14.642251 14.642251 6.301337
476.870026 92.147316     402.025391 15.871094 3.085938     -0.986479 -0.163887 0.163887 -0.986479     8.350875 8.350875 6.163271
329.482605 66.893211     106.414062 2.106445 14.063965     -0.994345 0.106194 -0.106194 -0.994345     63.017901 63.017901 0.383721
329.482605 66.893211     208.996094 -9.964844 434.312500     -0.994345 0.106194 -0.106194 -0.994345     63.017901 63.017901 4.834233
441.437317 229.311981     75.578125 24.210938 34.359375     -0.998478 0.055144 -0.055144 -0.998478     16.896675 16.896675 3.173345
441.437317 229.311981     46.187500 -56.437500 273.808594     -0.998478 0.055144 -0.055144 -0.998478     16.896675 16.896675 4.482439
268.851959 115.366234     2360.796875 -155.023438 769.382812     -0.999272 -0.038155 0.038155 -0.999272     24.748300 24.748300 4.785303
361.439087 35.722378     79.058594 -6.296875 42.381348     -0.998603 0.052849 -0.052849 -0.998603     19.492990 19.492990 1.699384
361.439087 35.722378     6.828125 -15.857422 103.080292     -0.998603 0.052849 -0.052849 -0.998603     19.492990 19.492990 4.164372
384.014923 192.577118     47.906250 -108.992188 824.009766     -0.998893 -0.047045 0.047045 -0.998893     9.161827 9.161827 1.494544
256.675690 134.950455     75.093750 -21.119141 100.783203     -0.120276 -0.992741 0.992741 -0.120276     21.903432 21.903432 1.767560
256.675690 134.950455     9.796875 -46.312500 243.277344     -0.120276 -0.992741 0.992741 -0.120276     21.903432 21.903432 4.739486
179.495453 196.927246     181.250000 -35.007812 87.328125     0.355837 -0.934548 0.934548 0.355837     56.109337 56.109337 2.949180
179.495453 196.927246     81.937500 19.179688 35.472656     0.355837 -0.934548 0.934548 0.355837     56.109337 56.109337 5.470659
591.299744 227.714981     907.562500 163.265625 30.503906     0.206085 -0.978534 0.978534 0.206085     23.877687 23.877687 1.304812
591.299744 227.714981     108.316406 5.109375 21.603516     0.206085 -0.978534 0.978534 0.206085     23.877687 23.877687 4.314167
362.529694 216.762375     3365.156250 -207.845703 721.472168     -0.957136 -0.289638 0.289638 -0.957136     13.460519 13.460519 1.550954
362.529694 216.762375     11.750000 -52.812500 276.794922     -0.957136 -0.289638 0.289638 -0.957136     13.460519 13.460519 4.525658
301.634918 218.419052     1226.515625 -253.322266 998.818848     -0.999983 0.005767 -0.005767 -0.999983     15.084416 15.084416 4.725388
178.110260 196.859268     373.871094 13.195312 3.617188     0.172941 -0.984932 0.984932 0.172941     60.210334 60.210334 5.705931
473.353455 36.659481     259.488281 19.500000 2.974609     0.193409 -0.981118 0.981118 0.193409     3.550761 3.550761 4.713583
59.884056 74.771736     50.843750 -63.093750 282.746094     -0.473617 -0.880731 0.880731 -0.473617     14.327696 14.327696 4.916806
238.590912 207.649796     51.484375 28.085693 101.225357     -0.292359 -0.956309 0.956309 -0.292359     57.531212 57.531212 1.666565
384.123352 193.026428     176.296875 24.437500 28.230469     -0.998607 -0.052758 0.052758 -0.998607     10.296552 10.296552 1.495861
384.123352 193.026428     78.968750 -217.250000 900.919434     -0.998607 -0.052758 0.052758 -0.998607     10.296552 10.296552 3.028378
300.277313 218.943985     87.625000 13.476562 36.125000     -0.996028 0.089044 -0.089044 -0.996028     16.267560 16.267560 4.759733
258.543060 135.271530     1111.421875 198.179688 36.570312     -0.894802 -0.446464 0.446464 -0.894802     25.879277 25.879277 0.632915
258.543060 135.271530     12167.398438 797.743164 763.698975     -0.894802 -0.446464 0.446464 -0.894802     25.879277 25.879277 0.864612
473.125000 37.609375     46.656250 -150.511719 619.725830     0.191122 -0.981566 0.981566 0.191122     3.751793 3.751793 4.710818
494.517792 232.870544     23.687500 -96.210938 428.136230     -0.997220 -0.074509 0.074509 -0.997220     14.111731 14.111731 1.808361
494.517792 232.870544     59.750000 -96.328125 383.460938     -0.997220 -0.074509 0.074509 -0.997220     14.111731 14.111731 3.226680
384.315399 193.680771     277.296875 19.623047 3.343750     -0.997215 -0.074579 0.074579 -0.997215     12.649742 12.649742 2.976170
441.925385 22.457712     79.781250 -237.394531 975.652588     0.160120 -0.987098 0.987098 0.160120     8.747580 8.747580 2.154473
441.925385 22.457712     120.570312 -8.992188 5.984375     0.160120 -0.987098 0.987098 0.160120     8.747580 8.747580 4.149736
247.083054 311.654480     170.531250 -36.648438 116.589844     -0.999992 0.003913 -0.003913 -0.999992     13.433941 13.433941 0.169342
247.083054 311.654480     1547.343750 -404.886719 959.476318     -0.999992 0.003913 -0.003913 -0.999992     13.433941 13.433941 3.038864
177.191086 195.837891     127.468750 -374.339844 1607.348145     0.106860 -0.994274 0.994274 0.106860     62.820239 62.820239 3.382299
177.191086 195.837891     75.750000 -293.792969 1183.751465     0.106860 -0.994274 0.994274 0.106860     62.820239 62.820239 5.806923
591.212402 227.721237     46.312500 -132.765625 1414.044922     0.214566 -0.976709 0.976709 0.214566     24.250072 24.250072 1.225286
591.212402 227.721237     69.875000 -126.359375 483.031250     0.214566 -0.976709 0.976709 0.214566     24.250072 24.250072 1.789347
486.850952 250.677505     25317.492188 10389.789062 19385.593750     -0.999278 0.037997 -0.037997 -0.999278     11.719380 11.719380 1.535324
486.850952 250.677505     286.070312 23.181641 4.683594     -0.999278 0.037997 -0.037997 -0.999278     11.719380 11.719380 4.022379
299.237366 221.004395     219.480469 3.292969 867.796875     -0.970148 0.242513 -0.242513 -0.970148     24.309924 24.309924 0.230527
299.237366 221.004395     152.125000 -49.289062 189.792969     -0.970148 0.242513 -0.242513 -0.970148     24.309924 24.309924 3.493834
298.021851 192.715851     94.359375 9.007812 37.128906     -0.999901 -0.014075 0.014075 -0.999901     14.925676 14.925676 3.224877
298.021851 192.715851     1988.375000 -356.027344 1109.968506     -0.999901 -0.014075 0.014075 -0.999901     14.925676 14.925676 6.175573
383.905914 194.062714     103.421875 2.234375 19.429688     -0.998981 -0.045133 0.045133 -0.998981     13.575750 13.575750 3.099754
363.519836 217.281937     1237.984375 220.179688 40.554688     -0.940357 -0.340189 0.340189 -0.940357     13.809776 13.809776 1.530202
363.519836 217.281937     44.656250 -171.626953 685.977295     -0.940357 -0.340189 0.340189 -0.940357     13.809776 13.809776 4.498828
439.613129 229.284668     59.156250 -228.621094 913.668335     -0.999239 0.039016 -0.039016 -0.999239     16.838110 16.838110 3.135254
439.613129 229.284668     1835.187500 -320.976562 1225.262695     -0.999239 0.039016 -0.039016 -0.999239     16.838110 16.838110 4.514529
247.938614 307.061401     30.312500 27.156250 33.281250     -0.999976 0.006860 -0.006860 -0.999976     30.828202 30.828202 3.221379
238.680191 210.206451     326.062500 -636.687500 5526.703125     -0.281574 -0.959540 0.959540 -0.281574     58.396358 58.396358 1.706578
582.900024 259.657135     1117.015625 114.437500 47.027344     -0.974632 -0.223815 0.223815 -0.974632     16.952256 16.952256 1.579389
582.900024 259.657135     2862.750000 -1333.890625 2313.828613     -0.974632 -0.223815 0.223815 -0.974632     16.952256 16.952256 4.791369
248.253006 299.920166     30203.554688 5610.062500 19459.703125     -0.962551 -0.271100 0.271100 -0.962551     58.203739 58.203739 2.826451
383.766571 194.454254     8.046875 -17.826172 112.570007     -0.999520 -0.030986 0.030986 -0.999520     14.219288 14.219288 3.167608
383.766571 194.454254     269.328125 109.044434 265.532684     -0.999520 -0.030986 0.030986 -0.999520     14.219288 14.219288 6.305488
174.676468 258.078430     1226.203125 217.031250 40.011719     -0.999162 -0.040919 0.040919 -0.999162     5.787854 5.787854 1.561358
244.336090 263.365906     48.046875 22.040039 111.196960     -0.156714 -0.987644 0.987644 -0.156714     72.077761 72.077761 1.643026
365.115662 218.638062     56.118164 -19.718750 101.425781     -0.889256 -0.457410 0.457410 -0.889256     15.566495 15.566495 1.446818
365.115662 218.638062     248.799316 8.133789 1.328125     -0.889256 -0.457410 0.457410 -0.889256     15.566495 15.566495 4.423680
462.169647 192.437500     83.242188 10.890625 26.234375     -0.984502 -0.175376 0.175376 -0.984502     4.236032 4.236032 1.568058
244.777115 264.032684     34.202148 2.554688 50.898438     -0.114199 -0.993458 0.993458 -0.114199     80.123830 80.123830 1.640230
582.900024 259.358337     10.431641 -15.542969 104.462891     -0.971871 -0.235514 0.235514 -0.971871     17.328148 17.328148 1.594212
582.900024 259.358337     89.687500 3.187500 30.078125     -0.971871 -0.235514 0.235514 -0.971871     17.328148 17.328148 4.843075
491.349335 242.151993     16.968750 -11.562500 36.825378     -0.946756 0.321951 -0.321951 -0.946756     39.217934 39.217934 0.586308
491.349335 242.151993     547.070312 90.250000 46.898438     -0.946756 0.321951 -0.321951 -0.946756     39.217934 39.217934 3.787880
174.753311 257.982391     6651.617188 243.940063 43.324150     -0.999212 -0.039697 0.039697 -0.999212     6.456397 6.456397 1.561336
413.426819 316.878052     357.544189 10.356445 1.921875     -0.998081 -0.061925 0.061925 -0.998081     9.132496 9.132496 5.685686
296.731995 387.320648     440.183105 14.331055 1.773438     -0.032279 -0.999479 0.999479 -0.032279     47.917742 47.917742 1.591836
296.731995 387.320648     452.964966 14.258789 1.289062     -0.032279 -0.999479 0.999479 -0.032279     47.917742 47.917742 4.721414
317.370972 446.798401     267.255676 5.153320 2.484375     -0.468322 -0.883558 0.883558 -0.468322     16.560129 16.560129 0.623750
591.091064 227.790695     626.943848 53.070312 10.453125     0.209278 -0.977856 0.977856 0.209278     24.261145 24.261145 1.247958
591.091064 227.790695     532.893799 17.203125 1.570312     0.209278 -0.977856 0.977856 0.209278     24.261145 24.261145 1.786231
366.033447 219.282669     611.596863 90.448242 28.765625     -0.838458 -0.544966 0.544966 -0.838458     16.191256 16.191256 1.475087
366.033447 219.282669     231.340881 4.574219 10.437500     -0.838458 -0.544966 0.544966 -0.838458     16.191256 16.191256 2.251735
438.679047 229.246719     709.241211 -61.715820 134.664062     -0.998324 0.057869 -0.057869 -0.998324     17.219993 17.219993 4.501065
461.207397 192.211105     22.367188 -3.117188 30.656250     -0.984278 -0.176628 0.176628 -0.984278     4.483295 4.483295 1.581492
389.698792 294.146606     101.495026 -10.997070 32.996094     -0.988313 -0.152435 0.152435 -0.988313     52.707554 52.707554 2.860481
389.698792 294.146606     65.091797 -39.457031 79.515625     -0.988313 -0.152435 0.152435 -0.988313     52.707554 52.707554 5.689142
174.690475 257.908722     253.984375 26.296875 6.906250     -0.999212 -0.039689 0.039689 -0.999212     7.051560 7.051560 1.567598
183.705612 72.079437     445.980713 -151.546875 118.765625     -0.999740 -0.022792 0.022792 -0.999740     16.847043 16.847043 3.090529
176.051025 195.433167     8.062500 -11.843750 70.500000     0.044097 -0.999027 0.999027 0.044097     64.986645 64.986645 6.073278
364.072083 220.051163     176.734375 11.617188 11.492188     -0.907799 -0.419406 0.419406 -0.907799     21.662650 21.662650 1.528836
364.072083 220.051163     161.354370 5.033203 5.953125     -0.907799 -0.419406 0.419406 -0.907799     21.662650 21.662650 5.605813
588.560364 238.459976     984.187500 3.039062 9.398438     0.228150 -0.973626 0.973626 0.228150     25.835837 25.835837 1.321159
588.560364 238.459976     503.156250 -68.726562 539.255859     0.228150 -0.973626 0.973626 0.228150     25.835837 25.835837 1.749159
182.112946 76.599998     212.831848 11.563629 2.785675     -0.986356 0.164624 -0.164624 -0.986356     28.929923 28.929923 3.408285
441.866058 22.491072     189.851822 52.361816 41.609375     0.158476 -0.987363 0.987363 0.158476     9.312866 9.312866 4.665134
441.866058 22.491072     309.742188 8.476562 2.000000     0.158476 -0.987363 0.987363 0.158476     9.312866 9.312866 6.366060
180.302979 80.893250     684.539429 29.151398 4.424877     0.490082 -0.871677 0.871677 0.490082     35.779941 35.779941 1.063630
412.601929 165.655334     141.187500 -0.330078 28.449249     0.187715 -0.982224 0.982224 0.187715     4.376784 4.376784 1.550407
491.557404 242.346893     264.796875 -8.078125 52.898438     -0.949142 0.314848 -0.314848 -0.949142     39.156563 39.156563 0.624958
491.557404 242.346893     799.843750 -23.015625 53.429688     -0.949142 0.314848 -0.314848 -0.949142     39.156563 39.156563 3.777942
363.478516 220.490799     118.584961 6.271484 3.943359     -0.941053 -0.338258 0.338258 -0.941053     24.056522 24.056522 1.573629
363.478516 220.490799     2763.114014 149.648743 11.967613     -0.941053 -0.338258 0.338258 -0.941053     24.056522 24.056522 5.668506
175.354385 257.775452     12.993652 17.523438 345.609375     -0.999386 -0.035034 0.035034 -0.999386     7.818441 7.818441 1.571202
462.566559 192.439621     491.378052 -22.632812 7.875000     -0.984164 -0.177260 0.177260 -0.984164     4.714764 4.714764 1.581470
255.739609 167.796494     213.187500 8.001953 30.804108     -0.998280 -0.058619 0.058619 -0.998280     20.770069 20.770069 4.679574
343.925934 267.726837     1215.773438 120.656250 595.962891     -0.998047 -0.062468 0.062468 -0.998047     4.569897 4.569897 3.488497
343.925934 267.726837     336.719177 6.635742 54.078125     -0.998047 -0.062468 0.062468 -0.998047     4.569897 4.569897 4.737613
412.242279 167.687225     1219.265625 134.546875 727.705078     0.188480 -0.982077 0.982077 0.188480     5.717406 5.717406 1.550407
175.648895 257.677124     260.124023 19.545898 8.410156     -0.999367 -0.035571 0.035571 -0.999367     7.983565 7.983565 1.568321
185.434586 154.551407     41.203125 -45.625000 166.919189     -0.997156 -0.075370 0.075370 -0.997156     5.512640 5.512640 1.547495
185.434586 154.551407     219.859375 -33.500000 12.601562     -0.997156 -0.075370 0.075370 -0.997156     5.512640 5.512640 4.777750
588.754150 237.763535     105.197693 13.735474 6.246094     0.246597 -0.969118 0.969118 0.246597     26.542088 26.542088 4.752593
253.194153 165.505325     54.960938 -43.091797 76.806641     -0.987321 -0.158739 0.158739 -0.987321     22.183430 22.183430 4.672300
496.266052 65.206421     827.459717 -466.230469 1382.109375     0.199172 -0.979965 0.979965 0.199172     6.023221 6.023221 4.707771
411.653687 170.859924     83.269531 -6.228516 16.773438     0.187519 -0.982261 0.982261 0.187519     6.599719 6.599719 1.542672
362.886871 221.114960     43.796875 -43.191406 288.751587     -0.971080 -0.238752 0.238752 -0.971080     25.776641 25.776641 0.476945
362.886871 221.114960     161.156250 -45.210938 41.968750     -0.971080 -0.238752 0.238752 -0.971080     25.776641 25.776641 1.570544
466.765778 193.184204     8.023438 0.970703 37.027344     -0.984439 -0.175726 0.175726 -0.984439     4.918206 4.918206 1.584385
582.785278 52.005833     11359.384766 881.337891 75.392426     0.239484 -0.970900 0.970900 0.239484     13.892383 13.892383 4.676657
556.014771 53.106194     35.437500 -53.781250 111.218750     0.220216 -0.975451 0.975451 0.220216     6.311470 6.311470 4.703706
589.454041 234.897522     34.593750 23.562500 36.507812     0.265211 -0.964190 0.964190 0.265211     25.949801 25.949801 4.733508
396.286194 184.554474     176.734375 33.390625 42.003906     0.660800 -0.750562 0.750562 0.660800     39.263736 39.263736 1.211537
184.212006 154.556000     80.740723 -14.017578 92.765625     -0.997470 -0.071085 0.071085 -0.997470     6.276339 6.276339 1.545434
582.760620 58.209908     21151.226562 1206.856445 189.341339     0.241265 -0.970459 0.970459 0.241265     20.504773 20.504773 4.670939
262.294922 152.635941     255.334961 21.054688 12.324219     -0.996972 0.077762 -0.077762 -0.996972     10.343152 10.343152 4.727401
491.495087 240.639221     115.570801 -48.904297 57.515625     -0.892391 0.451263 -0.451263 -0.892391     44.560795 44.560795 0.692274
491.495087 240.639221     1360.224609 -539.699219 597.703125     -0.892391 0.451263 -0.451263 -0.892391     44.560795 44.560795 3.846041
601.907837 75.326561     77.114258 -13.159180 13.605469     0.241393 -0.970427 0.970427 0.241393     7.352100 7.352100 4.704728
603.108887 41.020058     90.813568 -11.356445 17.304688     0.238894 -0.971046 0.971046 0.238894     4.904820 4.904820 4.702010
588.303955 238.664932     227.062500 565.335938 1751.031250     0.271048 -0.962566 0.962566 0.271048     26.352350 26.352350 1.654392
588.303955 238.664932     191.968750 39.867188 50.746094     0.271048 -0.962566 0.962566 0.271048     26.352350 26.352350 4.839265
183.178696 154.426117     231.218750 -67.914062 89.511719     -0.996668 -0.081559 0.081559 -0.996668     7.511896 7.511896 1.524369
176.392242 205.409348     1347.992188 -35.054688 738.832031     -0.005079 -0.999987 0.999987 -0.005079     66.664389 66.664389 1.531433
492.065521 237.569778     19793.617188 1013.096680 178.361450     0.567035 -0.823693 0.823693 0.567035     48.922704 48.922704 1.142459
363.103882 221.254868     34.875000 24.921875 44.480469     -0.988397 -0.151895 0.151895 -0.988397     26.904055 26.904055 0.488733
363.103882 221.254868     1222.312500 3.468750 1.578125     -0.988397 -0.151895 0.151895 -0.988397     26.904055 26.904055 5.959626
439.259735 229.810760     83.425781 -7.443359 21.967773     -0.999647 -0.026574 0.026574 -0.999647     19.805261 19.805261 4.438071
439.259735 229.810760     491.781250 32.289062 90.007812     -0.999647 -0.026574 0.026574 -0.999647     19.805261 19.805261 6.159840
470.073486 193.855240     229.101562 552.609375 1695.546875     -0.984517 -0.175291 0.175291 -0.984517     5.232729 5.232729 1.575644
603.101440 41.057972     9.437500 5.355469 62.502930     0.243251 -0.969963 0.969963 0.243251     5.718713 5.718713 4.700373
397.944275 185.647141     216.015625 5.195312 7.515625     0.673513 -0.739176 0.739176 0.673513     45.231225 45.231225 1.147998
397.944275 185.647141     1515.797363 -187.496094 1592.345703     0.673513 -0.739176 0.739176 0.673513     45.231225 45.231225 5.400199
602.196228 44.382046     317.250000 108.585938 74.257812     0.243199 -0.969976 0.969976 0.243199     6.095493 6.095493 4.701839
612.640381 247.926102     1861.328125 1.828125 59.148438     -0.687539 -0.726147 0.726147 -0.687539     9.651516 9.651516 4.519201
583.479004 302.853058     2029.781250 -291.250000 137.437500     -0.997245 0.074173 -0.074173 -0.997245     24.957177 24.957177 1.601421
399.402100 224.026550     38.125000 27.156250 52.800781     -0.994454 -0.105169 0.105169 -0.994454     26.593782 26.593782 1.615012
399.402100 224.026550     7.681641 29.941406 301.816406     -0.994454 -0.105169 0.105169 -0.994454     26.593782 26.593782 4.599819
441.713715 22.768627     242.468750 483.210938 1456.296875     0.163621 -0.986523 0.986523 0.163621     10.152757 10.152757 4.100405
441.713715 22.768627     95.007812 3.991211 15.805908     0.163621 -0.986523 0.986523 0.163621     10.152757 10.152757 4.663572
470.968811 194.027298     7531.703125 1943.804688 4318.845703     -0.984657 -0.174499 0.174499 -0.984657     5.602026 5.602026 1.577237
399.943756 223.271698     9.476562 -4.671875 51.717773     -0.994319 -0.106438 0.106438 -0.994319     29.660460 29.660460 1.593996
399.943756 223.271698     95.777344 9.875000 436.365234     -0.994319 -0.106438 0.106438 -0.994319     29.660460 29.660460 4.614521
493.996033 241.813797     67.351562 22.437500 84.625000     0.461289 -0.887250 0.887250 0.461289     51.653481 51.653481 1.284221
443.021942 24.009405     3.546875 -24.738281 351.492188     0.091267 -0.995826 0.995826 0.091267     17.009885 17.009885 0.221709
126.582092 177.320892     93.515625 4.122070 16.638062     0.145853 -0.989306 0.989306 0.145853     12.320318 12.320318 0.671739
126.582092 177.320892     634.593750 49.835938 153.160156     0.145853 -0.989306 0.989306 0.145853     12.320318 12.320318 2.621904
119.679626 245.333328     1492.585693 -1065.578125 12537.062500     0.350514 -0.936557 0.936557 0.350514     31.415755 31.415755 2.640535
28.864487 370.850464     46.187500 28.171875 76.324219     -0.999461 -0.032815 0.032815 -0.999461     4.635382 4.635382 4.706027
512.895020 299.119995     73.609375 2.796875 38.039062     -0.397921 -0.917420 0.917420 -0.397921     17.700154 17.700154 0.673794
512.895020 299.119995     1530.250000 -136.601562 188.207031     -0.397921 -0.917420 0.917420 -0.397921     17.700154 17.700154 1.165669
313.175110 182.599075     18.718750 -55.384766 210.360107     -0.999281 -0.037925 0.037925 -0.999281     5.489971 5.489971 4.749175
124.396286 217.551086     97.781250 16.281250 79.265625     -0.147940 -0.988996 0.988996 -0.147940     26.169736 26.169736 0.372174
124.396286 217.551086     7358.476562 2707.300781 6108.413086     -0.147940 -0.988996 0.988996 -0.147940     26.169736 26.169736 3.313582
126.346382 178.460846     28.066406 -88.679688 399.031250     0.158963 -0.987284 0.987284 0.158963     12.671362 12.671362 0.673545
126.346382 178.460846     56.234375 2.097656 60.884537     0.158963 -0.987284 0.987284 0.158963     12.671362 12.671362 2.554848
387.816040 31.509434     78.375000 146.390625 587.375000     0.417458 -0.908696 0.908696 0.417458     15.363986 15.363986 1.250644
387.816040 31.509434     91.148438 5.148438 18.402466     0.417458 -0.908696 0.908696 0.417458     15.363986 15.363986 1.741493
307.825684 179.792053     154.218750 -13.421875 90.812500     -0.985044 -0.172301 0.172301 -0.985044     25.100221 25.100221 2.560008
307.825684 179.792053     97.812500 -2.025391 478.306641     -0.985044 -0.172301 0.172301 -0.985044     25.100221 25.100221 4.709175
37.600857 319.716736     28.062500 -136.083984 704.813232     -0.999620 -0.027576 0.027576 -0.999620     4.003447 4.003447 4.712214
28.724279 370.880646     271.062500 -10.828125 5.500000     -0.999703 -0.024366 0.024366 -0.999703     5.138833 5.138833 4.707478
32.935360 344.353607     247.476562 193.945312 1748.828125     -0.999639 -0.026854 0.026854 -0.999639     5.022515 5.022515 4.706434
306.336212 176.308197     88.156250 -2.593750 8.070312     -0.956633 -0.291297 0.291297 -0.956633     40.662488 40.662488 2.468547
306.336212 176.308197     81.078125 3.609375 45.812500     -0.956633 -0.291297 0.291297 -0.956633     40.662488 40.662488 4.587047
37.401543 319.756744     289.750000 1.171875 108.500000     -0.999519 -0.031023 0.031023 -0.999519     4.401595 4.401595 4.709653
28.500000 370.945251     7459.921875 2037.246094 6526.291992     -0.999786 -0.020704 0.020704 -0.999786     5.786497 5.786497 4.708383
33.231022 344.518158     76.562500 91.625000 742.257812     -0.999577 -0.029085 0.029085 -0.999577     5.728501 5.728501 4.705682
35.453075 319.754059     153.406250 17.218750 8.632812     -0.999467 -0.032636 0.032636 -0.999467     5.141578 5.141578 4.709641
44.291668 297.674988     30.750000 -133.388672 690.859375     -0.999503 -0.031522 0.031522 -0.999503     4.122795 4.122795 4.711890
27.239616 370.907349     339.656250 -48.906250 53.320312     -0.999811 -0.019452 0.019452 -0.999811     6.948257 6.948257 4.708990
33.584045 423.256409     92.656250 70.562500 764.687500     -0.996369 -0.085146 0.085146 -0.996369     10.947081 10.947081 4.696091
40.233677 297.604797     1804.000000 338.476562 1465.898438     -0.999477 -0.032327 0.032327 -0.999477     4.531155 4.531155 4.711702
28.988049 343.966125     9418.265625 4086.757812 7976.171875     -0.999995 -0.003224 0.003224 -0.999995     17.147044 17.147044 4.714671
216.747803 23.137831     2530.026855 -1546.533203 11923.367188     -0.996881 -0.078918 0.078918 -0.996881     5.245414 5.245414 3.148811
28.572001 420.954010     63.853516 -7.000000 62.620117     -0.988700 -0.149907 0.149907 -0.988700     17.458521 17.458521 4.684509
25.430851 371.539001     330.031250 -178.687500 1221.953125     -0.999786 -0.020694 0.020694 -0.999786     14.472117 14.472117 4.709610
64.233185 397.914795     35.281250 -94.009766 643.885254     0.316871 -0.948469 0.948469 0.316871     20.780928 20.780928 2.756412
64.233185 397.914795     110.046875 0.277344 80.117676     0.316871 -0.948469 0.948469 0.316871     20.780928 20.780928 3.121332
391.285706 355.770691     277.218750 -2.468750 3.000000     -0.994507 -0.104674 0.104674 -0.994507     9.154422 9.154422 0.394067
391.285706 355.770691     356.875000 -202.703125 1200.218750     -0.994507 -0.104674 0.104674 -0.994507     9.154422 9.154422 3.481073
341.312897 355.913330     123.300781 -15.576172 503.583984     -0.997562 -0.069789 0.069789 -0.997562     14.705743 14.705743 4.535750
27.131147 444.016388     66.015625 -129.429688 656.959839     -0.999477 -0.032338 0.032338 -0.999477     10.828348 10.828348 4.706191
365.020935 355.729065     36.812500 -28.355957 72.916985     -0.999995 -0.003118 0.003118 -0.999995     13.788637 13.788637 4.660862
514.131348 151.443542     3052.603516 -2260.064453 12442.507812     0.610730 -0.791839 0.791839 0.610730     95.475195 95.475195 4.215876
514.131348 151.443542     55.937500 -238.093750 1055.351318     0.610730 -0.791839 0.791839 0.610730     95.475195 95.475195 5.737498
407.196350 348.894531     61.250000 -147.435547 723.294189     -0.999795 -0.020245 0.020245 -0.999795     4.935862 4.935862 6.010635
414.362732 349.395477     59.875000 -237.921875 1026.589600     -0.999845 -0.017613 0.017613 -0.999845     12.244583 12.244583 6.200220
337.837311 347.698425     467.218750 6.593750 4.984375     -0.999606 -0.028081 0.028081 -0.999606     5.390248 5.390248 4.646912
417.109589 351.264191     2447.906250 -305.062500 137.578125     -0.999993 0.003832 -0.003832 -0.999993     26.424668 26.424668 6.363363
336.271790 347.592346     64.156250 -238.255859 1016.554932     -0.999621 -0.027513 0.027513 -0.999621     5.981269 5.981269 4.647107
416.294617 352.483154     186.500000 10.054688 4.046875     -0.999644 0.026674 -0.026674 -0.999644     31.256587 31.256587 0.169137
333.972961 352.328827     208.562500 -202.365234 929.217773     -0.999276 0.038040 -0.038040 -0.999276     32.633820 32.633820 6.409517
417.745026 352.896179     279.265625 7.820312 14.437500     -0.999526 0.030791 -0.030791 -0.999526     32.674052 32.674052 0.190906
98.878380 99.310814     2131.421875 58.375000 100.882812     -0.998516 -0.054461 0.054461 -0.998516     8.539688 8.539688 1.527056
98.878380 99.310814     234.156250 -142.292969 674.320923     -0.998516 -0.054461 0.054461 -0.998516     8.539688 8.539688 4.724733
61.098316 9.415730     2305.234375 69.125000 106.640625     -0.998533 -0.054155 0.054155 -0.998533     8.831250 8.831250 4.705028
85.195480 450.192261     327.382812 253.343750 1435.390625     -0.052466 -0.998623 0.998623 -0.052466     15.635801 15.635801 1.580363
354.689148 127.486053     19.578125 18.484375 261.468750     -0.982819 -0.184574 0.184574 -0.982819     107.746913 107.746913 4.684353
130.363312 15.324363     2524.812500 -313.062500 130.859375     -0.997152 -0.075417 0.075417 -0.997152     11.766458 11.766458 4.711619
102.059052 177.562988     48.781250 -12.093750 17.765625     -0.948422 -0.317011 0.317011 -0.948422     13.626385 13.626385 1.536544
489.373993 144.445114     58.339844 2.238281 35.414062     -0.968805 -0.247823 0.247823 -0.968805     118.486594 118.486594 1.541028
383.678772 355.092957     2281.156250 -334.625000 162.765625     -0.999951 0.009862 -0.009862 -0.999951     34.054210 34.054210 0.162920
287.212189 416.498688     5707.734375 -1856.828125 1729.968750     -0.345667 -0.938357 0.938357 -0.345667     27.375961 27.375961 1.630025
287.212189 416.498688     2618.656250 137.718750 369.000000     -0.345667 -0.938357 0.938357 -0.345667     27.375961 27.375961 4.796087
105.560822 100.113403     20.452148 49.239990 181.714600     -0.997034 -0.076960 0.076960 -0.997034     11.821763 11.821763 1.539229
415.602570 44.916668     65.000000 10.890625 11.781250     0.308799 -0.951127 0.951127 0.308799     23.117140 23.117140 1.491112
415.602570 44.916668     112.562500 2.628906 48.644531     0.308799 -0.951127 0.951127 0.308799     23.117140 23.117140 4.638303
333.404877 199.995117     121.363281 3.285156 49.312500     -0.987805 0.155697 -0.155697 -0.987805     12.176081 12.176081 1.560293
15.823293 95.184738     2687.031250 106.718750 366.875000     -0.990847 -0.134987 0.134987 -0.990847     9.412273 9.412273 4.692658
627.546143 465.863464     2673.156250 62.796875 380.578125     0.477618 -0.878568 0.878568 0.477618     11.747741 11.747741 1.409886
52.134617 96.684616     6599.750000 -1795.859375 1716.500000     -0.985346 -0.170569 0.170569 -0.985346     9.686606 9.686606 5.690473
121.671791 148.817947     136.117188 15.437500 58.019531     0.614122 -0.789211 0.789211 0.614122     20.831251 20.831251 5.211264
242.813950 111.508720     37.593750 2.714844 22.083984     -0.995716 0.092462 -0.092462 -0.995716     18.109389 18.109389 4.787826
415.310333 37.271683     2736.593750 -233.265625 498.453125     0.168705 -0.985667 0.985667 0.168705     27.151187 27.151187 4.715331
330.423065 203.547516     6884.250000 -1733.281250 1635.781250     -0.947808 0.318842 -0.318842 -0.947808     23.278444 23.278444 3.965714
233.960968 80.126831     2696.968750 -369.281250 618.093750     -0.033412 -0.999442 0.999442 -0.033412     12.720750 12.720750 1.561237
106.057655 100.486488     15087.484375 871.296875 1715.781250     -0.996620 -0.082149 0.082149 -0.996620     13.421145 13.421145 1.553099
106.057655 100.486488     14832.328125 720.703125 1669.875000     -0.996620 -0.082149 0.082149 -0.996620     13.421145 13.421145 6.114637
143.750778 16.723022     182.992188 29.863281 59.539062     -0.997000 -0.077401 0.077401 -0.997000     11.880585 11.880585 4.710445
615.787598 235.803925     512.117188 -0.351562 2.492188     -0.692610 -0.721312 0.721312 -0.692610     15.568214 15.568214 2.951534
615.787598 235.803925     598.488892 -45.663818 8.526855     -0.692610 -0.721312 0.721312 -0.692610     15.568214 15.568214 4.474867
278.625854 388.232269     142.031250 -10.343750 16.390625     -0.309638 -0.950855 0.950855 -0.309638     27.915843 27.915843 1.614045
278.625854 388.232269     68.664062 4.343750 24.757812     -0.309638 -0.950855 0.950855 -0.309638     27.915843 27.915843 4.801327
451.251007 204.190277     31.879883 63.013672 166.115234     -0.973647 -0.228062 0.228062 -0.973647     26.309668 26.309668 3.059693
451.251007 204.190277     850.765625 -70.681885 14.781250     -0.973647 -0.228062 0.228062 -0.973647     26.309668 26.309668 6.087833
46.454929 396.656342     1286.781250 21.718750 409.625000     0.550367 -0.834923 0.834923 0.550367     38.051103 38.051103 1.001698
46.454929 396.656342     85.828125 10.281250 39.625000     0.550367 -0.834923 0.834923 0.550367     38.051103 38.051103 4.141443
106.579376 100.775780     100.085938 7.554688 41.109375     -0.996322 -0.085684 0.085684 -0.996322     14.591046 14.591046 1.551491
106.579376 100.775780     1300.781250 -30.437500 417.250000     -0.996322 -0.085684 0.085684 -0.996322     14.591046 14.591046 6.172610
73.669174 286.776306     37.161621 74.659180 188.082031     -0.869027 0.494764 -0.494764 -0.869027     24.512782 24.512782 2.147644
233.698273 78.478447     142.960938 8.679688 51.812500     -0.110291 -0.993899 0.993899 -0.110291     12.551284 12.551284 1.588984
489.615692 206.814056     1382.656250 -215.968750 530.921875     -0.997348 0.072775 -0.072775 -0.997348     17.894065 17.894065 0.584607
489.615692 206.814056     57.929688 -5.234375 19.781250     -0.997348 0.072775 -0.072775 -0.997348     17.894065 17.894065 3.800758
81.466446 124.161072     11641.750000 381.640625 1342.421875     -0.980769 0.195170 -0.195170 -0.980769     14.915873 14.915873 0.365977
81.466446 124.161072     13.172913 -8.148582 37.119797     -0.980769 0.195170 -0.195170 -0.980769     14.915873 14.915873 0.784227
22.015957 357.526581     153.351562 15.492188 58.687500     -0.988795 0.149278 -0.149278 -0.988795     17.767997 17.767997 4.771752
380.832458 356.669434     26.253036 -14.359150 45.744919     -0.999974 -0.007196 0.007196 -0.999974     32.684627 32.684627 4.630648
380.832458 356.669434     52.566475 -25.349068 50.351387     -0.999974 -0.007196 0.007196 -0.999974     32.684627 32.684627 6.311822
333.037811 206.457886     58.265625 -51.093750 52.734375     -0.956980 0.290154 -0.290154 -0.956980     32.467771 32.467771 3.805110
277.431885 386.706635     130.445312 -214.625000 509.562500     -0.313766 -0.949500 0.949500 -0.313766     28.547543 28.547543 1.615753
277.431885 386.706635     459.234375 -284.093750 303.632812     -0.313766 -0.949500 0.949500 -0.313766     28.547543 28.547543 4.786633
453.541656 205.341660     9.625000 1.328125 52.734375     -0.967159 -0.254172 0.254172 -0.967159     28.555993 28.555993 3.002277
453.541656 205.341660     3245.031250 -378.777344 336.659180     -0.967159 -0.254172 0.254172 -0.967159     28.555993 28.555993 6.010588
52.249134 96.525955     2252.312500 -52.906250 22.203125     -0.986897 -0.161351 0.161351 -0.986897     10.625587 10.625587 5.742118
487.791656 211.870377     4944.843750 1275.453125 2062.953125     -0.927880 0.372879 -0.372879 -0.927880     35.495767 35.495767 4.008679
353.137634 133.213486     144.750000 -31.921875 72.289062     -0.998359 0.057263 -0.057263 -0.998359     122.150045 122.150045 4.890245
353.137634 133.213486     140.515350 -24.615234 27.070312     -0.998359 0.057263 -0.057263 -0.998359     122.150045 122.150045 6.422050
616.110535 236.061996     8608.656250 -160.617188 18535.464844     -0.636699 -0.771113 0.771113 -0.636699     17.015301 17.015301 2.773732
616.110535 236.061996     91.796875 -89.921875 353.953125     -0.636699 -0.771113 0.771113 -0.636699     17.015301 17.015301 4.381627
287.445007 64.629997     537.656250 -1.863281 35.791504     0.118097 -0.993002 0.993002 0.118097     12.978115 12.978115 0.893492
331.195618 206.246918     145.896484 -46.237549 138.679688     -0.985107 0.171945 -0.171945 -0.985107     33.755575 33.755575 3.678124
242.743118 112.139908     715.515625 -381.164062 205.406250     -0.992949 0.118545 -0.118545 -0.992949     20.660409 20.660409 4.802007
472.226440 209.620102     142.187500 -81.906250 54.085938     -0.996827 -0.079600 0.079600 -0.996827     42.076662 42.076662 3.461970
277.045441 388.090912     38.562500 5.500000 46.149841     -0.317340 -0.948312 0.948312 -0.317340     29.909920 29.909920 1.612990
277.045441 388.090912     3843.718750 -7.333984 482.583130     -0.317340 -0.948312 0.948312 -0.317340     29.909920 29.909920 4.775317
233.385208 78.163422     363.187500 -152.101562 74.531250     -0.099419 -0.995046 0.995046 -0.099419     13.426609 13.426609 1.582341
340.982758 233.525864     161.937500 -83.500000 55.441406     -0.999690 -0.024894 0.024894 -0.999690     12.229946 12.229946 1.581508
340.982758 233.525864     58.195068 -15.825195 21.281250     -0.999690 -0.024894 0.024894 -0.999690     12.229946 12.229946 4.719749
473.641571 210.223892     219.263672 -103.523438 51.562500     -0.998234 -0.059401 0.059401 -0.998234     44.371844 44.371844 3.495130
145.588455 257.729248     69.562500 -15.273438 8.513672     -0.934240 -0.356644 0.356644 -0.934240     25.774210 25.774210 5.568214
442.262238 244.143356     5153.953125 1499.968750 2703.421875     -0.987670 -0.156549 0.156549 -0.987670     18.951124 18.951124 1.377140
442.262238 244.143356     140.281250 -73.406250 68.859375     -0.987670 -0.156549 0.156549 -0.987670     18.951124 18.951124 3.191797
332.775574 205.367157     437.031250 -218.757812 117.062500     -0.985195 0.171439 -0.171439 -0.985195     34.809628 34.809628 3.760361
381.261749 357.576660     605.125000 -341.625000 196.195312     -0.999999 -0.001014 0.001014 -0.999999     34.608067 34.608067 4.629735
381.261749 357.576660     466.250000 -222.328125 146.281250     -0.999999 -0.001014 0.001014 -0.999999     34.608067 34.608067 6.353824
239.880005 113.732727     377.250000 -144.328125 56.960938     -0.892374 0.451297 -0.451297 -0.892374     34.347109 34.347109 1.978570
239.880005 113.732727     68.953125 -2.312500 35.781250     -0.892374 0.451297 -0.451297 -0.892374     34.347109 34.347109 5.036004
616.547363 235.729858     217.718750 -98.562500 46.070312     -0.607925 -0.793995 0.793995 -0.607925     18.734662 18.734662 1.157093
616.547363 235.729858     572.250000 -201.437500 88.400391     -0.607925 -0.793995 0.793995 -0.607925     18.734662 18.734662 2.692961
147.983261 189.037659     446.906250 -218.867188 117.078125     -0.100254 -0.994962 0.994962 -0.100254     9.719067 9.719067 1.522505
147.983261 189.037659     323.781250 -124.140625 51.623047     -0.100254 -0.994962 0.994962 -0.100254     9.719067 9.719067 5.393263
341.074707 234.985535     216.218750 -72.773438 43.593750     -0.999945 0.010506 -0.010506 -0.999945     17.677431 17.677431 4.679529
307.437805 255.815918     243.312500 -103.968750 49.433594     -0.308936 -0.951083 0.951083 -0.308936     18.622582 18.622582 1.685676
307.437805 255.815918     840.531250 -237.953125 71.394531     -0.308936 -0.951083 0.951083 -0.308936     18.622582 18.622582 4.972717
473.318146 211.062546     514.406250 -259.250000 205.257812     -0.998072 -0.062060 0.062060 -0.998072     49.583551 49.583551 3.549802
421.006195 242.444962     685.250000 -295.484375 218.507812     -0.997724 -0.067435 0.067435 -0.997724     21.032615 21.032615 1.513820
274.672150 390.017212     877.937500 -513.859375 430.519531     -0.329905 -0.944014 0.944014 -0.329905     38.605950 38.605950 1.650134
274.672150 390.017212     1227.953125 -422.242188 147.976562     -0.329905 -0.944014 0.944014 -0.329905     38.605950 38.605950 4.192640
303.259369 43.481251     84.593750 -29.140625 22.046875     -0.998739 -0.050202 0.050202 -0.998739     17.776588 17.776588 4.681091
307.588745 255.965363     1803.562500 -583.195312 212.312500     -0.334898 -0.942254 0.942254 -0.334898     20.045980 20.045980 1.699587
307.588745 255.965363     216.093750 -96.859375 45.445312     -0.334898 -0.942254 0.942254 -0.334898     20.045980 20.045980 4.138366
287.400909 64.486488     1560.203125 -545.539062 193.652344     0.108632 -0.994082 0.994082 0.108632     13.474494 13.474494 0.904247
236.621628 103.684326     6159.468750 -1821.625000 579.128906     -0.028958 -0.999581 0.999581 -0.028958     43.973835 43.973835 1.586941
236.621628 103.684326     5928.843750 -1862.015625 6826.851562     -0.028958 -0.999581 0.999581 -0.028958     43.973835 43.973835 4.740330
220.602463 195.598358     59.460938 -28.285156 29.143555     0.070566 -0.997507 0.997507 0.070566     6.032065 6.032065 1.640193
220.602463 195.598358     232.750000 9.203125 5.443359     0.070566 -0.997507 0.997507 0.070566     6.032065 6.032065 4.847005
303.318054 43.784367     82.718750 -28.671875 23.351562     -0.998574 -0.053389 0.053389 -0.998574     18.233428 18.233428 4.682589
471.988678 211.547516     68.882812 -27.546875 31.285156     -0.994795 -0.101896 0.101896 -0.994795     54.755123 54.755123 3.416638
202.913971 198.075272     465.265625 -220.945312 107.394531     0.208502 -0.978022 0.978022 0.208502     10.848331 10.848331 4.725310
276.778900 397.901459     395.718750 -155.687500 68.515625     -0.338735 -0.940882 0.940882 -0.338735     37.532876 37.532876 1.650723
511.258850 293.797882     31469.058594 -2585.835938 19667.675781     -0.996960 -0.077912 0.077912 -0.996960     27.674264 27.674264 1.538253
484.774811 209.605316     622.625000 -159.875000 126.703125     -0.994963 0.100246 -0.100246 -0.994963     59.434764 59.434764 1.678806
484.774811 209.605316     264.093750 -60.523438 20.234375     -0.994963 0.100246 -0.100246 -0.994963     59.434764 59.434764 3.915925
457.746796 59.048077     778.593750 -359.250000 188.906250     0.259056 -0.965862 0.965862 0.259056     8.845552 8.845552 4.695762
531.573181 264.202484     1421.031250 -515.421875 198.843750     -0.864377 -0.502844 0.502844 -0.864377     37.594302 37.594302 2.345914
531.573181 264.202484     634.423828 -171.171875 135.875000     -0.864377 -0.502844 0.502844 -0.864377     37.594302 37.594302 5.117845
202.015289 200.415909     339.139648 -51.468750 10.375000     0.221145 -0.975241 0.975241 0.221145     12.694027 12.694027 4.728490
303.178741 43.942028     166.296875 -131.687500 326.484375     -0.997530 -0.070248 0.070248 -0.997530     19.113033 19.113033 4.685722
530.012512 266.774994     706.812500 -268.171875 103.046875     -0.980019 0.198905 -0.198905 -0.980019     42.234936 42.234936 0.701325
530.012512 266.774994     44.800781 -29.859375 32.843750     -0.980019 0.198905 -0.198905 -0.980019     42.234936 42.234936 3.639357
235.575668 104.237549     88.312500 5.359375 30.589844     0.005323 -0.999986 0.999986 0.005323     44.502638 44.502638 1.586980
235.575668 104.237549     109.312500 11.953125 66.671875     0.005323 -0.999986 0.999986 0.005323     44.502638 44.502638 4.753596
486.582672 47.212597     718.683594 -191.269531 140.734375     0.190025 -0.981779 0.981779 0.190025     5.907296 5.907296 4.706825
610.955933 326.308380     184.500000 18.882812 12.332031     -0.999173 0.040673 -0.040673 -0.999173     10.121722 10.121722 1.576971
625.696289 315.307404     574.406250 -258.164062 122.011719     -0.999477 0.032336 -0.032336 -0.999477     12.717096 12.717096 1.574395
511.370941 294.979950     791.000000 -208.851562 55.947266     -0.994909 -0.100782 0.100782 -0.994909     30.336435 30.336435 1.540639
531.825073 265.955902     1182.718750 -246.960938 62.750000     -0.999979 -0.006465 0.006465 -0.999979     46.871863 46.871863 1.610208
531.825073 265.955902     181.968750 14.921875 21.283203     -0.999979 -0.006465 0.006465 -0.999979     46.871863 46.871863 5.046213
561.253601 229.641312     76.480469 -60.609375 62.734375     -0.993191 -0.116501 0.116501 -0.993191     11.572145 11.572145 1.562545
517.600342 39.661430     71.226562 -58.656250 90.484375     0.190857 -0.981618 0.981618 0.190857     9.874432 9.874432 4.706235
154.390396 50.816002     152.765625 -35.648438 16.890625     -0.737482 0.675367 -0.675367 -0.737482     33.737909 33.737909 5.952782
607.479492 183.738174     21.902344 -0.257812 12.546875     0.142186 -0.989840 0.989840 0.142186     11.533078 11.533078 1.693398
516.267212 34.993122     23.207031 -0.062500 15.343750     0.149257 -0.988798 0.988798 0.149257     20.666046 20.666046 4.696667
158.179306 51.935452     75.593750 -73.812500 91.785156     -0.999957 -0.009265 0.009265 -0.999957     40.278169 40.278169 3.171772
158.179306 51.935452     66.906250 23.253906 29.135742     -0.999957 -0.009265 0.009265 -0.999957     40.278169 40.278169 5.203703
383.256348 358.601105     209.093750 -70.531250 34.573242     -0.999989 -0.004796 0.004796 -0.999989     37.906407 37.906407 4.628922
383.256348 358.601105     76.976562 -149.218750 765.343750     -0.999989 -0.004796 0.004796 -0.999989     37.906407 37.906407 6.333362
233.152542 105.463524     906.687500 25.562500 1202.812500     0.041412 -0.999142 0.999142 0.041412     48.193212 48.193212 1.564861
233.152542 105.463524     475.234375 -103.789062 373.843750     0.041412 -0.999142 0.999142 0.041412     48.193212 48.193212 4.724313
529.515869 315.761902     226.000000 -160.718750 128.121094     -0.999959 0.009002 -0.009002 -0.999959     7.765305 7.765305 3.145310
529.515869 315.761902     420.343750 -286.296875 212.593750     -0.999959 0.009002 -0.009002 -0.999959     7.765305 7.765305 3.498809
609.973206 173.259842     283.179688 -142.039062 72.312500     0.203638 -0.979046 0.979046 0.203638     14.575207 14.575207 1.658128
232.068985 105.551910     1091.562500 -56.812500 691.078125     0.040857 -0.999165 0.999165 0.040857     49.839172 49.839172 1.545111
484.920563 43.818043     145.687500 -72.078125 40.234375     0.204970 -0.978768 0.978768 0.204970     28.070372 28.070372 4.677716
574.183472 47.786697     570.187500 -318.750000 252.132812     0.220495 -0.975388 0.975388 0.220495     6.543219 6.543219 4.704597
512.650024 42.554024     404.062500 -271.640625 187.371094     0.207980 -0.978133 0.978133 0.207980     24.606780 24.606780 4.685645
573.441650 48.910095     338.500000 -116.203125 54.474609     0.226717 -0.973961 0.973961 0.226717     9.537465 9.537465 4.695401
440.118774 325.206909     170.593750 -113.984375 124.195312     -0.999898 -0.014261 0.014261 -0.999898     9.951345 9.951345 3.069990
386.070679 359.802399     180.500000 -107.281250 75.304688     -0.999958 -0.009117 0.009117 -0.999958     41.524850 41.524850 4.635712
386.070679 359.802399     409.203125 -185.976562 111.845703     -0.999958 -0.009117 0.009117 -0.999958     41.524850 41.524850 6.294609
546.184814 48.164448     152.937500 -79.859375 43.710938     0.214042 -0.976825 0.976825 0.214042     20.406200 20.406200 4.691404
572.929565 48.871590     38.625000 -37.750000 52.468750     0.229881 -0.973219 0.973219 0.229881     12.631039 12.631039 4.687634
305.404755 299.504761     852.968750 -338.171875 136.001953     -0.998494 -0.054859 0.054859 -0.998494     8.412052 8.412052 1.459972
203.777771 87.040001     5062.687500 -1599.687500 547.623047     0.043715 -0.999044 0.999044 0.043715     12.828365 12.828365 1.532985
203.777771 87.040001     294.218750 -128.710938 81.906250     0.043715 -0.999044 0.999044 0.043715     12.828365 12.828365 4.713923
315.324493 309.353210     682.625000 -307.507812 139.562500     -0.998995 -0.044814 0.044814 -0.998995     11.911092 11.911092 1.448883
312.239655 297.526855     36.820312 8.828125 63.250000     -0.999565 -0.029491 0.029491 -0.999565     16.961341 16.961341 1.375631
391.769226 361.187469     1182.046875 -517.000000 228.300781     -0.999588 -0.028713 0.028713 -0.999588     44.820994 44.820994 4.633376
391.769226 361.187469     1085.062500 -55.234375 684.234375     -0.999588 -0.028713 0.028713 -0.999588     44.820994 44.820994 6.207257
396.166016 361.989075     128.718750 -97.406250 94.531250     -0.999507 -0.031394 0.031394 -0.999507     45.994632 45.994632 4.639589
396.166016 361.989075     144.203125 -43.625000 21.608398     -0.999507 -0.031394 0.031394 -0.999507     45.994632 45.994632 6.189433
321.256805 421.167328     229.390625 -77.605469 31.068359     -0.084662 -0.996410 0.996410 -0.084662     18.353268 18.353268 1.584054
321.256805 421.167328     168.265625 -30.593750 14.728516     -0.084662 -0.996410 0.996410 -0.084662     18.353268 18.353268 4.068845
400.985840 362.849091     61.078125 -52.265625 251.578125     -0.999530 -0.030661 0.030661 -0.999530     47.457183 47.457183 1.589881
400.985840 362.849091     36.492188 7.343750 65.359375     -0.999530 -0.030661 0.030661 -0.999530     47.457183 47.457183 4.638872
321.003235 420.106445     36.453125 0.593750 88.937500     -0.075757 -0.997126 0.997126 -0.075757     19.183818 19.183818 1.579257
321.003235 420.106445     39.039062 -2.468750 94.671875     -0.075757 -0.997126 0.997126 -0.075757     19.183818 19.183818 4.091637
401.738403 364.229492     239.188293 -68.472656 26.960938     -0.999979 -0.006557 0.006557 -0.999979     51.968637 51.968637 4.646188
401.738403 364.229492     216.338959 -41.324707 11.646484     -0.999979 -0.006557 0.006557 -0.999979     51.968637 51.968637 6.313457
250.483093 243.777771     357.683594 -5.988281 60.156250     -0.502042 -0.864843 0.864843 -0.502042     19.750430 19.750430 5.425336
250.006927 322.031128     378.281250 -150.109375 101.500000     -0.997326 -0.073077 0.073077 -0.997326     9.317767 9.317767 2.605935
399.098419 367.699280     335.855469 1.640625 244.796875     -0.997119 0.075852 -0.075852 -0.997119     75.471469 75.471469 3.572544
531.901733 423.673676     234.437500 -62.953125 19.156250     -0.945664 0.325146 -0.325146 -0.945664     16.599725 16.599725 0.230330
252.162460 245.739502     130.343750 -9.609375 6.029785     -0.995355 -0.096269 0.096269 -0.995355     26.697397 26.697397 0.212511
252.162460 245.739502     224.984375 1.720703 8.922119     -0.995355 -0.096269 0.096269 -0.995355     26.697397 26.697397 3.949006
59.529953 50.529953     2543.221436 -391.373047 565.593750     -0.270698 -0.962664 0.962664 -0.270698     11.565977 11.565977 1.630043
59.529953 50.529953     1105.664062 -221.691406 46.093750     -0.270698 -0.962664 0.962664 -0.270698     11.565977 11.565977 4.792551
534.000000 390.422729     488.978516 -170.589844 60.796875     -0.981195 -0.193020 0.193020 -0.981195     13.970924 13.970924 2.302287
252.061066 248.487106     436.781250 -101.941406 36.146484     -0.999158 -0.041025 0.041025 -0.999158     31.350692 31.350692 0.739303
252.061066 248.487106     372.755920 -78.806641 19.566406     -0.999158 -0.041025 0.041025 -0.999158     31.350692 31.350692 2.296315
252.392990 248.846436     735.386597 -132.607422 27.943359     -0.998966 -0.045454 0.045454 -0.998966     31.552357 31.552357 0.710224
252.392990 248.846436     167.593750 -58.656250 26.125000     -0.998966 -0.045454 0.045454 -0.998966     31.552357 31.552357 3.950652
251.545547 248.478027     29.863281 -19.546875 32.203125     -0.982335 -0.187131 0.187131 -0.982335     33.396776 33.396776 2.316571
251.545547 248.478027     561.027344 -197.414062 70.875000     -0.982335 -0.187131 0.187131 -0.982335     33.396776 33.396776 5.438463
60.000000 52.454212     964.421875 50.453125 569.984375     -0.279416 -0.960170 0.960170 -0.279416     12.348995 12.348995 1.647690
60.000000 52.454212     1152.172852 -226.789062 46.765625     -0.279416 -0.960170 0.960170 -0.279416     12.348995 12.348995 4.785340
174.435776 172.513763     20815.863281 -5116.007812 10625.781250     -0.985859 -0.167579 0.167579 -0.985859     20.925003 20.925003 3.185517
248.112534 247.414322     1262.656250 -262.347656 72.509766     -0.974727 -0.223400 0.223400 -0.974727     32.665974 32.665974 1.486639
248.112534 247.414322     465.406250 -110.640625 414.750000     -0.974727 -0.223400 0.223400 -0.974727     32.665974 32.665974 4.673334
393.400940 291.976410     1125.000000 -449.578125 181.109375     -0.843895 0.536509 -0.536509 -0.843895     8.458462 8.458462 4.447224
