1.0
651
350.491150 412.752197     84.945312 -14.484375 6.703125     -0.984324 0.176370 -0.176370 -0.984324     9.120502 9.120502 1.634389
350.670044 412.181824     92.554688 -15.390625 8.687500     -0.984573 0.174974 -0.174974 -0.984573     10.978837 10.978837 1.646795
353.066376 399.738586     72.109375 -15.671875 8.562500     -0.973869 0.227113 -0.227113 -0.973869     9.969013 9.969013 1.801465
350.763855 411.804657     98.554688 -16.218750 10.250000     -0.984549 0.175110 -0.175110 -0.984549     12.212643 12.212643 1.675225
346.661133 170.718002     248.023438 6.722656 191.115234     -0.993279 -0.115744 0.115744 -0.993279     62.082366 62.082366 6.234195
353.440430 399.303253     78.570312 -17.937500 10.390625     -0.970816 0.239826 -0.239826 -0.970816     10.985364 10.985364 1.814761
346.939697 170.139297     256.210938 12.691406 192.738281     -0.981964 -0.189066 0.189066 -0.981964     62.076305 62.076305 6.126789
351.028717 411.503906     105.312500 -17.609375 11.906250     -0.983793 0.179308 -0.179308 -0.983793     13.270600 13.270600 1.690646
359.989990 387.160004     52.179688 -22.937500 15.421875     -0.901470 0.432843 -0.432843 -0.901470     9.448267 9.448267 3.046493
359.989990 387.160004     260.781250 21.148438 197.599609     -0.901470 0.432843 -0.432843 -0.901470     9.448267 9.448267 5.040853
347.894836 169.060608     40.066406 15.001953 45.336914     -0.956813 -0.290705 0.290705 -0.956813     62.219586 62.219586 6.009968
176.844772 97.495522     112.636719 39.332031 51.303711     -0.643035 -0.765837 0.765837 -0.643035     23.585328 23.585328 2.107791
173.913345 96.822014     216.667969 67.966797 55.899414     -0.898576 -0.438819 0.438819 -0.898576     25.493976 25.493976 2.451266
169.621109 95.986160     84.679688 -21.234375 12.781250     -0.939048 -0.343785 0.343785 -0.939048     25.061730 25.061730 2.548295
354.228027 398.905548     113.304688 -20.703125 14.000000     -0.964628 0.263615 -0.263615 -0.964628     11.887398 11.887398 1.835399
351.855804 411.087463     57.585938 -27.078125 19.031250     -0.980556 0.196239 -0.196239 -0.980556     14.127900 14.127900 1.705219
360.297302 386.851349     514.576172 98.542969 56.035156     -0.888808 0.458280 -0.458280 -0.888808     10.131945 10.131945 3.148600
360.297302 386.851349     279.062500 18.183594 196.714844     -0.888808 0.458280 -0.458280 -0.888808     10.131945 10.131945 5.061583
151.634399 94.556572     120.740234 30.000000 14.908203     -0.979472 -0.201579 0.201579 -0.979472     26.907856 26.907856 2.899880
347.941925 168.632660     106.492188 -54.781250 108.250000     -0.978459 -0.206441 0.206441 -0.978459     62.496296 62.496296 6.130382
156.422577 113.509674     277.117188 115.429688 76.906250     -0.966934 -0.255028 0.255028 -0.966934     11.902251 11.902251 5.964402
354.907990 401.338715     5.488281 22.597656 213.644531     0.701412 -0.712756 0.712756 0.701412     32.631297 32.631297 0.524892
354.907990 401.338715     289.843750 128.728516 93.554688     0.701412 -0.712756 0.712756 0.701412     32.631297 32.631297 4.105140
158.262222 130.231110     286.210938 61.969727 21.375977     -0.909719 -0.415224 0.415224 -0.909719     22.146505 22.146505 2.385615
158.262222 130.231110     1003.136719 147.127930 66.451172     -0.909719 -0.415224 0.415224 -0.909719     22.146505 22.146505 5.525933
183.639282 135.524994     6.675781 30.455078 289.523438     -0.106698 -0.994291 0.994291 -0.106698     7.876037 7.876037 6.129182
157.895218 132.100235     392.500000 170.035156 121.062500     -0.896186 -0.443678 0.443678 -0.896186     24.575372 24.575372 2.357049
145.928955 111.861565     28.437500 6.661133 59.672562     -0.976147 -0.217113 0.217113 -0.976147     12.399755 12.399755 6.066823
138.539978 92.159111     304.468750 5.851562 197.556641     -0.988441 -0.151605 0.151605 -0.988441     29.810594 29.810594 3.110452
183.994507 139.442307     388.875000 76.155273 23.401367     -0.105855 -0.994382 0.994382 -0.105855     8.338671 8.338671 6.090009
153.117203 133.007477     399.869141 190.488281 157.753906     -0.901063 -0.433689 0.433689 -0.901063     28.182769 28.182769 2.367828
347.316956 167.884995     1307.619141 190.525391 73.637695     -0.998514 -0.054488 0.054488 -0.998514     63.198543 63.198543 6.314983
140.466080 111.095871     8.777344 46.433594 433.423828     -0.980574 -0.196150 0.196150 -0.980574     12.860521 12.860521 6.196427
152.072617 134.992645     590.351562 116.642578 31.555664     -0.876460 -0.481475 0.481475 -0.876460     32.794778 32.794778 2.346598
152.072617 134.992645     23.328125 32.229492 76.349640     -0.876460 -0.481475 0.481475 -0.876460     32.794778 32.794778 5.515008
184.167862 141.275772     159.640625 39.893555 73.106873     -0.103245 -0.994656 0.994656 -0.103245     8.756841 8.756841 6.052130
132.234314 91.018387     1596.633789 230.585938 79.644531     -0.988808 -0.149195 0.149195 -0.988808     30.150163 30.150163 3.111607
132.234314 91.018387     520.832031 264.650391 246.906250     -0.988808 -0.149195 0.149195 -0.988808     30.150163 30.150163 4.741825
184.625534 144.923401     10.917969 64.867188 589.207031     -0.107444 -0.994211 0.994211 -0.107444     8.725003 8.725003 1.569334
184.625534 144.923401     328.375000 35.815430 81.198257     -0.107444 -0.994211 0.994211 -0.107444     8.725003 8.725003 6.060804
133.189911 109.710335     767.677734 149.134766 37.622070     -0.980513 -0.196455 0.196455 -0.980513     12.874414 12.874414 6.178947
434.759827 14.572052     641.304688 326.658203 310.755859     -0.427047 -0.904230 0.904230 -0.427047     12.812659 12.812659 1.724099
126.552032 90.099228     746.000000 80.499023 104.027466     -0.989132 -0.147028 0.147028 -0.989132     30.310547 30.310547 3.122405
126.552032 90.099228     1967.974609 278.614258 87.604004     -0.989132 -0.147028 0.147028 -0.989132     30.310547 30.310547 4.740888
147.382355 139.431046     733.152344 383.423828 380.925781     -0.854289 -0.519798 0.519798 -0.854289     41.701696 41.701696 2.324134
147.382355 139.431046     10.406250 -0.296875 69.077148     -0.854289 -0.519798 0.519798 -0.854289     41.701696 41.701696 5.510357
185.219955 149.717194     1072.041992 202.007812 46.713867     -0.110120 -0.993918 0.993918 -0.110120     8.692199 8.692199 1.573698
126.900612 108.619881     1962.734375 155.265625 161.957153     -0.981254 -0.192717 0.192717 -0.981254     12.989452 12.989452 6.203832
143.241882 141.462830     846.074219 212.578125 54.343750     -0.851898 -0.523708 0.523708 -0.851898     47.183781 47.183781 2.293816
345.468018 167.228363     24.882812 177.710938 1486.480469     -0.999956 0.009416 -0.009416 -0.999956     63.570827 63.570827 0.154453
186.246155 157.581543     1015.916016 484.929688 510.435547     -0.115750 -0.993278 0.993278 -0.115750     8.714356 8.714356 1.572062
121.100174 89.098732     30.707031 224.285156 1856.814453     -0.989643 -0.143550 0.143550 -0.989643     30.912856 30.912856 3.137219
121.100174 89.098732     82.625000 -44.378906 64.636719     -0.989643 -0.143550 0.143550 -0.989643     30.912856 30.912856 4.740208
141.238419 143.572327     2604.294922 326.125977 103.807617     -0.841841 -0.539725 0.539725 -0.841841     52.305291 52.305291 2.278737
486.252930 80.910507     1090.138672 529.404297 578.019531     0.005060 -0.999987 0.999987 0.005060     14.515376 14.515376 0.760582
486.252930 80.910507     1421.526367 267.812500 59.256836     0.005060 -0.999987 0.999987 0.005060     14.515376 14.515376 4.043262
118.931480 107.187340     210.937500 60.582031 273.876343     -0.982440 -0.186577 0.186577 -0.982440     13.003494 13.003494 6.276959
139.143204 145.578583     1092.705078 481.113281 319.535156     -0.832914 -0.553402 0.553402 -0.832914     56.726400 56.726400 2.265101
486.676086 82.482109     422.195312 -0.527344 203.406250     0.027002 -0.999635 0.999635 0.027002     20.289674 20.289674 0.337562
486.676086 82.482109     3059.718750 403.523438 752.081421     0.027002 -0.999635 0.999635 0.027002     20.289674 20.289674 4.168501
142.359222 214.228149     1064.501953 502.671875 383.363281     -0.969796 -0.243917 0.243917 -0.969796     4.215480 4.215480 4.703583
187.748154 169.628998     42.789062 321.941406 2649.468750     -0.118989 -0.992896 0.992896 -0.118989     8.521333 8.521333 1.573410
133.106781 147.951065     2996.490234 271.634766 162.828125     -0.855039 -0.518564 0.518564 -0.855039     66.187547 66.187547 2.325478
149.883560 219.023972     54.429688 414.878906 3396.496094     -0.939538 -0.342444 0.342444 -0.939538     26.048532 26.048532 4.643509
355.626953 400.913849     808.707031 505.839844 544.425781     -0.725685 0.688027 -0.688027 -0.725685     33.489128 33.489128 0.941191
355.626953 400.913849     32.984375 26.148438 28.703125     -0.725685 0.688027 -0.688027 -0.725685     33.489128 33.489128 3.599801
188.497772 175.584824     1425.018555 682.271484 760.378906     -0.120146 -0.992756 0.992756 -0.120146     8.494720 8.494720 1.574236
615.480469 50.254189     3756.000000 1524.304688 2555.302734     -0.774154 0.632997 -0.632997 -0.774154     23.960003 23.960003 5.182889
115.378654 87.484650     488.898438 -1.156250 205.761719     -0.991872 -0.127236 0.127236 -0.991872     35.425199 35.425199 4.740516
131.191528 149.884247     775.021484 573.492188 740.500000     -0.847177 -0.531311 0.531311 -0.847177     70.579939 70.579939 2.310991
110.680153 105.648689     1657.827148 718.837891 797.455078     -0.982509 -0.186216 0.186216 -0.982509     13.118172 13.118172 6.282241
156.462311 224.391953     4812.625000 521.996094 1623.941162     -0.901767 -0.432222 0.432222 -0.901767     42.437322 42.437322 4.588754
343.529480 166.655334     42.373047 14.017578 27.136719     -0.999997 0.002410 -0.002410 -0.999997     64.179053 64.179053 0.228574
129.502853 151.516098     4251.972656 1572.874023 3275.584961     -0.837685 -0.546154 0.546154 -0.837685     74.128303 74.128303 2.283844
160.306366 227.598969     1993.470703 814.646484 880.767578     -0.883432 -0.468559 0.468559 -0.883432     48.623639 48.623639 4.557238
190.141418 188.182739     121.375000 31.765625 40.769531     -0.120787 -0.992678 0.992678 -0.120787     8.557052 8.557052 1.570028
113.034477 90.606438     202.718750 75.656250 30.824219     -0.995518 -0.094569 0.094569 -0.995518     52.675801 52.675801 3.350390
113.034477 90.606438     4586.468750 605.863281 2047.087402     -0.995518 -0.094569 0.094569 -0.995518     52.675801 52.675801 4.762601
191.381454 197.680649     246.937500 91.445312 36.863281     -0.121378 -0.992606 0.992606 -0.121378     8.652858 8.652858 1.570803
165.474579 236.390594     1022.750000 846.945312 1303.789062     -0.791438 -0.611249 0.611249 -0.791438     55.798516 55.798516 4.459966
273.792084 391.618805     591.335938 11.050781 213.367188     -0.735388 -0.677646 0.677646 -0.735388     9.659644 9.659644 4.236245
123.466156 153.467758     249.218750 91.710938 37.183594     -0.847908 -0.530143 0.530143 -0.847908     82.215585 82.215585 2.315150
341.647247 165.927399     2264.483398 1970.638672 3651.574219     -0.999992 0.004084 -0.004084 -0.999992     64.549045 64.549045 0.259364
164.811234 243.925232     4538.898438 1474.766602 3553.120117     -0.717664 -0.696389 0.696389 -0.717664     61.042439 61.042439 4.395983
117.517700 154.136612     702.843750 36.167969 222.927734     -0.869918 -0.493196 0.493196 -0.869918     88.857998 88.857998 2.366302
117.517700 154.136612     184.304688 -107.437500 143.359375     -0.869918 -0.493196 0.493196 -0.869918     88.857998 88.857998 4.530477
163.087479 249.434036     38.687500 32.445312 36.015625     -0.671684 -0.740838 0.740838 -0.671684     64.593864 64.593864 4.378257
357.302490 400.197510     4677.576172 1397.288086 3803.387695     -0.784548 0.620068 -0.620068 -0.784548     33.918159 33.918159 5.486459
110.937729 236.630035     2478.035156 2037.738281 4053.132812     -0.859508 -0.511122 0.511122 -0.859508     19.512013 19.512013 5.019080
159.924042 253.604828     39.468750 27.195312 55.521484     -0.639325 -0.768937 0.768937 -0.639325     69.638417 69.638417 4.349441
111.000847 154.913574     764.187500 257.679688 114.531250     -0.884298 -0.466922 0.466922 -0.884298     95.525401 95.525401 4.538637
476.030182 210.064651     3564.229492 1003.269531 6140.207031     -0.944822 -0.327583 0.327583 -0.944822     24.547052 24.547052 2.916006
519.489441 224.130798     240.968750 218.375000 287.605469     -0.935579 -0.353118 0.353118 -0.935579     6.778559 6.778559 4.800733
520.597961 224.494843     836.953125 71.972656 240.355469     -0.936541 -0.350557 0.350557 -0.936541     7.303759 7.303759 3.643365
520.597961 224.494843     223.515625 6.809082 22.356606     -0.936541 -0.350557 0.350557 -0.936541     7.303759 7.303759 4.775691
153.077347 257.421753     76.390625 -55.193359 58.015724     -0.646655 -0.762783 0.762783 -0.646655     78.556432 78.556432 4.354496
338.702332 164.622101     464.640625 -657.453125 1184.312500     -0.999574 -0.029200 0.029200 -0.999574     65.682178 65.682178 0.147526
519.853577 224.202499     118.906250 19.992188 11.603760     -0.937095 -0.349076 0.349076 -0.937095     7.820804 7.820804 3.627022
519.853577 224.202499     866.218750 -13.027344 298.416016     -0.937095 -0.349076 0.349076 -0.937095     7.820804 7.820804 4.784285
474.000000 208.769012     62.328125 -43.384277 50.036270     -0.955500 -0.294991 0.294991 -0.955500     23.657754 23.657754 2.960781
335.475922 163.115234     181.812500 30.923828 23.174072     -0.997204 -0.074730 0.074730 -0.997204     66.778743 66.778743 4.739975
335.475922 163.115234     833.351562 -7.058594 367.644531     -0.997204 -0.074730 0.074730 -0.997204     66.778743 66.778743 6.301490
359.382416 398.368896     36.687500 -27.703125 73.037109     -0.770450 0.637501 -0.637501 -0.770450     33.209070 33.209070 5.423856
273.034485 390.612061     41.835938 36.703125 42.421875     -0.721505 -0.692409 0.692409 -0.721505     9.939560 9.939560 4.244939
492.854828 215.838715     190.250000 36.382812 36.837891     -0.952833 -0.303494 0.303494 -0.952833     19.494442 19.494442 3.773204
492.854828 215.838715     37.515625 -28.449219 74.665039     -0.952833 -0.303494 0.303494 -0.952833     19.494442 19.494442 4.739558
455.168060 157.036407     40.421875 -29.941406 83.197266     -0.598721 -0.800958 0.800958 -0.598721     19.687225 19.687225 3.147026
455.168060 157.036407     5890.375000 1269.578125 2945.179688     -0.598721 -0.800958 0.800958 -0.598721     19.687225 19.687225 5.333863
333.376404 161.077774     318.687500 8.517578 281.973633     -0.992672 -0.120842 0.120842 -0.992672     68.326782 68.326782 3.069427
333.376404 161.077774     4616.595703 -272.041016 6507.613281     -0.992672 -0.120842 0.120842 -0.992672     68.326782 68.326782 4.701784
494.797058 217.237473     734.304688 -42.867188 569.605469     -0.944307 -0.329067 0.329067 -0.944307     22.381109 22.381109 4.775257
463.347229 247.416672     321.421875 5.572266 257.456055     -0.668514 -0.743699 0.743699 -0.668514     30.076250 30.076250 1.746445
463.347229 247.416672     492.390625 -713.546875 1291.500000     -0.668514 -0.743699 0.743699 -0.668514     30.076250 30.076250 4.803668
331.192841 159.179504     14.781250 2.218750 18.632812     -0.993002 -0.118100 0.118100 -0.993002     68.511759 68.511759 0.194002
331.192841 159.179504     326.515625 0.150391 255.467773     -0.993002 -0.118100 0.118100 -0.993002     68.511759 68.511759 4.753398
367.150543 384.913696     16.652344 8.218750 165.343750     0.509847 -0.860265 0.860265 0.509847     38.969168 38.969168 1.107887
388.724457 47.977779     709.023438 -39.191406 692.527344     -0.984138 -0.177403 0.177403 -0.984138     12.727866 12.727866 1.747697
388.724457 47.977779     24.359375 -4.210938 22.511719     -0.984138 -0.177403 0.177403 -0.984138     12.727866 12.727866 5.002083
333.617432 154.774460     301.859375 235.593750 280.546875     -0.999737 0.022925 -0.022925 -0.999737     77.697329 77.697329 0.312529
333.617432 154.774460     18.615234 12.535156 166.656250     -0.999737 0.022925 -0.022925 -0.999737     77.697329 77.697329 0.754931
391.541168 50.094116     358.078125 11.791016 252.641113     -0.974229 -0.225563 0.225563 -0.974229     17.170878 17.170878 1.717533
391.541168 50.094116     19.933594 19.222656 191.609375     -0.974229 -0.225563 0.225563 -0.974229     17.170878 17.170878 4.805364
459.359863 245.262970     360.484375 265.398438 285.652344     -0.718327 -0.695705 0.695705 -0.718327     32.791313 32.791313 2.355077
459.359863 245.262970     22.107422 20.539062 195.328125     -0.718327 -0.695705 0.695705 -0.718327     32.791313 32.791313 4.736310
390.643402 50.683292     17.148438 0.765625 28.742188     -0.982776 -0.184801 0.184801 -0.982776     18.748942 18.748942 1.695072
390.643402 50.683292     513.671875 -744.156250 1344.546875     -0.982776 -0.184801 0.184801 -0.982776     18.748942 18.748942 4.812781
333.136353 150.314560     373.937500 -2.408203 267.706543     -0.999885 0.015152 -0.015152 -0.999885     86.270712 86.270712 0.206355
333.136353 150.314560     5969.800781 -617.511719 6799.265625     -0.999885 0.015152 -0.015152 -0.999885     86.270712 86.270712 0.668492
391.100006 92.645454     40.976562 41.476562 77.453125     0.475109 -0.879927 0.879927 0.475109     20.976682 20.976682 1.344450
391.100006 92.645454     18.218750 -1.203125 36.070312     0.475109 -0.879927 0.879927 0.475109     20.976682 20.976682 3.111381
272.540527 390.108093     409.921875 -20.607422 281.046875     -0.704279 -0.709923 0.709923 -0.704279     10.480858 10.480858 4.227044
493.592804 216.767426     374.890625 277.687500 292.605469     -0.941786 -0.336214 0.336214 -0.941786     22.806956 22.806956 4.777296
390.301147 52.445946     701.343750 -51.746094 744.160156     -0.975581 -0.219639 0.219639 -0.975581     24.085211 24.085211 1.783789
390.301147 52.445946     26.255859 23.742188 197.125000     -0.975581 -0.219639 0.219639 -0.975581     24.085211 24.085211 4.828880
391.350403 91.996063     1203.734375 213.804688 319.550781     0.476078 -0.879403 0.879403 0.476078     21.161580 21.161580 1.390784
391.350403 91.996063     9168.171875 2076.722656 2992.008301     0.476078 -0.879403 0.879403 0.476078     21.161580 21.161580 3.093123
332.020996 145.673553     42.773438 48.109375 96.046875     -0.999134 -0.041619 0.041619 -0.999134     96.972739 96.972739 0.186070
389.020325 53.779686     83.195312 11.574707 6.339996     -0.984659 -0.174492 0.174492 -0.984659     27.991327 27.991327 1.925904
389.020325 53.779686     121.820312 18.988770 8.182556     -0.984659 -0.174492 0.174492 -0.984659     27.991327 27.991327 4.860209
392.003326 90.867111     93.031250 7.234375 76.953125     0.457572 -0.889173 0.889173 0.457572     22.506254 22.506254 1.442819
392.003326 90.867111     10.406250 6.468750 71.109375     0.457572 -0.889173 0.889173 0.457572     22.506254 22.506254 3.146489
333.929932 140.127609     37135.437500 -8621.736328 8658.070312     -0.971344 0.237680 -0.237680 -0.971344     106.405373 106.405373 0.609148
458.898773 244.871170     69.031250 42.296875 158.453125     -0.713041 -0.701122 0.701122 -0.713041     32.674809 32.674809 1.791223
458.898773 244.871170     90.875000 20.937500 97.718750     -0.713041 -0.701122 0.701122 -0.713041     32.674809 32.674809 4.737091
369.016052 382.161224     36.828125 -29.843750 73.703125     0.505681 -0.862721 0.862721 0.505681     38.749052 38.749052 1.118556
369.016052 382.161224     81.250000 40.796875 153.640625     0.505681 -0.862721 0.862721 0.505681     38.749052 38.749052 4.595551
334.066406 136.214600     44.460938 -30.343750 90.687500     -0.923920 0.382586 -0.382586 -0.923920     114.074031 114.074031 0.729786
138.533813 373.181488     146.750000 -1.312500 7.156250     -0.070639 -0.997502 0.997502 -0.070639     11.844895 11.844895 4.731199
307.232666 234.678223     118.984375 66.765625 172.453125     -0.415038 -0.909804 0.909804 -0.415038     16.698027 16.698027 1.878847
307.232666 234.678223     294.804688 -22.664062 87.687500     -0.415038 -0.909804 0.909804 -0.415038     16.698027 16.698027 4.664965
271.843750 385.783661     37.359375 -33.109375 191.828125     -0.535394 -0.844602 0.844602 -0.535394     16.560864 16.560864 5.494974
137.091843 373.625000     29.328125 -23.937500 107.906250     -0.034366 -0.999409 0.999409 -0.034366     17.341202 17.341202 4.790241
136.547668 372.656311     744.343750 55.453125 1083.078125     -0.055023 -0.998485 0.998485 -0.055023     18.111838 18.111838 4.832698
334.207855 133.967667     330.250000 -10.281250 31.906250     -0.776513 0.630102 -0.630102 -0.776513     115.670613 115.670613 0.928232
430.510010 200.585007     43.046875 1.765625 18.421875     -0.779196 0.626781 -0.626781 -0.779196     19.679186 19.679186 2.243664
430.510010 200.585007     42.921875 -34.734375 199.750000     -0.779196 0.626781 -0.626781 -0.779196     19.679186 19.679186 3.938849
458.613251 244.801102     637.929688 188.000000 214.218750     -0.722906 -0.690947 0.690947 -0.722906     33.484506 33.484506 1.734429
458.613251 244.801102     223.382812 -177.078125 250.218750     -0.722906 -0.690947 0.690947 -0.722906     33.484506 33.484506 4.773615
135.886124 370.670807     64.062500 -7.718750 154.046875     -0.083779 -0.996484 0.996484 -0.083779     18.857814 18.857814 4.806097
306.799133 235.126633     241.343750 6.796875 6.500000     -0.215893 -0.976417 0.976417 -0.215893     18.162482 18.162482 1.594212
306.799133 235.126633     578.156250 -243.156250 115.960938     -0.215893 -0.976417 0.976417 -0.215893     18.162482 18.162482 4.437265
430.265778 201.072067     90.949219 13.105469 123.078125     0.695369 -0.718653 0.718653 0.695369     19.942785 19.942785 0.917544
430.265778 201.072067     134.484375 -23.054688 161.906250     0.695369 -0.718653 0.718653 0.695369     19.942785 19.942785 5.458792
135.408737 368.865845     344.281250 -54.468750 75.218750     -0.109931 -0.993939 0.993939 -0.109931     18.989546 18.989546 4.825684
484.134399 214.479538     32.785156 -1.625000 27.750000     -0.954538 -0.298089 0.298089 -0.954538     24.832552 24.832552 1.479536
484.134399 214.479538     43.234375 -4.531250 17.625000     -0.954538 -0.298089 0.298089 -0.954538     24.832552 24.832552 3.780985
455.711639 243.332565     19.316406 -3.375000 27.750000     -0.754851 -0.655896 0.655896 -0.754851     33.386674 33.386674 4.741312
135.260559 368.635223     1219.328125 195.750000 331.703125     -0.116158 -0.993231 0.993231 -0.116158     19.975834 19.975834 4.846721
306.795380 235.895752     16249.359375 -3078.390625 1460.468750     -0.065611 -0.997845 0.997845 -0.065611     18.607430 18.607430 1.527669
306.795380 235.895752     365.578125 -56.609375 78.101562     -0.065611 -0.997845 0.997845 -0.065611     18.607430 18.607430 4.368989
370.175537 380.303833     59.742188 18.648438 35.265625     0.506236 -0.862395 0.862395 0.506236     39.447233 39.447233 1.109907
370.175537 380.303833     127.800781 -18.238281 184.765625     0.506236 -0.862395 0.862395 0.506236     39.447233 39.447233 4.587145
271.686279 385.387787     18.718140 20.712891 79.812500     -0.546568 -0.837415 0.837415 -0.546568     16.780512 16.780512 5.491571
306.559723 236.730377     145.554688 -15.960938 178.000000     0.066942 -0.997757 0.997757 0.066942     19.164944 19.164944 1.403041
306.559723 236.730377     1604.390625 511.687500 648.144531     0.066942 -0.997757 0.997757 0.066942     19.164944 19.164944 4.312735
455.022980 242.956161     22.078125 -3.851562 27.875000     -0.757153 -0.653238 0.653238 -0.757153     32.769524 32.769524 4.757863
334.303955 132.611282     23.216309 -26.070312 88.671875     0.555747 -0.831352 0.831352 0.555747     116.196956 116.196956 4.136965
334.303955 132.611282     390.687500 -53.578125 78.789062     0.555747 -0.831352 0.831352 0.555747     116.196956 116.196956 4.476692
135.323563 368.304443     262.219727 -117.910156 331.312500     -0.135115 -0.990830 0.990830 -0.135115     21.589797 21.589797 4.862586
476.895050 220.835251     28.046875 -17.781250 66.062500     -0.974743 -0.223330 0.223330 -0.974743     74.019813 74.019813 0.270661
476.895050 220.835251     95.343750 33.046875 95.015625     -0.974743 -0.223330 0.223330 -0.974743     74.019813 74.019813 3.644391
541.942383 272.358032     16743.343750 -2916.093750 1464.515625     -0.921067 0.389404 -0.389404 -0.921067     15.109913 15.109913 4.656615
371.177551 378.354645     24.976562 -0.625000 29.859375     0.512547 -0.858659 0.858659 0.512547     39.886255 39.886255 1.090245
371.177551 378.354645     341.046875 -166.867188 381.687500     0.512547 -0.858659 0.858659 0.512547     39.886255 39.886255 4.591199
271.242188 384.107422     129.553223 81.716797 278.375000     -0.507749 -0.861505 0.861505 -0.507749     17.087564 17.087564 2.293667
271.242188 384.107422     34.671875 -22.304688 68.000000     -0.507749 -0.861505 0.861505 -0.507749     17.087564 17.087564 5.435212
221.610001 21.000000     94.562500 -6.203125 23.843750     -0.989320 -0.145761 0.145761 -0.989320     9.687698 9.687698 1.755981
221.610001 21.000000     2070.281250 1613.187500 2115.132812     -0.989320 -0.145761 0.145761 -0.989320     9.687698 9.687698 3.943683
217.909088 20.676363     41.189148 -53.937988 138.171875     -0.987025 -0.160566 0.160566 -0.987025     10.155972 10.155972 1.744903
495.483673 364.353180     316.960938 -65.757812 202.187500     -0.933630 -0.358239 0.358239 -0.933630     38.756799 38.756799 2.032444
495.483673 364.353180     45.507812 1.898438 25.500000     -0.933630 -0.358239 0.358239 -0.933630     38.756799 38.756799 2.516450
521.855103 423.652161     109.281250 -6.562500 8.546875     -0.104800 -0.994493 0.994493 -0.104800     14.032910 14.032910 4.781082
346.342987 438.908203     53.260551 -56.548340 147.000000     -0.812274 0.583276 -0.583276 -0.812274     19.757827 19.757827 0.609450
346.342987 438.908203     15.296875 -13.203125 43.356445     -0.812274 0.583276 -0.583276 -0.812274     19.757827 19.757827 3.808168
494.855438 365.586731     443.078125 -38.093750 79.132812     -0.999967 -0.008174 0.008174 -0.999967     43.449916 43.449916 0.699046
494.855438 365.586731     60.225357 -60.051758 172.406250     -0.999967 -0.008174 0.008174 -0.999967     43.449916 43.449916 2.406684
542.273071 272.191895     26.453125 -34.355469 90.082031     -0.918451 0.395534 -0.395534 -0.918451     15.019225 15.019225 4.656063
415.509644 435.691132     60.609375 8.500000 8.570312     0.574476 -0.818522 0.818522 0.574476     16.078205 16.078205 1.563025
415.509644 435.691132     305.535156 -55.695312 210.312500     0.574476 -0.818522 0.818522 0.574476     16.078205 16.078205 1.963229
346.605835 438.437958     13.937500 16.812500 69.531250     -0.820105 0.572213 -0.572213 -0.820105     22.448635 22.448635 0.614171
346.605835 438.437958     503.906250 -8.781250 82.679688     -0.820105 0.572213 -0.572213 -0.820105     22.448635 22.448635 3.774171
469.583740 425.817749     13.718750 20.765625 107.031250     -0.369834 -0.929098 0.929098 -0.369834     32.510654 32.510654 1.832684
469.583740 425.817749     297.781250 23.460938 11.234375     -0.369834 -0.929098 0.929098 -0.369834     32.510654 32.510654 4.994575
517.290161 423.587616     19.515625 -3.298828 20.531250     -0.647575 -0.762002 0.762002 -0.647575     38.469498 38.469498 5.221048
496.374481 366.280182     123.992188 18.171875 14.726562     -0.963396 -0.268081 0.268081 -0.963396     55.594467 55.594467 2.001099
496.374481 366.280182     31.093750 -4.625000 19.078125     -0.963396 -0.268081 0.268081 -0.963396     55.594467 55.594467 2.228964
416.033417 437.136047     670.671875 206.265625 270.585938     0.487038 -0.873381 0.873381 0.487038     20.217898 20.217898 2.015449
416.033417 437.136047     13.406250 -16.843750 59.070312     0.487038 -0.873381 0.873381 0.487038     20.217898 20.217898 4.132764
469.322540 426.369598     109.843750 -5.070312 17.132812     -0.410085 -0.912047 0.912047 -0.410085     35.691119 35.691119 1.821176
469.322540 426.369598     15.910900 18.203247 114.289062     -0.410085 -0.912047 0.912047 -0.410085     35.691119 35.691119 4.917851
344.661407 443.726379     18.921875 6.468750 55.570312     0.443876 -0.896088 0.896088 0.443876     24.412320 24.412320 4.304361
571.014587 220.888351     21.851562 -2.375000 43.050781     -0.999956 0.009401 -0.009401 -0.999956     12.027643 12.027643 0.961094
571.014587 220.888351     31.140625 -14.296875 23.519531     -0.999956 0.009401 -0.009401 -0.999956     12.027643 12.027643 4.134882
471.029694 428.163269     19.351562 -5.914062 61.011719     -0.560478 -0.828169 0.828169 -0.560478     38.657991 38.657991 1.761837
471.029694 428.163269     36.468750 -27.574219 60.126953     -0.560478 -0.828169 0.828169 -0.560478     38.657991 38.657991 2.022808
506.003387 388.180237     12.578125 3.367188 48.890625     -0.508577 -0.861017 0.861017 -0.508577     82.865277 82.865277 1.964647
416.687988 432.302887     5.328125 -7.742188 67.960938     0.201114 -0.979568 0.979568 0.201114     24.877201 24.877201 1.499362
409.852936 370.035309     4.968750 -6.164062 129.183594     0.270202 -0.962804 0.962804 0.270202     21.397627 21.397627 3.321527
557.174377 371.633545     8.281250 -46.937500 438.953125     -0.495435 -0.868645 0.868645 -0.495435     23.743358 23.743358 2.063163
265.720490 386.173920     14.765625 -4.273438 98.687500     -0.334038 -0.942560 0.942560 -0.334038     45.004741 45.004741 2.670186
265.720490 386.173920     185.218750 -232.875000 1494.273438     -0.334038 -0.942560 0.942560 -0.334038     45.004741 45.004741 3.098993
470.548981 325.114868     21.343750 1.402344 19.732422     -0.999408 0.034400 -0.034400 -0.999408     25.277172 25.277172 1.408090
470.548981 325.114868     195.750000 -183.890625 1496.828125     -0.999408 0.034400 -0.034400 -0.999408     25.277172 25.277172 4.683088
385.279083 438.879059     16.703125 -17.160156 139.937500     -0.997465 -0.071155 0.071155 -0.997465     19.248180 19.248180 0.853389
385.279083 438.879059     387.218750 134.640625 65.093750     -0.997465 -0.071155 0.071155 -0.997465     19.248180 19.248180 1.314215
416.586395 432.054962     37.054688 -5.886719 25.732422     0.206985 -0.978344 0.978344 0.206985     26.839484 26.839484 1.480981
411.026764 372.116455     38.390625 -48.453125 188.613281     0.084850 -0.996394 0.996394 0.084850     35.832321 35.832321 3.665203
575.827820 221.157516     38.515625 -4.773438 34.080078     -0.999582 -0.028906 0.028906 -0.999582     11.298001 11.298001 4.277316
541.887390 272.456940     282.671875 108.750000 83.648438     -0.918941 0.394395 -0.394395 -0.918941     15.327806 15.327806 4.662486
262.901947 387.900940     244.062500 16.367188 3.226562     0.494393 -0.869238 0.869238 0.494393     49.575963 49.575963 2.006959
474.341187 320.570801     52.617188 4.687500 44.625000     -0.981557 0.191168 -0.191168 -0.981557     36.171269 36.171269 0.801492
474.341187 320.570801     137.468750 15.500000 27.531250     -0.981557 0.191168 -0.191168 -0.981557     36.171269 36.171269 1.930199
334.365326 133.360840     245.406250 -128.328125 1453.625000     0.408547 -0.912737 0.912737 0.408547     117.631616 117.631616 4.544397
385.205597 407.102814     61.453125 9.566406 46.097656     0.615639 -0.788028 0.788028 0.615639     12.973238 12.973238 2.631538
385.205597 407.102814     20.835938 18.632812 40.820312     0.615639 -0.788028 0.788028 0.615639     12.973238 12.973238 5.593292
175.652008 411.300354     370.718750 26.265625 4.175781     -0.959214 0.282682 -0.282682 -0.959214     23.499787 23.499787 2.092368
175.652008 411.300354     1412.230713 1023.017578 943.312500     -0.959214 0.282682 -0.282682 -0.959214     23.499787 23.499787 5.559340
477.529419 290.117645     2255.062500 -885.234375 4675.218750     -0.985574 0.169243 -0.169243 -0.985574     18.470236 18.470236 0.811071
477.529419 290.117645     139.781250 7.546875 53.933594     -0.985574 0.169243 -0.169243 -0.985574     18.470236 18.470236 3.237979
220.515976 401.981720     635.062500 258.507812 145.027344     0.331114 -0.943591 0.943591 0.331114     19.161807 19.161807 2.043644
220.515976 401.981720     80.257812 11.183594 48.541016     0.331114 -0.943591 0.943591 0.331114     19.161807 19.161807 4.599912
475.373993 221.548248     427.343750 53.578125 27.312500     -0.978508 -0.206209 0.206209 -0.978508     76.691816 76.691816 0.285273
475.373993 221.548248     22.539062 17.875000 46.855469     -0.978508 -0.206209 0.206209 -0.978508     76.691816 76.691816 3.685265
475.878815 319.450806     979.593750 272.914062 129.160156     -0.982456 0.186493 -0.186493 -0.982456     36.931765 36.931765 0.873897
475.878815 319.450806     480.843750 225.468750 260.054688     -0.982456 0.186493 -0.186493 -0.982456     36.931765 36.931765 3.889142
286.626770 425.338043     140.031250 10.937500 31.250000     -0.879961 -0.475045 0.475045 -0.879961     22.589062 22.589062 3.148297
211.263153 380.890686     20.484375 -5.710938 82.725586     0.261651 -0.965163 0.965163 0.261651     19.530735 19.530735 4.725900
541.523804 320.589752     1371.687500 699.164062 512.996094     -0.676855 -0.736116 0.736116 -0.676855     24.429230 24.429230 1.425740
541.523804 320.589752     37.937500 -78.242188 181.855469     -0.676855 -0.736116 0.736116 -0.676855     24.429230 24.429230 4.699526
306.632721 237.104935     64.037003 6.280148 10.681528     0.087487 -0.996166 0.996166 0.087487     19.992381 19.992381 1.393430
306.632721 237.104935     44.406250 20.625000 38.062500     0.087487 -0.996166 0.996166 0.087487     19.992381 19.992381 4.289737
33.665047 441.213593     904.486328 660.171875 807.539062     -0.293537 -0.955948 0.955948 -0.293537     15.819243 15.819243 1.671001
260.482758 387.304443     2570.882812 -884.312500 4868.476562     0.378924 -0.925428 0.925428 0.378924     53.057911 53.057911 2.197408
483.415100 229.477600     37.843750 -1.886719 24.771484     -0.917261 -0.398286 0.398286 -0.917261     92.874979 92.874979 5.350644
483.415100 229.477600     129.375000 0.562500 41.300781     -0.917261 -0.398286 0.398286 -0.917261     92.874979 92.874979 5.876489
479.592499 289.166229     28.992188 17.574219 51.140625     -0.975977 0.217875 -0.217875 -0.975977     19.028533 19.028533 0.887093
220.793518 401.886627     252.750000 14.101562 115.207031     0.446489 -0.894789 0.894789 0.446489     20.203067 20.203067 1.796528
220.793518 401.886627     1684.406250 950.953125 1971.246094     0.446489 -0.894789 0.894789 0.446489     20.203067 20.203067 2.285268
48.404907 456.638031     230.578125 40.523438 56.621094     0.330021 -0.943973 0.943973 0.330021     16.898624 16.898624 1.431836
476.374298 318.909943     89.872162 2.821907 11.925501     -0.986342 0.164710 -0.164710 -0.986342     37.607194 37.607194 0.881729
476.374298 318.909943     49.791016 20.090088 28.695526     -0.986342 0.164710 -0.164710 -0.986342     37.607194 37.607194 1.613194
211.206589 380.553894     77.123047 12.664612 6.422447     0.367235 -0.930128 0.930128 0.367235     20.634567 20.634567 4.679382
543.539734 318.686920     40.625000 1.710938 25.738525     -0.708860 -0.705349 0.705349 -0.708860     35.470850 35.470850 5.435172
486.611359 236.547485     137.062500 -3.984375 60.132812     -0.841917 -0.539608 0.539608 -0.841917     106.408682 106.408682 5.596613
575.919067 221.271851     583.375000 265.078125 278.257812     -0.999456 -0.032990 0.032990 -0.999456     11.578315 11.578315 4.265799
221.271530 402.069550     591.781250 90.468750 63.207031     0.124981 -0.992159 0.992159 0.124981     22.453977 22.453977 2.385074
221.271530 402.069550     99.041016 27.097900 35.192078     0.124981 -0.992159 0.992159 0.124981     22.453977 22.453977 4.588973
210.857147 380.581451     198.937805 8.167442 17.937626     0.448042 -0.894013 0.894013 0.448042     21.811636 21.811636 4.709631
477.540070 288.270996     782.175415 527.451172 1056.414062     -0.996232 0.086723 -0.086723 -0.996232     21.723287 21.723287 0.850692
510.342010 266.411102     39.093750 -43.960938 353.302734     -0.702175 -0.712004 0.712004 -0.702175     98.524688 98.524688 1.186242
510.342010 266.411102     248.625000 -90.968750 169.046875     -0.702175 -0.712004 0.712004 -0.702175     98.524688 98.524688 2.329374
248.279160 387.901947     12770.937500 -1680.726562 4531.367188     -0.910363 0.413810 -0.413810 -0.910363     59.067866 59.067866 4.688394
178.304474 368.716431     223.511414 -9.413269 52.082115     -0.995607 -0.093632 0.093632 -0.995607     22.644195 22.644195 0.325491
428.195923 88.946938     3138.178711 562.985352 102.438477     0.368622 -0.929579 0.929579 0.368622     14.273738 14.273738 3.051775
428.195923 88.946938     632.625000 -103.625000 170.921875     0.368622 -0.929579 0.929579 0.368622     14.273738 14.273738 6.252703
475.907623 318.630066     757.309082 443.401367 1026.257812     -0.994682 0.102996 -0.102996 -0.994682     39.020043 39.020043 0.800114
475.907623 318.630066     40.343750 -32.867188 60.613281     -0.994682 0.102996 -0.102996 -0.994682     39.020043 39.020043 1.883411
576.002808 221.448471     353.882812 115.296875 39.812500     -0.999095 -0.042545 0.042545 -0.999095     11.655212 11.655212 4.236375
425.785339 94.623741     321.156250 -35.751434 76.131653     0.400342 -0.916366 0.916366 0.400342     15.222969 15.222969 6.103947
344.014557 200.281555     13122.421875 -1458.554688 5026.015625     -0.987564 -0.157219 0.157219 -0.987564     12.089114 12.089114 0.335001
344.014557 200.281555     36.875000 -17.796875 39.359375     -0.987564 -0.157219 0.157219 -0.987564     12.089114 12.089114 2.176478
246.676956 387.874207     105.687500 11.312500 62.511719     -0.908237 0.418457 -0.418457 -0.908237     61.148971 61.148971 4.693461
344.275848 200.116379     352.804688 -28.300293 66.796310     -0.987293 -0.158909 0.158909 -0.987293     13.035511 13.035511 0.317754
344.275848 200.116379     381.835938 73.480469 29.281250     -0.987293 -0.158909 0.158909 -0.987293     13.035511 13.035511 2.320323
473.334167 317.882690     741.617920 427.793945 1147.531250     -0.999783 0.020833 -0.020833 -0.999783     40.872464 40.872464 1.822236
433.113220 278.147156     1335.468750 -191.156250 186.406250     -0.207850 -0.978161 0.978161 -0.207850     13.727769 13.727769 0.745723
433.113220 278.147156     97.296875 8.750000 70.578125     -0.207850 -0.978161 0.978161 -0.207850     13.727769 13.727769 3.996733
577.413635 221.878342     920.325562 -106.834595 129.838318     -0.996709 -0.081065 0.081065 -0.996709     13.742491 13.742491 4.180665
438.507172 58.732056     758.306641 483.610352 1381.078125     0.651097 -0.758994 0.758994 0.651097     18.381689 18.381689 5.701613
342.962952 199.601852     1794.750000 -236.531250 199.000000     -0.987139 -0.159865 0.159865 -0.987139     15.447311 15.447311 2.088151
342.962952 199.601852     381.386719 150.710938 140.015625     -0.987139 -0.159865 0.159865 -0.987139     15.447311 15.447311 4.782334
465.305542 311.423615     62.718750 30.968750 27.734375     -0.920922 -0.389746 0.389746 -0.920922     60.923361 60.923361 1.502625
244.383087 347.203979     48.469727 -8.492188 30.312500     0.312477 -0.949925 0.949925 0.312477     12.620491 12.620491 2.226963
587.520386 205.895401     78.951149 43.028320 109.734375     -0.998517 0.054446 -0.054446 -0.998517     18.475415 18.475415 1.010478
587.520386 205.895401     935.542236 577.564453 1580.585938     -0.998517 0.054446 -0.054446 -0.998517     18.475415 18.475415 1.445460
446.400543 271.624298     984.383057 -112.931519 151.441223     -0.168867 -0.985639 0.985639 -0.168867     18.992774 18.992774 5.482054
306.777771 236.991867     25.892578 -9.597656 22.031250     0.109989 -0.993933 0.993933 0.109989     20.908660 20.908660 1.466647
306.777771 236.991867     172.750000 -50.203125 55.687500     0.109989 -0.993933 0.993933 0.109989     20.908660 20.908660 4.295389
402.013214 151.572693     577.460938 87.457031 63.697266     -0.792950 0.609287 -0.609287 -0.792950     15.931590 15.931590 2.318118
402.013214 151.572693     101.796875 -92.623047 100.300293     -0.792950 0.609287 -0.609287 -0.792950     15.931590 15.931590 5.606499
262.634033 193.310638     450.677734 -34.602051 63.459793     0.137879 -0.990449 0.990449 0.137879     19.370017 19.370017 3.061793
399.586304 156.360413     281.630859 90.820312 157.125000     0.550343 -0.834939 0.834939 0.550343     19.246870 19.246870 1.548858
399.586304 156.360413     1034.541748 -122.882385 172.539520     0.550343 -0.834939 0.834939 0.550343     19.246870 19.246870 3.197478
396.017395 161.773911     1300.634033 312.453125 2078.109375     0.554349 -0.832284 0.832284 0.554349     20.631608 20.631608 1.948415
396.017395 161.773911     20.421875 -4.484375 41.843750     0.554349 -0.832284 0.832284 0.554349     20.631608 20.631608 4.675266
307.115204 236.977936     129.937500 16.031250 24.734375     0.138337 -0.990385 0.990385 0.138337     22.032353 22.032353 1.380589
307.115204 236.977936     15236.484375 1625.304688 8180.593750     0.138337 -0.990385 0.990385 0.138337     22.032353 22.032353 2.358928
405.181000 203.212677     51.923828 -14.867188 52.640625     -0.091558 -0.995800 0.995800 -0.091558     15.761909 15.761909 1.439147
393.950745 288.261078     3496.491699 -269.945435 172.447998     0.120886 -0.992666 0.992666 0.120886     9.423486 9.423486 0.744242
393.950745 288.261078     46.343750 56.671875 93.812500     0.120886 -0.992666 0.992666 0.120886     9.423486 9.423486 2.069521
397.477539 252.383667     3045.524414 548.151367 100.011719     0.049442 -0.998777 0.998777 0.049442     9.717930 9.717930 1.591400
397.477539 252.383667     77.167969 -32.062500 36.218750     0.049442 -0.998777 0.998777 0.049442     9.717930 9.717930 2.141125
383.147827 316.040588     102.367188 -92.335938 101.720703     0.107102 -0.994248 0.994248 0.107102     8.081289 8.081289 1.468082
404.819946 205.529083     32797.765625 -3604.109375 8631.992188     0.050725 -0.998713 0.998713 0.050725     17.164168 17.164168 1.376951
296.159760 383.474487     50.078125 67.625000 125.390625     -0.492754 -0.870169 0.870169 -0.492754     47.250171 47.250171 1.380151
309.495728 167.427353     42.687500 -14.843750 102.968750     -0.865492 -0.500922 0.500922 -0.865492     19.574113 19.574113 2.787843
384.200012 146.860672     3324.069336 -298.628052 221.678711     0.135390 -0.990792 0.990792 0.135390     17.051511 17.051511 3.965019
515.294128 197.286758     112.343750 94.671875 143.312500     -0.940009 -0.341151 0.341151 -0.940009     18.128652 18.128652 5.527588
308.971100 167.601151     66.828125 35.875000 343.406250     -0.920098 0.391688 -0.391688 -0.920098     21.687214 21.687214 0.801874
308.971100 167.601151     38.160156 -3.156250 13.937500     -0.920098 0.391688 -0.391688 -0.920098     21.687214 21.687214 3.911021
499.312805 241.336487     33085.562500 -4256.484375 8986.046875     -0.854714 0.519100 -0.519100 -0.854714     10.475975 10.475975 1.473323
330.908875 295.651764     101.531250 13.078125 12.703125     0.289022 -0.957322 0.957322 0.289022     172.988717 172.988717 4.710927
385.982483 142.500000     103.203125 -97.630859 145.702881     0.282554 -0.959251 0.959251 0.282554     22.099726 22.099726 2.235026
385.982483 142.500000     163.375000 55.984375 93.796875     0.282554 -0.959251 0.959251 0.282554     22.099726 22.099726 3.687406
309.266846 166.675812     49.929688 -9.304688 21.515625     -0.843016 0.537889 -0.537889 -0.843016     25.068826 25.068826 0.906601
309.266846 166.675812     3166.827637 -304.189087 258.525085     -0.843016 0.537889 -0.537889 -0.843016     25.068826 25.068826 3.983743
443.963470 327.963470     92.500000 -52.960938 49.523438     -0.915171 -0.403066 0.403066 -0.915171     26.906865 26.906865 1.514990
516.173523 196.829651     113.234375 -74.996094 74.432617     -0.941222 -0.337789 0.337789 -0.941222     20.977294 20.977294 5.601690
549.359985 212.782227     101.156250 -94.378906 152.919922     -0.997720 -0.067495 0.067495 -0.997720     6.551079 6.551079 4.462814
491.904755 236.654251     118.734375 -78.050781 81.465820     -0.992513 -0.122140 0.122140 -0.992513     30.529549 30.529549 5.416076
309.878723 165.814896     31345.343750 -4025.414062 9007.492188     -0.907952 -0.419075 0.419075 -0.907952     29.323097 29.323097 2.852054
309.878723 165.814896     3190.750977 -252.817383 309.791504     -0.907952 -0.419075 0.419075 -0.907952     29.323097 29.323097 6.104150
547.166016 256.317169     3040.732422 548.985352 100.397461     -0.990573 -0.136989 0.136989 -0.990573     22.673799 22.673799 0.596311
547.166016 256.317169     122.890625 -74.847656 76.819336     -0.990573 -0.136989 0.136989 -0.990573     22.673799 22.673799 2.232463
310.826935 166.248077     110.828125 16.257812 74.691406     -0.901642 -0.432483 0.432483 -0.901642     28.992374 28.992374 2.788217
310.826935 166.248077     3557.356445 -213.635498 338.679138     -0.901642 -0.432483 0.432483 -0.901642     28.992374 28.992374 6.072382
353.627533 169.182190     134.203125 -83.304688 89.910156     -0.513517 -0.858079 0.858079 -0.513517     14.004436 14.004436 5.014807
546.332214 212.571915     195.257812 -159.691406 230.984619     -0.997468 -0.071113 0.071113 -0.997468     6.829354 6.829354 4.529452
491.428345 236.690033     329.200439 72.732422 17.615234     -0.996216 -0.086911 0.086911 -0.996216     32.845437 32.845437 5.448250
514.062927 194.205811     3071.194336 555.083008 101.861328     -0.918672 -0.395022 0.395022 -0.918672     26.189437 26.189437 5.494136
312.371887 165.968597     21.210938 -7.332031 16.062500     -0.953212 -0.302304 0.302304 -0.953212     30.184979 30.184979 2.942646
312.371887 165.968597     12.250000 73.062500 516.656250     -0.953212 -0.302304 0.302304 -0.953212     30.184979 30.184979 6.274687
468.004120 297.252075     23.953125 -5.691406 14.433594     -0.991450 -0.130489 0.130489 -0.991450     20.255413 20.255413 1.630445
468.004120 297.252075     20.015625 -5.484375 16.068359     -0.991450 -0.130489 0.130489 -0.991450     20.255413 20.255413 4.751603
353.532684 169.562088     19.414062 -10.691406 22.065430     -0.467755 -0.883858 0.883858 -0.467755     16.274376 16.274376 5.025229
288.157379 159.029510     335.476807 74.197266 18.013672     0.530099 -0.847936 0.847936 0.530099     19.029552 19.029552 1.437330
288.157379 159.029510     21.078125 -8.375000 17.146484     0.530099 -0.847936 0.847936 0.530099     19.029552 19.029552 4.551756
544.584961 212.242722     13.445312 82.398438 590.656250     -0.997888 -0.064960 0.064960 -0.997888     8.979554 8.979554 4.423543
523.820923 195.420212     26.726562 -8.488281 18.414062     -0.959576 -0.281448 0.281448 -0.959576     31.536381 31.536381 5.806114
459.568970 285.844818     292.032715 76.027344 21.027344     -0.848452 -0.529272 0.529272 -0.848452     49.172705 49.172705 1.485392
547.042542 256.332245     22.398438 -13.470703 26.879883     -0.995081 -0.099060 0.099060 -0.995081     24.713637 24.713637 2.272746
489.034668 237.123703     28.789062 -5.222656 14.574219     -0.998534 0.054132 -0.054132 -0.998534     36.033668 36.033668 0.803634
489.034668 237.123703     3262.277344 592.874023 109.527344     -0.998534 0.054132 -0.054132 -0.998534     36.033668 36.033668 3.868695
434.586548 76.860580     22.046875 -7.625000 25.785156     0.090621 -0.995885 0.995885 0.090621     20.106848 20.106848 0.567188
524.472473 195.694962     28.914062 -9.714844 21.771484     -0.872724 -0.488214 0.488214 -0.872724     49.678362 49.678362 5.377767
510.772522 249.739334     28.898438 -3.140625 21.199219     0.401911 -0.915679 0.915679 0.401911     8.532610 8.532610 1.572245
510.772522 249.739334     310.265137 78.738281 21.480469     0.401911 -0.915679 0.915679 0.401911     8.532610 8.532610 4.708219
438.213959 47.181396     346.024414 75.702148 18.480469     -0.990145 0.140048 -0.140048 -0.990145     22.275965 22.275965 0.650048
548.023376 254.933975     1296.153198 351.282227 102.535156     -0.999980 -0.006386 0.006386 -0.999980     28.918300 28.918300 0.655717
548.023376 254.933975     4152.254883 1610.337891 933.171875     -0.999980 -0.006386 0.006386 -0.999980     28.918300 28.918300 2.382677
353.080322 169.637299     1674.559204 497.676270 167.109375     -0.483155 -0.875535 0.875535 -0.483155     19.766238 19.766238 5.102115
492.239502 240.141937     4243.119141 2073.002930 1676.667969     -0.994891 -0.100951 0.100951 -0.994891     47.999658 47.999658 0.541061
492.239502 240.141937     23.937500 144.804688 965.843750     -0.994891 -0.100951 0.100951 -0.994891     47.999658 47.999658 3.620560
306.118469 163.165665     1740.210693 648.169434 318.568359     -0.976332 -0.216277 0.216277 -0.976332     31.061200 31.061200 0.293588
306.118469 163.165665     432.659180 97.753906 29.189453     -0.976332 -0.216277 0.216277 -0.976332     31.061200 31.061200 1.664219
137.014145 19.311321     187.468750 50.918457 44.603973     -0.855818 -0.517277 0.517277 -0.855818     18.308199 18.308199 2.403741
137.014145 19.311321     287.812500 66.361816 63.855591     -0.855818 -0.517277 0.517277 -0.855818     18.308199 18.308199 5.471798
437.738586 46.987553     4.602051 -2.151367 107.074219     -0.993626 -0.112730 0.112730 -0.993626     22.743667 22.743667 0.281378
547.676147 252.814606     431.390625 25.640625 101.289062     -0.998669 0.051585 -0.051585 -0.998669     34.835640 34.835640 0.652994
547.676147 252.814606     3743.859375 204.359375 93.171875     -0.998669 0.051585 -0.051585 -0.998669     34.835640 34.835640 3.847528
461.993744 285.443573     426.638672 423.578125 837.375000     -0.865682 -0.500594 0.500594 -0.865682     50.305981 50.305981 1.484243
318.178009 164.768265     211.257812 10.125000 153.546875     -0.986434 -0.164159 0.164159 -0.986434     31.226100 31.226100 4.729948
433.685181 77.896294     52.365234 -126.306641 382.957031     0.126246 -0.991999 0.991999 0.126246     21.771373 21.771373 0.503977
230.654541 415.759094     14.000000 7.921875 37.781250     -0.956206 -0.292694 0.292694 -0.956206     13.012955 13.012955 1.809686
230.654541 415.759094     450.943359 486.371094 984.984375     -0.956206 -0.292694 0.292694 -0.956206     13.012955 13.012955 4.829402
435.518402 64.847633     947.211426 686.408203 5887.321289     0.135998 -0.990709 0.990709 0.135998     25.873663 25.873663 4.767128
514.530518 245.382324     770.480347 16.126953 48.500000     -0.983137 -0.182872 0.182872 -0.983137     44.675675 44.675675 0.595568
514.530518 245.382324     584.671875 87.578125 165.695312     -0.983137 -0.182872 0.182872 -0.983137     44.675675 44.675675 1.527660
301.767334 95.405937     25.664062 17.449219 73.093750     0.604356 -0.796714 0.796714 0.604356     8.193858 8.193858 3.108615
96.868523 109.398407     303.425781 16.648438 244.589844     -0.984273 -0.176656 0.176656 -0.984273     5.314382 5.314382 0.426620
437.288605 213.775162     32.316406 -0.710938 167.949219     0.593858 -0.804570 0.804570 0.593858     18.047329 18.047329 1.353693
437.288605 213.775162     1898.968750 187.750000 63.468750     0.593858 -0.804570 0.804570 0.593858     18.047329 18.047329 4.666938
180.401917 358.875610     2611.754883 -614.722656 1019.515625     -0.950281 -0.311394 0.311394 -0.950281     6.413578 6.413578 6.215360
559.594360 275.594391     131.070312 53.148438 99.941406     0.682045 -0.731310 0.731310 0.682045     20.263503 20.263503 0.621868
559.594360 275.594391     944.520630 427.090820 6370.121094     0.682045 -0.731310 0.731310 0.682045     20.263503 20.263503 3.640696
443.427490 217.011444     369.007812 26.945312 305.601562     -0.971019 -0.239003 0.239003 -0.971019     34.777546 34.777546 0.398459
443.427490 217.011444     4237.523438 270.218750 111.882812     -0.971019 -0.239003 0.239003 -0.971019     34.777546 34.777546 1.194047
171.669540 359.132172     180.656250 -486.984375 1432.609375     -0.980566 -0.196191 0.196191 -0.980566     17.182297 17.182297 0.595322
171.669540 359.132172     13.250000 6.500000 59.281250     -0.980566 -0.196191 0.196191 -0.980566     17.182297 17.182297 4.681708
443.586029 217.894485     44.718750 -143.796875 477.914062     -0.958264 -0.285886 0.285886 -0.958264     37.099129 37.099129 1.070850
443.586029 217.894485     1987.875000 184.453125 70.140625     -0.958264 -0.285886 0.285886 -0.958264     37.099129 37.099129 2.379545
178.532455 367.415924     11.031250 3.523438 46.953125     -0.901406 -0.432976 0.432976 -0.901406     37.005220 37.005220 5.905012
344.970978 44.414249     438.031250 -93.296875 43.378906     -0.715942 0.698160 -0.698160 -0.715942     12.810884 12.810884 1.338101
531.296936 337.458527     1011.562500 154.328125 207.574219     -0.863656 -0.504081 0.504081 -0.863656     13.985635 13.985635 1.519726
531.296936 337.458527     9.015625 4.390625 74.042969     -0.863656 -0.504081 0.504081 -0.863656     13.985635 13.985635 1.886466
100.203850 366.219238     22.687500 -1.531250 21.765625     -0.930134 0.367219 -0.367219 -0.930134     23.365256 23.365256 1.870361
444.306274 218.709396     19.937500 -32.093750 114.628906     -0.956280 -0.292452 0.292452 -0.956280     37.251000 37.251000 0.931046
444.306274 218.709396     212.798889 13.331543 6.320312     -0.956280 -0.292452 0.292452 -0.956280     37.251000 37.251000 2.392946
134.548080 454.355774     113.656250 -4.343750 45.101562     -0.773695 0.633558 -0.633558 -0.773695     16.940571 16.940571 0.685472
134.548080 454.355774     5846.039062 624.203125 775.109375     -0.773695 0.633558 -0.633558 -0.773695     16.940571 16.940571 1.531059
319.250977 164.699722     262.843750 25.265625 625.511719     -0.986570 -0.163339 0.163339 -0.986570     31.569898 31.569898 4.728071
344.337250 45.080189     93.921875 -0.640625 16.476562     -0.709957 0.704245 -0.704245 -0.709957     13.059706 13.059706 1.345011
176.679688 373.659790     6120.742188 959.429688 965.250000     -0.884698 -0.466165 0.466165 -0.884698     47.039531 47.039531 5.982206
433.690002 400.399994     549.250000 -105.062500 602.062500     0.196953 -0.980413 0.980413 0.196953     19.882168 19.882168 2.356936
483.555908 403.223633     508.763672 35.611328 7.070312     -0.553943 -0.832555 0.832555 -0.553943     13.224885 13.224885 1.579500
95.501778 109.167259     603.062500 39.546875 1429.039062     -0.984172 -0.177213 0.177213 -0.984172     5.150031 5.150031 0.415173
253.897842 432.392487     13.843750 3.375000 75.093750     -0.876985 0.480517 -0.480517 -0.876985     19.434113 19.434113 4.404880
343.693756 45.566666     26.437500 -50.026367 416.346191     -0.708343 0.705868 -0.705868 -0.708343     14.020546 14.020546 1.306163
445.314941 219.172791     21.968750 -62.742188 273.000000     -0.958898 -0.283749 0.283749 -0.958898     37.078199 37.078199 2.416202
445.314941 219.172791     88.906250 -277.531250 874.695312     -0.958898 -0.283749 0.283749 -0.958898     37.078199 37.078199 5.472286
482.911835 401.549133     3300.062500 -2539.203125 10090.820312     -0.506705 -0.862119 0.862119 -0.506705     14.464515 14.464515 1.517679
482.911835 401.549133     6.812500 -20.601562 168.273438     -0.506705 -0.862119 0.862119 -0.506705     14.464515 14.464515 4.819182
435.845337 401.666656     21480.765625 2101.265625 5462.894531     0.226817 -0.973937 0.973937 0.226817     28.185448 28.185448 2.441918
404.473297 425.839691     79.533203 -25.300781 37.191406     0.481810 -0.876276 0.876276 0.481810     15.331392 15.331392 1.898523
404.473297 425.839691     45.765625 -88.639648 457.034912     0.481810 -0.876276 0.876276 0.481810     15.331392 15.331392 5.081009
477.968292 398.760803     32225.148438 8066.750000 10171.517578     -0.647529 -0.762041 0.762041 -0.647529     25.415364 25.415364 1.074603
477.968292 398.760803     101.085938 -23.037109 36.781250     -0.647529 -0.762041 0.762041 -0.647529     25.415364 25.415364 4.587424
435.641968 395.559784     13.843750 1.406250 94.195312     -0.126572 -0.991957 0.991957 -0.126572     35.504554 35.504554 1.660111
435.641968 395.559784     32417.984375 6421.320312 10905.220703     -0.126572 -0.991957 0.991957 -0.126572     35.504554 35.504554 4.297787
541.864502 388.477417     4303.851562 213.210938 126.773438     -0.989767 -0.142694 0.142694 -0.989767     14.800595 14.800595 1.432698
541.864502 388.477417     110.533203 -5.416016 53.078125     -0.989767 -0.142694 0.142694 -0.989767     14.800595 14.800595 3.916477
342.582306 48.217701     2369.747070 -413.230469 1837.890625     0.627425 -0.778677 0.778677 0.627425     22.290371 22.290371 4.372669
544.103210 386.997314     4340.281250 134.367188 147.023438     -0.874014 -0.485900 0.485900 -0.874014     35.624797 35.624797 2.845198
544.103210 386.997314     2974.988281 -149.878906 1774.406250     -0.874014 -0.485900 0.485900 -0.874014     35.624797 35.624797 4.676593
384.256042 105.603867     195.768372 15.568359 4.062500     -0.829449 0.558583 -0.558583 -0.829449     16.751536 16.751536 5.345037
385.941162 104.163864     213.851562 15.410156 4.523438     -0.790711 0.612190 -0.612190 -0.790711     18.206164 18.206164 5.371765
342.660919 48.993721     9462.503906 -3259.140625 2870.109375     0.606437 -0.795132 0.795132 0.606437     24.306113 24.306113 4.401546
386.958008 103.835876     201.248413 14.841797 4.593750     -0.784926 0.619589 -0.619589 -0.784926     20.051889 20.051889 5.405683
93.932472 108.884247     173.281250 10.546875 3.921875     -0.984077 -0.177742 0.177742 -0.984077     5.013199 5.013199 0.398310
388.370483 103.590164     168.152893 -50.909180 210.929688     -0.804410 0.594074 -0.594074 -0.804410     20.886354 20.886354 5.385841
342.160522 51.963158     173.156250 8.812500 3.968750     0.501102 -0.865388 0.865388 0.501102     26.827303 26.827303 4.517635
444.774200 218.781982     175.515625 10.375000 4.265625     -0.933641 -0.358211 0.358211 -0.933641     37.231553 37.231553 0.961252
444.774200 218.781982     141.132812 -55.046875 23.679688     -0.933641 -0.358211 0.358211 -0.933641     37.231553 37.231553 2.337052
390.295776 102.588730     170.085938 -61.054688 28.406250     -0.792756 0.609539 -0.609539 -0.792756     22.883017 22.883017 5.396096
345.436890 49.682846     179.164062 -67.757812 33.656250     0.666645 -0.745375 0.745375 0.666645     32.585033 32.585033 4.328558
93.720459 108.855911     185.046875 -84.500000 49.296875     -0.984063 -0.177820 0.177820 -0.984063     5.289124 5.289124 0.379114
320.556580 165.304413     537.656250 -1.863281 35.791504     -0.983828 -0.179114 0.179114 -0.983828     32.578930 32.578930 4.729030
77.428574 246.231522     145.896484 -46.237549 138.679688     -0.967517 -0.252805 0.252805 -0.967517     4.466133 4.466133 1.562394
54.311928 161.064224     715.515625 -381.164062 205.406250     -0.975670 -0.219245 0.219245 -0.975670     5.339491 5.339491 1.562339
55.268776 161.126480     142.187500 -81.906250 54.085938     -0.976247 -0.216659 0.216659 -0.976247     5.462861 5.462861 1.556847
93.534531 108.843987     38.562500 5.500000 46.149841     -0.984041 -0.177940 0.177940 -0.984041     5.488969 5.488969 0.359821
338.334961 103.300491     3843.718750 -7.333984 482.583130     -0.815864 0.578244 -0.578244 -0.815864     14.833574 14.833574 2.550457
199.925568 305.543701     363.187500 -152.101562 74.531250     -0.140522 -0.990078 0.990078 -0.140522     6.170404 6.170404 3.168683
199.925568 305.543701     161.937500 -83.500000 55.441406     -0.140522 -0.990078 0.990078 -0.140522     6.170404 6.170404 4.739583
342.690155 131.868546     58.195068 -15.825195 21.281250     -0.905961 0.423362 -0.423362 -0.905961     15.440943 15.440943 0.732034
342.690155 131.868546     287.593750 -93.507812 43.792969     -0.905961 0.423362 -0.423362 -0.905961     15.440943 15.440943 2.324143
323.064026 128.098526     88.681152 -32.164062 32.472656     -0.818110 0.575062 -0.575062 -0.818110     15.726393 15.726393 2.530527
323.064026 128.098526     490.199402 -172.845703 186.519531     -0.818110 0.575062 -0.575062 -0.818110     15.726393 15.726393 5.733418
321.583740 98.559807     219.263672 -103.523438 51.562500     0.662173 -0.749351 0.749351 0.662173     14.206368 14.206368 6.060902
56.457142 161.357147     69.562500 -15.273438 8.513672     -0.976195 -0.216893 0.216893 -0.976195     5.563261 5.563261 1.560700
362.609741 133.185364     5153.953125 1499.968750 2703.421875     -0.783746 0.621082 -0.621082 -0.783746     14.588390 14.588390 0.935739
362.609741 133.185364     140.281250 -73.406250 68.859375     -0.783746 0.621082 -0.621082 -0.783746     14.588390 14.588390 2.511111
199.453262 302.371094     437.031250 -218.757812 117.062500     -0.138606 -0.990348 0.990348 -0.138606     6.224192 6.224192 3.153198
199.453262 302.371094     605.125000 -341.625000 196.195312     -0.138606 -0.990348 0.990348 -0.138606     6.224192 6.224192 4.742515
338.219818 103.706894     466.250000 -222.328125 146.281250     -0.848457 0.529264 -0.529264 -0.848457     16.299137 16.299137 2.479725
338.219818 103.706894     755.750000 -270.281250 97.542969     -0.848457 0.529264 -0.529264 -0.848457     16.299137 16.299137 5.702378
77.224670 246.110138     377.250000 -144.328125 56.960938     -0.967498 -0.252878 0.252878 -0.967498     4.837976 4.837976 1.562912
321.310333 99.206894     68.953125 -2.312500 35.781250     0.646496 -0.762917 0.762917 0.646496     14.913524 14.913524 6.081014
342.204254 131.970215     217.718750 -98.562500 46.070312     -0.950220 0.311581 -0.311581 -0.950220     16.138437 16.138437 2.204325
342.204254 131.970215     572.250000 -201.437500 88.400391     -0.950220 0.311581 -0.311581 -0.950220     16.138437 16.138437 5.385780
92.068497 108.714615     446.906250 -218.867188 117.078125     -0.983867 -0.178899 0.178899 -0.983867     5.908017 5.908017 0.313455
362.020416 132.346939     323.781250 -124.140625 51.623047     0.617218 -0.786792 0.786792 0.617218     18.036673 18.036673 0.994894
362.020416 132.346939     216.218750 -72.773438 43.593750     0.617218 -0.786792 0.786792 0.617218     18.036673 18.036673 2.898716
323.677826 128.142258     243.312500 -103.968750 49.433594     -0.820072 0.572260 -0.572260 -0.820072     17.423951 17.423951 2.504344
341.764038 131.172287     840.531250 -237.953125 71.394531     -0.942032 0.335522 -0.335522 -0.942032     20.165136 20.165136 2.333900
341.764038 131.172287     514.406250 -259.250000 205.257812     -0.942032 0.335522 -0.335522 -0.942032     20.165136 20.165136 5.506183
77.052002 246.056000     685.250000 -295.484375 218.507812     -0.969007 -0.247033 0.247033 -0.969007     5.338558 5.338558 1.563052
77.052002 246.056000     877.937500 -513.859375 430.519531     -0.969007 -0.247033 0.247033 -0.969007     5.338558 5.338558 6.383858
87.775932 108.053940     1227.953125 -422.242188 147.976562     -0.984124 -0.177484 0.177484 -0.984124     6.035745 6.035745 0.379398
199.443878 302.295929     84.593750 -29.140625 22.046875     -0.144139 -0.989557 0.989557 -0.144139     6.455489 6.455489 3.261777
199.443878 302.295929     1803.562500 -583.195312 212.312500     -0.144139 -0.989557 0.989557 -0.144139     6.455489 6.455489 4.742363
79.258064 246.258072     216.093750 -96.859375 45.445312     -0.976164 -0.217034 0.217034 -0.976164     8.094024 8.094024 0.399882
43.849556 187.411499     461.281250 -183.320312 107.439453     -0.974067 -0.226262 0.226262 -0.974067     3.145789 3.145789 0.296174
43.849556 187.411499     1560.203125 -545.539062 193.652344     -0.974067 -0.226262 0.226262 -0.974067     3.145789 3.145789 2.886164
95.166100 111.768837     6159.468750 -1821.625000 579.128906     -0.973350 -0.229323 0.229323 -0.973350     31.522382 31.522382 4.726363
198.743118 298.277527     5928.843750 -1862.015625 6826.851562     -0.150053 -0.988678 0.988678 -0.150053     6.505765 6.505765 4.733174
41.058395 186.237228     354.687500 -167.789062 81.222656     -0.968274 -0.249891 0.249891 -0.968274     8.192201 8.192201 2.651439
56.275974 161.256500     59.460938 -28.285156 29.143555     -0.976657 -0.214806 0.214806 -0.976657     6.088331 6.088331 1.561829
42.801750 185.985428     232.750000 9.203125 5.443359     -0.964831 -0.262872 0.262872 -0.964831     11.757732 11.757732 2.567837
112.434029 124.995071     82.718750 -28.671875 23.351562     -0.923832 -0.382798 0.382798 -0.923832     73.381018 73.381018 4.671287
40.374748 183.689377     68.882812 -27.546875 31.285156     -0.957731 -0.287664 0.287664 -0.957731     18.893180 18.893180 2.465988
119.039917 133.387268     465.265625 -220.945312 107.394531     -0.873595 -0.486654 0.486654 -0.873595     102.799120 102.799120 4.602704
198.634094 298.214142     177.828125 -53.664062 21.992188     -0.148596 -0.988898 0.988898 -0.148596     6.641876 6.641876 4.736513
36.739727 178.493149     214.140625 -36.820312 15.605469     -0.942860 -0.333189 0.333189 -0.942860     31.156480 31.156480 1.426313
36.739727 178.493149     17.718750 -0.781250 27.921875     -0.942860 -0.333189 0.333189 -0.942860     31.156480 31.156480 2.332691
55.279804 160.167877     391.093750 -106.953125 238.210938     -0.974657 -0.223703 0.223703 -0.974657     11.693937 11.693937 1.553252
55.279804 160.167877     395.718750 -155.687500 68.515625     -0.974657 -0.223703 0.223703 -0.974657     11.693937 11.693937 2.988334
120.282585 133.225494     264.093750 -60.523438 20.234375     -0.873333 -0.487124 0.487124 -0.873333     100.934452 100.934452 4.602117
