1.0
899
289.035431 418.362213     130.070312 -82.593750 61.593750     -0.831547 0.555455 -0.555455 -0.831547     11.404575 11.404575 1.568552
292.172424 382.206909     28.375000 -14.843750 71.781250     0.295458 -0.955356 0.955356 0.295458     21.946141 21.946141 1.589188
598.582520 282.174744     19.781250 -1.859375 40.445312     -0.098464 -0.995141 0.995141 -0.098464     13.923503 13.923503 1.807961
598.582520 282.174744     24.812500 -3.406250 43.281250     -0.098464 -0.995141 0.995141 -0.098464     13.923503 13.923503 5.092889
599.313049 281.647827     29761.769531 6013.414062 4624.312500     0.088911 -0.996040 0.996040 0.088911     19.930111 19.930111 1.765468
599.313049 281.647827     81.328125 -17.331055 25.004578     0.088911 -0.996040 0.996040 0.088911     19.930111 19.930111 5.052352
599.911560 281.492310     34.812500 -0.546875 41.304688     0.175773 -0.984431 0.984431 0.175773     22.139041 22.139041 1.700985
599.911560 281.492310     91.640625 -36.011719 47.083221     0.175773 -0.984431 0.984431 0.175773     22.139041 22.139041 4.980108
598.602356 280.976257     90.318359 24.093750 94.480469     0.083355 -0.996520 0.996520 0.083355     26.533503 26.533503 6.267132
83.373543 140.112839     41.750000 -1.484375 44.359375     -0.963147 -0.268976 0.268976 -0.963147     14.263936 14.263936 1.142138
113.870041 190.404755     159.502258 35.964355 15.525391     -0.675998 -0.736903 0.736903 -0.675998     37.166828 37.166828 0.391639
94.190163 144.290161     46.343750 -12.888672 45.715752     -0.945397 -0.325922 0.325922 -0.945397     17.131817 17.131817 1.265203
94.190163 144.290161     8.625000 -14.750000 70.507812     -0.945397 -0.325922 0.325922 -0.945397     17.131817 17.131817 4.369419
114.991837 168.591843     401.062500 -5.547607 4.465615     -0.980558 -0.196230 0.196230 -0.980558     14.414761 14.414761 4.316868
598.185303 280.530457     97.640625 -7.310303 33.151695     0.412200 -0.911093 0.911093 0.412200     28.841607 28.841607 5.882636
19.695999 122.760002     189.505859 101.265625 126.281250     -0.973287 -0.229591 0.229591 -0.973287     11.941256 11.941256 4.462845
594.061890 308.038086     18.406250 -30.148438 101.734375     0.220591 -0.975366 0.975366 0.220591     10.349128 10.349128 3.770374
594.061890 308.038086     763.937500 -275.468750 219.119598     0.220591 -0.975366 0.975366 0.220591     10.349128 10.349128 4.807541
454.211823 304.438416     55.312500 -11.831543 47.746704     0.213824 -0.976872 0.976872 0.213824     13.917224 13.917224 1.530685
454.211823 304.438416     29.437500 -47.773438 151.453125     0.213824 -0.976872 0.976872 0.213824     13.917224 13.917224 3.826060
99.162827 153.355835     45.492188 -7.054810 13.068222     -0.805602 -0.592457 0.592457 -0.805602     32.390117 32.390117 3.957915
20.688597 123.712723     41.406250 12.640625 56.042969     -0.963903 -0.266255 0.266255 -0.963903     13.924121 13.924121 4.403707
597.611877 280.178070     37.593750 19.218750 83.753906     0.650849 -0.759207 0.759207 0.650849     30.348150 30.348150 5.607410
594.034607 308.480530     71.843750 -122.789062 591.921875     0.233268 -0.972413 0.972413 0.233268     10.843943 10.843943 3.743761
21.369812 124.445282     40.656250 0.375122 8.833178     -0.958278 -0.285837 0.285837 -0.958278     15.278981 15.278981 4.372656
613.420410 208.026535     83.500000 -161.718750 740.929688     -0.499479 -0.866326 0.866326 -0.499479     26.284899 26.284899 3.952518
458.008728 314.468018     48.460938 -1.106689 19.530949     -0.316477 -0.948600 0.948600 -0.316477     18.765922 18.765922 1.718659
458.008728 314.468018     57.882812 -1.859131 8.883909     -0.316477 -0.948600 0.948600 -0.316477     18.765922 18.765922 4.503970
609.404175 239.048309     265.855469 -20.411255 16.544643     -0.340249 -0.940335 0.940335 -0.340249     24.908902 24.908902 0.722348
609.404175 239.048309     92.046875 114.921875 243.640625     -0.340249 -0.940335 0.940335 -0.340249     24.908902 24.908902 3.895456
595.954590 288.505676     104.968750 126.546875 251.328125     0.121230 -0.992624 0.992624 0.121230     25.931309 25.931309 3.865612
105.642044 169.718201     91.218750 -174.828125 765.531250     -0.492636 -0.870235 0.870235 -0.492636     43.456381 43.456381 3.223179
105.642044 169.718201     72.906250 -17.765625 50.617188     -0.492636 -0.870235 0.870235 -0.492636     43.456381 43.456381 6.411600
459.222473 317.011719     15.093750 10.718750 58.000000     -0.355658 -0.934616 0.934616 -0.355658     19.037969 19.037969 4.523762
21.185619 124.801003     331.447266 434.699219 884.949219     -0.960970 -0.276652 0.276652 -0.960970     17.648091 17.648091 4.330242
602.003601 265.921143     57.468750 -23.737305 86.012070     0.226617 -0.973984 0.973984 0.226617     30.478299 30.478299 3.875362
602.003601 265.921143     72.125000 -14.531250 51.953125     0.226617 -0.973984 0.973984 0.226617     30.478299 30.478299 5.743749
461.479340 319.154388     117.593750 59.054688 58.453125     -0.444426 -0.895815 0.895815 -0.444426     24.566728 24.566728 1.293027
461.479340 319.154388     168.750000 161.437500 269.632812     -0.444426 -0.895815 0.895815 -0.444426     24.566728 24.566728 4.552781
485.923065 298.224518     15.359375 15.398438 85.242188     -0.866754 0.498735 -0.498735 -0.866754     28.133330 28.133330 1.971294
485.923065 298.224518     16.875000 -1.320312 107.000000     -0.866754 0.498735 -0.498735 -0.866754     28.133330 28.133330 4.909079
462.961426 320.666168     873.750000 9.037109 256.053223     -0.474035 -0.880506 0.880506 -0.474035     24.720015 24.720015 4.608830
464.023895 321.687927     345.814453 451.464844 976.410156     -0.499698 -0.866200 0.866200 -0.499698     25.442217 25.442217 4.536477
464.023895 321.687927     19.593750 2.187500 204.914062     -0.499698 -0.866200 0.866200 -0.499698     25.442217 25.442217 5.118827
601.720093 268.302673     120.906250 56.437500 56.179688     0.236910 -0.971532 0.971532 0.236910     31.366848 31.366848 3.834985
601.720093 268.302673     213.984375 -5.734375 383.000000     0.236910 -0.971532 0.971532 0.236910     31.366848 31.366848 5.717248
486.075836 297.816589     14.343750 6.531250 24.476562     -0.875044 0.484043 -0.484043 -0.875044     28.740130 28.740130 4.896600
486.075836 297.816589     57.293945 -6.208252 14.737616     -0.875044 0.484043 -0.484043 -0.875044     28.740130 28.740130 5.284126
465.417145 322.555420     74.117188 43.765625 48.421875     -0.552811 -0.833307 0.833307 -0.552811     27.744553 27.744553 4.547526
465.417145 322.555420     60.625000 -37.909180 119.423782     -0.552811 -0.833307 0.833307 -0.552811     27.744553 27.744553 5.135331
397.115387 279.014435     129.039062 51.968750 74.609375     -0.229611 -0.973282 0.973282 -0.229611     15.951243 15.951243 2.864897
397.115387 279.014435     32.562500 37.640625 464.781250     -0.229611 -0.973282 0.973282 -0.229611     15.951243 15.951243 5.103120
98.206696 155.104767     40.968750 39.953125 490.250000     -0.481120 -0.876655 0.876655 -0.481120     43.368054 43.368054 1.893129
98.206696 155.104767     63.314453 18.531250 36.066406     -0.481120 -0.876655 0.876655 -0.481120     43.368054 43.368054 3.174796
485.661133 297.637054     922.281250 21.582031 244.705627     -0.886058 0.463575 -0.463575 -0.886058     29.968295 29.968295 4.904679
328.319336 315.319336     68.890625 35.500000 48.226562     -0.868580 -0.495549 0.495549 -0.868580     20.894934 20.894934 1.064367
328.319336 315.319336     28.980469 2.885742 14.357246     -0.868580 -0.495549 0.495549 -0.868580     20.894934 20.894934 2.654516
600.510559 273.778748     47.328125 44.625000 509.312500     0.228985 -0.973430 0.973430 0.228985     32.235699 32.235699 3.900720
600.510559 273.778748     16.453125 4.343750 32.125000     0.228985 -0.973430 0.973430 0.228985     32.235699 32.235699 5.682161
397.042542 278.548950     145.828125 -15.951660 82.077545     -0.217181 -0.976131 0.976131 -0.217181     15.821448 15.821448 3.251092
397.042542 278.548950     286.218750 -41.359375 492.328125     -0.217181 -0.976131 0.976131 -0.217181     15.821448 15.821448 5.072841
503.806000 40.751366     160.875000 48.062500 64.945312     -0.280772 -0.959774 0.959774 -0.280772     32.719982 32.719982 4.910384
327.617859 314.274994     226.242188 -9.669434 38.240150     -0.850804 -0.525484 0.525484 -0.850804     21.096825 21.096825 5.602433
468.577118 323.219391     15.921875 18.562500 149.703125     -0.592354 -0.805678 0.805678 -0.592354     31.837980 31.837980 4.591832
396.669159 277.526306     93.210938 49.851562 58.863281     -0.206057 -0.978540 0.978540 -0.206057     15.664160 15.664160 3.159503
396.669159 277.526306     583.066406 835.341797 1588.144531     -0.206057 -0.978540 0.978540 -0.206057     15.664160 15.664160 4.804926
419.087128 275.132568     779.390625 293.421875 859.812500     0.014645 -0.999893 0.999893 0.014645     18.475041 18.475041 5.659038
486.313324 296.825348     11.031250 -10.406250 207.375000     -0.779257 0.626704 -0.626704 -0.779257     30.591534 30.591534 2.089377
486.313324 296.825348     126.109375 -23.523438 51.589844     -0.779257 0.626704 -0.626704 -0.779257     30.591534 30.591534 5.003330
98.686440 158.008835     30312.898438 7585.085938 7005.437500     -0.462290 -0.886729 0.886729 -0.462290     47.292008 47.292008 3.104504
98.686440 158.008835     70.164062 36.097656 49.687500     -0.462290 -0.886729 0.886729 -0.462290     47.292008 47.292008 6.361782
420.819733 268.844391     32.511719 2.531494 14.667826     -0.011801 -0.999930 0.999930 -0.011801     19.906045 19.906045 5.638809
328.180695 314.249207     1466.890625 154.791016 242.864807     -0.865289 -0.501273 0.501273 -0.865289     21.807475 21.807475 5.666127
475.862427 313.422516     91.234375 -91.539062 104.585938     0.033870 -0.999426 0.999426 0.033870     65.797024 65.797024 2.027340
475.862427 313.422516     779.109375 321.296875 932.523438     0.033870 -0.999426 0.999426 0.033870     65.797024 65.797024 4.950648
466.247559 204.038834     215.531250 -703.937500 3582.359375     -0.439928 -0.898033 0.898033 -0.439928     15.022332 15.022332 0.588073
598.404175 279.680695     90.929688 49.011719 57.367188     0.223070 -0.974802 0.974802 0.223070     33.007878 33.007878 3.967402
598.404175 279.680695     108.898438 46.007812 56.335938     0.223070 -0.974802 0.974802 0.223070     33.007878 33.007878 5.613720
217.721970 273.390137     85.527344 31.792969 47.625000     -0.800522 -0.599304 0.599304 -0.800522     17.806085 17.806085 0.978545
217.721970 273.390137     161.375000 47.367188 64.281250     -0.800522 -0.599304 0.599304 -0.800522     17.806085 17.806085 5.671317
310.251770 246.247055     813.953125 465.796875 1290.976562     -0.855545 -0.517728 0.517728 -0.855545     29.563590 29.563590 2.468387
423.282440 279.217102     67.656250 -84.005859 297.202332     -0.086115 -0.996285 0.996285 -0.086115     24.361997 24.361997 1.766760
423.282440 279.217102     133.664062 45.234375 53.250000     -0.086115 -0.996285 0.996285 -0.086115     24.361997 24.361997 4.857556
466.201752 204.337723     17.773438 31.703125 89.644531     -0.309278 -0.950972 0.950972 -0.309278     16.309288 16.309288 0.401028
466.201752 204.337723     888.343750 605.625000 1507.593750     -0.309278 -0.950972 0.950972 -0.309278     16.309288 16.309288 2.956942
396.266235 276.996765     16.750000 24.226562 167.992188     -0.215917 -0.976412 0.976412 -0.215917     16.555268 16.555268 3.224793
396.266235 276.996765     86.429688 34.214844 57.085938     -0.215917 -0.976412 0.976412 -0.215917     16.555268 16.555268 6.356050
424.461945 279.954163     0.843750 -2.660156 415.535889     -0.087893 -0.996130 0.996130 -0.087893     27.535996 27.535996 1.768296
424.461945 279.954163     146.453125 -21.367188 140.542969     -0.087893 -0.996130 0.996130 -0.087893     27.535996 27.535996 4.876222
148.351776 238.019913     2004.358887 317.802246 50.611328     -0.892283 -0.451477 0.451477 -0.892283     23.248050 23.248050 3.996830
148.351776 238.019913     38.357056 24.183701 37.842026     -0.892283 -0.451477 0.451477 -0.892283     23.248050 23.248050 6.013759
218.110718 272.328583     161.261719 90.632812 92.023438     -0.799828 -0.600230 0.600230 -0.799828     20.907147 20.907147 0.826930
218.110718 272.328583     26.640625 161.507812 1032.507812     -0.799828 -0.600230 0.600230 -0.799828     20.907147 20.907147 2.084076
425.574951 280.520874     42.123657 20.596741 41.735161     -0.095274 -0.995451 0.995451 -0.095274     29.528058 29.528058 1.682903
425.574951 280.520874     868.953125 573.734375 2394.468750     -0.095274 -0.995451 0.995451 -0.095274     29.528058 29.528058 4.875209
466.176025 204.408234     99.718750 -179.125000 327.354492     -0.250390 -0.968145 0.968145 -0.250390     17.618925 17.618925 0.295965
478.869537 312.243927     177.453125 104.785156 102.609375     0.189672 -0.981848 0.981848 0.189672     75.060891 75.060891 1.836968
478.869537 312.243927     156.742188 46.093750 64.519531     0.189672 -0.981848 0.981848 0.189672     75.060891 75.060891 4.829089
312.498138 246.509369     10.867188 11.177002 44.383575     -0.923685 -0.383153 0.383153 -0.923685     30.189780 30.189780 0.928021
312.498138 246.509369     1.218750 -3.562500 1269.960205     -0.923685 -0.383153 0.383153 -0.923685     30.189780 30.189780 2.674961
100.379799 161.871292     67.156250 223.250000 1252.898438     -0.465668 -0.884960 0.884960 -0.465668     48.660417 48.660417 1.801977
100.379799 161.871292     193.830078 71.496094 28.101562     -0.465668 -0.884960 0.884960 -0.465668     48.660417 48.660417 3.127577
396.024384 273.810303     152.469788 25.892731 40.659264     -0.134934 -0.990855 0.990855 -0.134934     16.469043 16.469043 2.849157
396.024384 273.810303     53.863281 26.613281 20.703125     -0.134934 -0.990855 0.990855 -0.134934     16.469043 16.469043 4.726285
192.243027 212.235062     21.914062 48.820312 151.853516     -0.814160 -0.580640 0.580640 -0.814160     21.726324 21.726324 0.757435
192.243027 212.235062     249.187500 -845.875000 4277.828125     -0.814160 -0.580640 0.580640 -0.814160     21.726324 21.726324 2.368658
106.221664 171.683563     2081.551758 329.908203 52.578125     -0.492188 -0.870489 0.870489 -0.492188     47.357214 47.357214 1.776824
457.029877 304.326813     186.324219 108.406250 106.281250     -0.657354 -0.753582 0.753582 -0.657354     102.954377 102.954377 2.567487
464.420685 203.072235     660.876953 918.076172 1662.691406     -0.960620 0.277865 -0.277865 -0.960620     30.114900 30.114900 4.253913
218.300293 272.975983     324.371094 133.171875 57.917969     -0.797767 -0.602966 0.602966 -0.797767     21.299921 21.299921 5.736462
419.127258 211.090912     20.335938 47.429688 179.570312     0.680906 -0.732371 0.732371 0.680906     11.139650 11.139650 2.377015
457.029083 304.288483     53.750000 28.375000 68.517578     -0.619590 -0.784925 0.784925 -0.619590     103.156042 103.156042 2.496645
545.618347 31.439613     17.453125 44.125000 275.257812     0.008096 -0.999967 0.999967 0.008096     3.477174 3.477174 4.712715
192.585373 212.463409     283.906250 146.351562 206.312500     -0.813613 -0.581407 0.581407 -0.813613     21.270976 21.270976 2.449287
192.585373 212.463409     111.093750 -205.140625 390.283203     -0.813613 -0.581407 0.581407 -0.813613     21.270976 21.270976 5.573215
329.236908 313.551361     155.627930 -13.693909 16.626278     -0.864873 -0.501990 0.501990 -0.864873     24.495905 24.495905 0.994421
329.236908 313.551361     2224.231445 308.762695 43.722656     -0.864873 -0.501990 0.501990 -0.864873     24.495905 24.495905 5.827508
219.701004 273.351746     17.906250 -23.375000 235.648438     -0.869488 -0.493954 0.493954 -0.869488     24.467537 24.467537 0.838413
219.701004 273.351746     1.031250 -18.421875 641.992188     -0.869488 -0.493954 0.493954 -0.869488     24.467537 24.467537 3.974542
313.129852 246.757172     1126.359375 580.335938 2466.085938     -0.926215 -0.376995 0.376995 -0.926215     30.187425 30.187425 2.944781
313.129852 246.757172     40.117188 127.000000 468.511719     -0.926215 -0.376995 0.376995 -0.926215     30.187425 30.187425 4.109745
465.107025 203.310349     32.929688 139.226562 604.838623     -0.952637 0.304109 -0.304109 -0.952637     31.453265 31.453265 4.300150
456.284698 300.897980     763.916016 1105.671875 2034.238281     -0.521644 -0.853163 0.853163 -0.521644     103.515033 103.515033 2.339159
331.209076 313.874542     2145.201172 339.301270 54.053711     -0.912237 -0.409663 0.409663 -0.912237     25.825586 25.825586 1.018047
331.209076 313.874542     216.265625 135.320312 200.585938     -0.912237 -0.409663 0.409663 -0.912237     25.825586 25.825586 6.106007
464.797668 203.966980     4.343750 -7.197266 146.409668     -0.921766 0.387746 -0.387746 -0.921766     33.486695 33.486695 4.313983
334.882355 175.692307     49.054688 66.119141 102.859375     -0.353634 -0.935384 0.935384 -0.353634     10.825916 10.825916 1.776888
334.882355 175.692307     94.968750 -145.300781 670.893921     -0.353634 -0.935384 0.935384 -0.353634     10.825916 10.825916 2.185614
456.128143 299.263641     12.179688 10.865479 43.389343     -0.521916 -0.852997 0.852997 -0.521916     102.397051 102.397051 2.293075
395.817322 272.597198     2.281250 -6.333984 1223.460693     -0.154398 -0.988009 0.988009 -0.154398     16.202541 16.202541 1.466479
395.817322 272.597198     166.675537 28.546173 43.880989     -0.154398 -0.988009 0.988009 -0.154398     16.202541 16.202541 4.818558
219.857437 274.572327     121.664062 50.468750 86.187500     -0.834898 -0.550405 0.550405 -0.834898     26.442956 26.442956 5.884589
545.536560 32.024391     96.992188 45.433594 97.410156     0.006414 -0.999979 0.999979 0.006414     4.091503 4.091503 4.711842
465.577118 208.264618     7.468750 -166.031250 4366.531250     -0.753988 0.656888 -0.656888 -0.753988     49.689350 49.689350 4.452360
84.349998 69.323074     426.757812 167.351562 253.320312     -0.987660 -0.156616 0.156616 -0.987660     2.094168 2.094168 4.721187
192.468140 211.562332     283.812500 -967.703125 4746.269531     -0.788896 -0.614527 0.614527 -0.788896     22.649047 22.649047 0.856327
192.468140 211.562332     263.382812 129.039062 159.203125     -0.788896 -0.614527 0.614527 -0.788896     22.649047 22.649047 1.860997
626.328918 84.955559     2443.742188 338.343750 47.825439     0.483781 -0.875189 0.875189 0.483781     4.956461 4.956461 4.739645
223.674377 277.535492     69.578125 22.613281 60.013672     -0.823658 -0.567086 0.567086 -0.823658     24.492172 24.492172 5.667826
409.186493 297.212219     32.789062 138.531250 605.707642     -0.154740 -0.987955 0.987955 -0.154740     5.217246 5.217246 1.590737
227.995377 149.666672     130.949219 68.242188 108.437500     -0.872712 -0.488235 0.488235 -0.872712     19.519344 19.519344 0.878211
458.450592 285.880310     2444.385742 385.929688 61.399414     -0.316890 -0.948462 0.948462 -0.316890     117.109258 117.109258 2.081024
625.025635 87.450546     34.921875 109.679688 480.691406     0.481507 -0.876442 0.876442 0.481507     5.149861 5.149861 4.743435
223.740143 277.744232     9.156250 -191.796875 4818.835938     -0.817412 -0.576053 0.576053 -0.817412     24.134578 24.134578 5.624585
312.955353 247.061005     702.597656 24.724854 82.265411     -0.923916 -0.382595 0.382595 -0.923916     30.331476 30.331476 0.771254
312.955353 247.061005     1137.937500 517.781250 405.484375     -0.923916 -0.382595 0.382595 -0.923916     30.331476 30.331476 2.863868
545.536682 55.318806     49.878906 66.056641 102.408203     0.002808 -0.999996 0.999996 0.002808     4.947436 4.947436 4.723199
402.292236 283.393097     8.625000 -6.421875 128.054688     -0.179096 -0.983832 0.983832 -0.179096     23.172135 23.172135 1.653767
140.048782 249.956100     167.207031 94.175781 120.855469     -0.937319 -0.348473 0.348473 -0.937319     5.549731 5.549731 4.598142
325.122162 40.199097     852.140625 332.234375 131.015625     -0.224991 -0.974361 0.974361 -0.224991     3.385244 3.385244 4.721358
368.215851 320.907501     1176.625000 527.367188 2526.382812     -0.194536 -0.980895 0.980895 -0.194536     10.477886 10.477886 2.993724
223.960785 258.612732     65.507812 26.074219 29.734375     -0.874293 -0.485398 0.485398 -0.874293     10.956118 10.956118 4.300362
336.126678 179.550003     2579.261719 406.307617 64.553711     -0.316662 -0.948538 0.948538 -0.316662     10.663943 10.663943 1.769691
82.335548 68.986710     507.414062 107.789062 285.609375     -0.987669 -0.156558 0.156558 -0.987669     2.395459 2.395459 4.709753
224.218491 278.026398     33.953125 141.283203 613.084351     -0.820467 -0.571694 0.571694 -0.820467     24.951601 24.951601 5.627799
109.924812 57.657894     3.406250 -8.435547 1225.085938     -0.991017 -0.133739 0.133739 -0.991017     4.247548 4.247548 0.340707
109.924812 57.657894     509.793457 84.922363 14.776855     -0.991017 -0.133739 0.133739 -0.991017     4.247548 4.247548 3.052518
352.395996 241.815994     24.875000 32.789062 134.437500     -0.264986 -0.964252 0.964252 -0.264986     8.605336 8.605336 3.782930
108.113358 174.188995     9.750000 -187.656250 4805.273438     -0.510414 -0.859929 0.859929 -0.510414     48.455760 48.455760 1.817256
194.772720 210.886368     2.531250 -8.710938 432.367188     -0.882736 -0.469869 0.469869 -0.882736     27.012427 27.012427 0.273024
194.772720 210.886368     21.468750 -32.421875 283.171875     -0.882736 -0.469869 0.469869 -0.882736     27.012427 27.012427 0.955370
332.264099 311.971344     12.031250 -10.203125 736.054688     -0.781428 -0.623996 0.623996 -0.781428     37.897262 37.897262 5.600361
623.610779 90.465912     29.117188 88.894531 478.001709     0.475506 -0.879713 0.879713 0.475506     6.026326 6.026326 4.755238
145.700409 252.445343     205.128906 121.609375 142.359375     -0.923919 -0.382589 0.382589 -0.923919     7.492717 7.492717 4.604875
557.054443 48.549503     344.753906 81.784668 92.481155     0.034837 -0.999393 0.999393 0.034837     8.770120 8.770120 6.103339
325.190277 40.680161     32.875000 10.925781 95.250000     -0.224841 -0.974396 0.974396 -0.224841     3.663709 3.663709 4.723294
367.028259 314.025421     344.687500 -1211.328125 5910.714844     -0.154958 -0.987921 0.987921 -0.154958     13.966728 13.966728 1.610784
367.028259 314.025421     51.750000 67.193359 102.281250     -0.154958 -0.987921 0.987921 -0.154958     13.966728 13.966728 2.777573
336.279877 181.749268     90.804688 -42.117188 127.537109     -0.265415 -0.964134 0.964134 -0.265415     12.140927 12.140927 1.990264
226.130783 145.005447     210.990601 20.234497 6.359924     -0.611623 -0.791149 0.791149 -0.611623     25.381681 25.381681 2.067468
146.857819 258.511841     1483.343750 764.679688 2955.960938     -0.933810 -0.357769 0.357769 -0.933810     5.422007 5.422007 4.655593
366.728973 314.285034     2639.994141 414.248535 65.704102     -0.164159 -0.986434 0.986434 -0.164159     14.308296 14.308296 1.633190
366.728973 314.285034     37.000000 13.210938 16.046875     -0.164159 -0.986434 0.986434 -0.164159     14.308296 14.308296 2.836009
332.629547 310.041046     122.593750 -137.753906 774.834473     -0.792541 -0.609818 0.609818 -0.792541     43.560073 43.560073 5.639745
622.380859 93.107475     998.648438 242.773438 282.132812     0.467663 -0.883907 0.883907 0.467663     7.195400 7.195400 4.777539
84.246811 54.131916     81.468750 94.406250 5533.023438     -0.990495 -0.137550 0.137550 -0.990495     4.135708 4.135708 4.726819
541.996094 262.113739     69.734375 22.601562 59.279297     0.028705 -0.999588 0.999588 0.028705     3.189046 3.189046 1.560123
453.856750 281.527100     214.862305 19.435486 6.801270     -0.349423 -0.936965 0.936965 -0.349423     135.743046 135.743046 2.154229
352.282898 241.901321     408.601562 251.613281 301.179688     -0.264413 -0.964409 0.964409 -0.264413     10.357284 10.357284 3.714148
325.290649 41.356400     5.500000 -25.884766 308.284912     -0.224617 -0.974447 0.974447 -0.224617     4.116945 4.116945 4.723682
111.739311 181.249741     4.437500 -12.673828 1203.001465     -0.500940 -0.865482 0.865482 -0.500940     50.100511 50.100511 1.807325
621.126465 95.535576     198.060364 33.510101 46.642296     0.463256 -0.886225 0.886225 0.463256     8.189504 8.189504 4.799469
334.162109 178.251144     4.531250 -17.585938 431.003906     -0.352286 -0.935892 0.935892 -0.352286     15.220894 15.220894 1.842926
81.501419 68.815865     1503.562500 628.515625 466.554688     -0.987717 -0.156252 0.156252 -0.987717     2.765939 2.765939 4.711529
220.380295 269.456970     39021.613281 4828.578125 10215.726562     -0.727268 -0.686353 0.686353 -0.727268     38.416022 38.416022 2.409849
220.380295 269.456970     42.281250 21.503906 101.625000     -0.727268 -0.686353 0.686353 -0.727268     38.416022 38.416022 5.505371
557.042725 48.286324     69.621094 106.871094 184.570312     0.050468 -0.998726 0.998726 0.050468     8.977536 8.977536 2.886925
557.042725 48.286324     28.625000 88.594727 484.474121     0.050468 -0.998726 0.998726 0.050468     8.977536 8.977536 5.987670
197.270004 140.500000     294.292969 224.664062 300.734375     -0.558178 -0.829721 0.829721 -0.558178     9.624555 9.624555 1.707784
197.270004 140.500000     91.531250 -39.238281 125.779297     -0.558178 -0.829721 0.829721 -0.558178     9.624555 9.624555 4.532128
545.496521 56.175438     3078.837891 480.112305 75.749023     0.005187 -0.999987 0.999987 0.005187     6.747596 6.747596 4.719950
277.398224 279.426025     3211.730469 442.818359 62.731201     -0.815961 -0.578106 0.578106 -0.815961     31.956507 31.956507 0.870713
277.398224 279.426025     1121.328125 311.578125 329.894531     -0.815961 -0.578106 0.578106 -0.815961     31.956507 31.956507 5.799196
195.893204 215.406387     10.968750 -144.437500 1902.609375     -0.705479 -0.708731 0.708731 -0.705479     32.377210 32.377210 5.549993
541.764099 277.483063     718.898438 10.094482 93.488739     0.038006 -0.999278 0.999278 0.038006     4.834045 4.834045 1.574378
339.257477 309.947266     76.332031 69.250000 90.349609     -0.854424 -0.519576 0.519576 -0.854424     55.398239 55.398239 2.793193
339.257477 309.947266     1966.671875 60.245117 261.421753     -0.854424 -0.519576 0.519576 -0.854424     55.398239 55.398239 5.866055
629.626831 44.173912     104.992188 -31.753906 120.810547     0.523615 -0.851955 0.851955 0.523615     9.471481 9.471481 4.933708
316.211670 255.736771     1259.951172 225.317383 40.533691     -0.828953 -0.559318 0.559318 -0.828953     38.220031 38.220031 2.428715
316.211670 255.736771     42.906250 16.101562 124.500000     -0.828953 -0.559318 0.559318 -0.828953     38.220031 38.220031 5.593173
620.322205 97.005005     67.339844 110.488281 211.828125     0.456902 -0.889517 0.889517 0.456902     9.363602 9.363602 4.815982
249.722778 200.990097     325.449219 223.867188 310.824219     -0.907258 -0.420574 0.420574 -0.907258     13.456246 13.456246 4.132589
89.277481 54.805405     4.781250 -89.343750 1671.914062     -0.990544 -0.137198 0.137198 -0.990544     4.414214 4.414214 4.725698
227.926468 144.630249     5.625000 -26.404297 323.550415     -0.776821 -0.629721 0.629721 -0.776821     29.052886 29.052886 0.575741
227.926468 144.630249     11.031250 -146.281250 1928.351562     -0.776821 -0.629721 0.629721 -0.776821     29.052886 29.052886 2.087636
325.176483 41.102169     233.156250 43.335938 9.585938     -0.223321 -0.974745 0.974745 -0.223321     4.612368 4.612368 4.724893
198.298325 217.586594     6.937500 -110.109375 1764.890625     -0.762477 -0.647016 0.647016 -0.762477     31.987730 31.987730 2.389414
198.298325 217.586594     3.343750 -76.265625 2386.960938     -0.762477 -0.647016 0.647016 -0.762477     31.987730 31.987730 5.557588
84.080093 69.218445     28.898438 89.673828 487.623169     -0.987760 -0.155981 0.155981 -0.987760     3.038349 3.038349 4.699865
351.830353 245.377243     5.750000 -18.314453 1183.989990     -0.226663 -0.973973 0.973973 -0.226663     13.794680 13.794680 3.265401
351.830353 245.377243     218.025452 4.419922 15.596863     -0.226663 -0.973973 0.973973 -0.226663     13.794680 13.794680 6.284227
541.459106 282.894318     380.968750 81.898438 106.943176     0.039783 -0.999208 0.999208 0.039783     5.548044 5.548044 1.576684
320.909912 300.459381     74.097656 16.015625 31.179688     -0.888103 -0.459644 0.459644 -0.888103     52.767812 52.767812 2.795379
320.909912 300.459381     687.250000 240.667969 463.388672     -0.888103 -0.459644 0.459644 -0.888103     52.767812 52.767812 5.791263
220.573181 268.891510     3188.680664 493.087891 77.829102     -0.769649 -0.638467 0.638467 -0.769649     37.410487 37.410487 2.397202
220.573181 268.891510     1295.906250 444.140625 435.410156     -0.769649 -0.638467 0.638467 -0.769649     37.410487 37.410487 5.488930
197.372726 140.577271     425.093750 76.351562 15.646484     -0.561483 -0.827488 0.827488 -0.561483     10.119405 10.119405 1.757833
197.372726 140.577271     474.140625 87.750000 17.951172     -0.561483 -0.827488 0.827488 -0.561483     10.119405 10.119405 4.522580
528.206665 353.155029     408.382812 229.527344 324.910156     0.053540 -0.998566 0.998566 0.053540     12.949278 12.949278 2.994009
528.206665 353.155029     8.281250 -133.218750 2150.265625     0.053540 -0.998566 0.998566 0.053540     12.949278 12.949278 6.262371
200.590164 219.159119     6.625000 -124.578125 2333.945312     -0.787071 -0.616863 0.616863 -0.787071     30.865445 30.865445 2.397645
200.590164 219.159119     2288.843750 757.093750 3201.093750     -0.787071 -0.616863 0.616863 -0.787071     30.865445 30.865445 5.522747
466.283875 378.399994     19.468750 25.953125 58.468750     -0.931506 -0.363727 0.363727 -0.931506     5.105862 5.105862 1.536419
454.265930 277.416412     3472.966797 483.097168 69.629883     -0.325609 -0.945504 0.945504 -0.325609     141.947178 141.947178 2.160749
269.126831 240.704880     435.234375 55.726562 8.085938     -0.884784 -0.466002 0.466002 -0.884784     18.000836 18.000836 0.999031
269.126831 240.704880     667.476562 237.015625 448.511719     -0.884784 -0.466002 0.466002 -0.884784     18.000836 18.000836 5.896384
85.276314 69.442986     45.906250 19.324219 134.545898     -0.987814 -0.155641 0.155641 -0.987814     3.292491 3.292491 4.705447
557.524109 44.257236     129.468750 -151.287109 884.440186     0.082817 -0.996565 0.996565 0.082817     8.372442 8.372442 2.482694
557.524109 44.257236     745.945312 -8.719482 98.188232     0.082817 -0.996565 0.996565 0.082817     8.372442 8.372442 5.673474
527.734741 365.140991     3.750000 -81.468750 2422.796875     0.010378 -0.999946 0.999946 0.010378     14.674742 14.674742 1.652416
324.925262 252.714218     142.906250 -261.472656 516.247070     -0.926580 -0.376098 0.376098 -0.926580     69.983012 69.983012 3.139307
325.153015 41.251366     29.093750 37.218750 125.895020     -0.225023 -0.974354 0.974354 -0.225023     5.178727 5.178727 4.728519
545.628479 56.104259     3372.295898 522.723145 83.804199     0.006904 -0.999976 0.999976 0.006904     8.233901 8.233901 4.719023
57.682693 83.254807     381.160156 235.660156 245.505859     -0.986375 -0.164510 0.164510 -0.986375     3.524071 3.524071 4.700002
382.793457 315.445770     206.019531 223.773438 294.812500     -0.266418 -0.963858 0.963858 -0.266418     17.893850 17.893850 3.333727
382.793457 315.445770     68.593750 21.226562 59.867188     -0.266418 -0.963858 0.963858 -0.266418     17.893850 17.893850 5.113387
564.664795 94.259773     776.031250 140.074219 27.700195     -0.154200 -0.988040 0.988040 -0.154200     23.810106 23.810106 3.651991
564.664795 94.259773     510.312500 95.914062 20.320312     -0.154200 -0.988040 0.988040 -0.154200     23.810106 23.810106 4.899497
222.006332 268.684113     6.531250 -123.093750 2342.210938     -0.789152 -0.614198 0.614198 -0.789152     41.090543 41.090543 2.470727
222.006332 268.684113     2.375000 -2.996094 472.686523     -0.789152 -0.614198 0.614198 -0.789152     41.090543 41.090543 5.562942
94.811821 55.604977     1200.789062 213.057617 91.175781     -0.990451 -0.137867 0.137867 -0.990451     4.758623 4.758623 4.721901
541.303406 283.853210     7.156250 -19.697266 1141.961182     0.039042 -0.999238 0.999238 0.039042     6.997364 6.997364 1.577963
527.675354 356.715973     624.890625 216.683594 413.792969     0.014088 -0.999901 0.999901 0.014088     15.515210 15.515210 1.641856
326.545624 36.926315     8761.046875 1148.976562 2706.828125     -0.187441 -0.982276 0.982276 -0.187441     15.688197 15.688197 4.726071
200.059021 218.296692     8.000000 -130.703125 2123.359375     -0.790535 -0.612417 0.612417 -0.790535     31.225648 31.225648 2.383468
200.059021 218.296692     9.937500 -145.703125 2154.312500     -0.790535 -0.612417 0.612417 -0.790535     31.225648 31.225648 5.496535
565.400452 94.081970     21.718750 -3.757812 50.335938     -0.167686 -0.985840 0.985840 -0.167686     25.061639 25.061639 0.287304
565.400452 94.081970     591.562500 94.406250 15.835938     -0.167686 -0.985840 0.985840 -0.167686     25.061639 25.061639 2.563066
197.309921 140.487610     25.500000 -184.468750 2849.800781     -0.569230 -0.822179 0.822179 -0.569230     10.290291 10.290291 1.751155
197.309921 140.487610     386.763672 81.254883 234.863037     -0.569230 -0.822179 0.822179 -0.569230     10.290291 10.290291 4.510552
281.122314 150.296143     1696.953125 345.070312 78.254883     0.547850 -0.836577 0.836577 0.547850     35.780907 35.780907 1.312795
281.122314 150.296143     130.050781 119.074219 203.164062     0.547850 -0.836577 0.836577 0.547850     35.780907 35.780907 1.734134
34.858658 29.159010     30.031250 93.794922 501.864990     -0.995239 -0.097468 0.097468 -0.995239     9.415939 9.415939 4.641201
619.216064 97.855072     539.843750 69.105469 10.744629     0.456661 -0.889641 0.889641 0.456661     11.508213 11.508213 4.840770
619.216064 97.855072     4336.023438 659.638672 108.800781     0.456661 -0.889641 0.889641 0.456661     11.508213 11.508213 6.330065
459.455383 282.514587     460.054688 271.515625 388.453125     -0.391397 -0.920222 0.920222 -0.391397     153.139157 153.139157 2.221333
84.285995 69.291832     47.250000 -273.125000 3044.257812     -0.987906 -0.155055 0.155055 -0.987906     3.728090 3.728090 4.705338
249.600891 201.000000     23.718750 -11.109375 1124.322266     -0.900376 -0.435112 0.435112 -0.900376     13.988138 13.988138 4.153402
312.499298 248.083359     124.781250 -26.140625 160.445801     -0.955989 -0.293402 0.293402 -0.955989     64.841120 64.841120 1.508130
312.499298 248.083359     23.062500 -2.445312 54.945312     -0.955989 -0.293402 0.293402 -0.955989     64.841120 64.841120 3.232686
196.765030 214.811615     26.570312 14.921875 32.648438     -0.747863 -0.663853 0.663853 -0.747863     32.753564 32.753564 0.899735
196.765030 214.811615     1301.171875 210.632812 35.237305     -0.747863 -0.663853 0.663853 -0.747863     32.753564 32.753564 2.266705
538.709167 274.218475     36.665039 73.478882 165.919037     -0.017310 -0.999850 0.999850 -0.017310     40.207539 40.207539 1.655931
329.744293 174.481827     845.414062 -21.375488 118.378876     -0.441443 -0.897289 0.897289 -0.441443     22.304721 22.304721 1.934546
100.182190 56.328766     655.359375 79.097656 22.016602     -0.990647 -0.136453 0.136453 -0.990647     5.238790 5.238790 4.732011
227.901703 144.599243     447.232422 90.056641 255.196960     -0.782733 -0.622358 0.622358 -0.782733     28.922298 28.922298 0.438326
227.901703 144.599243     43.598633 89.357178 202.672302     -0.782733 -0.622358 0.622358 -0.782733     28.922298 28.922298 2.079033
34.221519 29.291140     35.375000 -41.630859 1148.113770     -0.995739 -0.092217 0.092217 -0.995739     10.063639 10.063639 4.644078
221.812805 266.973511     3648.855469 1019.021729 459.289185     -0.777420 -0.628982 0.628982 -0.777420     44.458649 44.458649 2.480283
221.812805 266.973511     72.113281 17.798828 12.975586     -0.777420 -0.628982 0.628982 -0.777420     44.458649 44.458649 5.557121
557.811279 42.842255     116.531250 -70.878906 543.784180     0.084569 -0.996418 0.996418 0.084569     8.178468 8.178468 2.455982
557.811279 42.842255     5.531250 -23.312500 369.118408     0.084569 -0.996418 0.996418 0.084569     8.178468 8.178468 5.606676
545.789795 54.949085     28.601562 18.289062 56.500000     0.010572 -0.999944 0.999944 0.010572     9.335195 9.335195 4.717333
326.608612 300.707825     617.241211 108.935791 259.057312     -0.904535 -0.426399 0.426399 -0.904535     58.719636 58.719636 1.004949
326.608612 300.707825     29.695312 18.968750 69.289062     -0.904535 -0.426399 0.426399 -0.904535     58.719636 58.719636 2.909479
565.696838 94.557083     45.187500 -52.115234 1142.108887     -0.308450 -0.951240 0.951240 -0.308450     26.739381 26.739381 0.612428
565.696838 94.557083     848.226562 15.555176 265.480469     -0.308450 -0.951240 0.951240 -0.308450     26.739381 26.739381 3.913046
199.699066 144.846390     118.312500 -110.410156 747.209961     -0.513009 -0.858383 0.858383 -0.513009     10.790692 10.790692 1.807339
326.511017 37.025158     3896.458008 642.423584 442.306030     -0.184305 -0.982869 0.982869 -0.184305     15.596233 15.596233 4.718938
193.763336 209.602844     29.781250 19.289062 86.191406     -0.702021 -0.712157 0.712157 -0.702021     38.402306 38.402306 2.276387
280.820465 150.233597     40.523438 109.973145 305.540527     0.547731 -0.836654 0.836654 0.547731     36.514716 36.514716 0.995417
280.820465 150.233597     910.808594 65.152832 309.514771     0.547731 -0.836654 0.836654 0.547731     36.514716 36.514716 1.562607
50.033031 85.711708     63.062500 -49.703125 1066.540283     -0.999092 -0.042605 0.042605 -0.999092     28.370900 28.370900 3.652096
373.555878 269.939819     2151.359375 96.499023 586.351074     -0.426572 -0.904454 0.904454 -0.426572     15.134214 15.134214 0.608706
373.555878 269.939819     33.144531 89.723145 259.703247     -0.426572 -0.904454 0.904454 -0.426572     15.134214 15.134214 3.782730
88.800003 70.054100     32.796875 98.515625 562.839111     -0.988052 -0.154119 0.154119 -0.988052     4.172307 4.172307 4.717116
126.771217 39.095940     1119.335938 78.280762 335.806091     -0.990690 -0.136139 0.136139 -0.990690     10.240253 10.240253 1.429526
126.771217 39.095940     58.765625 7.453125 9.493164     -0.990690 -0.136139 0.136139 -0.990690     10.240253 10.240253 2.852193
102.860100 56.805351     2276.593750 76.333984 754.365845     -0.990619 -0.136652 0.136652 -0.990619     5.773642 5.773642 4.734921
307.860321 242.985123     43.351562 116.148926 322.151489     -0.944903 -0.327350 0.327350 -0.944903     67.041242 67.041242 1.444239
567.566406 311.605469     45.433594 120.551758 332.841919     0.075698 -0.997131 0.997131 0.075698     0.273240 0.273240 1.566544
152.481171 129.276154     36.671875 17.394531 27.993408     -0.670561 -0.741854 0.741854 -0.670561     16.678584 16.678584 0.886751
152.481171 129.276154     26.640625 19.652344 47.745605     -0.670561 -0.741854 0.741854 -0.670561     16.678584 16.678584 3.664320
279.870514 149.732544     48.531250 24.021484 33.398438     0.615754 -0.787938 0.787938 0.615754     40.293796 40.293796 0.824146
279.870514 149.732544     28.539062 113.723633 568.301514     0.615754 -0.787938 0.787938 0.615754     40.293796 40.293796 1.473068
293.129974 289.719025     2044.531250 397.546875 77.763672     -0.933973 -0.357344 0.357344 -0.933973     60.605090 60.605090 1.188213
293.129974 289.719025     39.890625 29.660156 58.312500     -0.933973 -0.357344 0.357344 -0.933973     60.605090 60.605090 4.395244
132.910446 89.940300     70.250000 15.956055 14.181152     -0.984378 -0.176069 0.176069 -0.984378     2.170684 2.170684 4.742148
566.073242 93.318565     2055.968750 399.859375 78.380859     -0.186850 -0.982389 0.982389 -0.186850     28.404855 28.404855 0.462464
566.073242 93.318565     42.856445 88.698608 197.161255     -0.186850 -0.982389 0.982389 -0.186850     28.404855 28.404855 3.842889
200.315643 146.506638     254.703125 28.640625 46.970703     -0.475784 -0.879562 0.879562 -0.475784     12.383662 12.383662 1.793391
193.673615 207.167404     1000.375000 163.351562 27.327148     -0.718557 -0.695469 0.695469 -0.718557     43.663946 43.663946 2.348473
193.673615 207.167404     29.062500 115.852539 580.031372     -0.718557 -0.695469 0.695469 -0.718557     43.663946 43.663946 3.929891
553.794128 315.210785     2448.375000 477.546875 93.884766     0.053362 -0.998575 0.998575 0.053362     0.373221 0.373221 1.573296
558.010132 41.645569     68.023438 13.000000 17.992065     0.082208 -0.996615 0.996615 0.082208     8.354738 8.354738 2.449017
558.010132 41.645569     374.500000 30.269531 43.447754     0.082208 -0.996615 0.996615 0.082208     8.354738 8.354738 5.631212
567.585632 311.171234     1340.484375 219.203125 36.713867     0.075638 -0.997135 0.997135 0.075638     0.000000 0.000000 1.570796
516.178406 139.990616     49.796875 3.708984 17.977783     -0.982952 -0.183865 0.183865 -0.982952     5.474098 5.474098 0.541626
516.178406 139.990616     2817.578125 545.593750 106.615234     -0.982952 -0.183865 0.183865 -0.982952     5.474098 5.474098 4.544724
558.726807 307.951233     135.726562 294.115234 641.328125     0.062270 -0.998059 0.998059 0.062270     1.170406 1.170406 1.568277
550.458679 273.741333     67.406250 13.375000 20.782104     0.031947 -0.999490 0.999490 0.031947     4.283440 4.283440 1.532935
153.244492 139.026428     990.066406 141.317383 20.945801     -0.410620 -0.911807 0.911807 -0.410620     29.055498 29.055498 2.276440
153.244492 139.026428     665.726562 96.710938 15.320801     -0.410620 -0.911807 0.911807 -0.410620     29.055498 29.055498 2.941326
131.889175 39.554157     350.957031 111.734375 39.048828     -0.993777 -0.111388 0.111388 -0.993777     9.772961 9.772961 1.447636
326.503571 37.309559     437.330078 77.092285 14.333984     -0.185272 -0.982687 0.982687 -0.185272     15.583040 15.583040 4.719035
545.945129 53.934856     7.351562 23.695312 134.573242     0.015538 -0.999879 0.999879 0.015538     10.520179 10.520179 4.709381
30.891045 31.702986     438.648438 63.708984 10.423340     -0.999762 -0.021819 0.021819 -0.999762     17.716748 17.716748 4.655039
563.255249 307.535553     41.960938 9.158203 46.865723     0.068421 -0.997657 0.997657 0.068421     0.000000 0.000000 1.570796
138.884781 91.074074     506.312500 81.429688 16.636719     -0.984306 -0.176469 0.176469 -0.984306     2.460865 2.460865 4.742794
190.678024 162.996902     46.382324 95.426636 212.504700     -0.949054 -0.315113 0.315113 -0.949054     22.884628 22.884628 6.172317
302.476593 171.218201     93.328125 22.410156 26.976074     -0.843121 -0.537724 0.537724 -0.843121     79.217385 79.217385 1.026996
302.476593 171.218201     3108.437500 584.179688 112.189453     -0.843121 -0.537724 0.537724 -0.843121     79.217385 79.217385 2.635399
91.393898 70.743332     131.078125 53.156250 25.906250     -0.988243 -0.152893 0.152893 -0.988243     5.589035 5.589035 4.715640
302.689575 236.744873     9254.714844 1373.455078 205.049316     -0.920811 -0.390010 0.390010 -0.920811     70.765130 70.765130 1.362256
377.917816 117.023972     517.890625 48.093750 54.887207     -0.984114 -0.177540 0.177540 -0.984114     6.157325 6.157325 2.403278
377.917816 117.023972     271.740234 596.816406 1315.970703     -0.984114 -0.177540 0.177540 -0.984114     6.157325 6.157325 2.667729
507.518738 138.390625     1642.226562 295.207031 53.863281     -0.983188 -0.182597 0.182597 -0.983188     5.787834 5.787834 0.713788
507.518738 138.390625     655.062500 241.125000 89.640625     -0.983188 -0.182597 0.182597 -0.983188     5.787834 5.787834 1.715108
197.224243 206.598206     108.968750 25.904297 28.791016     -0.767757 -0.640741 0.640741 -0.767757     51.965827 51.965827 3.887484
559.079468 302.439331     7.796875 21.785156 148.855957     0.061837 -0.998086 0.998086 0.061837     0.748077 0.748077 1.569332
554.487000 302.487000     31.234375 121.380859 594.635010     0.053300 -0.998579 0.998579 0.053300     0.000000 0.000000 1.570796
558.584167 204.514847     67.281250 10.829102 25.166138     -0.446826 -0.894621 0.894621 -0.446826     11.478298 11.478298 2.348235
103.754593 57.129467     199.367188 82.953125 40.117188     -0.990451 -0.137868 0.137868 -0.990451     6.947900 6.947900 4.707177
199.131866 146.109894     880.757812 -3.199219 66.541504     -0.496591 -0.867984 0.867984 -0.496591     16.749627 16.749627 1.962040
199.131866 146.109894     61.988281 129.875977 400.367310     -0.496591 -0.867984 0.867984 -0.496591     16.749627 16.749627 5.100802
32.410690 32.383312     2900.406250 403.812500 86.152344     -0.997918 -0.064498 0.064498 -0.997918     19.061760 19.061760 4.667379
440.539124 80.778259     1676.779297 1788.421875 2270.423828     -0.991868 -0.127270 0.127270 -0.991868     4.352336 4.352336 0.941183
440.539124 80.778259     2341.351562 422.375000 77.187500     -0.991868 -0.127270 0.127270 -0.991868     4.352336 4.352336 1.530855
301.880096 171.815292     853.203125 313.109375 115.843750     -0.842420 -0.538821 0.538821 -0.842420     77.540375 77.540375 0.895324
301.880096 171.815292     24303.046875 3611.257812 542.431152     -0.842420 -0.538821 0.538821 -0.842420     77.540375 77.540375 3.328097
566.561279 93.323486     574.570312 294.972656 197.912109     -0.204138 -0.978942 0.978942 -0.204138     29.120457 29.120457 0.484029
566.561279 93.323486     1111.484375 -9.699219 106.287109     -0.204138 -0.978942 0.978942 -0.204138     29.120457 29.120457 3.680473
550.459900 275.000000     3354.968750 1520.156250 1118.375000     0.033621 -0.999435 0.999435 0.033621     4.521095 4.521095 1.542532
550.459900 275.000000     103.570312 161.511719 390.835938     0.033621 -0.999435 0.999435 0.033621     4.521095 4.521095 4.735085
618.598145 98.668198     69.742188 9.745117 28.218262     0.457689 -0.889112 0.889112 0.457689     12.970329 12.970329 4.839107
618.598145 98.668198     1471.890625 -94.017578 281.531982     0.457689 -0.889112 0.889112 0.457689     12.970329 12.970329 6.306828
588.460876 79.239128     217.078125 81.078125 39.023438     -0.321929 -0.946764 0.946764 -0.321929     18.244827 18.244827 0.843410
588.460876 79.239128     581.023438 280.910156 202.279297     -0.321929 -0.946764 0.946764 -0.321929     18.244827 18.244827 3.919830
95.414841 71.688614     120.015625 74.300781 94.328125     -0.988180 -0.153296 0.153296 -0.988180     7.413630 7.413630 4.714371
167.860855 148.602341     23788.773438 3546.841797 535.720703     -0.798933 -0.601419 0.601419 -0.798933     37.136892 37.136892 4.032296
190.934967 137.878616     2685.492188 414.882812 336.511719     -0.634584 -0.772854 0.772854 -0.634584     21.241225 21.241225 1.828778
227.944717 144.775604     1989.890625 732.453125 270.875000     -0.775032 -0.631923 0.631923 -0.775032     29.357144 29.357144 0.668509
227.944717 144.775604     106.000000 -259.718750 636.875000     -0.775032 -0.631923 0.631923 -0.775032     29.357144 29.357144 2.053123
371.435944 115.431816     286.492188 12.251953 27.959229     -0.984003 -0.178151 0.178151 -0.984003     6.883997 6.883997 2.435567
371.435944 115.431816     1156.804688 291.273438 110.382812     -0.984003 -0.178151 0.178151 -0.984003     6.883997 6.883997 3.148799
506.743835 138.145325     2185.371094 1158.972656 1000.744141     -0.982645 -0.185495 0.185495 -0.982645     6.696595 6.696595 2.640746
554.549316 300.500000     263.839844 102.468750 349.921875     0.052483 -0.998622 0.998622 0.052483     1.120013 1.120013 1.574623
537.764526 35.296928     3844.109375 302.871094 654.604980     0.006370 -0.999980 0.999980 0.006370     6.907045 6.907045 4.719398
132.730331 95.292137     2680.289062 302.426758 432.970215     -0.983242 -0.182303 0.182303 -0.983242     32.347700 32.347700 3.020537
546.106506 53.731659     10.109375 1.238281 26.986084     0.017350 -0.999849 0.999849 0.017350     11.747034 11.747034 4.709975
442.564819 81.033951     1958.033203 2452.908203 3570.150391     -0.991556 -0.129682 0.129682 -0.991556     5.405400 5.405400 1.548573
112.479622 58.301723     318.773438 226.320312 233.148438     -0.990453 -0.137854 0.137854 -0.990453     7.608858 7.608858 4.698962
505.236145 137.804932     224.156250 51.265625 312.745117     -0.983010 -0.183554 0.183554 -0.983010     7.289857 7.289857 0.327561
505.236145 137.804932     1116.070312 334.996094 203.031250     -0.983010 -0.183554 0.183554 -0.983010     7.289857 7.289857 1.662849
300.719055 172.363098     137.375000 -334.375000 814.648438     -0.847915 -0.530132 0.530132 -0.847915     75.072933 75.072933 0.897000
300.719055 172.363098     2909.964844 1430.994141 1088.208984     -0.847915 -0.530132 0.530132 -0.847915     75.072933 75.072933 3.842802
558.928833 304.430511     2.593750 -60.750000 1561.656250     0.061437 -0.998111 0.998111 0.061437     0.000000 0.000000 1.570796
563.172180 308.225159     24219.179688 3647.798828 558.918945     0.067482 -0.997721 0.997721 0.067482     1.294465 1.294465 1.570240
100.714287 73.442291     2.812500 -56.687500 1190.070312     -0.988438 -0.151625 0.151625 -0.988438     12.137734 12.137734 3.278291
100.714287 73.442291     1827.113281 2322.712891 3517.720703     -0.988438 -0.151625 0.151625 -0.988438     12.137734 12.137734 4.717580
558.093628 40.762558     70.177246 99.059082 214.311340     0.075210 -0.997168 0.997168 0.075210     8.782102 8.782102 2.482657
558.093628 40.762558     12.156250 -6.796875 320.736816     0.075210 -0.997168 0.997168 0.075210     8.782102 8.782102 4.709197
579.158264 194.122299     11.671875 4.016602 32.813965     0.128061 -0.991766 0.991766 0.128061     20.735933 20.735933 1.826397
579.158264 194.122299     896.250000 362.109375 149.062500     0.128061 -0.991766 0.991766 0.128061     20.735933 20.735933 2.574695
457.843048 107.228699     2315.218750 839.765625 307.125000     -0.987473 -0.157789 0.157789 -0.987473     3.898917 3.898917 1.962207
457.843048 107.228699     23.718750 -77.234375 543.937500     -0.987473 -0.157789 0.157789 -0.987473     3.898917 3.898917 3.922464
553.168762 252.622040     3429.546875 1332.250000 745.937500     0.064901 -0.997892 0.997892 0.064901     16.535537 16.535537 2.752535
382.494568 118.566505     174.968750 -425.187500 1034.156250     -0.979766 -0.200148 0.200148 -0.979766     12.538281 12.538281 2.396156
233.859848 154.914780     613.046875 112.195312 26.289062     -0.594354 -0.804204 0.804204 -0.594354     29.179982 29.179982 1.711390
233.859848 154.914780     72.215820 82.819580 225.925476     -0.594354 -0.804204 0.804204 -0.594354     29.179982 29.179982 4.450135
326.496246 37.751869     11.359375 6.343750 51.849243     -0.188081 -0.982154 0.982154 -0.188081     15.633657 15.633657 4.726469
443.547119 81.062828     600.031250 252.218750 116.203125     -0.991850 -0.127408 0.127408 -0.991850     6.149900 6.149900 1.546589
111.678101 75.399734     12977.921875 1373.046875 781.885010     -0.988583 -0.150680 0.150680 -0.988583     12.931955 12.931955 3.297089
111.678101 75.399734     10076.343750 1478.390625 517.015625     -0.988583 -0.150680 0.150680 -0.988583     12.931955 12.931955 4.708974
196.431000 203.841446     2.718750 -61.421875 1576.312500     -0.751906 -0.659271 0.659271 -0.751906     55.184788 55.184788 3.852020
555.185364 242.754715     4.843750 -98.328125 2043.867188     0.090021 -0.995940 0.995940 0.090021     21.375130 21.375130 2.520076
543.107483 54.198269     9.187500 -133.687500 1959.468750     0.010092 -0.999949 0.999949 0.010092     21.863992 21.863992 4.718684
138.384949 173.265488     7.375000 -120.734375 2068.781250     -0.417777 -0.908550 0.908550 -0.417777     4.284106 4.284106 3.061065
574.297791 88.625481     4093.828125 1882.892578 2102.218750     0.467154 -0.884176 0.884176 0.467154     47.404002 47.404002 2.173483
574.297791 88.625481     32.781250 -167.187500 1522.695312     0.467154 -0.884176 0.884176 0.467154     47.404002 47.404002 2.691959
579.210510 194.622284     547.015625 50.070312 57.763672     0.076030 -0.997106 0.997106 0.076030     21.523008 21.523008 1.909949
579.210510 194.622284     3520.835938 1348.921875 744.511719     0.076030 -0.997106 0.997106 0.076030     21.523008 21.523008 2.477214
358.579651 197.789825     732.265625 286.312500 123.328125     -0.632626 -0.774457 0.774457 -0.632626     17.065130 17.065130 3.812582
468.357300 108.875298     66.253906 139.465820 301.085938     -0.987128 -0.159932 0.159932 -0.987128     4.743326 4.743326 1.577400
82.382553 21.020134     4397.625000 -662.312500 1126.078125     -0.412050 -0.911161 0.911161 -0.412050     8.341459 8.341459 4.794439
444.477386 78.614319     106.445801 74.054810 237.477905     -0.992520 -0.122080 0.122080 -0.992520     15.774160 15.774160 1.537782
444.477386 78.614319     3894.974609 1765.203125 2059.572266     -0.992520 -0.122080 0.122080 -0.992520     15.774160 15.774160 3.334427
83.511627 23.546511     19453.578125 1482.550781 1084.828613     -0.409348 -0.912379 0.912379 -0.409348     8.427932 8.427932 4.790016
541.667542 57.929043     11838.218750 1693.898438 571.976562     0.037335 -0.999303 0.999303 0.037335     26.169595 26.169595 4.715458
211.383179 120.901871     3.906250 -89.750000 2433.703125     -0.963524 -0.267622 0.267622 -0.963524     12.753272 12.753272 0.973331
211.383179 120.901871     230.406250 119.033203 127.999023     -0.963524 -0.267622 0.267622 -0.963524     12.753272 12.753272 3.939280
575.927368 79.843803     56.937500 -184.453125 1882.101562     0.159496 -0.987199 0.987199 0.159496     46.128789 46.128789 4.685811
575.927368 79.843803     648.500000 28.226562 58.152344     0.159496 -0.987199 0.987199 0.159496     46.128789 46.128789 5.944572
558.118286 40.136929     124.421875 12.015625 6.759766     0.063727 -0.997967 0.997967 0.063727     9.047790 9.047790 4.727331
357.749390 194.978317     1136.750000 436.070312 169.945312     -0.443595 -0.896227 0.896227 -0.443595     19.896539 19.896539 2.050707
357.749390 194.978317     3758.726562 1227.015625 734.148438     -0.443595 -0.896227 0.896227 -0.443595     19.896539 19.896539 3.533055
475.190674 110.599220     18058.742188 1582.359375 1018.162109     -0.985134 -0.171788 0.171788 -0.985134     9.533931 9.533931 1.578784
445.853821 78.374298     133.767334 244.474121 450.041016     -0.991871 -0.127244 0.127244 -0.991871     16.150614 16.150614 1.546706
357.669434 193.729736     753.705078 308.125000 127.289062     -0.372795 -0.927914 0.927914 -0.372795     21.142577 21.142577 1.986533
357.669434 193.729736     16.406250 5.334961 87.122192     -0.372795 -0.927914 0.927914 -0.372795     21.142577 21.142577 3.353305
326.756866 38.763477     21952.984375 1895.832031 1133.824707     -0.192385 -0.981319 0.981319 -0.192385     15.988451 15.988451 4.731575
540.578552 59.236252     378.077148 808.425781 1736.179688     0.047351 -0.998878 0.998878 0.047351     29.411225 29.411225 4.713567
576.661499 74.816223     1719.984375 372.757812 150.404297     0.168036 -0.985781 0.985781 0.168036     44.885545 44.885545 4.697905
357.545441 192.349091     34.093750 -90.140625 253.132812     -0.295439 -0.955362 0.955362 -0.295439     21.960852 21.960852 1.935617
357.545441 192.349091     197.490967 360.727539 662.085938     -0.295439 -0.955362 0.955362 -0.295439     21.960852 21.960852 3.167438
182.926102 29.507389     18583.851562 1717.992188 1752.890625     -0.339480 -0.940613 0.940613 -0.339480     4.106257 4.106257 4.739809
538.774780 59.608601     235.406250 102.796875 252.804688     0.049350 -0.998782 0.998782 0.049350     35.032629 35.032629 4.717292
189.068665 27.278971     4851.625000 -550.546875 1109.078125     -0.328711 -0.944431 0.944431 -0.328711     6.229303 6.229303 4.732382
182.790390 29.344978     69.653320 62.085938 109.786377     -0.341156 -0.940007 0.940007 -0.341156     4.572961 4.572961 4.742767
326.813049 40.946308     366.994995 56.850098 13.806641     -0.177012 -0.984209 0.984209 -0.177012     17.474072 17.474072 4.731184
508.995911 102.575508     855.437500 316.531250 128.843750     -0.989232 -0.146359 0.146359 -0.989232     13.034828 13.034828 1.470012
182.950760 30.174242     53.343750 -136.390625 377.835938     -0.340390 -0.940284 0.940284 -0.340390     5.140207 5.140207 4.746279
182.924393 30.336769     119.412354 242.502930 542.365234     -0.341962 -0.939714 0.939714 -0.341962     5.629145 5.629145 4.750235
508.828064 64.072395     18483.390625 4492.265625 1867.929688     -0.650711 -0.759326 0.759326 -0.650711     17.662779 17.662779 5.239175
343.305450 37.985355     23747.882812 3120.035156 4690.851562     -0.197834 -0.980236 0.980236 -0.197834     10.850668 10.850668 4.729948
484.755920 63.358269     54.843750 25.617188 68.833984     -0.788049 -0.615613 0.615613 -0.788049     17.079291 17.079291 5.309617
509.838715 65.630821     58.974609 30.496094 46.408203     -0.513287 -0.858217 0.858217 -0.513287     17.362564 17.362564 5.009073
76.318184 23.871212     32.320312 10.818359 53.492188     -0.407612 -0.913155 0.913155 -0.407612     6.409546 6.409546 4.774526
485.482086 64.394135     145.718750 -366.984375 924.875000     -0.806360 -0.591425 0.591425 -0.806360     17.875756 17.875756 5.304408
343.364410 38.563038     316.973907 56.604736 29.932983     -0.198083 -0.980185 0.980185 -0.198083     10.607923 10.607923 4.729228
473.709198 155.581604     51.029297 54.113281 66.843750     -0.981608 -0.190909 0.190909 -0.981608     3.005872 3.005872 1.553616
509.922241 66.461128     127.125000 -293.593750 735.945312     -0.593053 -0.805164 0.805164 -0.593053     19.115254 19.115254 5.078637
276.812500 40.762501     1719.828125 647.000000 247.750000     -0.966719 -0.255840 0.255840 -0.966719     14.200629 14.200629 5.347455
472.718658 155.447571     861.890625 318.953125 130.984375     -0.981597 -0.190963 0.190963 -0.981597     3.459480 3.459480 1.556877
76.378838 23.948805     296.914062 113.906250 46.000000     -0.414553 -0.910025 0.910025 -0.414553     7.044510 7.044510 4.781267
495.103271 66.656403     235.468750 -591.093750 1502.578125     -0.990965 -0.134124 0.134124 -0.990965     29.540805 29.540805 5.869021
420.596558 110.268967     200.984375 137.875000 181.101562     -0.986913 -0.161256 0.161256 -0.986913     3.589967 3.589967 5.119399
420.596558 110.268967     183.935303 369.746094 804.205078     -0.986913 -0.161256 0.161256 -0.986913     3.589967 3.589967 5.627573
343.552032 39.434391     1959.593750 735.468750 281.156250     -0.197732 -0.980256 0.980256 -0.197732     10.737303 10.737303 4.728810
467.384796 154.428268     63.082031 61.654297 86.384766     -0.981494 -0.191493 0.191493 -0.981494     3.801838 3.801838 1.560660
277.651886 40.879745     165.062500 59.734375 38.921875     -0.971426 -0.237344 0.237344 -0.971426     17.321100 17.321100 5.422099
491.583130 66.676308     25211.609375 3975.023438 7850.166016     -0.995914 -0.090312 0.090312 -0.995914     28.709450 28.709450 1.532169
491.583130 66.676308     206.880859 418.103516 906.767578     -0.995914 -0.090312 0.090312 -0.995914     28.709450 28.709450 5.892082
428.494965 111.664139     18.445312 17.847656 72.125000     -0.986876 -0.161481 0.161481 -0.986876     4.138953 4.138953 0.452809
428.494965 111.664139     164.875000 -416.828125 1054.031250     -0.986876 -0.161481 0.161481 -0.986876     4.138953 4.138953 0.870185
419.080750 58.344719     210.101562 102.058594 201.744141     -0.993450 -0.114269 0.114269 -0.993450     18.852350 18.852350 6.418781
462.144196 153.496262     257.937500 -644.125000 1629.609375     -0.981751 -0.190169 0.190169 -0.981751     4.344093 4.344093 1.561909
141.577942 170.171097     177.781250 66.312500 42.062500     -0.417232 -0.908800 0.908800 -0.417232     3.758177 3.758177 6.344234
277.706909 40.732758     161.250000 -442.265625 1359.210938     -0.966276 -0.257508 0.257508 -0.966276     18.672414 18.672414 5.415320
177.215088 73.332077     345.125000 111.757812 200.593750     -0.989951 -0.141409 0.141409 -0.989951     3.921320 3.921320 6.319548
274.493378 87.410599     1184.257812 461.437500 182.453125     -0.989574 -0.144026 0.144026 -0.989574     5.021392 5.021392 5.858303
274.493378 87.410599     236.750000 -598.906250 1515.843750     -0.989574 -0.144026 0.144026 -0.989574     5.021392 5.021392 6.260735
242.804993 180.804993     478.999512 924.947266 1850.099609     -0.952076 -0.305861 0.305861 -0.952076     7.990983 7.990983 1.465341
242.804993 180.804993     579.327148 1080.828125 2094.732422     -0.952076 -0.305861 0.305861 -0.952076     7.990983 7.990983 4.649379
60.342464 79.584473     5.375000 -42.843750 388.134766     -0.984767 -0.173881 0.173881 -0.984767     3.822982 3.822982 4.735686
339.251221 66.342995     197.906250 74.562500 44.671875     -0.177347 -0.984148 0.984148 -0.177347     7.899486 7.899486 2.911587
339.251221 66.342995     25477.554688 5547.960938 10181.712891     -0.177347 -0.984148 0.984148 -0.177347     7.899486 7.899486 4.705721
265.048401 74.709679     184.656250 -552.031250 1848.953125     -0.989563 -0.144100 0.144100 -0.989563     4.817426 4.817426 1.485141
265.048401 74.709679     1497.640625 585.617188 232.085938     -0.989563 -0.144100 0.144100 -0.989563     4.817426 4.817426 2.591470
316.522339 72.824020     252.093750 -952.156250 4063.406250     -0.608824 -0.793306 0.793306 -0.608824     26.596660 26.596660 0.587449
161.092804 76.426910     251.687500 -635.984375 1608.500000     -0.988641 -0.150295 0.150295 -0.988641     2.784856 2.784856 4.704657
455.816925 116.241333     261.625000 99.984375 39.750000     -0.986723 -0.162413 0.162413 -0.986723     4.890079 4.890079 1.558212
489.743500 152.048706     343.250000 143.968750 76.250000     -0.987141 -0.159850 0.159850 -0.987141     8.359112 8.359112 0.355019
489.743500 152.048706     26335.406250 5535.886719 10580.324219     -0.987141 -0.159850 0.159850 -0.987141     8.359112 8.359112 1.367562
76.644173 24.699387     254.937500 -945.359375 4052.265625     -0.414400 -0.910095 0.910095 -0.414400     7.704136 7.704136 4.783356
419.030365 58.223427     60.843750 -105.130859 187.817627     -0.956206 -0.292695 0.292695 -0.956206     20.183049 20.183049 6.023000
459.608551 153.235474     375.593750 160.703125 85.859375     -0.982770 -0.184833 0.184833 -0.982770     6.854896 6.854896 1.575871
293.076569 312.119629     27496.453125 6185.203125 11173.587891     -0.922844 -0.385173 0.385173 -0.922844     8.679382 8.679382 1.384374
193.957413 75.795372     36.123047 -10.783447 19.794464     -0.989164 -0.146817 0.146817 -0.989164     4.917287 4.917287 4.710799
488.720612 66.015800     43.808594 -2.137695 28.595428     -0.994760 -0.102238 0.102238 -0.994760     31.802081 31.802081 1.528734
488.720612 66.015800     1421.843750 535.414062 204.312500     -0.994760 -0.102238 0.102238 -0.994760     31.802081 31.802081 5.817672
135.818863 157.449127     269.375000 -678.734375 1713.890625     -0.413259 -0.910613 0.910613 -0.413259     4.245433 4.245433 1.604322
303.504364 117.536446     99.333984 23.773438 17.445312     -0.984210 -0.177005 0.177005 -0.984210     3.953458 3.953458 3.088090
303.504364 117.536446     61.625000 -106.679688 193.497070     -0.984210 -0.177005 0.177005 -0.984210     3.953458 3.953458 3.681130
513.885498 402.240448     399.093750 171.109375 92.390625     -0.938309 -0.345797 0.345797 -0.938309     3.969786 3.969786 1.568937
418.909088 58.196968     27673.843750 6217.144531 11696.984375     -0.959143 -0.282922 0.282922 -0.959143     20.695066 20.695066 6.034114
339.168823 67.151512     64.125000 -112.152344 207.204651     -0.149232 -0.988802 0.988802 -0.149232     9.555495 9.555495 2.808028
343.902222 41.071709     105.660156 24.867188 17.945312     -0.202023 -0.979381 0.979381 -0.202023     11.201653 11.201653 4.732206
240.915100 233.547165     151.699219 24.898438 16.750000     -0.457703 -0.889105 0.889105 -0.457703     25.599358 25.599358 0.473547
240.915100 233.547165     216.156250 85.589844 58.953125     -0.457703 -0.889105 0.889105 -0.457703     25.599358 25.599358 1.797010
277.854401 40.429596     211.738281 85.128906 59.968750     -0.971930 -0.235270 0.235270 -0.971930     21.366613 21.366613 5.514147
288.235291 310.705872     39.578125 -68.359375 140.929688     -0.919915 -0.392118 0.392118 -0.919915     9.815786 9.815786 1.383787
292.467834 71.474266     222.691406 90.820312 62.578125     -0.999992 0.003929 -0.003929 -0.999992     36.704372 36.704372 1.491642
185.231400 36.955921     101.843750 26.859375 13.363281     -0.321532 -0.946899 0.946899 -0.321532     19.031989 19.031989 4.781743
465.575012 152.530716     27.390625 -3.237305 65.807495     -0.990253 -0.139279 0.139279 -0.990253     24.381618 24.381618 1.593866
108.436951 129.486801     31.093750 1.542969 66.354736     -0.646634 -0.762800 0.762800 -0.646634     57.048109 57.048109 3.947406
293.227753 115.552795     41.640625 0.952148 74.734131     -0.984102 -0.177603 0.177603 -0.984102     4.410561 4.410561 3.585024
293.227753 115.552795     29.465736 5.965332 13.953125     -0.984102 -0.177603 0.177603 -0.984102     4.410561 4.410561 5.020268
509.246216 400.562317     46.062965 10.031250 16.015625     -0.938673 -0.344809 0.344809 -0.938673     4.092410 4.092410 1.569323
279.546631 90.348656     51.458275 11.745117 18.531250     -0.989135 -0.147013 0.147013 -0.989135     10.742085 10.742085 1.550813
298.388977 136.421387     67.066483 17.378906 26.968750     -0.876965 -0.480555 0.480555 -0.876965     27.102732 27.102732 1.862387
295.225677 68.549751     98.099976 27.776855 38.593750     -0.999953 0.009648 -0.009648 -0.999953     46.372610 46.372610 1.473693
216.799072 175.859116     117.228165 38.451172 54.031250     -0.974459 -0.224566 0.224566 -0.974459     14.174413 14.174413 4.638234
73.501869 24.977612     126.958694 43.678711 65.718750     -0.450010 -0.893023 0.893023 -0.450010     19.276867 19.276867 3.314709
73.501869 24.977612     164.342743 87.296387 179.062500     -0.450010 -0.893023 0.893023 -0.450010     19.276867 19.276867 4.859403
238.696106 228.007065     302.520691 161.240234 328.437500     -0.409551 -0.912287 0.912287 -0.409551     25.080510 25.080510 0.376529
238.696106 228.007065     329.799561 168.375977 362.734375     -0.409551 -0.912287 0.912287 -0.409551     25.080510 25.080510 1.690988
277.680847 40.802128     414.843750 201.750000 389.281250     -0.976023 -0.217667 0.217667 -0.976023     22.965418 22.965418 5.550789
286.087799 310.421844     635.205322 401.546875 968.828125     -0.932562 -0.361010 0.361010 -0.932562     12.435631 12.435631 1.362095
298.014008 134.768570     699.801880 456.402344 1184.609375     -0.882888 -0.469584 0.469584 -0.882888     32.720528 32.720528 2.076703
298.014008 134.768570     28.780769 -19.998047 37.156250     -0.882888 -0.469584 0.469584 -0.882888     32.720528 32.720528 5.401902
344.935699 138.957138     824.387695 580.033203 1592.093750     -0.764963 -0.644075 0.644075 -0.764963     25.363866 25.363866 2.252411
344.935699 138.957138     839.362183 576.410156 1963.609375     -0.764963 -0.644075 0.644075 -0.764963     25.363866 25.363866 5.406172
286.893311 91.796333     39.781250 -4.875000 31.328125     -0.989061 -0.147508 0.147508 -0.989061     11.688027 11.688027 1.574578
497.711517 396.221252     136.937500 4.843750 10.500000     -0.938382 -0.345600 0.345600 -0.938382     4.755984 4.755984 1.571366
607.629822 335.389435     53.140625 -35.671875 43.125000     0.377648 -0.925949 0.925949 0.377648     1.223616 1.223616 4.716154
267.461548 41.053455     22.562500 -30.382812 83.710938     -0.998884 -0.047232 0.047232 -0.998884     23.546614 23.546614 1.452108
267.461548 41.053455     85.022461 68.761719 60.171875     -0.998884 -0.047232 0.047232 -0.998884     23.546614 23.546614 5.513819
331.309692 273.487091     279.984375 -165.296875 1758.024902     -0.967918 -0.251266 0.251266 -0.967918     26.534736 26.534736 1.462389
218.652298 160.081299     35.390625 -27.031250 77.343750     -0.852960 -0.521977 0.521977 -0.852960     76.830137 76.830137 1.426943
218.652298 160.081299     88.590088 71.166016 62.328125     -0.852960 -0.521977 0.521977 -0.852960     76.830137 76.830137 2.437012
233.023071 229.092300     146.906250 -223.625000 361.539062     -0.553505 -0.832846 0.832846 -0.553505     62.958140 62.958140 2.312552
381.931030 32.320198     328.250000 -137.300781 1744.816406     -0.072788 -0.997347 0.997347 -0.072788     14.243764 14.243764 2.980224
381.931030 32.320198     199.843750 -424.777344 1020.019043     -0.072788 -0.997347 0.997347 -0.072788     14.243764 14.243764 4.553477
118.225945 145.262695     93.394775 74.482422 65.195312     -0.586434 -0.809997 0.809997 -0.586434     60.731211 60.731211 1.917146
281.013672 305.083466     300.187500 -531.886719 1210.859375     -0.770023 -0.638016 0.638016 -0.770023     30.396441 30.396441 2.321741
281.013672 305.083466     466.156250 -757.546875 1258.945312     -0.770023 -0.638016 0.638016 -0.770023     30.396441 30.396441 5.426654
563.550598 105.663528     139.156250 -191.109375 298.820312     -0.416062 -0.909336 0.909336 -0.416062     63.750875 63.750875 0.910924
563.550598 105.663528     19177.382812 -4664.851562 14380.535156     -0.416062 -0.909336 0.909336 -0.416062     63.750875 63.750875 3.925754
309.973022 137.263611     160.093750 -253.125000 425.023438     -0.950322 -0.311269 0.311269 -0.950322     43.467905 43.467905 2.276171
309.973022 137.263611     37.828125 -25.750000 78.585938     -0.950322 -0.311269 0.311269 -0.950322     43.467905 43.467905 4.051856
605.138977 341.444000     1915.453125 -363.640625 69.921875     0.379756 -0.925087 0.925087 0.379756     1.499436 1.499436 4.717344
208.605087 155.767517     21.921875 -31.382812 89.093750     -0.876635 -0.481156 0.481156 -0.876635     78.303132 78.303132 4.227265
423.607666 145.013870     224.875000 -420.269531 966.013916     -0.984445 -0.175692 0.175692 -0.984445     55.993334 55.993334 1.632053
546.445251 304.839417     126.921875 14.718750 191.006836     0.038877 -0.999244 0.999244 0.038877     2.158900 2.158900 1.517933
546.445251 304.839417     160.281250 -252.078125 421.757812     0.038877 -0.999244 0.999244 0.038877     2.158900 2.158900 4.788122
297.637543 93.766937     294.906250 -495.417969 1177.046631     -0.988838 -0.148992 0.148992 -0.988838     13.716367 13.716367 1.555114
553.322571 277.721771     144.898438 -18.226562 7.046875     0.047584 -0.998867 0.998867 0.047584     1.506043 1.506043 4.719813
119.038605 143.900192     21.796875 -31.968750 96.019531     -0.573591 -0.819142 0.819142 -0.573591     63.746107 63.746107 1.935053
73.223137 25.209917     492.531250 -441.593750 1109.979980     -0.453707 -0.891151 0.891151 -0.453707     19.995319 19.995319 3.323881
73.223137 25.209917     160.796875 -96.343750 109.875000     -0.453707 -0.891151 0.891151 -0.453707     19.995319 19.995319 4.849427
593.721497 29.739035     153.468750 18.554688 189.093750     0.022010 -0.999758 0.999758 0.022010     15.592752 15.592752 0.158199
382.180664 33.373951     24.390625 -35.820312 102.523438     -0.180561 -0.983564 0.983564 -0.180561     14.880318 14.880318 3.201871
382.180664 33.373951     142.164062 -21.226562 8.500000     -0.180561 -0.983564 0.983564 -0.180561     14.880318 14.880318 4.637286
482.549774 371.740265     8.531250 -9.792969 62.522461     -0.926838 -0.375462 0.375462 -0.926838     6.930881 6.930881 1.559570
497.096375 395.803070     119.343750 -11.421875 7.125000     -0.939966 -0.341269 0.341269 -0.939966     6.727066 6.727066 1.570380
572.469910 256.837341     47.546875 9.882812 24.820312     0.143819 -0.989604 0.989604 0.143819     15.906285 15.906285 2.570053
572.469910 256.837341     179.812500 -110.265625 128.847656     0.143819 -0.989604 0.989604 0.143819     15.906285 15.906285 5.792921
558.444458 272.271118     146.031250 -11.390625 8.375000     0.058909 -0.998263 0.998263 0.058909     2.604189 2.604189 4.693094
273.118256 247.277847     163.539062 -13.234375 24.851562     -0.924562 -0.381032 0.381032 -0.924562     63.142539 63.142539 4.433377
111.262932 121.715515     167.875000 -261.812500 436.515625     -0.418067 -0.908416 0.908416 -0.418067     4.724836 4.724836 4.703677
603.918579 344.328491     494.750000 -787.937500 1290.304688     0.380301 -0.924863 0.924863 0.380301     1.640195 1.640195 4.716638
420.647858 157.776260     241.468750 -32.390625 12.015625     -0.983369 -0.181618 0.181618 -0.983369     10.618201 10.618201 1.551696
382.448029 35.207886     12.031250 -8.111328 29.416992     -0.151247 -0.988496 0.988496 -0.151247     14.504203 14.504203 4.647086
485.931946 375.928162     432.031250 -589.265625 1003.554688     -0.919840 -0.392294 0.392294 -0.919840     13.224608 13.224608 1.535574
485.931946 375.928162     142.109375 -21.757812 8.781250     -0.919840 -0.392294 0.392294 -0.919840     13.224608 13.224608 5.812825
369.321411 142.811630     14.515625 -8.503906 29.272949     -0.988773 -0.149426 0.149426 -0.988773     77.106144 77.106144 1.599180
546.515137 303.024231     74.577614 -13.004044 9.220884     0.038944 -0.999241 0.999241 0.038944     2.565078 2.565078 1.527676
546.515137 303.024231     345.781250 -82.390625 38.437500     0.038944 -0.999241 0.999241 0.038944     2.565078 2.565078 4.795504
552.640259 292.045746     33.625000 7.992188 31.060547     0.048056 -0.998845 0.998845 0.048056     1.512925 1.512925 1.573004
552.640259 292.045746     128.437500 27.062500 28.197266     0.048056 -0.998845 0.998845 0.048056     1.512925 1.512925 4.721680
561.691467 295.680847     347.531250 -83.218750 39.515625     0.068070 -0.997681 0.997681 0.068070     1.157603 1.157603 1.581988
557.357361 291.090912     37.921875 0.376953 21.750732     0.058270 -0.998301 0.998301 0.058270     2.576452 2.576452 1.589173
557.357361 291.090912     51.812500 -9.992188 30.203125     0.058270 -0.998301 0.998301 0.058270     2.576452 2.576452 4.702910
169.117706 151.081284     18.750000 -11.808594 33.604492     -0.856596 -0.515988 0.515988 -0.856596     140.008643 140.008643 4.049806
571.423279 275.661377     10.312500 -10.566406 67.736328     0.110160 -0.993914 0.993914 0.110160     16.987798 16.987798 2.623531
571.423279 275.661377     39.343750 -0.455078 24.516357     0.110160 -0.993914 0.993914 0.110160     16.987798 16.987798 5.903802
419.612549 162.857010     364.312500 -82.187500 39.312500     -0.994909 -0.100775 0.100775 -0.994909     32.665172 32.665172 3.489285
271.387970 246.764771     26.375000 -20.195312 42.062988     -0.926599 -0.376052 0.376052 -0.926599     63.170816 63.170816 4.441943
481.278870 374.736633     103.921875 -16.140625 14.890625     -0.929649 -0.368447 0.368447 -0.929649     14.126141 14.126141 1.529391
481.278870 374.736633     60.945312 -14.455078 33.104614     -0.929649 -0.368447 0.368447 -0.929649     14.126141 14.126141 6.039753
111.562500 122.341911     31.684448 13.537598 18.127197     -0.421875 -0.906654 0.906654 -0.421875     5.246120 5.246120 4.688039
166.931702 270.741455     41.163330 16.990601 22.631348     -0.927899 -0.372832 0.372832 -0.927899     3.239478 3.239478 4.706663
169.444305 150.413574     141.359375 -25.148438 9.796875     -0.854772 -0.519003 0.519003 -0.854772     141.429753 141.429753 4.029064
383.000000 37.411266     38.885742 17.742554 25.096283     -0.179295 -0.983795 0.983795 -0.179295     15.241792 15.241792 4.667242
367.900879 142.389877     56.917603 10.239868 27.953125     -0.989354 -0.145532 0.145532 -0.989354     80.850718 80.850718 1.596080
280.493774 304.823395     79.802010 -20.547197 18.613827     -0.761262 -0.648445 0.648445 -0.761262     32.155130 32.155130 2.315242
280.493774 304.823395     114.593750 -21.953125 29.054688     -0.761262 -0.648445 0.648445 -0.761262     32.155130 32.155130 5.422798
546.988647 287.924988     12.562500 -12.644531 72.242676     0.036862 -0.999320 0.999320 0.036862     3.473006 3.473006 1.545380
223.073471 43.204082     57.340210 10.246704 33.073486     -0.835211 -0.549930 0.549930 -0.835211     31.699826 31.699826 5.426948
565.424194 286.642487     451.156250 -82.390625 38.218750     0.099552 -0.995032 0.995032 0.099552     27.915621 27.915621 1.623352
565.424194 286.642487     85.437500 -0.908203 45.919434     0.099552 -0.995032 0.995032 0.099552     27.915621 27.915621 6.227775
417.498779 164.495132     437.703125 -86.109375 18.937500     -0.998864 -0.047650 0.047650 -0.998864     33.916332 33.916332 3.662643
484.857147 179.710205     40.625000 -42.359375 75.548340     -0.994931 -0.100564 0.100564 -0.994931     10.596778 10.596778 4.105117
288.417328 322.899200     93.671875 -3.773438 52.154419     -0.933414 -0.358801 0.358801 -0.933414     6.856312 6.856312 4.467306
276.763702 245.906555     489.937500 -83.687500 38.156250     -0.942482 -0.334256 0.334256 -0.942482     77.809844 77.809844 4.392399
314.176971 143.322723     44.953125 -48.816406 86.548828     -0.995788 -0.091683 0.091683 -0.995788     132.919403 132.919403 1.615784
314.176971 143.322723     105.757812 -7.087891 58.063843     -0.995788 -0.091683 0.091683 -0.995788     132.919403 132.919403 4.503956
48.327934 133.765182     127.156250 -30.234375 30.585938     -0.477952 -0.878386 0.878386 -0.477952     3.878766 3.878766 2.849408
562.922546 287.875549     168.109375 -39.448242 74.317017     0.092329 -0.995729 0.995729 0.092329     33.968167 33.968167 1.616331
562.922546 287.875549     35.375000 9.968750 46.109375     0.092329 -0.995729 0.995729 0.092329     33.968167 33.968167 6.282209
168.449783 271.493439     48.796875 -58.105469 105.542480     -0.925437 -0.378901 0.378901 -0.925437     4.791149 4.791149 4.707451
383.621552 38.183487     10.789062 10.722656 47.363647     -0.074807 -0.997198 0.997198 -0.074807     18.003394 18.003394 2.922824
383.621552 38.183487     58.312500 38.376953 36.359070     -0.074807 -0.997198 0.997198 -0.074807     18.003394 18.003394 4.622325
581.729553 202.261002     15.585938 5.625000 47.773071     0.337656 -0.941270 0.941270 0.337656     19.454059 19.454059 5.531706
527.565857 196.242508     58.437500 38.941406 40.070068     0.031516 -0.999503 0.999503 0.031516     27.141350 27.141350 6.313203
125.312981 152.085876     60.750000 43.171875 53.369629     -0.422388 -0.906415 0.906415 -0.422388     5.233292 5.233292 1.600283
283.215332 312.322662     17.093750 -18.259766 46.110001     -0.863087 -0.505055 0.505055 -0.863087     42.442207 42.442207 2.622371
435.637970 169.750168     25.453125 -6.917480 25.507133     -0.975522 -0.219903 0.219903 -0.975522     36.662400 36.662400 1.569376
36.133663 68.866333     111.500000 86.402344 121.844879     -0.983041 -0.183387 0.183387 -0.983041     9.908836 9.908836 6.191133
616.163574 286.084106     67.062500 -23.093750 119.531250     0.337558 -0.941305 0.941305 0.337558     5.984812 5.984812 5.008057
52.214764 140.832214     86.652344 0.402344 28.679688     -0.478843 -0.877901 0.877901 -0.478843     3.859126 3.859126 2.829030
546.942627 288.867371     161.095703 114.031250 115.632812     0.040278 -0.999189 0.999189 0.040278     5.159224 5.159224 1.540858
378.494354 339.282471     35.953125 -3.164062 14.468750     -0.676637 -0.736316 0.736316 -0.676637     53.423390 53.423390 2.437734
162.213974 126.524017     266.828125 -61.500000 42.015625     -0.557317 -0.830300 0.830300 -0.557317     17.710901 17.710901 3.226223
162.213974 126.524017     221.439453 147.976562 142.039062     -0.557317 -0.830300 0.830300 -0.557317     17.710901 17.710901 3.668732
93.489365 22.720745     70.007812 37.750000 40.156250     -0.588413 -0.808561 0.808561 -0.588413     22.260967 22.260967 0.564561
44.793751 69.925003     131.890625 23.234375 54.851562     -0.987899 -0.155096 0.155096 -0.987899     9.942298 9.942298 6.407716
563.123535 293.767548     153.390625 46.281250 71.937500     0.076220 -0.997091 0.997091 0.076220     34.918736 34.918736 1.644351
563.123535 293.767548     45.117188 21.976562 48.609375     0.076220 -0.997091 0.997091 0.076220     34.918736 34.918736 6.425228
473.333344 371.885223     33.656250 -28.093750 47.039062     -0.936474 -0.350737 0.350737 -0.936474     14.437568 14.437568 1.543188
307.297180 161.665100     135.140625 -40.359375 20.500000     -0.261256 -0.965270 0.965270 -0.261256     15.895005 15.895005 5.112864
307.297180 161.665100     33.687500 -30.953125 53.765625     -0.261256 -0.965270 0.965270 -0.261256     15.895005 15.895005 5.479143
614.026733 290.893188     3.744141 19.105469 228.765625     0.342445 -0.939538 0.939538 0.342445     8.575818 8.575818 5.073424
59.809525 133.234131     50.960449 -3.857422 10.125000     -0.413976 -0.910288 0.910288 -0.413976     13.595722 13.595722 2.523801
59.809525 133.234131     218.937500 -294.750000 1696.578125     -0.413976 -0.910288 0.910288 -0.413976     13.595722 13.595722 5.808948
389.549683 341.448822     4.656250 -9.398438 271.898438     -0.969442 -0.245321 0.245321 -0.969442     121.678753 121.678753 1.576778
300.577789 160.381485     2414.906250 954.476562 859.767578     -0.606869 -0.794802 0.794802 -0.606869     26.730073 26.730073 1.910108
300.577789 160.381485     20.983692 -28.724171 91.855988     -0.606869 -0.794802 0.794802 -0.606869     26.730073 26.730073 5.589747
166.692307 128.452209     37.937500 -269.343750 2030.818359     -0.775176 -0.631746 0.631746 -0.775176     20.892200 20.892200 3.873625
187.520660 145.219009     22.091484 -22.819653 95.597473     -0.387694 -0.921788 0.921788 -0.387694     23.713862 23.713862 0.483652
187.520660 145.219009     166.846313 -345.686829 719.743042     -0.387694 -0.921788 0.921788 -0.387694     23.713862 23.713862 1.991103
604.372009 392.231873     105.160156 -383.867188 1404.992188     0.368850 -0.929489 0.929489 0.368850     1.334157 1.334157 1.576594
604.372009 392.231873     2346.281250 934.892578 832.955322     0.368850 -0.929489 0.929489 0.368850     1.334157 1.334157 4.720492
152.250000 141.657410     13.781250 0.187500 38.984375     -0.653992 -0.756501 0.756501 -0.653992     9.275435 9.275435 2.200610
152.250000 141.657410     24.042969 2.632812 21.500000     -0.653992 -0.756501 0.756501 -0.653992     9.275435 9.275435 5.005852
606.611511 307.511292     176.542236 -457.131836 1186.515625     0.374313 -0.927302 0.927302 0.374313     13.206848 13.206848 1.998845
606.611511 307.511292     23.125000 0.398438 16.457031     0.374313 -0.927302 0.927302 0.374313     13.206848 13.206848 5.069319
498.456726 408.780762     18.160645 -8.300903 28.267090     -0.935702 -0.352792 0.352792 -0.935702     8.781568 8.781568 1.578565
472.292999 371.363800     170.083923 -351.862305 732.666382     -0.936326 -0.351132 0.351132 -0.936326     15.176080 15.176080 1.539525
472.292999 371.363800     29.353638 2.653076 21.595703     -0.936326 -0.351132 0.351132 -0.936326     15.176080 15.176080 6.224566
313.221191 344.535828     27.694546 -27.624268 103.739029     -0.932836 -0.360300 0.360300 -0.932836     6.371397 6.371397 3.298567
605.722656 366.297333     4635.429688 601.536133 2345.915527     0.366617 -0.930372 0.930372 0.366617     7.180112 7.180112 1.591932
605.722656 366.297333     172.405273 -360.855286 764.113892     0.366617 -0.930372 0.930372 0.366617     7.180112 7.180112 4.716007
305.511230 167.449432     18.753174 -8.817261 30.172363     -0.732092 -0.681206 0.681206 -0.732092     32.701727 32.701727 1.034574
63.400291 140.087982     24.945312 2.671875 23.218750     -0.422704 -0.906268 0.906268 -0.422704     15.245226 15.245226 2.528618
495.770630 407.755615     65.250000 31.556641 59.801651     -0.935966 -0.352090 0.352090 -0.935966     9.533873 9.533873 1.578852
153.564560 140.927933     29.641968 0.990723 23.380859     -0.638086 -0.769965 0.769965 -0.638086     15.580549 15.580549 0.149984
153.564560 140.927933     141.724884 -90.517914 453.870178     -0.638086 -0.769965 0.769965 -0.638086     15.580549 15.580549 0.862645
548.742065 452.826630     19.565063 -9.486938 32.441650     -0.928991 -0.370103 0.370103 -0.928991     17.500388 17.500388 3.215852
64.269943 141.888290     128.601196 -112.888275 492.079041     -0.423183 -0.906044 0.906044 -0.423183     15.325566 15.325566 2.504544
266.340515 162.560349     31.499573 0.648071 26.833496     -0.289221 -0.957262 0.957262 -0.289221     16.257981 16.257981 2.272293
266.340515 162.560349     21.916870 -10.745728 34.223877     -0.289221 -0.957262 0.957262 -0.289221     16.257981 16.257981 5.539999
604.914734 390.759705     16.031250 1.250000 42.531250     0.367758 -0.929921 0.929921 0.367758     0.791587 0.791587 1.574847
604.914734 390.759705     26.140625 2.054688 23.187500     0.367758 -0.929921 0.929921 0.367758     0.791587 0.791587 4.714768
303.699524 170.378601     76.996048 -197.677734 516.871094     -0.721426 -0.692492 0.692492 -0.721426     45.842334 45.842334 1.044692
303.699524 170.378601     51.156250 -16.843750 20.062500     -0.721426 -0.692492 0.692492 -0.721426     45.842334 45.842334 2.493639
605.507385 366.808868     29.207031 0.406250 23.828125     0.368154 -0.929765 0.929765 0.368154     7.645564 7.645564 1.583686
605.507385 366.808868     97.875000 -34.187500 40.359375     0.368154 -0.929765 0.929765 0.368154     7.645564 7.645564 4.711869
548.511292 452.692444     20.636719 -68.820312 250.007812     -0.926070 -0.377352 0.377352 -0.926070     17.452650 17.452650 3.184067
606.868774 305.047272     30.738281 0.164062 25.484375     0.312673 -0.949861 0.949861 0.312673     17.811044 17.811044 2.141376
606.868774 305.047272     411.687500 -61.375000 73.515625     0.312673 -0.949861 0.949861 0.312673     17.811044 17.811044 3.868141
298.265320 170.525040     41.714844 -145.027344 529.468750     -0.878349 -0.478019 0.478019 -0.878349     53.201430 53.201430 1.145409
298.265320 170.525040     333.531250 -92.625000 135.390625     -0.878349 -0.478019 0.478019 -0.878349     53.201430 53.201430 3.713479
301.947815 340.004120     296.875000 -123.437500 323.734375     -0.931527 -0.363671 0.363671 -0.931527     6.834196 6.834196 1.607651
602.352356 397.212708     42.097656 -144.562500 514.171875     0.367479 -0.930032 0.930032 0.367479     1.471185 1.471185 1.575296
602.352356 397.212708     42.597656 -145.304688 517.765625     0.367479 -0.930032 0.930032 0.367479     1.471185 1.471185 4.718003
72.377823 156.964279     31.093750 -12.957031 14.753906     -0.449748 -0.893156 0.893156 -0.449748     16.376049 16.376049 1.629964
73.516945 158.458633     356.171875 -243.625000 302.203125     -0.461501 -0.887140 0.887140 -0.461501     18.590302 18.590302 1.626333
635.474670 159.216583     20.142578 14.867188 41.492188     0.109896 -0.993943 0.993943 0.109896     3.594265 3.594265 5.105018
547.977966 452.399994     17.759766 8.884766 27.078125     -0.926459 -0.376397 0.376397 -0.926459     17.063848 17.063848 3.192783
608.533569 298.436829     23.054688 15.675781 43.156250     0.288694 -0.957422 0.957422 0.288694     19.198131 19.198131 2.169388
608.533569 298.436829     37.452148 25.101562 49.398438     0.288694 -0.957422 0.957422 0.288694     19.198131 19.198131 4.008666
299.019043 338.712219     59.975586 48.156250 71.664062     -0.931109 -0.364742 0.364742 -0.931109     7.371083 7.371083 1.611628
612.756775 277.135132     95.695312 -10.046875 28.398438     0.229616 -0.973281 0.973281 0.229616     23.581859 23.581859 2.284401
612.756775 277.135132     65.364258 50.648438 73.835938     0.229616 -0.973281 0.973281 0.229616     23.581859 23.581859 4.226284
602.278992 397.278992     92.960938 -10.421875 29.257812     0.367730 -0.929932 0.929932 0.367730     1.988570 1.988570 1.575707
602.278992 397.278992     89.820312 -9.359375 30.265625     0.367730 -0.929932 0.929932 0.367730     1.988570 1.988570 4.718635
548.849365 437.041840     88.718750 1.273438 43.718750     -0.933495 -0.358590 0.358590 -0.933495     5.213495 5.213495 1.576281
542.548157 449.909637     30.636719 7.917969 21.968750     -0.916500 -0.400035 0.400035 -0.916500     16.479076 16.479076 1.589787
614.133728 272.171600     52.316406 19.382812 43.750000     0.228938 -0.973441 0.973441 0.228938     25.695062 25.695062 2.322652
614.133728 272.171600     52.792969 19.171875 44.156250     0.228938 -0.973441 0.973441 0.228938     25.695062 25.695062 4.211397
626.093384 29.175097     304.562500 -119.937500 48.343750     0.491458 -0.870902 0.870902 0.491458     5.543336 5.543336 4.858862
540.914795 449.008636     433.437500 -150.343750 113.312500     -0.913664 -0.406471 0.406471 -0.913664     17.055986 17.055986 1.588335
333.946381 359.242889     25.343750 -50.859375 260.671875     -0.935654 -0.352919 0.352919 -0.935654     6.913098 6.913098 1.617168
602.175964 397.289520     55.789062 -6.667969 72.302734     0.368292 -0.929710 0.929710 0.368292     3.194081 3.194081 1.577048
602.175964 397.289520     162.820312 -55.468750 38.089844     0.368292 -0.929710 0.929710 0.368292     3.194081 3.194081 4.707631
139.575394 283.067474     23.109375 31.351562 70.125000     -0.965607 -0.260005 0.260005 -0.965607     14.954599 14.954599 3.688058
625.979919 29.561872     9.250000 -1.328125 42.359375     0.486952 -0.873429 0.873429 0.486952     6.597141 6.597141 4.869505
540.091003 448.441284     102.906250 -247.156250 610.320312     -0.913074 -0.407794 0.407794 -0.913074     17.983286 17.983286 1.586113
625.635803 30.388060     45.046875 -67.421875 139.474609     0.480736 -0.876865 0.876865 0.480736     7.309080 7.309080 3.449931
625.635803 30.388060     6857.421875 2900.740234 1656.320801     0.480736 -0.876865 0.876865 0.480736     7.309080 7.309080 4.882911
139.352737 282.691772     17.325684 -0.666016 27.468750     -0.966927 -0.255051 0.255051 -0.966927     15.184394 15.184394 3.690813
142.186966 282.665710     25.421875 -13.449219 32.955078     -0.984420 -0.175833 0.175833 -0.984420     15.783869 15.783869 3.913279
136.978180 278.456360     16.937500 -1.003906 745.060547     -0.915532 -0.402245 0.402245 -0.915532     20.792104 20.792104 3.065045
136.522018 278.071777     44.281250 -117.242188 372.308594     -0.912528 -0.409014 0.409014 -0.912528     21.016576 21.016576 3.040871
449.956512 294.513031     48.765625 -2.210938 59.429688     0.449708 -0.893176 0.893176 0.449708     10.221650 10.221650 1.409613
449.956512 294.513031     43.556641 73.695312 289.937500     0.449708 -0.893176 0.893176 0.449708     10.221650 10.221650 5.227660
136.071732 277.592529     47.687500 8.433594 35.777344     -0.911388 -0.411549 0.411549 -0.911388     20.898146 20.898146 3.025621
312.891388 252.497742     41.234375 -7.566406 13.914062     -0.963015 -0.269449 0.269449 -0.963015     10.882268 10.882268 1.208266
483.487396 32.252102     57.207031 -18.265625 243.974609     0.083386 -0.996517 0.996517 0.083386     23.434475 23.434475 4.616617
482.645172 32.113979     26.119141 39.921875 91.906250     -0.043633 -0.999048 0.999048 -0.043633     25.065590 25.065590 4.701379
482.535431 32.110378     68.343750 17.195312 55.281250     -0.028736 -0.999587 0.999587 -0.028736     29.028751 29.028751 4.693349
272.142853 450.950745     9.210938 -14.840820 77.405029     0.561942 -0.827177 0.827177 0.561942     15.299972 15.299972 4.366234
