1.0
461
162.982056 43.219730     2.031250 -33.546875 732.117920     0.045804 -0.998950 0.998950 0.045804     3.159756 3.159756 1.571625
162.745316 47.775280     2.378906 -39.487793 865.732422     0.045595 -0.998960 0.998960 0.045595     3.417004 3.417004 1.569671
162.511047 53.331230     2.765625 -49.172852 1135.773438     0.043278 -0.999063 0.999063 0.043278     3.587362 3.587362 1.569540
162.277466 58.972527     3.361328 -60.801758 1383.054688     0.043941 -0.999034 0.999034 0.043941     3.729946 3.729946 1.569696
162.155945 62.938118     3.664062 -68.149414 1590.647217     0.042825 -0.999083 0.999083 0.042825     3.878667 3.878667 1.566770
161.921219 67.612694     4.246094 -79.308594 1841.260742     0.043052 -0.999073 0.999073 0.043052     4.095984 4.095984 1.567057
161.750000 72.041336     4.652344 -88.708008 2095.819336     0.042306 -0.999105 0.999105 0.042306     4.259738 4.259738 1.566793
161.525345 77.643578     5.244141 -101.195312 2445.706543     0.041359 -0.999144 0.999144 0.041359     4.622539 4.622539 1.565268
161.206802 86.257141     6.326172 -123.526367 3016.316895     0.040936 -0.999162 0.999162 0.040936     5.061867 5.061867 1.565627
127.882019 306.889038     33.234375 -10.847656 263.531250     0.046947 -0.998897 0.998897 0.046947     25.742418 25.742418 3.045590
125.508850 419.800873     26.293945 -3.117188 22.046875     -0.884027 0.467436 -0.467436 -0.884027     20.324183 20.324183 5.185168
126.486115 392.465271     26.874023 -13.328125 104.468750     0.164697 -0.986344 0.986344 0.164697     22.341281 22.341281 2.864845
161.043854 90.795372     6.884766 -136.103516 3380.053711     0.040251 -0.999190 0.999190 0.040251     5.328379 5.328379 1.569503
126.057579 275.550415     72.465820 -166.011719 3658.070312     0.046151 -0.998934 0.998934 0.046151     36.223174 36.223174 2.958594
126.057579 275.550415     23.062500 3.132812 82.689453     0.046151 -0.998934 0.998934 0.046151     36.223174 36.223174 4.712729
132.813553 131.081924     113.971680 -250.523438 7792.976562     -0.052324 -0.998630 0.998630 -0.052324     21.533501 21.533501 3.260363
123.245430 287.539032     8.582031 -4.067383 156.713379     0.032573 -0.999469 0.999469 0.032573     46.288175 46.288175 1.547419
123.245430 287.539032     28.749512 0.578125 35.375000     0.032573 -0.999469 0.999469 0.032573     46.288175 46.288175 4.725035
215.463806 62.989277     167.095703 -185.086914 2122.436035     0.027427 -0.999624 0.999624 0.027427     13.096804 13.096804 1.625832
81.183517 377.146057     522.957031 -555.345703 9994.296875     -0.086280 -0.996271 0.996271 -0.086280     24.107338 24.107338 0.765039
81.183517 377.146057     162.480469 -187.118164 2386.104980     -0.086280 -0.996271 0.996271 -0.086280     24.107338 24.107338 1.566252
177.295273 67.023071     783.744141 -761.251953 10576.578125     0.093414 -0.995627 0.995627 0.093414     55.063919 55.063919 1.603726
109.513313 290.437408     117.541931 -44.199219 332.105469     0.058335 -0.998297 0.998297 0.058335     99.663154 99.663154 1.520645
109.513313 290.437408     34.527344 -15.033203 607.584961     0.058335 -0.998297 0.998297 0.058335     99.663154 99.663154 4.729466
177.365356 76.422905     40.879822 -6.383301 27.500000     0.083272 -0.996527 0.996527 0.083272     54.530719 54.530719 1.602420
217.586288 81.978722     155.355469 -143.568359 3337.032227     0.026206 -0.999657 0.999657 0.026206     26.290648 26.290648 1.656173
177.632812 85.875740     86.570312 -48.904297 1192.488281     0.061548 -0.998104 0.998104 0.061548     54.757014 54.757014 1.609045
141.456985 22.970430     91.261719 -51.835938 1647.474609     -0.031516 -0.999503 0.999503 -0.031516     22.761209 22.761209 1.584304
220.378754 95.369423     158.283203 -186.767578 4381.585938     0.060799 -0.998150 0.998150 0.060799     40.243780 40.243780 3.098995
177.556274 98.013763     1672.102539 -505.355469 16856.855469     0.044986 -0.998988 0.998988 0.044986     54.909276 54.909276 1.610904
220.619522 102.172668     156.744141 -225.773438 6345.710938     0.044091 -0.999027 0.999027 0.044091     41.344189 41.344189 3.165974
220.628387 113.696976     98.273438 -88.328125 2990.601562     0.033254 -0.999447 0.999447 0.033254     42.580803 42.580803 3.198930
177.208466 113.967598     29.492188 -204.281250 1786.343750     0.044094 -0.999027 0.999027 0.044094     55.120840 55.120840 1.615092
220.286865 124.264648     4.406250 -36.765625 453.984375     0.034419 -0.999407 0.999407 0.034419     43.228993 43.228993 3.233243
340.817505 394.536133     107.722656 -199.755859 4512.021484     0.099334 -0.995054 0.995054 0.099334     6.083251 6.083251 5.893896
176.516037 138.082016     180.130859 -362.462891 8307.685547     0.036407 -0.999337 0.999337 0.036407     54.840741 54.840741 1.602505
219.906281 138.703568     1758.901855 -341.300781 18777.070312     0.030496 -0.999535 0.999535 0.030496     43.993920 43.993920 3.253814
341.684937 394.309601     36.195312 -201.437500 1778.218750     0.113998 -0.993481 0.993481 0.113998     11.070134 11.070134 5.823196
341.426758 404.356689     18.625000 -30.703125 101.804688     0.096395 -0.995343 0.995343 0.096395     12.672122 12.672122 6.125034
557.475220 396.187988     31.781250 10.718750 55.796875     0.099852 -0.995002 0.995002 0.099852     5.308193 5.308193 4.706336
566.538757 296.440826     30.218750 -17.546875 34.125000     0.080972 -0.996716 0.996716 0.080972     5.361371 5.361371 1.541344
566.538757 296.440826     3015.791504 -1529.486328 18111.933594     0.080972 -0.996716 0.996716 0.080972     5.361371 5.361371 2.330859
220.360580 145.250092     237.593750 -269.312500 1972.804688     0.045216 -0.998977 0.998977 0.045216     44.702317 44.702317 1.606934
220.360580 145.250092     38.671875 -177.375000 1638.734375     0.045216 -0.998977 0.998977 0.045216     44.702317 44.702317 3.167532
176.907135 149.603287     132.656250 -336.888672 5353.000000     0.044464 -0.999011 0.999011 0.044464     57.627802 57.627802 1.616060
342.888702 400.383728     212.539062 -617.613281 7725.730469     0.113392 -0.993550 0.993550 0.113392     16.352807 16.352807 1.589725
342.888702 400.383728     15.421875 1.359375 23.976562     0.113392 -0.993550 0.993550 0.113392     16.352807 16.352807 5.939574
520.242126 359.156952     175.531250 22.176758 15.569893     0.312634 -0.949874 0.949874 0.312634     13.134768 13.134768 5.478946
518.535217 445.769958     36.312500 6.820312 42.753906     0.666849 -0.745193 0.745193 0.666849     17.145316 17.145316 1.553419
518.535217 445.769958     533.906250 -619.015625 6749.515625     0.666849 -0.745193 0.745193 0.666849     17.145316 17.145316 4.705555
546.963989 361.837769     652.500000 -406.468750 8962.890625     0.149922 -0.988698 0.988698 0.149922     63.121437 63.121437 4.673650
343.683868 402.700134     21.234375 1.148438 23.632812     0.108874 -0.994056 0.994056 0.108874     19.741020 19.741020 6.027440
220.803467 148.775757     760.375000 60.540771 19.088085     0.064135 -0.997941 0.997941 0.064135     47.411581 47.411581 1.613563
343.966187 405.002319     325.796875 -942.867188 9863.021484     0.108457 -0.994101 0.994101 0.108457     21.040932 21.040932 6.070600
346.015350 394.736755     81.656250 10.223633 21.992569     0.113921 -0.993490 0.993490 0.113921     21.330253 21.330253 6.004506
222.386353 163.359421     777.000000 -413.250000 10245.953125     0.081385 -0.996683 0.996683 0.081385     57.294630 57.294630 1.591998
326.429993 315.355011     47.390625 -178.609375 1780.234375     -0.153250 -0.988187 0.988187 -0.153250     17.550611 17.550611 1.836243
326.429993 315.355011     3491.976562 -1423.601562 18891.882812     -0.153250 -0.988187 0.988187 -0.153250     17.550611 17.550611 4.902120
196.120697 239.642242     26.195312 0.617188 23.234375     0.034626 -0.999400 0.999400 0.034626     4.186610 4.186610 2.941246
196.120697 239.642242     1010.781250 -327.468750 11436.632812     0.034626 -0.999400 0.999400 0.034626     4.186610 4.186610 5.848869
553.257385 174.531647     1684.359375 196.343750 52.893028     -0.535254 -0.844691 0.844691 -0.535254     25.452139 25.452139 1.139473
553.257385 174.531647     442.835938 -1237.617188 11703.003906     -0.535254 -0.844691 0.844691 -0.535254     25.452139 25.452139 1.567511
579.861633 109.019760     21.203125 -0.445312 34.937500     0.077250 -0.997012 0.997012 0.077250     6.932752 6.932752 2.711851
579.861633 109.019760     1814.703125 186.458496 55.698730     0.077250 -0.997012 0.997012 0.077250     6.932752 6.932752 6.264584
604.472107 314.077240     1298.750000 -74.750000 14284.335938     0.208227 -0.978081 0.978081 0.208227     16.937573 16.937573 1.610232
604.472107 314.077240     53.148438 -184.437500 1808.656250     0.208227 -0.978081 0.978081 0.208227     16.937573 16.937573 2.132187
326.665283 315.230133     7.140625 -5.507812 46.277344     -0.372671 -0.927964 0.927964 -0.372671     20.509913 20.509913 2.160313
326.665283 315.230133     29.632812 -2.937500 40.421875     -0.372671 -0.927964 0.927964 -0.372671     20.509913 20.509913 5.297063
223.895065 174.228851     108.390625 6.625000 22.390625     0.097448 -0.995241 0.995241 0.097448     68.759791 68.759791 1.594817
346.677948 400.498810     4.859375 -3.093750 74.484375     0.101474 -0.994838 0.994838 0.101474     24.305150 24.305150 1.610271
346.677948 400.498810     11.500000 -43.679688 570.539062     0.101474 -0.994838 0.994838 0.101474     24.305150 24.305150 6.145949
326.396301 315.244446     7.046875 -3.101562 105.161133     -0.980562 -0.196208 0.196208 -0.980562     21.633198 21.633198 1.384812
326.396301 315.244446     6.968750 -4.531250 168.453125     -0.980562 -0.196208 0.196208 -0.980562     21.633198 21.633198 2.966382
225.199142 183.097229     39.343750 -1.070312 42.609375     0.107979 -0.994153 0.994153 0.107979     79.027589 79.027589 1.583698
539.322327 55.548210     7.984375 -12.593750 149.437500     -0.998873 0.047473 -0.047473 -0.998873     35.209807 35.209807 1.606245
357.088684 289.389160     86.578125 -33.945312 818.699219     0.032372 -0.999476 0.999476 0.032372     20.714034 20.714034 1.607995
347.343872 400.467285     70.406250 -5.062500 17.753906     0.103371 -0.994643 0.994643 0.103371     26.231690 26.231690 1.613776
347.343872 400.467285     121.398438 7.171875 22.406250     0.103371 -0.994643 0.994643 0.103371     26.231690 26.231690 6.139308
326.388885 315.235291     8.875000 -11.937500 483.359375     -0.984991 -0.172605 0.172605 -0.984991     21.620522 21.620522 1.437557
326.388885 315.235291     93.375000 -24.187500 1882.402344     -0.984991 -0.172605 0.172605 -0.984991     21.620522 21.620522 2.954934
421.246094 248.996094     9.609375 -13.953125 165.046875     0.117811 -0.993036 0.993036 0.117811     10.682281 10.682281 2.940724
424.223297 201.305832     28.671875 -200.140625 2700.984375     0.136754 -0.990605 0.990605 0.136754     11.366637 11.366637 2.971952
357.558716 290.174103     74.835938 -168.640625 1827.921875     0.246743 -0.969081 0.969081 0.246743     24.185095 24.185095 1.419256
227.614594 194.436447     41.710938 -4.406250 45.398438     0.124109 -0.992269 0.992269 0.124109     97.242373 97.242373 1.596785
333.943054 315.722412     9.484375 -1.953125 107.781250     -0.997080 -0.076359 0.076359 -0.997080     21.050797 21.050797 4.700061
358.607788 290.166077     9.632812 -14.500000 78.894531     0.340151 -0.940371 0.940371 0.340151     26.999054 26.999054 1.273738
420.866669 464.591125     11.640625 -20.343750 638.828125     0.044304 -0.999018 0.999018 0.044304     9.778756 9.778756 6.351701
437.089874 242.477219     147.664062 6.789062 22.296875     0.077429 -0.996998 0.996998 0.077429     12.813340 12.813340 6.190433
348.104187 401.923828     95.968750 -37.414062 3169.460938     0.099992 -0.994988 0.994988 0.099992     28.883840 28.883840 1.616258
348.104187 401.923828     162.031250 -11.781250 179.765625     0.099992 -0.994988 0.994988 0.099992     28.883840 28.883840 6.176123
421.632385 461.476624     9.843750 -6.511719 106.354492     0.042032 -0.999116 0.999116 0.042032     11.324219 11.324219 6.381882
416.680115 229.599396     24.703125 -2.765625 23.324219     0.085552 -0.996334 0.996334 0.085552     35.167847 35.167847 1.556892
416.680115 229.599396     4.093750 -39.710938 668.142578     0.085552 -0.996334 0.996334 0.085552     35.167847 35.167847 3.103392
362.795135 125.419510     10.210938 -15.777344 94.246094     0.031564 -0.999502 0.999502 0.031564     11.862368 11.862368 1.591418
421.962952 458.059265     30.421875 -2.765625 30.308594     0.028027 -0.999607 0.999607 0.028027     11.770492 11.770492 0.190509
415.291107 229.588974     57.734375 -5.648438 45.546875     0.062055 -0.998073 0.998073 0.062055     39.335319 39.335319 1.551542
415.291107 229.588974     171.015625 -88.656250 655.328125     0.062055 -0.998073 0.998073 0.062055     39.335319 39.335319 3.178256
349.002899 401.048187     113.750000 -135.546875 3598.902344     0.107727 -0.994180 0.994180 0.107727     31.103867 31.103867 1.602227
349.002899 401.048187     13.609375 -29.921875 695.765625     0.107727 -0.994180 0.994180 0.107727     31.103867 31.103867 6.125740
359.089752 290.141022     74.554688 -10.730469 68.861328     0.286064 -0.958210 0.958210 0.286064     28.111215 28.111215 1.382048
407.607147 459.140320     44.421875 -12.691406 29.323242     0.087994 -0.996121 0.996121 0.087994     11.796428 11.796428 2.988386
414.112152 403.981323     96.851562 -191.093750 1933.156250     0.068831 -0.997628 0.997628 0.068831     6.378037 6.378037 1.498143
414.651611 230.910583     10.796875 -3.027344 116.362305     0.046217 -0.998931 0.998931 0.046217     41.489804 41.489804 1.563820
414.651611 230.910583     42.984375 2.695312 29.894531     0.046217 -0.998931 0.998931 0.046217     41.489804 41.489804 3.268049
422.806976 446.753784     56.093750 -235.828125 4521.277344     0.023273 -0.999729 0.999729 0.023273     12.391449 12.391449 1.601868
420.175598 166.119049     12.507812 -16.718750 105.677734     -0.995492 0.094847 -0.094847 -0.995492     18.701584 18.701584 4.801691
333.455566 315.702759     70.453125 -16.746094 31.431641     -0.997413 -0.071886 0.071886 -0.997413     21.053727 21.053727 4.702228
423.230469 444.349670     34.093750 -256.000000 3553.835938     0.025135 -0.999684 0.999684 0.025135     13.177284 13.177284 1.622855
414.676208 228.580307     14.882812 4.222656 48.060547     0.013516 -0.999909 0.999909 0.013516     43.407637 43.407637 1.570855
407.412811 457.682129     174.343750 10.960938 23.296875     0.088704 -0.996058 0.996058 0.088704     13.016425 13.016425 2.996740
437.461517 257.587250     15.531250 -9.531250 35.437500     0.074273 -0.997238 0.997238 0.074273     16.695944 16.695944 1.611966
437.461517 257.587250     213.625000 -806.375000 9632.109375     0.074273 -0.997238 0.997238 0.074273     16.695944 16.695944 4.653707
350.024750 402.396210     13.195312 -15.007812 112.021484     0.094892 -0.995488 0.995488 0.094892     34.494992 34.494992 6.228249
359.268799 290.219666     20.265625 14.796875 143.041016     0.554072 -0.832469 0.832469 0.554072     28.022479 28.022479 1.072718
378.074219 465.226135     112.554688 -17.625000 33.193359     0.019858 -0.999803 0.999803 0.019858     13.830150 13.830150 0.366302
378.074219 465.226135     72.421875 -7.101562 45.398438     0.019858 -0.999803 0.999803 0.019858     13.830150 13.830150 0.767433
363.020569 125.687241     35.101562 1.648438 28.708008     0.054881 -0.998493 0.998493 0.054881     13.236840 13.236840 1.578828
330.094849 153.430832     85.679688 -27.039062 100.111328     0.196966 -0.980410 0.980410 0.196966     11.665112 11.665112 4.641212
330.094849 153.430832     631.562500 -1411.554688 9148.843750     0.196966 -0.980410 0.980410 0.196966     11.665112 11.665112 5.192565
406.875763 411.939087     226.132812 12.929688 23.242188     0.255470 -0.966817 0.966817 0.255470     23.346058 23.346058 2.618783
406.875763 411.939087     65.609375 -0.531250 29.191406     0.255470 -0.966817 0.966817 0.255470     23.346058 23.346058 5.797485
424.010162 437.971558     18.242188 -6.812500 356.341797     0.032385 -0.999475 0.999475 0.032385     14.912214 14.912214 1.630226
331.696930 315.655945     2678.406250 856.125000 19831.265625     -0.998545 -0.053917 0.053917 -0.998545     21.073407 21.073407 1.566241
331.696930 315.655945     44.539062 -2.953125 34.839844     -0.998545 -0.053917 0.053917 -0.998545     21.073407 21.073407 4.712535
412.948120 239.832764     837.210938 -146.656250 363.126953     0.012170 -0.999926 0.999926 0.012170     43.978924 43.978924 1.573311
362.963104 125.583023     23.703125 18.507812 141.957031     0.067016 -0.997752 0.997752 0.067016     13.801418 13.801418 1.585335
288.347321 154.061066     50.601562 -13.023438 47.031250     -0.788001 0.615674 -0.615674 -0.788001     20.701665 20.701665 6.387692
483.726624 103.413666     793.562500 -1435.281250 9557.210938     0.059483 -0.998229 0.998229 0.059483     5.914410 5.914410 1.550688
483.726624 103.413666     40.203125 10.140625 137.431641     0.059483 -0.998229 0.998229 0.059483     5.914410 5.914410 4.713170
330.150818 153.321304     55.648438 -18.664062 57.617188     0.178638 -0.983915 0.983915 0.178638     12.196936 12.196936 1.822436
330.150818 153.321304     273.796875 17.335938 24.609375     0.178638 -0.983915 0.983915 0.178638     12.196936 12.196936 4.634783
369.192474 249.046951     294.703125 49.929688 128.906250     -0.714309 0.699830 -0.699830 -0.714309     23.640650 23.640650 0.765503
369.192474 249.046951     61.921875 -26.429688 68.367188     -0.714309 0.699830 -0.699830 -0.714309     23.640650 23.640650 2.358385
360.869141 290.224701     69.070312 -33.601562 77.976562     -0.930966 0.365105 -0.365105 -0.930966     29.622060 29.622060 3.712600
410.823608 250.603729     2.093750 -10.093750 196.359375     0.038805 -0.999247 0.999247 0.038805     46.870513 46.870513 1.551938
424.383148 435.112732     4.203125 9.726562 245.398438     0.043738 -0.999043 0.999043 0.043738     15.781730 15.781730 1.655320
280.848694 154.541794     8.914062 -2.640625 410.281250     -0.792597 0.609746 -0.609746 -0.792597     35.032540 35.032540 6.397052
325.930298 122.477211     6.507812 -33.125000 862.250000     -0.869261 0.494354 -0.494354 -0.869261     21.157452 21.157452 0.768446
352.189514 401.702393     24.156250 -35.312500 476.250000     0.102420 -0.994741 0.994741 0.102420     39.532529 39.532529 6.187621
363.112854 124.902824     2.343750 -12.562500 240.140625     0.028642 -0.999590 0.999590 0.028642     14.726851 14.726851 1.591935
370.471069 249.396698     27.187500 -137.312500 1352.281250     -0.980984 -0.194086 0.194086 -0.980984     24.383717 24.383717 1.450152
490.729156 162.079437     37.304688 -46.835938 513.695312     0.052595 -0.998616 0.998616 0.052595     29.738520 29.738520 4.737823
458.134155 173.919342     10.746094 -7.812500 69.156250     0.079689 -0.996820 0.996820 0.079689     19.689923 19.689923 1.557481
458.134155 173.919342     13.625000 -1.000000 26.343750     0.079689 -0.996820 0.996820 0.079689     19.689923 19.689923 4.709576
330.109619 153.483963     38.429688 -146.218750 1926.890625     0.171434 -0.985196 0.985196 0.171434     13.941709 13.941709 1.671743
330.109619 153.483963     53.593750 -160.750000 2018.625000     0.171434 -0.985196 0.985196 0.171434     13.941709 13.941709 4.714118
323.590332 123.403358     66.343750 -45.828125 575.890625     -0.937769 0.347259 -0.347259 -0.937769     22.603489 22.603489 0.674556
438.431915 246.025467     20.484375 -2.453125 26.921875     0.072163 -0.997393 0.997393 0.072163     17.757432 17.757432 1.571279
438.431915 246.025467     15.355469 -26.820312 183.234375     0.072163 -0.997393 0.997393 0.072163     17.757432 17.757432 4.679359
253.014633 149.800003     2898.781250 423.099609 61.940186     -0.124305 -0.992244 0.992244 -0.124305     17.048892 17.048892 3.605301
330.556885 315.449738     94.945312 -320.851562 5262.578125     -0.997405 -0.072001 0.072001 -0.997405     21.348041 21.348041 1.555814
330.556885 315.449738     8.406250 -29.203125 206.937500     -0.997405 -0.072001 0.072001 -0.997405     21.348041 21.348041 4.702874
400.034637 386.844147     24.437500 -3.859375 25.875000     0.372661 -0.927968 0.927968 0.372661     15.394744 15.394744 2.610183
400.034637 386.844147     154.453125 -339.476562 5208.679688     0.372661 -0.927968 0.927968 0.372661     15.394744 15.394744 5.712240
403.054932 317.126678     3368.187500 487.751953 70.837158     0.084692 -0.996407 0.996407 0.084692     54.203056 54.203056 1.566944
403.054932 317.126678     2.046875 -6.171875 204.832031     0.084692 -0.996407 0.996407 0.084692     54.203056 54.203056 4.692332
330.161438 154.199997     2.539062 -9.117188 281.273438     0.146900 -0.989151 0.989151 0.146900     14.902056 14.902056 4.728273
330.161438 154.199997     292.203125 -469.718750 5591.164062     0.146900 -0.989151 0.989151 0.146900     14.902056 14.902056 5.211811
364.053345 126.565331     4.125000 -13.421875 300.722656     -0.117988 -0.993015 0.993015 -0.117988     19.359146 19.359146 1.653909
364.053345 126.565331     5.140625 -1.671875 69.863281     -0.117988 -0.993015 0.993015 -0.117988     19.359146 19.359146 3.772650
320.977051 123.749184     6.796875 -6.437500 72.640625     -0.978239 0.207480 -0.207480 -0.978239     24.422683 24.422683 4.847602
362.101532 290.169983     12.640625 -2.117188 35.890625     -0.970872 0.239599 -0.239599 -0.970872     29.729256 29.729256 1.858651
362.101532 290.169983     6.406250 -1.773438 90.878906     -0.970872 0.239599 -0.239599 -0.970872     29.729256 29.729256 3.634095
275.454834 123.433739     4.085938 -4.742188 189.453125     -0.971800 -0.235805 0.235805 -0.971800     23.942376 23.942376 1.585308
278.647552 155.939545     5350.109375 757.933594 107.654785     0.609162 -0.793046 0.793046 0.609162     36.255082 36.255082 3.575396
391.538971 335.786194     481.875000 -101.164062 6449.781250     0.159348 -0.987222 0.987222 0.159348     90.417834 90.417834 1.566517
391.538971 335.786194     111.640625 7.226562 21.109375     0.159348 -0.987222 0.987222 0.159348     90.417834 90.417834 4.650688
332.873688 315.526062     7.328125 -6.343750 75.812500     -0.997992 -0.063343 0.063343 -0.997992     21.308121 21.308121 1.571637
332.873688 315.526062     6.140625 -11.882812 313.214844     -0.997992 -0.063343 0.063343 -0.997992     21.308121 21.308121 4.709466
372.503510 249.169022     11.218750 6.289062 37.328125     -0.999894 0.014583 -0.014583 -0.999894     24.309856 24.309856 1.596124
252.516571 145.908844     13.593750 -9.875000 87.562500     0.020137 -0.999797 0.999797 0.020137     19.147474 19.147474 1.438047
252.516571 145.908844     9.835938 4.148438 365.992188     0.020137 -0.999797 0.999797 0.020137     19.147474 19.147474 3.200153
302.312347 194.662003     586.390625 -188.039062 7206.507812     -0.962836 0.270087 -0.270087 -0.962836     26.243703 26.243703 2.110543
287.882477 141.689072     43.156250 -2.125000 35.656250     -0.961873 0.273496 -0.273496 -0.961873     80.677759 80.677759 4.957063
393.539612 340.722870     6259.375000 887.990234 126.609619     0.121256 -0.992621 0.992621 0.121256     102.394447 102.394447 1.508399
393.539612 340.722870     2.500000 -13.875000 266.421875     0.121256 -0.992621 0.992621 0.121256     102.394447 102.394447 4.619588
461.029938 199.456558     360.484375 85.250000 56.702148     0.093244 -0.995643 0.995643 0.093244     31.629451 31.629451 4.698800
364.132599 127.287643     57.226562 -123.468750 1315.890625     -0.151098 -0.988519 0.988519 -0.151098     20.559712 20.559712 1.682143
364.132599 127.287643     3.507812 -15.429688 156.800781     -0.151098 -0.988519 0.988519 -0.151098     20.559712 20.559712 3.947444
301.533325 195.707077     46.390625 -9.535156 9.073242     -0.753592 0.657342 -0.657342 -0.753592     26.876413 26.876413 2.374412
399.616791 326.372040     187.093750 18.013672 11.917969     0.157610 -0.987501 0.987501 0.157610     106.915008 106.915008 1.499735
399.616791 326.372040     96.843750 -52.289062 1509.164062     0.157610 -0.987501 0.987501 0.157610     106.915008 106.915008 4.605309
362.458466 128.470581     17.671875 -10.015625 91.765625     -0.102641 -0.994718 0.994718 -0.102641     28.158910 28.158910 1.730306
362.458466 128.470581     37.796875 15.382812 64.695312     -0.102641 -0.994718 0.994718 -0.102641     28.158910 28.158910 3.525462
301.377472 196.152054     683.492188 -270.664062 7268.500000     0.688234 -0.725489 0.725489 0.688234     27.718981 27.718981 5.521911
333.136536 315.401428     89.593750 -28.277344 20.881836     -0.997612 -0.069071 0.069071 -0.997612     21.772327 21.772327 1.568056
333.136536 315.401428     3.976562 -16.296875 162.636719     -0.997612 -0.069071 0.069071 -0.997612     21.772327 21.772327 4.709457
333.744049 311.588501     224.757812 -44.570312 1209.402344     -0.963489 -0.267747 0.267747 -0.963489     48.263651 48.263651 1.450944
301.408295 196.558212     41.855469 -10.402344 39.368164     0.662934 -0.748678 0.748678 0.662934     27.928689 27.928689 1.468517
301.408295 196.558212     48.859375 -5.828125 78.562500     0.662934 -0.748678 0.748678 0.662934     27.928689 27.928689 5.520616
301.528229 196.926193     33.359375 45.234375 87.818359     0.659023 -0.752123 0.752123 0.659023     28.327877 28.327877 1.485569
301.528229 196.926193     95.734375 -32.875000 26.259766     0.659023 -0.752123 0.752123 0.659023     28.327877 28.327877 5.453897
303.703613 460.315796     198.890625 78.253906 60.625977     0.148425 -0.988924 0.988924 0.148425     13.920511 13.920511 1.533692
288.130707 272.624176     53.542969 -14.687500 52.215820     -0.040229 -0.999191 0.999191 -0.040229     8.785405 8.785405 1.331314
288.130707 272.624176     6638.031250 938.682617 133.542969     -0.040229 -0.999191 0.999191 -0.040229     8.785405 8.785405 4.596972
288.097687 264.589417     2462.765625 408.765625 131.038086     0.006579 -0.999978 0.999978 0.006579     13.422294 13.422294 4.548008
273.021698 402.816376     24.156250 -7.265625 19.093750     0.038622 -0.999254 0.999254 0.038622     10.288667 10.288667 1.577346
286.614746 265.651062     56.656250 -6.390625 85.906250     0.077405 -0.997000 0.997000 0.077405     20.824189 20.824189 4.473408
275.003998 395.225006     749.726562 -290.757812 7208.210938     0.102000 -0.994784 0.994784 0.102000     16.292314 16.292314 1.577090
285.657837 265.595001     273.960938 -88.914062 1703.886719     0.096923 -0.995292 0.995292 0.096923     25.749957 25.749957 4.464891
254.232758 401.396545     267.812500 16.054688 69.726562     0.130321 -0.991472 0.991472 0.130321     14.029039 14.029039 2.687967
254.232758 401.396545     23.156250 -6.234375 24.734375     0.130321 -0.991472 0.991472 0.130321     14.029039 14.029039 3.596548
371.234741 396.671356     271.750000 18.367188 75.604492     0.077906 -0.996961 0.996961 0.077906     16.562724 16.562724 0.773848
371.234741 396.671356     1439.703125 281.726562 56.268066     0.077906 -0.996961 0.996961 0.077906     16.562724 16.562724 1.481939
277.133270 392.647125     1452.085938 -1535.710938 8539.187500     0.076742 -0.997051 0.997051 0.076742     23.458518 23.458518 1.569177
278.397827 392.438263     4437.312500 586.914062 161.075195     0.080998 -0.996714 0.996714 0.080998     28.648567 28.648567 1.561030
287.694031 263.711182     70.906250 -15.515625 101.656250     0.088870 -0.996043 0.996043 0.088870     35.505778 35.505778 2.885952
287.694031 263.711182     285.609375 32.304688 88.065430     0.088870 -0.996043 0.996043 0.088870     35.505778 35.505778 4.385333
369.824615 396.932831     16.687500 -192.125000 2221.078125     0.319888 -0.947455 0.947455 0.319888     19.950855 19.950855 1.164793
369.824615 396.932831     23.765625 -2.718750 29.203125     0.319888 -0.947455 0.947455 0.319888     19.950855 19.950855 2.277615
255.869949 396.311646     6674.085938 943.058594 134.070312     0.154018 -0.988068 0.988068 0.154018     15.042909 15.042909 1.550737
255.869949 396.311646     11.703125 -14.156250 182.765625     0.154018 -0.988068 0.988068 0.154018     15.042909 15.042909 5.752188
393.796753 50.524391     39.328125 -78.984375 1746.484375     -0.989514 -0.144436 0.144436 -0.989514     1.917896 1.917896 1.555071
284.148407 343.587189     398.617188 49.914062 9.657227     0.061733 -0.998093 0.998093 0.061733     38.997185 38.997185 1.551399
240.454803 442.099121     1321.093750 360.155273 144.615845     0.142572 -0.989784 0.989784 0.142572     9.221949 9.221949 1.586128
368.909393 397.200653     348.781250 125.199219 128.651367     0.639106 -0.769119 0.769119 0.639106     20.734463 20.734463 2.485269
368.909393 397.200653     1587.515625 -1476.515625 8538.289062     0.639106 -0.769119 0.769119 0.639106     20.734463 20.734463 3.936738
283.434906 350.710876     4165.304688 744.546875 347.646484     0.066718 -0.997772 0.997772 0.066718     51.652767 51.652767 1.564854
388.283630 49.745453     78.625000 -25.843750 128.796875     -0.989676 -0.143325 0.143325 -0.989676     2.016989 2.016989 1.550314
356.548248 196.850876     1395.937500 378.908203 155.871460     0.030393 -0.999538 0.999538 0.030393     6.135869 6.135869 4.668109
356.380798 199.062912     100.078125 -287.750000 2666.984375     0.032657 -0.999467 0.999467 0.032657     6.736734 6.736734 4.659540
282.477112 357.870117     56.359375 9.390625 13.526855     0.087619 -0.996154 0.996154 0.087619     71.277460 71.277460 1.560294
356.394379 199.673233     4227.187500 377.359375 190.256592     0.045115 -0.998982 0.998982 0.045115     8.441383 8.441383 4.973704
344.014709 212.083328     131.515625 -209.171875 2682.187500     0.025806 -0.999667 0.999667 0.025806     10.159907 10.159907 4.679303
433.101929 367.781555     2698.359375 -2906.828125 13640.023438     0.096401 -0.995343 0.995343 0.096401     11.180837 11.180837 1.858386
433.101929 367.781555     2888.359375 391.619141 320.662964     0.096401 -0.995343 0.995343 0.096401     11.180837 11.180837 4.359775
378.375000 268.128906     356.359375 84.125000 2692.421875     0.089953 -0.995946 0.995946 0.089953     15.877670 15.877670 4.580270
343.791656 212.416672     9.421875 -6.035156 47.486328     0.020980 -0.999780 0.999780 0.020980     11.356626 11.356626 4.686126
343.231293 263.333344     383.421875 -23.890625 3887.968750     0.025558 -0.999673 0.999673 0.025558     8.960198 8.960198 1.570955
364.112946 46.393940     27.296875 -17.765625 66.765625     -0.990113 -0.140273 0.140273 -0.990113     2.360396 2.360396 1.550748
285.812378 363.791077     3.828125 -27.312500 445.812500     0.016944 -0.999856 0.999856 0.016944     98.606555 98.606555 1.576627
432.675262 96.467323     4.125000 -31.343750 480.562500     -0.996869 -0.079073 0.079073 -0.996869     20.392574 20.392574 1.580090
432.675262 96.467323     4.390625 -10.734375 111.312500     -0.996869 -0.079073 0.079073 -0.996869     20.392574 20.392574 6.381015
432.976929 367.238464     5735.875000 -1738.375000 17044.492188     0.091464 -0.995808 0.995808 0.091464     11.687408 11.687408 4.358466
432.976929 367.238464     44.906250 -60.953125 155.437500     0.091464 -0.995808 0.995808 0.091464     11.687408 11.687408 4.596134
356.191986 200.090714     6040.585938 -1628.109375 16964.437500     0.038610 -0.999254 0.999254 0.038610     10.726139 10.726139 4.517128
356.191986 200.090714     3.000000 -15.750000 288.031250     0.038610 -0.999254 0.999254 0.038610     10.726139 10.726139 5.086612
379.902771 231.189819     0.578125 -20.570312 1359.593750     -0.222589 -0.974912 0.974912 -0.222589     14.074895 14.074895 1.788688
431.783386 367.367950     6440.828125 -1766.164062 16458.246094     0.130089 -0.991502 0.991502 0.130089     15.780897 15.780897 1.795828
431.783386 367.367950     1.171875 -45.867188 2531.921875     0.130089 -0.991502 0.991502 0.130089     15.780897 15.780897 4.601139
356.943512 204.458008     1.222656 -40.093750 2450.390625     -0.011645 -0.999932 0.999932 -0.011645     14.078330 14.078330 0.526451
356.943512 204.458008     24.812500 11.840332 31.480358     -0.011645 -0.999932 0.999932 -0.011645     14.078330 14.078330 1.610886
343.154938 244.714828     3.269531 -126.218750 6086.562500     0.033208 -0.999448 0.999448 0.033208     11.877870 11.877870 1.565904
287.651733 354.763428     45.875000 17.954102 40.150269     0.028370 -0.999597 0.999597 0.028370     108.472762 108.472762 1.572583
373.978912 267.970459     6436.906250 -1628.101562 17107.410156     -0.966960 0.254929 -0.254929 -0.966960     26.658850 26.658850 1.867297
359.461731 45.844498     63.218750 53.987305 228.697815     -0.990085 -0.140473 0.140473 -0.990085     3.548448 3.548448 1.565206
359.461731 45.844498     144.937500 65.081055 222.737335     -0.990085 -0.140473 0.140473 -0.990085     3.548448 3.548448 4.734656
424.787170 98.184334     164.375000 99.363281 322.034485     -0.967481 -0.252944 0.252944 -0.967481     26.398488 26.398488 1.535783
424.787170 98.184334     6.031250 -24.125000 369.000000     -0.967481 -0.252944 0.252944 -0.967481     26.398488 26.398488 5.790240
349.159698 236.339874     18.625000 -41.187500 398.828125     0.096713 -0.995312 0.995312 0.096713     30.263710 30.263710 1.605720
332.039398 204.325119     186.437500 148.681641 731.505859     0.099164 -0.995071 0.995071 0.099164     6.316312 6.316312 4.712948
391.251221 125.073891     95.531250 7.546875 11.998009     -0.972230 0.234026 -0.234026 -0.972230     11.715595 11.715595 4.820946
329.002319 82.011604     6817.734375 -1767.500000 17736.238281     -0.994862 -0.101244 0.101244 -0.994862     14.290438 14.290438 6.315101
349.379761 243.989319     83.468750 -36.742188 58.505348     0.036948 -0.999317 0.999317 0.036948     43.839902 43.839902 1.643475
430.836700 368.149902     77.578125 40.570312 204.250000     0.131636 -0.991298 0.991298 0.131636     18.191294 18.191294 1.764887
430.836700 368.149902     24.843750 -51.906250 565.437500     0.131636 -0.991298 0.991298 0.131636     18.191294 18.191294 4.604047
374.616943 227.467773     379.156250 15.447754 51.960449     -0.413396 -0.910551 0.910551 -0.413396     24.979246 24.979246 0.703815
374.616943 227.467773     223.656250 183.042969 1248.830811     -0.413396 -0.910551 0.910551 -0.413396     24.979246 24.979246 1.977193
288.647888 351.415100     14.781250 -6.609375 125.775391     0.040999 -0.999159 0.999159 0.040999     116.686813 116.686813 1.570146
386.437897 126.836601     30.781250 -67.968750 726.453125     -0.941303 0.337562 -0.337562 -0.941303     14.748249 14.748249 4.880674
332.105713 204.762115     1318.281250 971.324219 2327.172119     0.101133 -0.994873 0.994873 0.101133     6.854073 6.854073 1.575381
332.105713 204.762115     73.187500 -99.125000 819.625000     0.101133 -0.994873 0.994873 0.101133     6.854073 6.854073 4.714470
354.014862 245.353561     11934.656250 -5895.453125 19847.609375     0.045127 -0.998981 0.998981 0.045127     67.160813 67.160813 1.741622
250.955612 77.822456     42.250000 -39.750000 494.289062     -0.747900 0.663811 -0.663811 -0.747900     24.703071 24.703071 5.372658
427.311737 367.773163     118.062500 -46.656250 996.234375     0.185892 -0.982570 0.982570 0.185892     31.097818 31.097818 6.108692
378.729248 176.445419     25.437500 -10.960938 55.107422     -0.492071 -0.870555 0.870555 -0.492071     12.560722 12.560722 4.833166
386.107452 127.209366     38.875000 31.718750 51.578125     -0.929061 0.369927 -0.369927 -0.929061     16.330610 16.330610 4.900205
409.261719 120.617287     6.863281 -3.833008 96.510269     -0.911613 -0.411049 0.411049 -0.911613     22.652974 22.652974 1.503634
378.562500 177.348679     8.093750 -18.216797 481.624512     -0.526233 -0.850341 0.850341 -0.526233     16.529572 16.529572 0.853802
378.562500 177.348679     63.218750 -19.812500 16.906250     -0.526233 -0.850341 0.850341 -0.526233     16.529572 16.529572 1.257918
252.314087 79.848373     11.496094 -57.346680 1075.051025     -0.722888 0.690965 -0.690965 -0.722888     27.804361 27.804361 5.394106
356.070526 45.378204     42.989304 -15.522129 47.889442     -0.990147 -0.140033 0.140033 -0.990147     3.995357 3.995357 1.573680
356.070526 45.378204     149.436981 9.060989 64.711105     -0.990147 -0.140033 0.140033 -0.990147     3.995357 3.995357 4.743894
379.727539 94.859131     166.757568 -51.996704 167.756714     -0.985819 -0.167812 0.167812 -0.985819     35.277105 35.277105 1.583075
379.727539 94.859131     217.276947 -59.618469 168.286407     -0.985819 -0.167812 0.167812 -0.985819     35.277105 35.277105 4.680673
451.752441 372.684479     22.004723 15.011230 100.781250     -0.815167 0.579227 -0.579227 -0.815167     16.795958 16.795958 1.535510
451.752441 372.684479     333.107666 -92.712769 219.451141     -0.815167 0.579227 -0.579227 -0.815167     16.795958 16.795958 2.341901
426.775574 367.427612     130.866333 50.562500 103.921875     0.204528 -0.978861 0.978861 0.204528     33.470129 33.470129 6.031278
358.974792 92.640137     967.790527 -186.894958 364.891418     -0.990122 -0.140209 0.140209 -0.990122     36.881403 36.881403 4.690571
287.694519 348.091339     144.356628 51.630859 135.468750     0.044883 -0.998992 0.998992 0.044883     122.136931 122.136931 1.561460
354.364044 233.159500     100.060638 -29.119507 23.013672     0.061824 -0.998087 0.998087 0.061824     73.730463 73.730463 1.753170
399.629761 124.411865     265.089142 135.465820 316.109375     -0.996774 -0.080264 0.080264 -0.996774     37.226121 37.226121 1.651942
399.629761 124.411865     37.298828 -20.522949 37.403320     -0.996774 -0.080264 0.080264 -0.996774     37.226121 37.226121 4.742571
451.596497 372.127197     1140.787842 -446.487305 1247.995361     0.661224 -0.750188 0.750188 0.661224     18.911355 18.911355 5.504371
400.066406 124.680000     457.318176 198.947266 390.390625     -0.995719 -0.092436 0.092436 -0.995719     38.684142 38.684142 1.636504
400.066406 124.680000     49.974609 -87.270996 234.791016     -0.995719 -0.092436 0.092436 -0.995719     38.684142 38.684142 4.728987
453.674255 26.410423     522.464233 264.169922 680.796875     -0.981359 -0.192182 0.192182 -0.981359     4.712593 4.712593 1.577221
301.791199 318.737183     103.476562 0.468750 99.835938     0.203053 -0.979168 0.979168 0.203053     151.511844 151.511844 1.535789
301.791199 318.737183     26.693848 4.285156 58.515625     0.203053 -0.979168 0.979168 0.203053     151.511844 151.511844 2.754033
349.837250 92.776291     21.433594 17.406250 70.927734     -0.991042 -0.133551 0.133551 -0.991042     40.745259 40.745259 4.687481
425.615479 367.819855     30.650391 4.822266 83.414062     0.384785 -0.923006 0.923006 0.384785     36.122992 36.122992 5.801962
400.524261 125.474419     26.402344 3.126953 17.789062     -0.987536 -0.157391 0.157391 -0.987536     40.976394 40.976394 1.620207
400.524261 125.474419     920.593750 -297.734375 307.328125     -0.987536 -0.157391 0.157391 -0.987536     40.976394 40.976394 4.729397
459.952179 405.160858     82.000000 -299.515625 17827.765625     0.086182 -0.996279 0.996279 0.086182     1.173696 1.173696 1.570869
451.900391 372.716461     1460.730469 241.382812 7972.132812     0.382683 -0.923880 0.923880 0.382683     21.411434 21.411434 1.688025
451.900391 372.716461     75.460938 -18.825195 67.057129     0.382683 -0.923880 0.923880 0.382683     21.411434 21.411434 3.211294
356.658966 45.450867     21.679688 -4.813477 54.479004     -0.990162 -0.139928 0.139928 -0.990162     4.021739 4.021739 1.566350
356.658966 45.450867     1052.984375 -661.500000 949.968750     -0.990162 -0.139928 0.139928 -0.990162     4.021739 4.021739 4.738418
446.461853 456.340515     5091.351562 -5423.531250 16327.703125     0.081919 -0.996639 0.996639 0.081919     14.609097 14.609097 1.555779
456.371277 386.853149     51.476562 -11.515625 60.515625     0.046119 -0.998936 0.998936 0.046119     26.880325 26.880325 1.561131
329.063690 105.818474     1.128906 57.226562 4213.656250     -0.992121 -0.125286 0.125286 -0.992121     8.241329 8.241329 4.648248
464.970184 34.852749     219.843750 49.640625 13615.015625     -0.962509 -0.271251 0.271251 -0.962509     29.548925 29.548925 5.702364
334.804169 114.484749     119.070312 -19.666992 77.687500     -0.911113 -0.412156 0.412156 -0.911113     38.187895 38.187895 4.630772
300.458710 314.016541     30.453125 2.132812 10.144531     0.199523 -0.979893 0.979893 0.199523     161.428441 161.428441 1.531797
300.458710 314.016541     5617.718750 -3846.859375 16575.523438     0.199523 -0.979893 0.979893 0.199523     161.428441 161.428441 2.787521
359.408508 101.585434     14.468750 -11.160156 745.134399     -0.982761 -0.184882 0.184882 -0.982761     64.834158 64.834158 4.662805
424.873169 368.556610     135.000000 -23.294922 85.387695     0.389546 -0.921007 0.921007 0.389546     37.024425 37.024425 5.825864
461.708923 35.353401     1.257812 59.746094 4358.953125     -0.962622 -0.270848 0.270848 -0.962622     31.583423 31.583423 5.703365
450.455811 424.841980     384.109375 72.500000 8347.015625     0.110053 -0.993926 0.993926 0.110053     37.167070 37.167070 1.565440
450.455811 424.841980     15.156250 -21.449219 1743.720947     0.110053 -0.993926 0.993926 0.110053     37.167070 37.167070 4.699302
460.716522 73.267715     6.718750 -7.234375 246.265625     -0.978731 -0.205150 0.205150 -0.978731     15.299010 15.299010 3.066478
452.475616 422.554108     8.765625 -16.875000 291.046875     0.081193 -0.996698 0.996698 0.081193     48.147053 48.147053 1.561844
452.475616 422.554108     5721.375000 -2921.703125 16898.507812     0.081193 -0.996698 0.996698 0.081193     48.147053 48.147053 4.707935
311.624268 266.731995     61.156250 -7.656250 66.781250     0.241779 -0.970331 0.970331 0.241779     199.936779 199.936779 1.513764
311.624268 266.731995     636.968750 -1549.140625 22593.335938     0.241779 -0.970331 0.970331 0.241779     199.936779 199.936779 2.743212
241.244232 174.589859     7.062500 -1.367188 87.968750     0.152933 -0.988236 0.988236 0.152933     13.110309 13.110309 2.798880
453.075439 387.101959     128.210938 3.306641 16.240234     0.006817 -0.999977 0.999977 0.006817     88.096510 88.096510 0.224930
453.075439 387.101959     11183.234375 -188.781250 18143.867188     0.006817 -0.999977 0.999977 0.006817     88.096510 88.096510 1.573993
369.888885 393.898163     1.550781 0.906250 18742.609375     0.358325 -0.933597 0.933597 0.358325     20.363794 20.363794 1.796789
369.888885 393.898163     11714.093750 217.453125 18032.140625     0.358325 -0.933597 0.933597 0.358325     20.363794 20.363794 4.390255
416.331818 440.581818     56.125000 2.320557 11.605753     0.061445 -0.998110 0.998110 0.061445     6.593292 6.593292 1.577257
416.323883 440.113373     1.705078 5.664062 19069.710938     0.065365 -0.997861 0.997861 0.065365     6.477208 6.477208 1.581985
367.362305 439.367157     27.656250 10.901855 33.790234     0.098915 -0.995096 0.995096 0.098915     8.203835 8.203835 1.536850
372.684662 388.251251     63.031250 2.089844 14.224609     0.405155 -0.914248 0.914248 0.405155     19.035831 19.035831 1.708030
372.684662 388.251251     3.314453 9.628906 19833.000000     0.405155 -0.914248 0.914248 0.405155     19.035831 19.035831 4.521363
193.901962 424.200989     39.406250 21.140625 58.183594     0.015131 -0.999886 0.999886 0.015131     2.324546 2.324546 1.572245
194.239853 408.719543     45.466652 3.413330 26.698799     0.018115 -0.999836 0.999836 0.018115     2.627219 2.627219 1.571215
194.272446 412.820435     84.670776 -6.837074 33.839478     0.016364 -0.999866 0.999866 0.016364     3.386928 3.386928 1.574289
195.141632 378.980682     40.272713 15.292969 85.687500     0.020735 -0.999785 0.999785 0.020735     3.633084 3.633084 1.572237
545.692871 153.378571     207.539062 -28.628906 7631.718750     0.312825 -0.949811 0.949811 0.312825     21.023938 21.023938 1.490806
545.692871 153.378571     190.328125 37.812500 20.531250     0.312825 -0.949811 0.949811 0.312825     21.023938 21.023938 3.956219
545.587158 207.756882     1.906250 6.705078 229.871338     -0.633897 -0.773417 0.773417 -0.633897     16.148747 16.148747 0.955863
545.587158 207.756882     14.399902 52.309570 274.539062     -0.633897 -0.773417 0.773417 -0.633897     16.148747 16.148747 1.539866
155.820724 15.087649     150.609375 -31.109375 83.203125     0.042640 -0.999091 0.999091 0.042640     11.647694 11.647694 1.566527
155.820724 15.087649     1609.750000 982.796875 4304.962891     0.042640 -0.999091 0.999091 0.042640     11.647694 11.647694 6.299124
154.617386 36.015942     169.062500 -55.140625 58.046875     0.038385 -0.999263 0.999263 0.038385     12.236344 12.236344 1.566176
154.617386 36.015942     2.140625 5.039062 248.749268     0.038385 -0.999263 0.999263 0.038385     12.236344 12.236344 6.330058
536.897583 446.756104     215.859375 42.296875 22.546875     -0.938039 0.346529 -0.346529 -0.938039     13.933404 13.933404 1.615670
536.897583 446.756104     15.166016 53.207031 281.259766     -0.938039 0.346529 -0.346529 -0.938039     13.933404 13.933404 5.055803
153.474396 55.729561     379.031250 59.718750 27.828125     0.053686 -0.998558 0.998558 0.053686     13.052257 13.052257 1.565677
153.474396 55.729561     24.421875 20.687500 100.734375     0.053686 -0.998558 0.998558 0.053686     13.052257 13.052257 6.153271
67.397057 100.318626     131.937500 -5.218750 81.500000     0.706206 -0.708006 0.708006 0.706206     18.459907 18.459907 1.548342
67.397057 100.318626     9.875000 14.826172 235.974121     0.706206 -0.708006 0.708006 0.706206     18.459907 18.459907 4.718700
34.366337 163.705444     2845.808594 -160.046875 1389.812500     0.369441 -0.929254 0.929254 0.369441     17.589483 17.589483 0.798608
34.366337 163.705444     348.156250 -41.671875 82.093750     0.369441 -0.929254 0.929254 0.369441     17.589483 17.589483 4.717803
57.623657 204.024200     12.515625 16.347656 235.002930     -0.992070 -0.125684 0.125684 -0.992070     44.949696 44.949696 0.861512
89.816093 428.053650     270.132812 -191.760742 150.561523     -0.131161 -0.991361 0.991361 -0.131161     23.001518 23.001518 0.817161
97.227722 158.584152     64.085938 -124.906250 314.812500     -0.301715 -0.953398 0.953398 -0.301715     17.957858 17.957858 1.092067
97.297768 157.796524     16.359375 16.937500 236.572021     -0.090273 -0.995917 0.995917 -0.090273     24.734977 24.734977 0.831763
77.451920 344.788452     2122.097656 790.667969 14809.062500     -0.951104 -0.308872 0.308872 -0.951104     18.430003 18.430003 1.158076
77.451920 344.788452     4.031250 -6.109375 249.578125     -0.951104 -0.308872 0.308872 -0.951104     18.430003 18.430003 2.264297
