1.0
459
384.709534 182.085709     326.703125 37.304688 5.394531     -0.993500 -0.113833 0.113833 -0.993500     4.762839 4.762839 4.790872
385.058563 182.284515     344.156250 41.750000 6.699219     -0.992654 -0.120986 0.120986 -0.992654     5.711034 5.711034 4.803212
386.819550 203.221802     38.296875 1.210938 32.089844     -0.982750 -0.184936 0.184936 -0.982750     25.400882 25.400882 1.175069
386.819550 203.221802     325.812500 120.890625 87.144531     -0.982750 -0.184936 0.184936 -0.982750     25.400882 25.400882 4.499665
395.317505 189.736496     40.078125 12.226562 69.589844     -0.922635 -0.385675 0.385675 -0.922635     27.227975 27.227975 2.347836
387.261810 205.854080     321.796875 124.562500 92.382812     -0.339106 -0.940748 0.940748 -0.339106     26.876300 26.876300 1.947405
396.001953 190.337250     17.265625 3.722656 27.429688     -0.915808 -0.401617 0.401617 -0.915808     27.651126 27.651126 2.330893
269.133331 185.631104     202.171875 31.898438 152.703125     -0.310870 -0.950453 0.950453 -0.310870     18.027000 18.027000 1.928240
269.133331 185.631104     23.328125 3.812500 31.093750     -0.310870 -0.950453 0.950453 -0.310870     18.027000 18.027000 5.066439
391.700195 198.617752     373.640625 32.062500 4.025391     -0.897991 -0.440015 0.440015 -0.897991     52.685164 52.685164 2.648748
269.306122 186.431976     26.125000 5.699219 36.328125     -0.378459 -0.925618 0.925618 -0.378459     20.995913 20.995913 2.024473
269.306122 186.431976     193.890625 22.296875 182.960938     -0.378459 -0.925618 0.925618 -0.378459     20.995913 20.995913 5.166427
279.794250 171.444977     37.273438 9.113281 38.101562     -0.996314 -0.085785 0.085785 -0.996314     5.060707 5.060707 1.450606
269.000000 187.094681     23.500000 1.828125 19.617188     -0.408069 -0.912951 0.912951 -0.408069     21.850535 21.850535 2.036550
269.000000 187.094681     372.351562 28.539062 4.320312     -0.408069 -0.912951 0.912951 -0.408069     21.850535 21.850535 5.178911
390.668182 200.620697     45.343750 8.085938 38.300781     -0.786781 -0.617232 0.617232 -0.786781     57.885634 57.885634 2.482801
268.468689 187.568451     27.609375 1.945312 22.507812     -0.690873 -0.722976 0.722976 -0.690873     24.050729 24.050729 5.445225
459.774200 203.189514     200.453125 21.140625 232.269531     -0.929524 -0.368763 0.368763 -0.929524     19.559181 19.559181 2.835816
459.774200 203.189514     53.953125 6.058594 38.253906     -0.929524 -0.368763 0.368763 -0.929524     19.559181 19.559181 5.842244
279.008087 171.607285     33.281250 1.867188 26.398438     -0.997042 -0.076856 0.076856 -0.997042     6.552709 6.552709 1.437340
279.008087 171.607285     197.023438 -37.011719 86.003906     -0.997042 -0.076856 0.076856 -0.997042     6.552709 6.552709 3.951113
267.456970 187.725403     38.890625 1.531250 30.265625     -0.836446 -0.548049 0.548049 -0.836446     25.851623 25.851623 5.673640
459.563141 203.866898     206.015625 25.265625 295.402344     -0.947405 -0.320037 0.320037 -0.947405     21.035119 21.035119 2.889377
459.563141 203.866898     27.757812 -3.078125 22.984375     -0.947405 -0.320037 0.320037 -0.947405     21.035119 21.035119 4.256364
390.821533 202.831406     47.375000 0.937500 33.164062     -0.446500 -0.894783 0.894783 -0.446500     62.012526 62.012526 2.113785
266.543762 187.767227     35.015625 2.628906 32.675781     -0.946474 -0.322779 0.322779 -0.946474     27.070305 27.070305 5.956912
459.412933 204.567413     220.515625 -39.652344 85.347656     -0.969268 -0.246007 0.246007 -0.969268     22.912263 22.912263 4.314644
459.412933 204.567413     56.828125 -2.445312 79.371094     -0.969268 -0.246007 0.246007 -0.969268     22.912263 22.912263 5.951017
269.668579 182.906464     40.656250 9.539062 45.492188     -0.957083 0.289815 -0.289815 -0.957083     38.918197 38.918197 3.807007
459.179413 205.107651     208.906250 40.703125 406.113281     -0.985484 -0.169767 0.169767 -0.985484     24.648271 24.648271 4.390184
459.179413 205.107651     42.195312 11.179688 55.734375     -0.985484 -0.169767 0.169767 -0.985484     24.648271 24.648271 6.078959
390.985992 204.913208     92.109375 -75.546875 197.675781     -0.254433 -0.967091 0.967091 -0.254433     63.539055 63.539055 1.897118
302.110199 190.967346     274.203125 -62.625000 92.656250     -0.897987 0.440023 -0.440023 -0.897987     20.854022 20.854022 1.655297
302.110199 190.967346     92.703125 -94.210938 301.933594     -0.897987 0.440023 -0.440023 -0.897987     20.854022 20.854022 4.878089
458.756195 205.644623     215.234375 50.757812 505.214844     -0.997850 -0.065544 0.065544 -0.997850     25.890640 25.890640 4.508031
301.099731 191.218323     43.828125 17.492188 80.621094     -0.838624 -0.544711 0.544711 -0.838624     25.042097 25.042097 0.677749
301.099731 191.218323     4.445312 -13.703125 115.613281     -0.838624 -0.544711 0.544711 -0.838624     25.042097 25.042097 3.918859
268.840210 182.867340     87.437500 -94.132812 409.226562     -0.965015 0.262195 -0.262195 -0.965015     38.860335 38.860335 3.799698
457.186188 203.554306     6.632812 -20.039062 165.320312     0.106615 -0.994300 0.994300 0.106615     33.844644 33.844644 1.540181
300.570831 191.751541     719.527344 -223.535156 182.105469     -0.614121 -0.789212 0.789212 -0.614121     25.941816 25.941816 0.403090
300.570831 191.751541     83.984375 -89.726562 532.621094     -0.614121 -0.789212 0.789212 -0.614121     25.941816 25.941816 2.237372
391.244202 207.872299     88.730469 2.441406 4.843750     -0.194497 -0.980903 0.980903 -0.194497     63.772400 63.772400 1.811457
300.580292 192.821167     21.476562 -73.515625 418.839844     -0.490936 -0.871196 0.871196 -0.490936     26.960723 26.960723 0.216880
300.580292 192.821167     971.375000 180.265625 634.667969     -0.490936 -0.871196 0.871196 -0.490936     26.960723 26.960723 2.124621
452.244812 211.669373     48.406250 30.812500 142.835938     0.462203 -0.886774 0.886774 0.462203     32.677856 32.677856 1.383076
452.244812 211.669373     711.179688 -264.390625 243.179688     0.462203 -0.886774 0.886774 0.462203     32.677856 32.677856 2.175628
266.829681 183.460938     37.289062 18.625000 34.093750     -0.954756 0.297391 -0.297391 -0.954756     38.487381 38.487381 3.894318
451.175751 215.420685     26.851562 -45.312500 813.144531     0.358405 -0.933566 0.933566 0.358405     33.835292 33.835292 1.464961
451.175751 215.420685     46.476562 20.476562 37.496094     0.358405 -0.933566 0.933566 0.358405     33.835292 33.835292 2.200631
391.593018 210.475357     1597.671875 -59.507812 852.679688     -0.167578 -0.985859 0.985859 -0.167578     64.682158 64.682158 1.766902
301.259979 195.172821     54.265625 22.921875 41.273438     -0.371016 -0.928626 0.928626 -0.371016     27.312973 27.312973 1.945581
301.259979 195.172821     60.750000 54.253906 199.914062     -0.371016 -0.928626 0.928626 -0.371016     27.312973 27.312973 6.299628
344.311890 238.747528     79.781250 26.882812 42.863281     0.120561 -0.992706 0.992706 0.120561     7.504497 7.504497 3.421018
450.590332 219.818710     89.214844 1.906250 5.744141     0.261601 -0.965176 0.965176 0.261601     35.411249 35.411249 1.522875
343.865723 239.197876     684.042969 -334.429688 426.203125     0.123378 -0.992360 0.992360 0.123378     9.157688 9.157688 3.399521
248.916367 189.834793     2538.406250 173.078125 966.976562     -0.940418 0.340022 -0.340022 -0.940418     45.287777 45.287777 1.735680
248.916367 189.834793     609.664062 -170.738281 816.675781     -0.940418 0.340022 -0.340022 -0.940418     45.287777 45.287777 4.092161
450.205780 224.080429     13.421875 -9.125000 89.898438     0.189106 -0.981957 0.981957 0.189106     36.752841 36.752841 1.553451
199.492676 164.780487     30.730469 44.082031 87.539062     -0.999577 -0.029067 0.029067 -0.999577     9.830988 9.830988 3.546292
344.957489 229.054657     592.558594 -187.304688 881.714844     0.176272 -0.984342 0.984342 0.176272     12.973508 12.973508 1.513921
414.414673 218.045670     2603.593750 -54.921875 1254.792969     -0.917210 -0.398405 0.398405 -0.917210     106.143417 106.143417 4.320090
302.653534 199.408325     5652.710938 486.804688 1371.542969     -0.285091 -0.958501 0.958501 -0.285091     28.189389 28.189389 1.805994
302.653534 199.408325     39.992188 46.535156 108.972656     -0.285091 -0.958501 0.958501 -0.285091     28.189389 28.189389 6.107899
246.143311 192.601883     65.683594 -3.027344 47.613281     -0.911800 0.410635 -0.410635 -0.911800     50.132044 50.132044 1.794490
246.143311 192.601883     45.753906 47.265625 117.968750     -0.911800 0.410635 -0.410635 -0.911800     50.132044 50.132044 4.117157
263.305023 251.594345     5624.000000 533.437500 1572.117188     -0.736704 -0.676215 0.676215 -0.736704     18.552888 18.552888 2.180044
263.305023 251.594345     53.367188 44.929688 123.265625     -0.736704 -0.676215 0.676215 -0.736704     18.552888 18.552888 4.198488
343.168793 239.720627     67.199219 -4.175781 50.257812     0.057343 -0.998355 0.998355 0.057343     22.159431 22.159431 1.511924
262.302551 251.938461     81.851562 33.808594 116.417969     -0.779165 -0.626819 0.626819 -0.779165     20.632989 20.632989 2.248886
262.302551 251.938461     68.640625 -7.046875 54.162109     -0.779165 -0.626819 0.626819 -0.779165     20.632989 20.632989 4.229942
401.211395 224.813080     5665.968750 724.960938 2102.167969     -0.996865 0.079125 -0.079125 -0.996865     131.038603 131.038603 1.366274
401.211395 224.813080     93.998047 22.660156 128.613281     -0.996865 0.079125 -0.079125 -0.996865     131.038603 131.038603 4.740279
261.341370 252.356674     94.023438 17.257812 21.539062     -0.797704 -0.603049 0.603049 -0.797704     22.020101 22.020101 2.268798
261.341370 252.356674     96.191406 15.566406 138.777344     -0.797704 -0.603049 0.603049 -0.797704     22.020101 22.020101 4.249599
304.560486 203.385239     137.367188 24.539062 29.898438     -0.325106 -0.945678 0.945678 -0.325106     29.197531 29.197531 1.805114
304.560486 203.385239     58.687500 11.820312 64.312500     -0.325106 -0.945678 0.945678 -0.325106     29.197531 29.197531 6.195828
259.026306 252.514038     6213.742188 1316.960938 2966.328125     -0.884887 -0.465805 0.465805 -0.884887     24.112673 24.112673 2.382170
259.026306 252.514038     183.101562 33.351562 42.406250     -0.884887 -0.465805 0.465805 -0.884887     24.112673 24.112673 4.383578
199.369568 165.039124     216.601562 36.382812 48.304688     -0.999740 -0.022820 0.022820 -0.999740     10.744196 10.744196 3.538749
242.576706 198.310013     60.328125 21.812500 82.781250     -0.824528 0.565822 -0.565822 -0.824528     63.113187 63.113187 4.160424
384.795227 225.846863     97.363281 12.199219 157.214844     -0.994129 -0.108197 0.108197 -0.994129     138.563429 138.563429 1.146075
384.795227 225.846863     232.648438 36.296875 53.304688     -0.994129 -0.108197 0.108197 -0.994129     138.563429 138.563429 3.162819
244.603546 209.526230     234.804688 28.968750 60.226562     0.490711 -0.871322 0.871322 0.490711     101.973182 101.973182 1.248071
319.757416 290.132080     6262.015625 1009.000000 3261.390625     0.116859 -0.993148 0.993148 0.116859     15.812987 15.812987 0.182230
184.572464 243.641312     20.304688 0.019531 18.265625     -0.478724 -0.877965 0.877965 -0.478724     11.642781 11.642781 4.611141
243.735641 212.019058     97.080078 12.976562 182.375000     0.441004 -0.897505 0.897505 0.441004     100.675708 100.675708 1.327766
379.577667 232.853699     64.687500 37.265625 125.468750     -0.999175 0.040618 -0.040618 -0.999175     159.261879 159.261879 1.274126
379.577667 232.853699     6557.851562 607.742188 3647.218750     -0.999175 0.040618 -0.040618 -0.999175     159.261879 159.261879 3.380481
341.710297 230.486465     106.160156 5.585938 244.898438     -0.993756 -0.111574 0.111574 -0.993756     163.300218 163.300218 1.535023
341.710297 230.486465     69.031250 43.359375 157.015625     -0.993756 -0.111574 0.111574 -0.993756     163.300218 163.300218 4.603983
182.754227 244.666046     50.968750 -10.191406 13.695312     -0.449751 -0.893154 0.893154 -0.449751     18.311861 18.311861 0.943651
182.754227 244.666046     7482.070312 755.796875 3417.187500     -0.449751 -0.893154 0.893154 -0.449751     18.311861 18.311861 4.549523
198.987747 170.078430     71.609375 47.187500 178.820312     -0.986963 0.160950 -0.160950 -0.986963     30.889671 30.889671 3.513868
182.229462 245.381393     41.078125 -3.976562 42.921875     -0.443250 -0.896398 0.896398 -0.443250     21.289349 21.289349 0.880193
342.170319 234.269409     7747.421875 775.757812 3303.179688     -0.991726 -0.128375 0.128375 -0.991726     174.462276 174.462276 1.544510
342.170319 234.269409     94.421875 54.500000 190.734375     -0.991726 -0.128375 0.128375 -0.991726     174.462276 174.462276 3.164989
181.333328 245.982742     115.593750 65.234375 203.890625     -0.439327 -0.898327 0.898327 -0.439327     25.213783 25.213783 0.824854
198.929321 170.769226     8111.750000 692.171875 3413.804688     -0.973893 0.227007 -0.227007 -0.973893     31.591305 31.591305 3.599908
179.373291 246.485153     139.031250 81.203125 236.843750     -0.521930 -0.852989 0.852989 -0.521930     35.193523 35.193523 0.767698
198.833633 171.528336     163.718750 128.796875 326.281250     -0.926435 0.376455 -0.376455 -0.926435     32.230378 32.230378 3.765071
344.740265 241.920212     9880.023438 809.960938 3467.382812     -0.981395 -0.191998 0.191998 -0.981395     199.240685 199.240685 1.522555
344.740265 241.920212     812.808594 7.554688 0.453125     -0.981395 -0.191998 0.191998 -0.981395     199.240685 199.240685 3.014902
178.000000 247.689682     10395.476562 1124.367188 4155.101562     -0.443288 -0.896379 0.896379 -0.443288     40.945518 40.945518 0.617895
274.536743 350.518921     911.355469 6.820312 0.437500     -0.975414 -0.220381 0.220381 -0.975414     18.899945 18.899945 2.671333
274.536743 350.518921     2852.234375 78.679688 2.375000     -0.975414 -0.220381 0.220381 -0.975414     18.899945 18.899945 4.590683
177.491547 248.717422     70.000000 -25.855469 18.633423     -0.310419 -0.950600 0.950600 -0.310419     42.952773 42.952773 0.471089
271.201813 351.590302     3315.320312 87.101562 2.531250     -0.977148 -0.212561 0.212561 -0.977148     22.301308 22.301308 4.589885
486.707123 268.851624     442.609375 -12.802734 52.449951     -0.619889 -0.784690 0.784690 -0.619889     31.612202 31.612202 0.515073
486.707123 268.851624     380.203125 42.319336 84.131592     -0.619889 -0.784690 0.784690 -0.619889     31.612202 31.612202 3.041948
345.205170 252.079910     130.031250 64.035156 174.835938     -0.942511 -0.334176 0.334176 -0.942511     224.972403 224.972403 1.386637
345.205170 252.079910     106.328125 -29.589844 72.842773     -0.942511 -0.334176 0.334176 -0.942511     224.972403 224.972403 2.784819
268.758484 353.248077     1014.503906 5.765625 0.500000     -0.975601 -0.219552 0.219552 -0.975601     26.584572 26.584572 2.661015
268.758484 353.248077     79.984375 5.102051 11.802887     -0.975601 -0.219552 0.219552 -0.975601     26.584572 26.584572 4.586463
266.949951 354.138306     120.750000 4.252930 8.170410     -0.979255 -0.202633 0.202633 -0.979255     28.735291 28.735291 1.541958
266.949951 354.138306     1893.390625 5.234375 0.468750     -0.979255 -0.202633 0.202633 -0.979255     28.735291 28.735291 4.600969
487.106476 270.319427     6058.914062 145.367188 3.671875     -0.520755 -0.853706 0.853706 -0.520755     30.857878 30.857878 0.460657
487.106476 270.319427     212.843750 6.741211 32.711670     -0.520755 -0.853706 0.853706 -0.520755     30.857878 30.857878 2.841313
177.282730 249.878830     183.042969 48.599121 40.400757     -0.192335 -0.981329 0.981329 -0.192335     43.854179 43.854179 0.308985
265.931122 354.757690     4061.375000 541.822266 537.753052     -0.981566 -0.191125 0.191125 -0.981566     30.599067 30.599067 1.539898
265.931122 354.757690     6683.320312 157.664062 4.078125     -0.981566 -0.191125 0.191125 -0.981566     30.599067 30.599067 2.728938
264.822266 355.768799     265.468750 19.822266 7.370605     -0.987193 -0.159533 0.159533 -0.987193     33.537877 33.537877 5.990647
195.561905 206.266663     47.515625 8.542969 12.783203     -0.999954 -0.009577 0.009577 -0.999954     19.232138 19.232138 1.540231
177.208389 250.969559     2143.804688 6.718750 0.515625     -0.147151 -0.989114 0.989114 -0.147151     43.895084 43.895084 0.253542
487.546906 271.752533     81.011719 9.893555 19.930542     -0.428953 -0.903327 0.903327 -0.428953     30.847678 30.847678 2.617801
487.546906 271.752533     82.375000 14.402832 14.356392     -0.428953 -0.903327 0.903327 -0.428953     30.847678 30.847678 3.608128
178.111816 252.488998     103.386719 1.652344 28.617188     -0.040165 -0.999193 0.999193 -0.040165     46.316263 46.316263 6.337760
488.130188 272.938843     124.511719 -21.025391 18.343750     -0.379334 -0.925260 0.925260 -0.379334     32.216648 32.216648 2.516154
488.130188 272.938843     10023.312500 966.990234 730.687744     -0.379334 -0.925260 0.925260 -0.379334     32.216648 32.216648 3.539194
268.762970 224.262970     1481.312500 197.041016 28.152344     -0.968861 0.247607 -0.247607 -0.968861     14.986250 14.986250 1.538098
488.332428 273.464355     11651.093750 957.691406 761.145630     -0.353121 -0.935578 0.935578 -0.353121     33.006546 33.006546 2.455241
488.332428 273.464355     42.156250 -0.398438 12.296387     -0.353121 -0.935578 0.935578 -0.353121     33.006546 33.006546 3.512304
288.047272 297.765961     2.630859 -16.097656 355.921875     0.622158 -0.782891 0.782891 0.622158     27.709909 27.709909 5.706116
489.809296 274.055054     1381.687500 161.425781 19.283203     -0.411007 -0.911632 0.911632 -0.411007     37.609536 37.609536 3.587575
491.267273 274.486176     2585.621094 6.906250 0.390625     -0.468787 -0.883311 0.883311 -0.468787     40.493212 40.493212 3.675448
492.877533 275.260010     1386.953125 162.105469 19.662109     -0.491973 -0.870610 0.870610 -0.491973     43.430060 43.430060 3.720914
494.497437 277.717651     94.812500 26.218750 38.617188     -0.482860 -0.875697 0.875697 -0.482860     43.326388 43.326388 3.788490
182.654373 402.838715     219.680908 -59.341797 40.943359     -0.999957 -0.009299 0.009299 -0.999957     2.784458 2.784458 1.558702
185.944443 402.845245     2759.535156 3.562500 0.343750     -0.999972 -0.007487 0.007487 -0.999972     2.797383 2.797383 1.561777
257.902893 383.787415     16678.515625 1034.843750 854.498535     -0.999620 -0.027577 0.027577 -0.999620     2.034692 2.034692 1.545135
257.902893 383.787415     173.095703 25.800781 7.346191     -0.999620 -0.027577 0.027577 -0.999620     2.034692 2.034692 5.107886
377.162567 37.955666     261.687500 19.466797 5.921875     -0.923239 0.384226 -0.384226 -0.923239     12.626573 12.626573 1.070140
377.162567 37.955666     235.765625 -11.046875 26.390625     -0.923239 0.384226 -0.384226 -0.923239     12.626573 12.626573 1.581100
261.778046 383.876434     85.125000 7.109375 167.625000     -0.999655 -0.026265 0.026265 -0.999655     2.216960 2.216960 1.533202
261.778046 383.876434     223.402344 -19.662109 7.645508     -0.999655 -0.026265 0.026265 -0.999655     2.216960 2.216960 5.118115
342.893219 55.811375     81.015625 -72.234375 69.296875     -0.999463 0.032761 -0.032761 -0.999463     32.459412 32.459412 0.483338
342.893219 55.811375     19333.625000 1170.625000 922.405273     -0.999463 0.032761 -0.032761 -0.999463     32.459412 32.459412 3.614419
408.565094 61.972298     658.602539 52.675781 9.164062     -0.578697 -0.815543 0.815543 -0.578697     41.388468 41.388468 5.280617
456.271393 72.866386     249.968750 -1.421875 7.578125     -0.863845 0.503757 -0.503757 -0.863845     33.550593 33.550593 0.634533
456.271393 72.866386     91.562500 10.207031 10.353027     -0.863845 0.503757 -0.503757 -0.863845     33.550593 33.550593 4.053816
186.929825 402.933319     124.164062 -16.228516 9.114746     -0.999984 -0.005686 0.005686 -0.999984     3.075900 3.075900 1.538324
297.684723 20.009851     1313.695312 148.191406 24.451172     -0.997243 -0.074211 0.074211 -0.997243     15.209209 15.209209 1.925063
297.684723 20.009851     595.257812 -109.121094 27.773438     -0.997243 -0.074211 0.074211 -0.997243     15.209209 15.209209 2.387773
420.401642 27.040983     1393.929199 7.828125 1239.457031     -0.999289 -0.037697 0.037697 -0.999289     12.735855 12.735855 4.626612
199.053970 402.963074     8.484329 14.333984 74.546875     -0.999996 -0.002765 0.002765 -0.999996     3.032999 3.032999 1.544543
274.681366 383.997253     286.865723 -8.735352 6.073242     -0.999712 -0.023986 0.023986 -0.999712     1.930695 1.930695 1.549526
274.681366 383.997253     134.746094 -1.234375 6.905273     -0.999712 -0.023986 0.023986 -0.999712     1.930695 1.930695 4.809399
263.113434 48.201679     4446.265625 -69.687500 4.718750     -0.999302 -0.037345 0.037345 -0.999302     25.638053 25.638053 3.376029
263.113434 48.201679     22081.328125 1457.736328 997.038574     -0.999302 -0.037345 0.037345 -0.999302     25.638053 25.638053 5.839312
276.835175 383.857147     185.156250 4.957031 23.227539     -0.999722 -0.023585 0.023585 -0.999722     2.694456 2.694456 1.557679
276.835175 383.857147     1781.171875 8.546875 38.000000     -0.999722 -0.023585 0.023585 -0.999722     2.694456 2.694456 4.733760
243.004532 64.547508     499.141602 -13.509766 17.774414     -0.997098 -0.076132 0.076132 -0.997098     10.890656 10.890656 1.564391
351.621399 93.160492     181.859375 43.585938 19.294922     -0.991158 -0.132685 0.132685 -0.991158     5.777688 5.777688 1.580892
351.621399 93.160492     90.843750 20.140625 14.640625     -0.991158 -0.132685 0.132685 -0.991158     5.777688 5.777688 4.761538
493.251221 93.589371     241.625000 -57.023438 239.464844     -0.973988 -0.226600 0.226600 -0.973988     14.785541 14.785541 2.266186
493.251221 93.589371     366.554688 -345.687500 339.093750     -0.973988 -0.226600 0.226600 -0.973988     14.785541 14.785541 3.136080
201.258621 403.027100     228.843750 77.046875 29.958984     -0.999995 -0.003135 0.003135 -0.999995     3.164634 3.164634 1.551149
210.589905 44.217667     201.531250 16.632812 3.859375     -0.987757 -0.156000 0.156000 -0.987757     19.286065 19.286065 2.733776
210.589905 44.217667     561.625000 214.734375 127.437500     -0.987757 -0.156000 0.156000 -0.987757     19.286065 19.286065 5.482970
284.462921 383.704163     14.226364 40.724121 207.265625     -0.999750 -0.022355 0.022355 -0.999750     4.909680 4.909680 1.571397
284.462921 383.704163     241.812500 -203.343750 191.585938     -0.999750 -0.022355 0.022355 -0.999750     4.909680 4.909680 4.715028
124.265060 186.328308     27.140198 91.205078 424.421875     -0.999756 -0.022083 0.022083 -0.999756     24.057410 24.057410 1.691389
124.265060 186.328308     33.968880 114.325195 549.968750     -0.999756 -0.022083 0.022083 -0.999756     24.057410 24.057410 4.803821
119.717087 207.333328     1887.027344 49.671875 1.421875     -0.982275 0.187445 -0.187445 -0.982275     17.035654 17.035654 1.709420
119.717087 207.333328     699.531250 -228.968750 186.000000     -0.982275 0.187445 -0.187445 -0.982275     17.035654 17.035654 4.822665
344.315857 92.163330     15069.859375 110.562500 2.906250     -0.991247 -0.132024 0.132024 -0.991247     6.216774 6.216774 1.558352
344.315857 92.163330     1426.109375 -100.609375 73.312500     -0.991247 -0.132024 0.132024 -0.991247     6.216774 6.216774 4.755028
116.592438 238.105042     260.218750 -129.125000 70.390625     -0.962869 -0.269970 0.269970 -0.962869     26.686629 26.686629 1.445619
111.342018 193.390411     1928.617188 160.230469 118.399414     -0.893265 -0.449530 0.449530 -0.893265     73.053006 73.053006 1.381091
556.781982 78.696686     14925.289062 141.203125 22.093750     -0.999911 0.013340 -0.013340 -0.999911     15.776381 15.776381 2.374847
556.781982 78.696686     119.656250 -6.281250 96.125000     -0.999911 0.013340 -0.013340 -0.999911     15.776381 15.776381 5.502030
140.640564 301.476868     6397.328125 -524.593750 154.515625     0.045424 -0.998968 0.998968 0.045424     6.201007 6.201007 6.290853
106.558922 202.954788     9.053848 20.065796 184.421875     -0.077199 -0.997016 0.997016 -0.077199     94.191080 94.191080 0.327743
346.190002 92.413315     2142.367188 167.011719 146.170898     -0.991596 -0.129374 0.129374 -0.991596     6.755838 6.755838 1.561527
346.190002 92.413315     325.812500 58.179688 14.587402     -0.991596 -0.129374 0.129374 -0.991596     6.755838 6.755838 3.028442
327.003601 136.672668     109.074524 2.632324 6.203125     -0.993240 -0.116078 0.116078 -0.993240     2.908503 2.908503 1.552358
327.003601 136.672668     80.105835 -0.938293 8.562439     -0.993240 -0.116078 0.116078 -0.993240     2.908503 2.908503 4.726937
209.592667 403.014252     7282.312500 -501.781250 74.000000     -0.999996 -0.002671 0.002671 -0.999996     2.745279 2.745279 1.538126
209.592667 403.014252     776.474365 199.525391 437.968750     -0.999996 -0.002671 0.002671 -0.999996     2.745279 2.745279 4.767162
391.286011 440.008606     84.739517 16.623444 9.194275     -0.999904 0.013885 -0.013885 -0.999904     7.481545 7.481545 3.261361
326.632172 136.784485     175.875000 -52.343750 500.382812     -0.993232 -0.116147 0.116147 -0.993232     3.780441 3.780441 1.536085
326.632172 136.784485     287.031250 -268.406250 283.271484     -0.993232 -0.116147 0.116147 -0.993232     3.780441 3.780441 4.742450
533.165588 218.629135     171.517334 10.431152 7.255371     -0.930357 -0.366654 0.366654 -0.930357     23.932374 23.932374 4.304676
533.165588 218.629135     710.465088 40.497070 10.226562     -0.930357 -0.366654 0.366654 -0.930357     23.932374 23.932374 5.404129
586.977112 42.332062     580.359375 18.460938 1.953125     -0.952050 0.305942 -0.305942 -0.952050     13.610773 13.610773 4.646409
49.290405 165.699493     17081.054688 2077.546875 1442.828125     -0.957358 0.288903 -0.288903 -0.957358     21.597999 21.597999 4.807961
214.595413 403.031799     10.219147 25.365601 254.390625     -0.999999 -0.001291 0.001291 -0.999999     2.620648 2.620648 1.536031
214.595413 403.031799     183.720795 5.853836 15.303978     -0.999999 -0.001291 0.001291 -0.999999     2.620648 2.620648 4.766321
165.318390 76.582962     256.453186 -47.313477 30.850281     -0.988635 -0.150334 0.150334 -0.988635     8.325455 8.325455 1.787453
165.318390 76.582962     3087.500000 157.746094 174.797852     -0.988635 -0.150334 0.150334 -0.988635     8.325455 8.325455 4.318032
107.353500 297.993622     160.733887 -26.969727 12.503906     -0.997149 -0.075460 0.075460 -0.997149     9.491380 9.491380 1.569271
441.150330 414.601379     238.335266 32.886597 29.110840     -0.998619 0.052542 -0.052542 -0.998619     22.861325 22.861325 3.365039
533.545105 226.339020     224.682617 35.865234 17.440918     -0.085232 -0.996361 0.996361 -0.085232     41.369868 41.369868 2.895437
161.964539 107.535461     201.224609 -40.306641 12.636719     -0.995940 0.090019 -0.090019 -0.995940     10.901078 10.901078 5.091053
312.393311 466.481171     1142.484375 167.156250 29.191406     -0.735136 0.677919 -0.677919 -0.735136     7.373164 7.373164 4.533583
163.773071 76.288460     496.769653 -10.012695 18.747070     -0.989225 -0.146402 0.146402 -0.989225     8.812309 8.812309 1.656040
163.773071 76.288460     94.066895 -6.993652 5.877930     -0.989225 -0.146402 0.146402 -0.989225     8.812309 8.812309 4.549707
93.187500 296.816071     128.937500 -4.476562 9.859375     -0.996769 -0.080323 0.080323 -0.996769     9.980761 9.980761 1.569552
537.888062 161.645523     56.687500 8.000000 30.128906     -0.999983 0.005866 -0.005866 -0.999983     12.380959 12.380959 1.536881
537.888062 161.645523     55.625000 -2.023438 12.652344     -0.999983 0.005866 -0.005866 -0.999983     12.380959 12.380959 2.184946
617.639465 58.497852     23392.304688 6311.328125 4836.101562     -0.992428 -0.122825 0.122825 -0.992428     13.567168 13.567168 1.539645
189.843597 89.753555     6409.325195 1898.738281 1919.218750     -0.990564 0.137051 -0.137051 -0.990564     11.794310 11.794310 1.491011
325.324219 139.651108     3846.007812 283.574219 206.715820     -0.993624 -0.112741 0.112741 -0.993624     12.435557 12.435557 3.161943
175.604752 104.574516     62.875000 35.934570 49.950638     -0.983198 0.182542 -0.182542 -0.983198     12.335181 12.335181 1.553499
175.604752 104.574516     106.600586 -2.503906 16.895020     -0.983198 0.182542 -0.182542 -0.983198     12.335181 12.335181 4.303220
15.522267 464.732788     294.708984 76.030273 27.735840     -0.203287 -0.979119 0.979119 -0.203287     10.561365 10.561365 1.623451
81.071114 101.782219     535.747437 -27.877930 71.250977     -0.999517 0.031065 -0.031065 -0.999517     10.839071 10.839071 1.116214
81.071114 101.782219     185.824219 -51.517578 25.204102     -0.999517 0.031065 -0.031065 -0.999517     10.839071 10.839071 1.556490
137.004028 90.205643     319.913574 -67.734375 28.263672     -0.999953 0.009654 -0.009654 -0.999953     11.814841 11.814841 1.027081
137.004028 90.205643     272.354492 -34.835449 7.939453     -0.999953 0.009654 -0.009654 -0.999953     11.814841 11.814841 1.706710
461.442749 439.452179     1471.705566 406.197754 795.151611     -0.999877 0.015684 -0.015684 -0.999877     8.568487 8.568487 1.574368
445.380005 132.679993     236.031250 112.007812 82.335938     -0.989151 -0.146902 0.146902 -0.989151     16.307107 16.307107 1.823320
91.539261 310.330994     147.627930 38.021973 20.327148     -0.955630 -0.294571 0.294571 -0.955630     60.203365 60.203365 1.459703
91.539261 310.330994     855.529297 -89.927734 23.094727     -0.955630 -0.294571 0.294571 -0.955630     60.203365 60.203365 4.570038
455.644470 415.978546     105.031250 18.779297 19.930420     -0.999988 -0.004903 0.004903 -0.999988     27.724564 27.724564 3.203971
93.538193 101.151039     222.063416 20.109375 11.523438     -0.999607 0.028032 -0.028032 -0.999607     18.768591 18.768591 4.719013
494.699585 147.625519     545.765625 79.306152 17.195801     -0.969869 -0.243628 0.243628 -0.969869     13.000463 13.000463 1.995325
494.699585 147.625519     68.750000 17.741211 68.471115     -0.969869 -0.243628 0.243628 -0.969869     13.000463 13.000463 5.226209
551.347473 188.899612     54.593750 7.406250 13.398438     -0.970588 -0.240746 0.240746 -0.970588     13.975327 13.975327 1.547028
551.347473 188.899612     48495.500000 2102.523438 20833.132812     -0.970588 -0.240746 0.240746 -0.970588     13.975327 13.975327 2.246850
540.106567 217.157288     107.438171 24.484131 41.511719     -0.713771 0.700379 -0.700379 -0.713771     60.959847 60.959847 5.144398
330.085938 449.408264     174.562500 9.458374 10.213333     -0.721002 0.692933 -0.692933 -0.721002     11.789780 11.789780 4.597652
501.104492 135.705231     80.000000 -8.296875 8.752075     -0.946175 -0.323654 0.323654 -0.946175     8.542746 8.542746 4.973114
576.239258 142.162674     17.595703 3.546875 553.171875     -0.996527 -0.083266 0.083266 -0.996527     7.071736 7.071736 1.549409
554.488831 171.152039     623.875000 82.604126 22.903114     -0.924922 -0.380158 0.380158 -0.924922     28.166584 28.166584 1.469744
13.749397 456.224091     56.312500 25.195312 30.140015     -0.198309 -0.980140 0.980140 -0.198309     11.010554 11.010554 1.595565
551.302551 249.357040     82.492188 -16.958984 9.206543     -0.749190 0.662355 -0.662355 -0.749190     15.464931 15.464931 4.819650
211.537628 388.340515     176.421875 -10.216797 11.036230     -0.999654 -0.026315 0.026315 -0.999654     1.521320 1.521320 4.733384
222.428207 388.628204     44.925781 -8.932617 13.723083     -0.999694 -0.024732 0.024732 -0.999694     2.028686 2.028686 4.714866
323.781464 397.748810     250.296875 -6.987793 11.159990     -0.999973 -0.007337 0.007337 -0.999973     6.513316 6.513316 1.572592
323.781464 397.748810     59.890625 14.186035 11.104332     -0.999973 -0.007337 0.007337 -0.999973     6.513316 6.513316 4.714463
613.843079 430.207458     80.382812 25.588379 20.232353     -0.892263 0.451516 -0.451516 -0.892263     10.111305 10.111305 1.638853
327.460327 117.990479     261.125000 -59.917969 54.661743     -0.996165 -0.087495 0.087495 -0.996165     45.963069 45.963069 3.249070
336.409119 394.856659     88.312500 7.241211 11.750458     -0.999955 -0.009473 0.009473 -0.999955     20.501446 20.501446 1.570446
327.125671 116.439148     143.242188 45.470703 21.381592     -0.996566 -0.082802 0.082802 -0.996566     51.758672 51.758672 3.264261
344.248901 85.786026     130.906250 2.302734 3.821289     -0.984041 -0.177939 0.177939 -0.984041     9.075116 9.075116 2.680347
16.441860 279.990692     50.500000 -34.147461 39.539917     -0.999673 -0.025563 0.025563 -0.999673     11.146757 11.146757 4.705299
41.341270 22.238094     25.675781 -1.632812 60.187500     -0.999914 0.013112 -0.013112 -0.999914     13.158277 13.158277 0.813849
41.341270 22.238094     20.984375 17.734375 157.773438     -0.999914 0.013112 -0.013112 -0.999914     13.158277 13.158277 1.247888
508.074799 427.858856     29.835938 -25.656250 358.484375     -0.997609 0.069112 -0.069112 -0.997609     28.188076 28.188076 1.569905
15.386474 31.449276     35.519531 -21.101562 391.742188     -0.978592 -0.205811 0.205811 -0.978592     10.741855 10.741855 4.659062
350.628479 86.781250     120.156250 41.140625 147.898438     -0.986116 -0.166061 0.166061 -0.986116     8.822924 8.822924 2.659608
350.628479 86.781250     75.410156 -101.000000 202.734375     -0.986116 -0.166061 0.166061 -0.986116     8.822924 8.822924 5.139206
611.877014 179.713287     22.210938 -22.429688 84.167969     -0.709579 0.704626 -0.704626 -0.709579     18.410739 18.410739 1.765716
51.772358 81.788620     93.359375 29.476562 473.648438     -0.998006 -0.063123 0.063123 -0.998006     11.556864 11.556864 4.710204
42.272125 282.365906     28.867188 -24.675781 88.929688     -0.998343 -0.057546 0.057546 -0.998343     12.641930 12.641930 4.707814
259.178436 449.198639     10.273438 5.851562 109.734375     -0.999492 -0.031868 0.031868 -0.999492     5.256547 5.256547 4.765682
615.464600 115.311951     10.359375 -1.890625 61.750000     -0.872025 -0.489461 0.489461 -0.872025     13.104844 13.104844 1.465157
24.787500 115.866669     37.320312 16.656250 261.171875     -0.988790 -0.149313 0.149313 -0.988790     10.870755 10.870755 4.691953
148.580948 137.000000     8.671875 -4.796875 65.406250     -0.930625 0.365975 -0.365975 -0.930625     36.948834 36.948834 1.559705
148.580948 137.000000     39.539062 -21.742188 90.066406     -0.930625 0.365975 -0.365975 -0.930625     36.948834 36.948834 3.815684
28.830330 25.851351     269.312500 -55.433594 126.292969     -0.980348 0.197274 -0.197274 -0.980348     20.782734 20.782734 4.777863
321.316864 116.902802     19.328125 -9.406250 76.992188     -0.998545 -0.053922 0.053922 -0.998545     58.027243 58.027243 3.395663
66.775002 131.664993     22.675781 -3.429688 58.812500     -0.984814 0.173613 -0.173613 -0.984814     12.526983 12.526983 0.817895
66.775002 131.664993     15.062500 -0.500000 27.191406     -0.984814 0.173613 -0.173613 -0.984814     12.526983 12.526983 3.434866
107.455360 80.232140     49.484375 -20.937500 92.835938     -0.986153 -0.165837 0.165837 -0.986153     15.200152 15.200152 1.312745
107.455360 80.232140     59.437500 -20.820312 94.839844     -0.986153 -0.165837 0.165837 -0.986153     15.200152 15.200152 1.778251
176.312241 112.021095     6.054688 -10.867188 98.589844     -0.979672 0.200605 -0.200605 -0.979672     9.421289 9.421289 1.017661
176.312241 112.021095     7.015625 -9.601562 108.574219     -0.979672 0.200605 -0.200605 -0.979672     9.421289 9.421289 1.317589
336.095398 84.834862     11.031250 7.031250 65.843750     -0.989381 -0.145345 0.145345 -0.989381     9.688324 9.688324 2.803386
336.095398 84.834862     17.960938 31.593750 139.843750     -0.989381 -0.145345 0.145345 -0.989381     9.688324 9.688324 5.031981
615.593445 114.833031     45.015625 -18.056152 50.510742     -0.868103 -0.496385 0.496385 -0.868103     15.127329 15.127329 1.447780
43.070423 113.532082     16644.203125 4071.640625 16331.800781     -0.999781 0.020932 -0.020932 -0.999781     19.374805 19.374805 4.714191
57.052174 96.621742     85.822266 32.496094 21.406250     -0.996909 0.078567 -0.078567 -0.996909     10.385895 10.385895 0.984411
57.052174 96.621742     19.296875 -12.164062 148.734375     -0.996909 0.078567 -0.078567 -0.996909     10.385895 10.385895 1.662020
608.105286 138.635086     38.976562 109.289062 894.277344     -0.999296 0.037514 -0.037514 -0.999296     14.008900 14.008900 1.578652
519.466370 185.693283     1.882812 5.929688 316.503906     -0.963475 -0.267798 0.267798 -0.963475     23.771464 23.771464 3.116626
519.466370 185.693283     747.359375 8.025635 16.211302     -0.963475 -0.267798 0.267798 -0.963475     23.771464 23.771464 4.445512
571.947144 172.471161     141.250000 59.718750 64.343750     -0.998898 0.046931 -0.046931 -0.998898     15.946312 15.946312 0.723595
571.947144 172.471161     86.480469 33.812500 22.640625     -0.998898 0.046931 -0.046931 -0.998898     15.946312 15.946312 1.634631
324.504913 118.133820     5.640625 28.601562 286.132812     -0.997014 -0.077221 0.077221 -0.997014     61.165616 61.165616 3.299844
120.165092 65.424530     163.750000 57.242188 23.453125     -0.999611 0.027880 -0.027880 -0.999611     18.458331 18.458331 0.165486
120.165092 65.424530     5581.234375 3330.460938 8927.531250     -0.999611 0.027880 -0.027880 -0.999611     18.458331 18.458331 2.982189
173.309143 73.312302     787.015625 -18.189209 27.544781     -0.966679 -0.255991 0.255991 -0.966679     12.407179 12.407179 1.751690
173.309143 73.312302     3.929688 -4.351562 334.246094     -0.966679 -0.255991 0.255991 -0.966679     12.407179 12.407179 5.080236
42.317345 109.235870     250.867188 -39.468750 14.406250     -0.998217 0.059696 -0.059696 -0.998217     37.537606 37.537606 4.729955
144.733765 100.714287     252.320312 -114.421875 2003.621094     -0.959610 0.281333 -0.281333 -0.959610     14.301578 14.301578 1.125958
144.733765 100.714287     816.781250 -36.639160 36.178841     -0.959610 0.281333 -0.281333 -0.959610     14.301578 14.301578 3.590207
67.464760 129.863434     257.953125 -36.828125 14.515625     -0.976457 0.215711 -0.215711 -0.976457     16.411353 16.411353 4.764442
26.759857 160.401428     264.007812 -182.421875 2284.082031     -0.991714 0.128461 -0.128461 -0.991714     8.330534 8.330534 4.725545
337.371704 85.072365     165.156250 58.632812 24.789062     -0.989509 -0.144474 0.144474 -0.989509     9.829802 9.829802 2.808282
616.287903 113.528511     74.375000 -54.628906 70.505371     -0.884799 -0.465972 0.465972 -0.884799     21.743889 21.743889 1.394085
93.367523 16.381767     832.031250 -49.242676 46.615166     -0.963974 -0.265996 0.265996 -0.963974     14.112717 14.112717 5.466516
169.824860 112.935028     52.648438 -78.554688 127.429688     -0.994345 0.106194 -0.106194 -0.994345     16.528334 16.528334 1.451410
169.824860 112.935028     259.648438 -36.671875 15.250000     -0.994345 0.106194 -0.106194 -0.994345     16.528334 16.528334 4.580273
142.341019 49.055298     32.003906 18.324219 23.320312     -0.996833 -0.079529 0.079529 -0.996833     10.151485 10.151485 1.193765
142.341019 49.055298     836.000000 -62.410645 59.085861     -0.996833 -0.079529 0.079529 -0.996833     10.151485 10.151485 1.520766
24.604877 263.165863     89.480469 14.265625 12.382812     -0.995550 -0.094236 0.094236 -0.995550     13.957208 13.957208 4.697223
535.869995 77.264999     286.171875 -109.406250 3015.806641     -0.998783 -0.049319 0.049319 -0.998783     17.401457 17.401457 1.642890
535.869995 77.264999     848.671875 -101.967285 102.566116     -0.998783 -0.049319 0.049319 -0.998783     17.401457 17.401457 2.438720
132.205948 46.878719     173.335938 59.406250 25.625000     -0.989395 -0.145249 0.145249 -0.989395     10.604373 10.604373 1.333677
132.205948 46.878719     843.359375 -132.574707 148.028839     -0.989395 -0.145249 0.145249 -0.989395     10.604373 10.604373 1.866518
546.785339 214.239029     57.265625 -8.671875 21.421875     -0.985144 -0.171731 0.171731 -0.985144     15.658044 15.658044 2.610109
546.785339 214.239029     60.257812 -19.812500 21.562500     -0.985144 -0.171731 0.171731 -0.985144     15.658044 15.658044 4.302501
589.735535 34.363636     57.983398 -6.382812 10.875000     -0.993462 0.114162 -0.114162 -0.993462     12.566733 12.566733 1.964111
589.735535 34.363636     176.484375 -160.197266 193.274902     -0.993462 0.114162 -0.114162 -0.993462     12.566733 12.566733 4.729829
146.986450 343.343109     438.484375 -29.531250 18.562500     -0.006622 -0.999978 0.999978 -0.006622     18.863652 18.863652 4.734813
539.714966 34.271027     245.303711 -13.679688 83.296875     -0.867340 -0.497716 0.497716 -0.867340     14.919603 14.919603 2.148123
512.942322 22.826923     48.273438 -61.671875 101.789062     -0.999708 0.024175 -0.024175 -0.999708     9.153556 9.153556 4.830375
539.985535 34.326088     1323.126953 -523.382812 304.523438     -0.854672 -0.519169 0.519169 -0.854672     17.332406 17.332406 2.150555
272.581818 71.372726     2303.294922 -68.390625 351.031250     -0.976606 0.215039 -0.215039 -0.976606     10.526872 10.526872 0.283972
272.581818 71.372726     73.039062 15.691406 402.113281     -0.976606 0.215039 -0.215039 -0.976606     10.526872 10.526872 0.603368
532.652039 50.545788     123.242188 -182.031250 300.429688     -0.972026 -0.234873 0.234873 -0.972026     13.258052 13.258052 1.400620
532.652039 50.545788     22.919922 95.313477 622.088867     -0.972026 -0.234873 0.234873 -0.972026     13.258052 13.258052 4.693453
492.355774 203.783661     115.984375 1.636719 474.632812     -0.553792 -0.832655 0.832655 -0.553792     14.085826 14.085826 3.142587
492.355774 203.783661     2156.505859 -32.242188 805.468750     -0.553792 -0.832655 0.832655 -0.553792     14.085826 14.085826 5.048087
194.617538 32.617542     7.750000 30.386719 466.445312     -0.985507 -0.169633 0.169633 -0.985507     11.806274 11.806274 1.311722
194.617538 32.617542     264.148438 -26.414062 8.781250     -0.985507 -0.169633 0.169633 -0.985507     11.806274 11.806274 4.928317
469.634613 30.812500     9.601562 38.558594 500.464844     -0.975227 -0.221208 0.221208 -0.975227     12.557987 12.557987 1.164496
469.634613 30.812500     128.093750 -190.453125 319.750000     -0.975227 -0.221208 0.221208 -0.975227     12.557987 12.557987 1.556721
203.688126 18.232674     2183.722656 -29.343750 1293.640625     -0.966391 0.257078 -0.257078 -0.966391     15.158284 15.158284 0.487901
203.688126 18.232674     193.593750 -176.875000 214.805664     -0.966391 0.257078 -0.257078 -0.966391     15.158284 15.158284 0.915393
258.594055 24.797029     2428.488281 -148.195312 1338.406250     -0.988216 0.153065 -0.153065 -0.988216     9.281488 9.281488 1.110218
258.594055 24.797029     75.953125 15.171875 11.671875     -0.988216 0.153065 -0.153065 -0.988216     9.281488 9.281488 1.482825
470.190979 27.647215     198.203125 -5.539062 7830.914062     -0.831813 -0.555056 0.555056 -0.831813     27.427511 27.427511 5.596207
426.411407 32.358452     7.684082 23.879883 122.125000     -0.965627 0.259930 -0.259930 -0.965627     27.933678 27.933678 0.635742
426.411407 32.358452     66.078125 26.859375 47.312500     -0.965627 0.259930 -0.259930 -0.965627     27.933678 27.933678 4.014552
460.976837 55.346050     2661.835938 -222.484375 1320.625000     -0.999957 0.009240 -0.009240 -0.999957     23.416406 23.416406 1.057862
460.976837 55.346050     165.421875 35.546875 18.937500     -0.999957 0.009240 -0.009240 -0.999957     23.416406 23.416406 3.544314
382.995422 21.743120     62.156250 31.937500 77.703125     -0.995634 -0.093339 0.093339 -0.995634     14.973310 14.973310 1.591584
382.995422 21.743120     13.064453 50.075195 259.380859     -0.995634 -0.093339 0.093339 -0.995634     14.973310 14.973310 4.678502
344.622803 59.864037     120.453125 -8.265625 67.578125     -0.941742 -0.336335 0.336335 -0.941742     11.274166 11.274166 2.018331
344.622803 59.864037     16.343750 -13.734375 41.242188     -0.941742 -0.336335 0.336335 -0.941742     11.274166 11.274166 4.580013
324.710907 22.592417     13.804199 51.531250 267.056641     -0.990787 -0.135432 0.135432 -0.990787     12.462552 12.462552 5.129999
347.075256 60.623657     207.539062 -28.628906 7631.718750     -0.949060 -0.315094 0.315094 -0.949060     11.281467 11.281467 1.998652
347.075256 60.623657     190.328125 37.812500 20.531250     -0.949060 -0.315094 0.315094 -0.949060     11.281467 11.281467 4.685158
439.707550 69.764153     1.906250 6.705078 229.871338     -0.999836 -0.018111 0.018111 -0.999836     8.748512 8.748512 1.476841
439.707550 69.764153     14.399902 52.309570 274.539062     -0.999836 -0.018111 0.018111 -0.999836     8.748512 8.748512 4.710712
359.386169 40.906506     150.609375 -31.109375 83.203125     -0.761070 0.648670 -0.648670 -0.761070     14.536860 14.536860 1.279266
248.828705 283.539337     1609.750000 982.796875 4304.962891     0.047154 -0.998888 0.998888 0.047154     22.767822 22.767822 4.734549
484.269165 311.420776     169.062500 -55.140625 58.046875     -0.126514 -0.991965 0.991965 -0.126514     19.471306 19.471306 2.998467
484.269165 311.420776     2.140625 5.039062 248.749268     -0.126514 -0.991965 0.991965 -0.126514     19.471306 19.471306 4.764499
249.669220 296.644348     215.859375 42.296875 22.546875     0.077363 -0.997003 0.997003 0.077363     23.745813 23.745813 4.725467
501.035431 351.590546     15.166016 53.207031 281.259766     -0.830313 0.557297 -0.557297 -0.830313     16.716494 16.716494 4.901536
250.834763 298.658569     379.031250 59.718750 27.828125     0.058928 -0.998262 0.998262 0.058928     26.344759 26.344759 4.731911
491.477814 313.336761     24.421875 20.687500 100.734375     -0.583313 -0.812247 0.812247 -0.583313     42.835471 42.835471 3.771414
176.237122 311.212738     259.750000 -12.906250 58.687500     0.483099 -0.875566 0.875566 0.483099     19.964344 19.964344 5.197772
252.252945 300.707184     22.031250 22.781250 89.718750     0.030256 -0.999542 0.999542 0.030256     29.988834 29.988834 4.739499
326.299652 192.651566     2.718750 6.640625 250.622559     0.275142 -0.961404 0.961404 0.275142     15.071481 15.071481 2.092318
326.498505 192.075073     269.843750 -11.781250 61.984375     0.308237 -0.951310 0.951310 0.308237     17.395522 17.395522 2.120086
257.009155 304.611237     18.890625 -15.507812 43.226562     -0.076823 -0.997045 0.997045 -0.076823     42.948058 42.948058 4.800083
326.578796 191.483200     96.062500 -3.625000 76.296875     0.337169 -0.941444 0.941444 0.337169     20.139604 20.139604 2.151311
294.976196 346.744904     19.650879 59.866211 311.433594     -0.058530 -0.998286 0.998286 -0.058530     14.180611 14.180611 0.680793
294.976196 346.744904     35.953125 10.125000 106.359375     -0.058530 -0.998286 0.998286 -0.058530     14.180611 14.180611 4.720956
306.680664 259.361359     141.140625 -38.656250 159.328125     -0.332666 -0.943045 0.943045 -0.332666     12.630866 12.630866 1.106255
306.680664 259.361359     3.828125 8.986328 245.182617     -0.332666 -0.943045 0.943045 -0.332666     12.630866 12.630866 6.289380
249.500000 205.901871     5.281250 10.126953 230.979980     -0.937122 -0.349002 0.349002 -0.937122     15.236412 15.236412 4.521836
243.591080 224.795532     1633.515625 961.380859 5063.154297     0.036715 -0.999326 0.999326 0.036715     14.435053 14.435053 1.564837
243.591080 224.795532     24.972656 72.291016 521.404297     0.036715 -0.999326 0.999326 0.036715     14.435053 14.435053 3.006896
302.295502 265.374146     295.390625 -35.750000 78.312500     -0.073798 -0.997273 0.997273 -0.073798     27.032886 27.032886 5.607296
326.504547 190.727280     6.828125 12.568359 241.967041     0.364448 -0.931224 0.931224 0.364448     23.378310 23.378310 2.178505
248.893723 217.167740     15.718750 -28.984375 197.265625     0.231580 -0.972816 0.972816 0.231580     29.435416 29.435416 4.659381
256.910980 215.914429     61.437500 -121.015625 309.609375     -0.911224 0.411912 -0.411912 -0.911224     44.957249 44.957249 5.050260
431.945465 257.431824     218.203125 7.843750 7559.005859     0.083659 -0.996494 0.996494 0.083659     12.940266 12.940266 5.610091
326.296295 190.487656     300.062500 -35.062500 78.093750     0.347882 -0.937538 0.937538 0.347882     25.244731 25.244731 2.236811
260.051147 215.715485     131.937500 -5.218750 81.500000     -0.946135 0.323773 -0.323773 -0.946135     46.618630 46.618630 4.911213
429.709839 257.103638     9.875000 14.826172 235.974121     0.157025 -0.987595 0.987595 0.157025     19.002873 19.002873 5.619962
200.582413 234.190475     368.390625 60.046875 34.000000     0.093655 -0.995605 0.995605 0.093655     21.275605 21.275605 6.094907
424.520935 222.609299     35.692383 77.899414 507.144531     0.041119 -0.999154 0.999154 0.041119     17.452763 17.452763 4.678273
423.760864 224.177536     39.578125 5.968750 109.859375     0.157038 -0.987593 0.987593 0.157038     18.331993 18.331993 4.578745
326.306976 190.033081     159.796875 -67.062500 188.265625     0.374667 -0.927160 0.927160 0.374667     28.822314 28.822314 2.266804
326.861847 189.938782     2845.808594 -160.046875 1389.812500     0.419684 -0.907670 0.907670 0.419684     31.759520 31.759520 2.265455
357.192139 212.668121     348.156250 -41.671875 82.093750     0.115092 -0.993355 0.993355 0.115092     9.854480 9.854480 1.556141
357.192139 212.668121     47.890625 1.937500 39.742188     0.115092 -0.993355 0.993355 0.115092     9.854480 9.854480 4.798023
357.661926 213.491104     12.515625 16.347656 235.002930     0.093303 -0.995638 0.995638 0.093303     11.128605 11.128605 1.552642
467.197723 344.711029     270.132812 -191.760742 150.561523     -0.125240 -0.992126 0.992126 -0.125240     14.332105 14.332105 3.033371
467.197723 344.711029     64.085938 -124.906250 314.812500     -0.125240 -0.992126 0.992126 -0.125240     14.332105 14.332105 4.768257
323.195648 256.681152     16.359375 16.937500 236.572021     -0.236868 -0.971542 0.971542 -0.236868     14.412783 14.412783 5.891618
