1.0
622
590.998230 210.197479     67.468750 0.093750 29.054688     -0.999997 -0.002440 0.002440 -0.999997     24.255985 24.255985 1.492958
569.423096 375.153839     363.687500 21.109375 2.421875     -0.998309 -0.058135 0.058135 -0.998309     4.914281 4.914281 1.599963
577.340637 372.282166     598.125000 44.031250 18.890625     -0.997156 -0.075367 0.075367 -0.997156     17.752288 17.752288 1.641963
580.767212 372.065308     675.437500 37.953125 17.625000     -0.998351 -0.057410 0.057410 -0.998351     17.683625 17.683625 1.633640
580.767212 372.065308     1225.718750 546.289062 11647.441406     -0.998351 -0.057410 0.057410 -0.998351     17.683625 17.683625 4.710459
585.928345 371.995361     790.718750 29.421875 15.031250     -0.999221 -0.039460 0.039460 -0.999221     17.116708 17.116708 1.624507
585.928345 371.995361     655.593750 -1.421875 0.359375     -0.999221 -0.039460 0.039460 -0.999221     17.116708 17.116708 4.711032
588.368347 372.042908     1273.218750 498.843750 12469.011719     -0.999283 -0.037849 0.037849 -0.999283     16.787399 16.787399 1.618291
588.368347 372.042908     15.523438 14.960938 38.820312     -0.999283 -0.037849 0.037849 -0.999283     16.787399 16.787399 4.716583
603.719604 383.565430     9.265625 10.796875 53.453125     -0.999998 0.002170 -0.002170 -0.999998     2.686050 2.686050 4.712037
328.916656 358.892151     8.781250 -0.484375 39.554688     -0.439124 -0.898426 0.898426 -0.439124     12.894659 12.894659 4.829103
393.774994 365.309998     3.640625 4.417969 99.930664     -0.225326 -0.974284 0.974284 -0.225326     11.707438 11.707438 0.619416
393.774994 365.309998     10.859375 1.570312 42.320312     -0.225326 -0.974284 0.974284 -0.225326     11.707438 11.707438 4.597287
329.057770 359.253326     10.312500 4.242188 73.015625     -0.443344 -0.896352 0.896352 -0.443344     13.171980 13.171980 4.794925
458.165924 283.838440     12.968750 2.046875 44.179688     0.015734 -0.999876 0.999876 0.015734     13.329140 13.329140 1.614285
458.165924 283.838440     9.890625 2.603516 146.397949     0.015734 -0.999876 0.999876 0.015734     13.329140 13.329140 4.910553
501.322998 67.473450     7.234375 1.328125 46.601562     -0.045738 -0.998953 0.998953 -0.045738     8.344249 8.344249 1.968218
501.322998 67.473450     11.000000 12.937500 56.718750     -0.045738 -0.998953 0.998953 -0.045738     8.344249 8.344249 4.307705
458.780304 284.242432     18.421875 -0.726562 46.906250     -0.049728 -0.998763 0.998763 -0.049728     14.775625 14.775625 5.033297
460.604004 247.636002     11.687500 8.761719 145.454346     -0.067196 -0.997740 0.997740 -0.067196     14.249302 14.249302 1.499658
459.321930 284.424652     19.359375 4.656250 100.453125     -0.065164 -0.997875 0.997875 -0.065164     16.121739 16.121739 5.061421
445.752411 56.980709     1419.750000 471.734375 13353.472656     -0.019062 -0.999818 0.999818 -0.019062     14.116657 14.116657 1.603834
445.752411 56.980709     9.218750 0.765625 68.585938     -0.019062 -0.999818 0.999818 -0.019062     14.116657 14.116657 4.777995
458.610077 316.660553     5.343750 3.335938 71.130859     -0.033679 -0.999433 0.999433 -0.033679     12.066059 12.066059 1.779920
458.610077 316.660553     24.937500 -22.343750 388.546875     -0.033679 -0.999433 0.999433 -0.033679     12.066059 12.066059 6.258440
393.644135 365.103607     14.531250 12.376953 138.117188     -0.254671 -0.967028 0.967028 -0.254671     12.399813 12.399813 0.713009
393.644135 365.103607     14.468750 -8.109375 41.972656     -0.254671 -0.967028 0.967028 -0.254671     12.399813 12.399813 4.573032
460.485962 284.278076     10.578125 0.984375 85.187500     0.025483 -0.999675 0.999675 0.025483     19.304609 19.304609 5.017006
460.485962 284.278076     17.695312 16.968750 45.890625     0.025483 -0.999675 0.999675 0.025483     19.304609 19.304609 6.169099
446.572937 58.320953     17.265625 12.945312 135.320801     -0.065083 -0.997880 0.997880 -0.065083     15.003333 15.003333 1.666121
446.572937 58.320953     17.953125 -11.671875 44.371094     -0.065083 -0.997880 0.997880 -0.065083     15.003333 15.003333 4.787509
464.027191 248.449783     28.031250 -16.156250 399.187500     -0.057137 -0.998366 0.998366 -0.057137     19.662939 19.662939 1.374491
459.168884 319.350983     21.468750 18.169922 140.436035     -0.012893 -0.999917 0.999917 -0.012893     13.655760 13.655760 1.763035
459.168884 319.350983     4.250000 4.902344 110.968262     -0.012893 -0.999917 0.999917 -0.012893     13.655760 13.655760 6.190511
449.806732 107.399162     28.906250 -35.187500 88.443359     -0.050514 -0.998723 0.998723 -0.050514     10.236905 10.236905 1.673753
463.331207 264.525940     29.078125 26.738281 151.071045     0.061105 -0.998131 0.998131 0.061105     21.846851 21.846851 1.543916
463.331207 264.525940     13.270508 6.878906 26.679688     0.061105 -0.998131 0.998131 0.061105     21.846851 21.846851 4.858428
447.480011 59.053333     14.140625 -1.765625 111.851562     -0.098680 -0.995119 0.995119 -0.098680     16.413533 16.413533 1.661317
447.480011 59.053333     60.468750 -16.609375 84.031250     -0.098680 -0.995119 0.995119 -0.098680     16.413533 16.413533 4.825519
456.396240 184.169815     36.578125 35.330078 164.332764     0.263262 -0.964724 0.964724 0.263262     15.753727 15.753727 5.361357
459.669434 321.126709     15.687500 -2.265625 126.187500     -0.013190 -0.999913 0.999913 -0.013190     14.626827 14.626827 1.761928
459.669434 321.126709     73.062500 -0.125000 32.679688     -0.013190 -0.999913 0.999913 -0.013190     14.626827 14.626827 6.191342
329.044189 359.710846     32.109375 -4.468750 429.101562     -0.424833 -0.905272 0.905272 -0.424833     14.038334 14.038334 4.793080
448.156555 59.009785     18.156250 -3.796875 139.226562     -0.107736 -0.994180 0.994180 -0.107736     17.922647 17.922647 1.657459
448.156555 59.009785     55.421875 22.839844 58.871094     -0.107736 -0.994180 0.994180 -0.107736     17.922647 17.922647 4.859156
457.117645 183.331940     42.875000 33.113281 166.918457     0.354004 -0.935244 0.935244 0.354004     16.555563 16.555563 5.290348
464.067627 265.299988     6.156250 2.402344 73.528320     0.043406 -0.999057 0.999057 0.043406     23.524847 23.524847 1.516429
464.067627 265.299988     64.945312 -21.140625 47.515625     0.043406 -0.999057 0.999057 0.043406     23.524847 23.524847 4.914365
460.023926 322.361237     58.812500 -20.140625 103.513672     -0.000915 -1.000000 1.000000 -0.000915     15.729852 15.729852 1.776445
460.023926 322.361237     22.359375 -5.718750 149.328125     -0.000915 -1.000000 1.000000 -0.000915     15.729852 15.729852 6.155835
448.965210 59.650436     76.734375 -4.960938 16.054688     -0.147687 -0.989034 0.989034 -0.147687     19.488445 19.488445 1.735062
448.965210 59.650436     258.328125 -39.722656 54.643555     -0.147687 -0.989034 0.989034 -0.147687     19.488445 19.488445 4.926212
501.031616 67.474312     12.437500 13.625000 58.765625     -0.045793 -0.998951 0.998951 -0.045793     9.028387 9.028387 4.286677
501.031616 67.474312     130.812500 78.527344 351.023438     -0.045793 -0.998951 0.998951 -0.045793     9.028387 9.028387 6.278564
459.425140 179.149704     109.289062 -44.359375 84.476562     0.420789 -0.907158 0.907158 0.420789     15.963513 15.963513 5.080393
450.121613 60.459461     9.093750 -9.054688 56.092773     -0.205099 -0.978741 0.978741 -0.205099     21.802956 21.802956 1.695594
450.121613 60.459461     104.906250 -11.187500 18.351562     -0.205099 -0.978741 0.978741 -0.205099     21.802956 21.802956 4.947695
97.668320 213.683167     46.812500 26.253906 174.265869     -0.388603 -0.921405 0.921405 -0.388603     14.490646 14.490646 0.980453
97.668320 213.683167     1.093750 11.031250 298.460938     -0.388603 -0.921405 0.921405 -0.388603     14.490646 14.490646 3.001279
460.327728 323.550415     135.937500 -61.257812 108.986328     0.018061 -0.999837 0.999837 0.018061     16.902716 16.902716 1.788591
460.327728 323.550415     200.632812 173.125000 456.476562     0.018061 -0.999837 0.999837 0.018061     16.902716 16.902716 6.096164
462.789124 179.537415     25.984375 -6.515625 164.445312     0.459048 -0.888411 0.888411 0.459048     32.414551 32.414551 5.250772
451.229950 61.212879     15.734375 15.195312 47.055389     -0.249929 -0.968264 0.968264 -0.249929     23.580467 23.580467 5.021821
460.659088 324.604156     77.640625 7.226562 45.886475     0.020490 -0.999790 0.999790 0.020490     17.796955 17.796955 1.790103
460.659088 324.604156     122.531250 -19.023438 23.195312     0.020490 -0.999790 0.999790 0.020490     17.796955 17.796955 6.086316
591.204895 210.261795     98.078125 -9.921875 12.522461     -0.999995 0.003095 -0.003095 -0.999995     25.724615 25.724615 1.503733
464.895630 266.550049     16.484375 14.980469 48.191116     0.011254 -0.999937 0.999937 0.011254     25.479332 25.479332 1.512611
464.895630 266.550049     4.875000 5.140625 114.006836     0.011254 -0.999937 0.999937 0.011254     25.479332 25.479332 4.924141
461.027130 325.769501     512.054688 -297.941406 1079.511719     0.031315 -0.999510 0.999510 0.031315     19.111651 19.111651 1.794534
461.027130 325.769501     97.921875 26.649414 135.074951     0.031315 -0.999510 0.999510 0.031315     19.111651 19.111651 6.059643
307.594360 197.021164     517.328125 441.679688 1089.945312     -0.679965 -0.733244 0.733244 -0.679965     26.332353 26.332353 4.403968
452.536652 60.897778     56.812500 -19.968750 120.707031     -0.242749 -0.970089 0.970089 -0.242749     26.465566 26.465566 5.055089
449.854950 107.706108     18.000000 14.752930 48.887619     -0.035590 -0.999366 0.999366 -0.035590     11.087452 11.087452 1.681325
311.731384 254.490189     1.265625 11.250000 313.593750     -0.830999 0.556274 -0.556274 -0.830999     25.992718 25.992718 3.842710
463.251007 178.342102     56.765625 13.562500 9.656250     0.358553 -0.933509 0.933509 0.358553     32.160569 32.160569 5.322775
461.616302 326.534729     36.437500 -1.007812 435.750000     0.044904 -0.998991 0.998991 0.044904     21.155897 21.155897 1.812982
461.616302 326.534729     146.015625 60.142578 204.168335     0.044904 -0.998991 0.998991 0.044904     21.155897 21.155897 4.896568
333.192505 269.527496     689.335938 -296.652344 1019.796875     -0.996718 0.080950 -0.080950 -0.996718     17.803046 17.803046 4.842053
313.535950 117.699219     597.179688 406.781250 1061.906250     -0.982762 0.184876 -0.184876 -0.982762     30.906507 30.906507 4.651116
393.485840 365.242920     40.828125 -45.921875 320.070312     -0.262727 -0.964870 0.964870 -0.262727     13.294066 13.294066 0.636347
393.485840 365.242920     20.531250 14.983887 51.044250     -0.262727 -0.964870 0.964870 -0.262727     13.294066 13.294066 3.055416
293.978424 182.831146     725.257812 383.585938 1058.539062     -0.304835 -0.952405 0.952405 -0.304835     46.259986 46.259986 4.840134
304.706512 258.502167     173.218750 -70.074219 108.718750     -0.796662 0.604425 -0.604425 -0.796662     32.080055 32.080055 3.939445
377.045013 114.584999     67.656250 18.773438 12.195312     0.182856 -0.983140 0.983140 0.182856     12.249301 12.249301 1.580440
377.045013 114.584999     929.164062 399.867188 1056.257812     0.182856 -0.983140 0.983140 0.182856     12.249301 12.249301 5.538135
334.156586 269.858032     128.414062 -41.320312 54.078125     -0.992011 0.126148 -0.126148 -0.992011     18.515147 18.515147 4.903427
453.382721 59.842983     50.968750 18.857422 194.053955     -0.194153 -0.980971 0.980971 -0.194153     29.029829 29.029829 1.797129
453.382721 59.842983     27.062500 18.724609 53.913330     -0.194153 -0.980971 0.980971 -0.194153     29.029829 29.029829 5.066135
502.818634 291.740204     2.265625 16.765625 338.250000     -0.037020 -0.999315 0.999315 -0.037020     3.724663 3.724663 1.644820
326.137115 162.654480     1013.453125 -260.429688 994.066406     -0.779373 0.626560 -0.626560 -0.779373     34.781077 34.781077 0.916072
326.137115 162.654480     14.561523 8.013672 31.636719     -0.779373 0.626560 -0.626560 -0.779373     34.781077 34.781077 4.868067
321.624634 320.700043     163.292969 -53.333984 21.133301     -0.450405 -0.892824 0.892824 -0.450405     47.898282 47.898282 2.164678
462.164886 327.871307     111.765625 6.107422 17.052734     0.046902 -0.998899 0.998899 0.046902     22.803255 22.803255 1.840238
462.164886 327.871307     1.546875 3.230469 288.059082     0.046902 -0.998899 0.998899 0.046902     22.803255 22.803255 6.016796
446.533661 14.201923     3.578125 22.296875 333.437500     -0.375709 -0.926738 0.926738 -0.375709     13.923878 13.923878 0.930089
318.128998 50.345978     774.125000 -66.337891 311.190552     -0.977281 -0.211947 0.211947 -0.977281     29.957706 29.957706 1.596809
318.128998 50.345978     7.437500 3.320312 79.981445     -0.977281 -0.211947 0.211947 -0.977281     29.957706 29.957706 6.104596
334.567322 270.405731     1238.984375 444.812500 1083.117188     -0.983323 0.181870 -0.181870 -0.983323     19.961359 19.961359 4.858973
319.578674 76.050667     31.734375 18.729492 52.793549     -0.993514 0.113708 -0.113708 -0.993514     15.185013 15.185013 1.480309
500.921417 67.496429     157.531250 42.671875 153.351562     -0.046949 -0.998897 0.998897 -0.046949     9.686387 9.686387 6.283946
288.352203 157.864120     45.140625 -38.937500 324.140625     0.393940 -0.919136 0.919136 0.393940     88.222691 88.222691 1.291391
288.352203 157.864120     5.218750 27.421875 326.070312     0.393940 -0.919136 0.919136 0.393940     88.222691 88.222691 3.916990
319.025513 42.764297     958.023438 -89.865234 318.985474     -0.462683 -0.886524 0.886524 -0.462683     41.246460 41.246460 5.095303
307.130524 303.707031     1223.593750 -155.242188 1152.759766     -0.477524 -0.878619 0.878619 -0.477524     74.932492 74.932492 1.928512
307.130524 303.707031     11.640625 2.699219 30.919922     -0.477524 -0.878619 0.878619 -0.477524     74.932492 74.932492 4.870398
463.544952 178.636703     16.125000 13.593750 61.828125     0.275701 -0.961243 0.961243 0.275701     32.163236 32.163236 5.324492
502.862213 292.364441     1370.453125 -165.152344 1204.326172     -0.035950 -0.999354 0.999354 -0.035950     4.175376 4.175376 1.642904
502.862213 292.364441     35.140625 16.261230 51.801895     -0.035950 -0.999354 0.999354 -0.035950     4.175376 4.175376 4.788368
344.971161 296.100952     4.890625 -9.738281 259.856445     -0.966077 -0.258253 0.258253 -0.966077     11.050878 11.050878 0.319252
465.607727 266.605408     1266.937500 -114.244141 326.239136     0.002524 -0.999997 0.999997 0.002524     27.162619 27.162619 1.504708
465.607727 266.605408     5.609375 5.453125 124.587402     0.002524 -0.999997 0.999997 0.002524     27.162619 27.162619 4.940443
281.019897 158.463501     19.960938 17.093750 51.238281     0.506658 -0.862147 0.862147 0.506658     102.121488 102.121488 1.184264
281.019897 158.463501     2014.304688 472.953125 1119.398438     0.506658 -0.862147 0.862147 0.506658     102.121488 102.121488 4.006312
304.937042 306.793671     47.015625 -33.265625 344.882812     -0.501993 -0.864871 0.864871 -0.501993     85.508699 85.508699 1.976359
304.937042 306.793671     14.953125 -28.074219 281.687500     -0.501993 -0.864871 0.864871 -0.501993     85.508699 85.508699 4.698472
461.559723 335.507996     13.046875 34.281250 323.976562     0.158212 -0.987405 0.987405 0.158212     26.033998 26.033998 1.826695
461.559723 335.507996     607.164062 160.320312 206.109375     0.158212 -0.987405 0.987405 0.158212     26.033998 26.033998 4.822579
302.081787 309.785370     58.015625 -20.093750 131.546875     -0.548428 -0.836198 0.836198 -0.548428     97.938783 97.938783 4.908038
328.248169 162.136780     16.796875 -28.648438 282.329102     -0.842044 0.539409 -0.539409 -0.842044     35.952024 35.952024 4.759849
345.805206 296.506500     2136.785156 -886.152344 3911.639648     -0.956055 -0.293188 0.293188 -0.956055     11.418087 11.418087 0.206363
297.526367 311.084625     917.062500 304.164062 421.515625     -0.649249 -0.760576 0.760576 -0.649249     109.103036 109.103036 2.262989
297.526367 311.084625     2504.859375 441.015625 1156.125000     -0.649249 -0.760576 0.760576 -0.649249     109.103036 109.103036 4.991509
332.440063 273.115662     40.218750 8.673828 54.370056     -0.913445 0.406963 -0.406963 -0.913445     26.875545 26.875545 4.028717
332.440063 273.115662     13.093750 3.250000 33.952148     -0.913445 0.406963 -0.406963 -0.913445     26.875545 26.875545 4.696837
454.256805 59.120945     18.265625 -25.703125 289.717285     -0.128504 -0.991709 0.991709 -0.128504     31.347024 31.347024 1.778509
454.256805 59.120945     178.843750 66.671875 172.296875     -0.128504 -0.991709 0.991709 -0.128504     31.347024 31.347024 5.006826
502.556854 290.501953     24.976562 16.679688 51.917969     -0.049715 -0.998763 0.998763 -0.049715     5.383273 5.383273 1.642040
270.134491 158.158752     45.796875 11.726562 463.710938     -0.720137 0.693832 -0.693832 -0.720137     122.673478 122.673478 0.541438
270.134491 158.158752     316.304688 126.820312 189.125000     -0.720137 0.693832 -0.693832 -0.720137     122.673478 122.673478 4.035049
97.602676 213.584824     1940.031250 528.195312 13385.160156     -0.368018 -0.929818 0.929818 -0.368018     15.186913 15.186913 0.980427
97.602676 213.584824     3160.148438 1333.195312 3950.679688     -0.368018 -0.929818 0.929818 -0.368018     15.186913 15.186913 2.951604
243.149994 89.070831     50.750000 -21.828125 371.726562     -0.948649 0.316331 -0.316331 -0.948649     8.234969 8.234969 4.137394
275.215027 103.676163     28.261719 8.671875 23.863281     -0.997944 -0.064086 0.064086 -0.997944     18.367791 18.367791 2.364172
492.173737 75.186440     59.031250 22.716797 206.030273     -0.011273 -0.999936 0.999936 -0.011273     5.530527 5.530527 1.486213
492.173737 75.186440     3518.890625 -1032.097656 4012.379883     -0.011273 -0.999936 0.999936 -0.011273     5.530527 5.530527 2.637483
502.077698 288.195953     6.515625 5.628906 131.222656     -0.067137 -0.997744 0.997744 -0.067137     6.486543 6.486543 0.390133
502.077698 288.195953     79.562500 -44.878906 53.482422     -0.067137 -0.997744 0.997744 -0.067137     6.486543 6.486543 1.652153
449.851196 107.505188     60.501953 21.402344 25.578125     -0.045627 -0.998959 0.998959 -0.045627     12.146539 12.146539 1.688839
449.851196 107.505188     30.750000 18.031250 53.957031     -0.045627 -0.998959 0.998959 -0.045627     12.146539 12.146539 6.300829
291.013855 311.812164     4364.574219 -1048.906250 3989.681641     -0.765695 -0.643204 0.643204 -0.765695     119.860834 119.860834 1.505525
291.013855 311.812164     18.125000 14.421875 63.546875     -0.765695 -0.643204 0.643204 -0.765695     119.860834 119.860834 2.292540
378.780151 110.028366     26.468750 41.734375 131.281250     0.305557 -0.952174 0.952174 0.305557     12.780574 12.780574 1.625486
378.780151 110.028366     56.265625 6.261719 56.498047     0.305557 -0.952174 0.952174 0.305557     12.780574 12.780574 5.292706
336.183014 279.509613     43.280273 -7.970703 62.054688     -0.724195 -0.689595 0.689595 -0.724195     47.776012 47.776012 2.256665
336.183014 279.509613     37.687500 23.539062 56.523438     -0.724195 -0.689595 0.689595 -0.724195     47.776012 47.776012 5.718827
462.315186 337.424866     2513.437500 649.179688 13073.746094     0.135677 -0.990753 0.990753 0.135677     28.392247 28.392247 1.870098
462.315186 337.424866     30.078125 13.400391 60.967285     0.135677 -0.990753 0.990753 0.135677     28.392247 28.392247 4.912962
501.521606 286.371765     46.109375 4.727051 57.284225     -0.084547 -0.996420 0.996420 -0.084547     7.652630 7.652630 0.481354
501.521606 286.371765     31.156250 49.781250 139.492188     -0.084547 -0.996420 0.996420 -0.084547     7.652630 7.652630 1.652619
262.105591 152.713089     16.192383 8.287109 32.941406     -0.781801 0.623528 -0.623528 -0.781801     144.347332 144.347332 3.956542
262.105591 152.713089     20.859375 -1.265625 23.125000     -0.781801 0.623528 -0.623528 -0.781801     144.347332 144.347332 6.352825
461.733002 107.854370     77.937500 -42.714844 52.705078     -0.136086 -0.990697 0.990697 -0.136086     15.106768 15.106768 2.074819
461.733002 107.854370     22.125000 -30.191406 108.688477     -0.136086 -0.990697 0.990697 -0.136086     15.106768 15.106768 3.287172
393.110321 365.701080     8.546875 -2.863281 59.393066     -0.265112 -0.964218 0.964218 -0.265112     15.838078 15.838078 0.675203
500.729675 286.454559     5642.917969 -848.980469 3880.396484     -0.070220 -0.997532 0.997532 -0.070220     11.902514 11.902514 0.256605
500.729675 286.454559     110.437500 -12.177734 16.937012     -0.070220 -0.997532 0.997532 -0.070220     11.902514 11.902514 1.705379
257.966156 151.444061     5728.539062 964.125000 4084.093750     -0.851270 0.524728 -0.524728 -0.851270     149.419332 149.419332 0.466304
257.966156 151.444061     23.835938 -10.527344 16.679688     -0.851270 0.524728 -0.524728 -0.851270     149.419332 149.419332 3.885768
490.795685 78.467743     44.140625 24.000000 36.851562     0.038111 -0.999274 0.999274 0.038111     9.566303 9.566303 2.509778
490.795685 78.467743     29.515625 48.000000 142.234375     0.038111 -0.999274 0.999274 0.038111     9.566303 9.566303 5.710257
500.722046 67.664536     65.472656 23.468750 28.128906     -0.045689 -0.998956 0.998956 -0.045689     10.418219 10.418219 6.276704
500.182007 285.389130     33.156250 14.798828 62.463379     -0.087378 -0.996175 0.996175 -0.087378     12.571836 12.571836 0.359139
356.576355 195.866989     46.328125 25.312500 54.296875     -0.403109 -0.915152 0.915152 -0.403109     15.866207 15.866207 0.604205
356.576355 195.866989     57.078125 -13.296875 385.531250     -0.403109 -0.915152 0.915152 -0.403109     15.866207 15.866207 1.431487
275.410522 313.218781     14.671875 -2.660156 60.259155     -0.918491 -0.395441 0.395441 -0.918491     136.178084 136.178084 1.832438
275.410522 313.218781     375.906250 -120.753906 122.873047     -0.918491 -0.395441 0.395441 -0.918491     136.178084 136.178084 3.667322
462.655853 339.227722     7.218750 -12.234375 86.578125     0.109655 -0.993970 0.993970 0.109655     29.626872 29.626872 1.904156
462.655853 339.227722     9.140625 3.570312 40.755859     0.109655 -0.993970 0.993970 0.109655     29.626872 29.626872 4.921853
489.151154 80.215118     28.640625 47.765625 153.679688     0.103551 -0.994624 0.994624 0.103551     15.608123 15.608123 2.440735
489.151154 80.215118     7207.335938 -869.851562 3842.500000     0.103551 -0.994624 0.994624 0.103551     15.608123 15.608123 5.634459
499.542053 284.763855     48.015625 22.625000 66.953125     -0.108305 -0.994118 0.994118 -0.108305     13.732073 13.732073 0.456859
312.777771 417.499023     49.266602 -6.544922 63.937500     -0.943679 -0.330861 0.330861 -0.943679     55.095118 55.095118 4.558663
319.882782 76.160286     7053.210938 893.648438 4086.359375     -0.992499 0.122255 -0.122255 -0.992499     15.976569 15.976569 1.485993
464.073639 178.111298     28.156250 -1.359375 22.925781     0.247491 -0.968890 0.968890 0.247491     32.724290 32.724290 5.384663
488.544098 79.856903     81.593750 21.835938 17.207031     0.106062 -0.994360 0.994360 0.106062     16.681071 16.681071 5.659359
266.299103 314.698029     56.406250 24.109375 54.218750     -0.958364 -0.285550 0.285550 -0.958364     144.050744 144.050744 1.125502
266.299103 314.698029     81.109375 40.421875 42.117188     -0.958364 -0.285550 0.285550 -0.958364     144.050744 144.050744 3.750246
461.813843 107.865799     46.093750 -7.695312 116.961914     -0.150470 -0.988615 0.988615 -0.150470     15.972839 15.972839 2.120469
461.813843 107.865799     78.000000 -41.835938 52.880859     -0.150470 -0.988615 0.988615 -0.150470     15.972839 15.972839 3.302497
487.717957 78.284752     9.453125 -18.390625 167.968750     0.093443 -0.995625 0.995625 0.093443     17.917288 17.917288 5.703542
337.015625 280.748169     27.796875 -12.804688 25.359375     -0.724237 -0.689551 0.689551 -0.724237     46.942167 46.942167 2.248545
334.983307 160.109833     60.500000 -74.953125 122.144531     -0.907491 0.420072 -0.420072 -0.907491     37.189518 37.189518 4.717796
357.773804 195.996033     99.546875 22.695312 47.347656     -0.431104 -0.902302 0.902302 -0.431104     18.557962 18.557962 0.573520
357.773804 195.996033     9405.134766 -1030.369141 3778.685547     -0.431104 -0.902302 0.902302 -0.431104     18.557962 18.557962 4.801072
466.425201 267.279083     8357.089844 786.031250 4185.875000     -0.028027 -0.999607 0.999607 -0.028027     30.343513 30.343513 1.530527
466.425201 267.279083     154.531250 26.140625 31.718750     -0.028027 -0.999607 0.999607 -0.028027     30.343513 30.343513 5.014531
341.499207 282.818695     10.796875 -19.750000 217.953125     -0.850948 -0.525249 0.525249 -0.850948     47.377323 47.377323 2.295529
341.499207 282.818695     82.046875 38.718750 42.062500     -0.850948 -0.525249 0.525249 -0.850948     47.377323 47.377323 4.795183
463.446167 341.605408     191.609375 -124.640625 250.152344     0.067539 -0.997717 0.997717 0.067539     31.587427 31.587427 5.907096
140.007660 241.015320     148.296875 2.632812 49.882812     -0.789247 -0.614076 0.614076 -0.789247     18.617227 18.617227 2.347110
140.007660 241.015320     17.926758 10.353516 37.527344     -0.789247 -0.614076 0.614076 -0.789247     18.617227 18.617227 5.428984
454.560760 58.990467     79.000000 -22.609375 372.601562     -0.149320 -0.988789 0.988789 -0.149320     33.554651 33.554651 5.036780
500.462646 67.666664     26.125000 6.515625 32.945312     -0.045000 -0.998987 0.998987 -0.045000     11.260856 11.260856 6.276132
460.318878 134.711502     58.921875 -3.332031 117.022461     -0.799694 0.600408 -0.600408 -0.799694     20.017402 20.017402 1.933441
378.678009 109.811142     219.625000 -146.187500 273.210938     0.290517 -0.956870 0.956870 0.290517     14.329475 14.329475 5.371762
136.831879 239.852173     13.046875 -26.140625 366.953125     -0.903375 -0.428852 0.428852 -0.903375     17.669575 17.669575 0.815467
136.831879 239.852173     23.875000 5.835938 62.378906     -0.903375 -0.428852 0.428852 -0.903375     17.669575 17.669575 2.347952
359.081177 196.211044     164.937500 -9.492188 55.699219     -0.478981 -0.877825 0.877825 -0.478981     20.578006 20.578006 0.637419
359.081177 196.211044     1198.937500 -909.597656 1140.388672     -0.478981 -0.877825 0.877825 -0.478981     20.578006 20.578006 4.824468
393.111816 366.044739     2017.015625 -884.238281 878.466797     -0.279128 -0.960254 0.960254 -0.279128     16.797018 16.797018 0.751986
498.772430 338.375000     211.945312 -4.890625 2.945312     -0.329958 -0.943995 0.943995 -0.329958     15.511084 15.511084 0.742329
498.772430 338.375000     1784.203125 -737.585938 941.144531     -0.329958 -0.943995 0.943995 -0.329958     15.511084 15.511084 4.009381
455.984619 107.659828     25.109375 -9.218750 443.500000     -0.700516 -0.713637 0.713637 -0.700516     31.857661 31.857661 0.792314
116.248123 257.293243     90.359375 17.328125 69.523438     0.344763 -0.938690 0.938690 0.344763     28.585728 28.585728 0.949715
116.248123 257.293243     79.390625 7.937500 21.742188     0.344763 -0.938690 0.938690 0.344763     28.585728 28.585728 3.958162
359.908051 196.784485     17.281250 -34.250000 549.265625     -0.560593 -0.828091 0.828091 -0.560593     20.987689 20.987689 0.725902
359.908051 196.784485     322.859375 205.796875 476.031250     -0.560593 -0.828091 0.828091 -0.560593     20.987689 20.987689 4.924942
375.960144 68.488373     109.859375 -5.078125 79.363281     -0.349769 -0.936836 0.936836 -0.349769     22.533759 22.533759 0.718387
498.377655 338.069153     349.375000 -66.265625 68.781250     -0.363117 -0.931743 0.931743 -0.363117     15.428898 15.428898 0.770213
498.377655 338.069153     50.187500 -27.703125 54.351562     -0.363117 -0.931743 0.931743 -0.363117     15.428898 15.428898 4.039997
343.949371 285.757477     124.328125 11.593750 22.750000     -0.772033 -0.635583 0.635583 -0.772033     48.753120 48.753120 4.718756
97.483871 213.544357     19.187500 -35.703125 585.406250     -0.380259 -0.924880 0.924880 -0.380259     16.090371 16.090371 0.986099
97.483871 213.544357     18.132812 -0.734375 39.398438     -0.380259 -0.924880 0.924880 -0.380259     16.090371 16.090371 2.978547
364.779999 237.550003     22.562500 -37.187500 622.000000     0.408087 -0.912943 0.912943 0.408087     20.271807 20.271807 1.405966
364.779999 237.550003     18.734375 0.859375 16.718750     0.408087 -0.912943 0.912943 0.408087     20.271807 20.271807 5.465279
460.533966 134.763107     22.687500 0.289062 24.230469     -0.801019 0.598639 -0.598639 -0.801019     20.514395 20.514395 1.940136
379.460541 109.552635     159.906250 23.351562 31.777344     0.299856 -0.953984 0.953984 0.299856     15.995744 15.995744 5.423662
486.695465 17.530865     17.328125 -3.218750 38.156250     0.056047 -0.998428 0.998428 0.056047     13.031478 13.031478 2.750032
486.695465 17.530865     51.093750 -27.398438 55.648438     0.056047 -0.998428 0.998428 0.056047     13.031478 13.031478 6.005557
319.738403 76.523209     197.718750 71.843750 492.031250     -0.991894 0.127067 -0.127067 -0.991894     17.646073 17.646073 1.474273
146.635468 264.187195     23.734375 -22.546875 44.671875     -0.812960 0.582319 -0.582319 -0.812960     13.603852 13.603852 3.007485
146.635468 264.187195     108.371094 21.119141 217.566406     -0.812960 0.582319 -0.582319 -0.812960     13.603852 13.603852 4.047071
393.408691 365.788391     20.511719 3.652344 72.679688     -0.261208 -0.965283 0.965283 -0.261208     17.710630 17.710630 0.679663
393.408691 365.788391     984.281250 -282.265625 122.468750     -0.261208 -0.965283 0.965283 -0.261208     17.710630 17.710630 3.065629
372.559998 270.567261     21.437500 -10.953125 196.093750     -0.758332 -0.651869 0.651869 -0.758332     18.123858 18.123858 1.185344
372.559998 270.567261     282.385254 -14.378906 186.359375     -0.758332 -0.651869 0.651869 -0.758332     18.123858 18.123858 4.009226
498.491699 339.140137     1155.140625 -319.265625 223.593750     -0.345464 -0.938432 0.938432 -0.345464     15.487727 15.487727 0.762587
498.491699 339.140137     298.158203 -15.662109 203.976562     -0.345464 -0.938432 0.938432 -0.345464     15.487727 15.487727 4.033035
185.584564 228.036758     23.160156 -0.593750 81.398438     -0.997056 0.076682 -0.076682 -0.997056     16.461091 16.461091 4.813643
136.827225 239.981674     1189.828125 -339.328125 245.906250     -0.900721 -0.434398 0.434398 -0.900721     18.450236 18.450236 0.814495
136.827225 239.981674     28.136719 5.652344 216.183594     -0.900721 -0.434398 0.434398 -0.900721     18.450236 18.450236 2.382337
376.603546 68.192307     1174.218750 -333.625000 243.750000     -0.384961 -0.922933 0.922933 -0.384961     23.375572 23.375572 0.701946
360.796448 197.000000     22.828125 -7.750000 24.871094     -0.649810 -0.760096 0.760096 -0.649810     22.359310 22.359310 0.833726
360.796448 197.000000     26.417969 7.371094 17.558594     -0.649810 -0.760096 0.760096 -0.649810     22.359310 22.359310 4.890759
464.077789 342.750305     28.242188 14.414062 37.375000     0.040384 -0.999184 0.999184 0.040384     33.837098 33.837098 5.984159
337.438507 159.718109     72.250000 -25.906250 31.921875     -0.928275 0.371894 -0.371894 -0.928275     38.839854 38.839854 4.710056
461.125488 404.593170     309.743164 -0.029297 233.820312     0.148983 -0.988840 0.988840 0.148983     10.433269 10.433269 1.321257
461.125488 404.593170     29.921875 9.996094 234.175781     0.148983 -0.988840 0.988840 0.148983     10.433269 10.433269 5.596975
385.802765 145.133026     53.390625 -6.304688 23.550781     -0.110838 -0.993838 0.993838 -0.110838     13.305431 13.305431 4.468022
498.518036 340.380035     240.296875 94.640625 186.203125     -0.320450 -0.947266 0.947266 -0.320450     15.898466 15.898466 0.733721
498.518036 340.380035     25.855469 8.179688 31.589844     -0.320450 -0.947266 0.947266 -0.320450     15.898466 15.898466 4.027534
395.310272 365.964203     809.031250 77.062500 19.344727     -0.554048 -0.832485 0.832485 -0.554048     25.834038 25.834038 0.775577
395.310272 365.964203     1821.093750 -473.718750 290.343750     -0.554048 -0.832485 0.832485 -0.554048     25.834038 25.834038 3.634336
115.561783 257.197693     30.820312 9.636719 242.175781     0.356252 -0.934390 0.934390 0.356252     30.775276 30.775276 0.851177
115.561783 257.197693     39.367188 14.386719 33.855469     0.356252 -0.934390 0.934390 0.356252     30.775276 30.775276 3.943103
365.983276 237.640167     1336.750000 122.351562 29.086426     -0.971415 0.237389 -0.237389 -0.971415     21.389719 21.389719 1.481407
365.983276 237.640167     333.491211 9.519531 242.363281     -0.971415 0.237389 -0.237389 -0.971415     21.389719 21.389719 3.823980
398.713593 188.694168     53.890625 9.050781 246.988281     -0.955926 -0.293607 0.293607 -0.955926     14.581844 14.581844 2.249946
398.713593 188.694168     26.343750 -11.109375 30.656250     -0.955926 -0.293607 0.293607 -0.955926     14.581844 14.581844 4.592179
386.320099 145.734497     44.281250 -14.882812 166.007812     0.181604 -0.983372 0.983372 0.181604     22.590357 22.590357 3.335738
386.320099 145.734497     102.109375 -36.945312 130.582031     0.181604 -0.983372 0.983372 0.181604     22.590357 22.590357 4.115745
523.861938 178.298508     1702.312500 150.632812 75.986816     -0.775950 -0.630794 0.630794 -0.775950     20.471654 20.471654 5.559124
361.887695 197.123108     69.656250 -30.921875 32.988281     -0.722952 -0.690898 0.690898 -0.722952     25.126901 25.126901 0.948909
361.887695 197.123108     7.187500 5.710938 48.957031     -0.722952 -0.690898 0.690898 -0.722952     25.126901 25.126901 4.916206
376.496338 272.484192     103.792969 88.507812 157.375000     -0.846884 -0.531778 0.531778 -0.846884     18.409007 18.409007 1.319542
376.496338 272.484192     141.695312 -27.164062 8.996094     -0.846884 -0.531778 0.531778 -0.846884     18.409007 18.409007 4.232750
214.450455 239.549545     232.890625 -50.289062 256.312500     -0.999993 -0.003720 0.003720 -0.999993     16.418458 16.418458 4.738772
357.734100 291.426361     2596.562500 164.031250 345.484375     -0.881791 -0.471640 0.471640 -0.881791     50.408846 50.408846 4.678990
384.049866 110.680305     55.460938 15.960938 257.941406     0.106722 -0.994289 0.994289 0.106722     30.276598 30.276598 3.313027
384.049866 110.680305     19.601562 1.632812 17.125000     0.106722 -0.994289 0.994289 0.106722     30.276598 30.276598 5.882092
460.681122 135.001740     27.390625 -13.187500 35.089844     -0.802350 0.596853 -0.596853 -0.802350     20.991380 20.991380 1.949339
461.730133 409.527710     44.367188 -17.328125 185.046875     0.113754 -0.993509 0.993509 0.113754     12.197787 12.197787 1.488730
461.730133 409.527710     17.218750 9.041016 116.936768     0.113754 -0.993509 0.993509 0.113754     12.197787 12.197787 4.454278
390.618408 243.412277     76.843750 -36.070312 38.542969     -0.739849 0.672773 -0.672773 -0.739849     16.665541 16.665541 4.039906
391.831177 163.541122     10.281250 8.046875 53.722656     0.556633 -0.830759 0.830759 0.556633     14.427517 14.427517 1.075476
391.831177 163.541122     1707.125000 154.156250 83.041992     0.556633 -0.830759 0.830759 0.556633     14.427517 14.427517 4.152705
499.182587 343.268005     109.039062 83.101562 157.476562     -0.297133 -0.954836 0.954836 -0.297133     18.874833 18.874833 0.686360
348.562714 156.622452     50.125000 -16.640625 183.671875     -0.949111 0.314941 -0.314941 -0.949111     37.911030 37.911030 4.724167
365.095551 197.254272     462.890625 70.343750 347.390625     -0.936644 -0.350282 0.350282 -0.936644     28.052069 28.052069 1.177476
365.095551 197.254272     8.734375 0.752930 119.590759     -0.936644 -0.350282 0.350282 -0.936644     28.052069 28.052069 5.223151
378.050262 240.477554     31.968750 12.267578 110.701416     -0.979821 -0.199876 0.199876 -0.979821     23.115400 23.115400 1.327181
378.050262 240.477554     11.283691 -2.375000 34.128906     -0.979821 -0.199876 0.199876 -0.979821     23.115400 23.115400 4.996290
461.968994 412.271332     1730.593750 163.921875 84.718262     0.094069 -0.995566 0.995566 0.094069     13.447960 13.447960 4.481618
377.017548 272.361847     303.654297 -67.554688 25.203125     -0.854047 -0.520195 0.520195 -0.854047     19.344312 19.344312 1.314071
377.017548 272.361847     144.320312 -31.617188 170.714844     -0.854047 -0.520195 0.520195 -0.854047     19.344312 19.344312 4.227751
455.983063 107.688751     29.703125 18.597656 182.315430     -0.698908 -0.715211 0.715211 -0.698908     32.399963 32.399963 0.792830
373.776642 314.724152     56.027344 15.308594 284.792969     -0.627557 -0.778571 0.778571 -0.627557     66.629240 66.629240 4.387557
373.776642 314.724152     33.375000 -6.921875 52.082031     -0.627557 -0.778571 0.778571 -0.627557     66.629240 66.629240 4.715681
399.405060 188.556961     4205.968750 741.468750 785.531250     -0.958488 -0.285133 0.285133 -0.958488     15.399673 15.399673 2.248110
399.405060 188.556961     19.156250 12.093750 70.722656     -0.958488 -0.285133 0.285133 -0.958488     15.399673 15.399673 4.626733
372.141754 186.002563     399.906250 62.375000 509.214844     0.621037 -0.783782 0.783782 0.621037     43.361231 43.361231 3.734243
372.141754 186.002563     52.273438 -52.714844 84.773438     0.621037 -0.783782 0.783782 0.621037     43.361231 43.361231 5.484531
376.169342 243.151993     1836.828125 326.792969 199.284668     -0.999643 -0.026724 0.026724 -0.999643     31.760064 31.760064 1.336264
376.169342 243.151993     80.531250 -25.000000 47.574219     -0.999643 -0.026724 0.026724 -0.999643     31.760064 31.760064 3.217462
97.284668 213.270081     449.109375 -351.042969 309.103516     -0.395324 -0.918542 0.918542 -0.395324     16.516157 16.516157 0.991012
97.284668 213.270081     32.234375 15.015625 190.400391     -0.395324 -0.918542 0.918542 -0.395324     16.516157 16.516157 5.108767
465.178772 342.829987     162.562500 99.203125 299.671875     0.076332 -0.997082 0.997082 0.076332     39.556286 39.556286 5.945900
462.222229 415.362305     2992.119141 -108.500000 329.203125     0.083761 -0.996486 0.996486 0.083761     14.059367 14.059367 4.500502
138.626633 240.344971     25.320312 -0.351562 17.656250     -0.923800 -0.382875 0.382875 -0.923800     18.523018 18.523018 0.835545
138.626633 240.344971     68.140625 8.937500 289.656250     -0.923800 -0.382875 0.382875 -0.923800     18.523018 18.523018 1.551290
516.051575 211.603180     336.375000 -99.250000 206.296875     -0.517828 -0.855485 0.855485 -0.517828     21.193554 21.193554 0.647468
516.051575 211.603180     54.421875 3.285156 103.580994     -0.517828 -0.855485 0.855485 -0.517828     21.193554 21.193554 3.377908
383.291229 110.650742     33.125000 12.287109 115.840576     0.057069 -0.998370 0.998370 0.057069     34.486389 34.486389 3.473863
383.291229 110.650742     23.906250 10.171875 77.148438     0.057069 -0.998370 0.998370 0.057069     34.486389 34.486389 5.989198
371.981018 186.126801     548.343750 -17.539062 649.562500     0.640205 -0.768204 0.768204 0.640205     44.501216 44.501216 1.263925
371.981018 186.126801     66.796875 -58.679688 97.527344     0.640205 -0.768204 0.768204 0.640205     44.501216 44.501216 3.812206
444.162079 110.057083     105.437500 -20.781250 52.296875     -0.912251 0.409633 -0.409633 -0.912251     43.739099 43.739099 1.925927
399.754791 188.632187     27.500000 11.390625 91.777344     -0.960759 -0.277383 0.277383 -0.960759     15.760655 15.760655 2.272497
399.754791 188.632187     1981.578125 212.425781 225.795898     -0.960759 -0.277383 0.277383 -0.960759     15.760655 15.760655 4.580422
462.439880 418.120209     454.359375 -359.425781 326.240234     0.073267 -0.997312 0.997312 0.073267     15.010362 15.010362 4.507858
516.070007 213.526611     5.671875 5.078125 130.804688     -0.146635 -0.989191 0.989191 -0.146635     21.585886 21.585886 3.165665
516.070007 213.526611     169.484375 -1.175781 93.753296     -0.146635 -0.989191 0.989191 -0.146635     21.585886 21.585886 4.864921
375.663208 243.419540     33.312500 12.548828 125.473633     -0.996301 0.085929 -0.085929 -0.996301     33.336630 33.336630 1.449043
375.663208 243.419540     450.406250 -364.617188 342.068359     -0.996301 0.085929 -0.085929 -0.996301     33.336630 33.336630 3.643127
419.957489 140.774536     6091.314453 119.882812 352.082031     -0.718390 0.695641 -0.695641 -0.718390     72.503710 72.503710 1.819603
462.853424 421.648254     31.703125 -13.301025 43.241051     0.067916 -0.997691 0.997691 0.067916     16.343452 16.343452 1.565326
462.853424 421.648254     110.750000 -111.226562 369.671875     0.067916 -0.997691 0.997691 0.067916     16.343452 16.343452 4.502277
397.599487 144.327759     5255.218750 679.296875 982.359375     -0.877872 0.478895 -0.478895 -0.877872     89.560097 89.560097 1.755767
403.569458 187.337967     80.632812 -9.523438 120.882324     -0.992492 -0.122312 0.122312 -0.992492     20.109504 20.109504 2.604145
403.569458 187.337967     16.687500 6.015625 35.265625     -0.992492 -0.122312 0.122312 -0.992492     20.109504 20.109504 4.032658
436.436859 170.171722     225.062500 2.234375 86.369080     -0.977143 0.212581 -0.212581 -0.977143     15.083204 15.083204 1.668991
295.133057 234.291840     1999.875000 234.480469 239.823730     -0.999727 0.023381 -0.023381 -0.999727     7.571421 7.571421 1.525333
395.845123 140.884094     85.437500 -23.117676 46.249390     -0.864923 0.501904 -0.501904 -0.864923     101.935956 101.935956 1.744242
400.917938 443.124695     180.625000 -79.675781 40.656250     0.022018 -0.999758 0.999758 0.022018     22.457818 22.457818 1.558794
510.077484 213.239594     362.328125 364.000000 507.031250     -0.870420 -0.492310 0.492310 -0.870420     34.776195 34.776195 1.084044
510.077484 213.239594     2984.804688 191.501953 808.222168     -0.870420 -0.492310 0.492310 -0.870420     34.776195 34.776195 4.405456
403.404480 186.989838     6852.281250 4917.375000 9279.546875     -0.990988 -0.133954 0.133954 -0.990988     20.458555 20.458555 2.611907
403.404480 186.989838     2813.898438 199.230469 870.718750     -0.990988 -0.133954 0.133954 -0.990988     20.458555 20.458555 4.605591
463.157776 423.969421     26.218750 -0.937500 20.125000     0.063986 -0.997951 0.997951 0.063986     17.477878 17.477878 1.573315
463.157776 423.969421     20489.765625 8769.078125 10240.968750     0.063986 -0.997951 0.997951 0.063986     17.477878 17.477878 4.495871
452.274414 332.520782     27.718750 -18.025391 73.851074     -0.570625 -0.821211 0.821211 -0.570625     60.350333 60.350333 0.801998
377.704468 272.788116     476.796875 137.261719 155.415222     -0.885881 -0.463912 0.463912 -0.885881     21.109644 21.109644 1.316122
377.704468 272.788116     27.056305 15.832275 39.140625     -0.885881 -0.463912 0.463912 -0.885881     21.109644 21.109644 4.179695
507.548737 215.157715     17462.703125 8149.273438 16911.640625     -0.987109 0.160049 -0.160049 -0.987109     39.880237 39.880237 1.379325
507.548737 215.157715     32.968750 3.367188 41.781250     -0.987109 0.160049 -0.160049 -0.987109     39.880237 39.880237 4.494395
292.623718 234.525772     26.333530 -17.981293 50.449959     -0.999823 0.018827 -0.018827 -0.999823     16.616170 16.616170 1.541266
292.623718 234.525772     33.250000 3.171875 41.453125     -0.999823 0.018827 -0.018827 -0.999823     16.616170 16.616170 2.828640
430.372742 214.859085     86.370590 67.986816 220.468750     -0.987958 -0.154724 0.154724 -0.987958     15.690384 15.690384 4.552936
382.562408 242.184799     16508.718750 7450.382812 17007.492188     -0.975759 0.218846 -0.218846 -0.975759     33.043309 33.043309 1.462306
382.562408 242.184799     26.234375 12.648438 26.257812     -0.975759 0.218846 -0.218846 -0.975759     33.043309 33.043309 4.360388
403.072327 259.698120     44.321793 -29.293549 79.959747     0.680094 -0.733125 0.733125 0.680094     22.268535 22.268535 1.865812
405.650085 187.261108     69.125961 -58.074951 263.359375     -0.993711 -0.111978 0.111978 -0.993711     20.838224 20.838224 4.596290
463.505371 425.360474     83.296875 68.062500 122.609375     0.062683 -0.998033 0.998033 0.062683     18.523996 18.523996 1.577863
332.129700 208.682587     16236.765625 6874.820312 17109.062500     0.034472 -0.999406 0.999406 0.034472     19.148799 19.148799 1.556774
463.969971 426.721741     231.991119 214.828125 872.046875     0.061683 -0.998096 0.998096 0.061683     20.257148 20.257148 1.582972
366.539215 391.808838     89.035736 -75.128220 238.055237     -0.938328 -0.345746 0.345746 -0.938328     18.224776 18.224776 4.400736
384.009521 219.009521     322.960938 120.617188 112.406250     -0.178288 -0.983978 0.983978 -0.178288     21.409373 21.409373 1.397863
384.009521 219.009521     114.365158 -111.797974 426.361511     -0.178288 -0.983978 0.983978 -0.178288     21.409373 21.409373 2.065902
408.481201 188.283234     30885.859375 1304.828125 17081.632812     -0.984767 -0.173879 0.173879 -0.984767     23.664263 23.664263 4.562409
408.481201 188.283234     54.578125 -78.632812 129.537109     -0.984767 -0.173879 0.173879 -0.984767     23.664263 23.664263 5.206178
366.996552 389.299988     36287.484375 4738.695312 18822.015625     0.149321 -0.988789 0.988789 0.149321     18.467579 18.467579 3.151405
403.216278 259.851135     54.875000 -89.742188 178.986328     0.677188 -0.735810 0.735810 0.677188     22.891767 22.891767 1.834815
350.143463 87.075951     37788.804688 4629.343750 19418.007812     -0.037334 -0.999303 0.999303 -0.037334     16.872160 16.872160 3.200819
63.933334 228.314285     6.984375 19.437500 132.984375     -0.073417 -0.997301 0.997301 -0.073417     13.936541 13.936541 4.923198
73.893105 229.225861     9.671875 32.296875 256.101562     -0.998864 0.047644 -0.047644 -0.998864     37.341663 37.341663 1.194652
73.893105 229.225861     21.019531 0.718750 20.625000     -0.998864 0.047644 -0.047644 -0.998864     37.341663 37.341663 1.531580
384.409515 413.104767     26.093750 0.562500 22.890625     0.537992 -0.842950 0.842950 0.537992     13.755874 13.755874 1.990095
75.180473 237.498291     5.500000 3.093750 74.462891     -0.183498 -0.983020 0.983020 -0.183498     45.985691 45.985691 1.471437
75.180473 237.498291     59.746094 9.515625 30.484375     -0.183498 -0.983020 0.983020 -0.183498     45.985691 45.985691 5.102285
246.103455 237.505753     23.933594 -3.167969 33.383789     -0.069503 -0.997582 0.997582 -0.069503     20.253627 20.253627 1.548034
246.103455 237.505753     177.843750 233.425781 311.920532     -0.069503 -0.997582 0.997582 -0.069503     20.253627 20.253627 3.662993
440.911407 387.970459     5.218750 -6.406250 175.814453     -0.958256 0.285913 -0.285913 -0.958256     27.830852 27.830852 1.603596
440.911407 387.970459     388.750000 596.894531 934.170898     -0.958256 0.285913 -0.285913 -0.958256     27.830852 27.830852 4.801145
384.716919 402.976196     5.250000 -6.843750 187.820312     0.062346 -0.998055 0.998055 0.062346     20.500097 20.500097 4.654858
81.225945 236.907944     5.437500 -9.093750 238.802734     -0.989435 0.144977 -0.144977 -0.989435     61.082839 61.082839 0.293487
81.225945 236.907944     437.718750 727.486328 1237.791504     -0.989435 0.144977 -0.144977 -0.989435     61.082839 61.082839 1.164354
406.726593 397.072815     146.218750 5.140625 3.531250     -0.955204 0.295948 -0.295948 -0.955204     50.246409 50.246409 4.787554
78.467590 237.844574     452.656250 787.285156 1407.550293     -0.987141 0.159854 -0.159854 -0.987141     63.868350 63.868350 0.589759
78.467590 237.844574     27.500000 -103.773438 755.042969     -0.987141 0.159854 -0.159854 -0.987141     63.868350 63.868350 1.168394
246.663712 237.587021     35.687500 -147.226562 1079.890625     0.010194 -0.999948 0.999948 0.010194     21.653420 21.653420 3.382724
246.663712 237.587021     548.812500 1136.105469 2495.726074     0.010194 -0.999948 0.999948 0.010194     21.653420 21.653420 4.228777
407.135345 397.358398     556.343750 1168.074219 2594.381836     -0.951822 0.306652 -0.306652 -0.951822     52.591028 52.591028 4.797980
247.991913 242.369690     558.531250 1186.230469 2670.872070     -0.030018 -0.999549 0.999549 -0.030018     23.797714 23.797714 1.611425
247.991913 242.369690     210.656250 -72.421875 575.803833     -0.030018 -0.999549 0.999549 -0.030018     23.797714 23.797714 4.650453
406.476257 397.668549     9241.085938 1731.929688 21370.792969     -0.952010 0.306067 -0.306067 -0.952010     52.573213 52.573213 4.790794
443.747620 237.123810     28.974609 12.824219 45.242188     0.659290 -0.751889 0.751889 0.659290     18.018318 18.018318 5.638349
443.747620 237.123810     754.562500 -725.828125 1454.312500     0.659290 -0.751889 0.751889 0.659290     18.018318 18.018318 5.996599
211.602798 224.691589     263.187500 -92.533203 692.853271     -0.870373 -0.492394 0.492394 -0.870373     16.465673 16.465673 2.373356
211.602798 224.691589     17.603516 -17.476562 56.203125     -0.870373 -0.492394 0.492394 -0.870373     16.465673 16.465673 4.347151
349.326843 219.658539     286.125000 -83.822266 996.308594     -0.590758 -0.806849 0.806849 -0.590758     18.925964 18.925964 0.757751
349.326843 219.658539     50.789062 44.398438 125.792969     -0.590758 -0.806849 0.806849 -0.590758     18.925964 18.925964 2.100816
411.396027 397.974792     24.906250 13.609375 22.664062     -0.963220 0.268714 -0.268714 -0.963220     56.478912 56.478912 4.794792
78.835854 237.934250     312.562500 -71.798828 1164.346191     -1.000000 0.000386 -0.000386 -1.000000     68.810327 68.810327 0.400605
78.835854 237.934250     27.456940 -17.943886 41.894127     -1.000000 0.000386 -0.000386 -1.000000     68.810327 68.810327 1.858232
248.442841 242.252823     80.472656 61.773438 130.746094     -0.048765 -0.998810 0.998810 -0.048765     24.413832 24.413832 1.584837
441.641846 236.812057     36.296875 16.867188 22.695312     -0.980086 0.198576 -0.198576 -0.980086     21.237609 21.237609 2.000354
211.025177 223.233810     850.187500 -757.109375 1718.843750     -0.578450 -0.815718 0.815718 -0.578450     20.152270 20.152270 2.109830
211.025177 223.233810     215.585938 108.425781 130.867188     -0.578450 -0.815718 0.815718 -0.578450     20.152270 20.152270 4.194206
350.966797 219.749084     465.968750 -222.703125 1774.528320     -0.699942 -0.714200 0.714200 -0.699942     21.351498 21.351498 0.799363
350.966797 219.749084     12780.359375 2717.828125 20384.761719     -0.699942 -0.714200 0.714200 -0.699942     21.351498 21.351498 2.287700
436.202423 88.731117     38.765625 25.023438 95.351562     -0.995360 -0.096226 0.096226 -0.995360     15.519961 15.519961 1.558473
420.024628 395.674866     117.781693 -56.681763 192.186829     -0.961849 0.273581 -0.273581 -0.961849     56.133421 56.133421 1.510346
420.024628 395.674866     616.187500 -367.519531 2134.048828     -0.961849 0.273581 -0.273581 -0.961849     56.133421 56.133421 4.803214
248.615387 242.474594     72.531250 31.875000 132.234375     -0.045453 -0.998966 0.998966 -0.045453     24.803875 24.803875 1.577813
211.978333 223.554184     220.673828 103.148438 126.253906     -0.770758 -0.637128 0.637128 -0.770758     21.089132 21.089132 2.342105
211.978333 223.554184     232.736145 -95.545471 356.474792     -0.770758 -0.637128 0.637128 -0.770758     21.089132 21.089132 4.311907
447.477417 227.664520     44.187500 -12.906250 19.855469     0.539365 -0.842072 0.842072 0.539365     38.876320 38.876320 0.794480
447.477417 227.664520     113.750000 90.250000 493.296875     0.539365 -0.842072 0.842072 0.539365     38.876320 38.876320 2.319038
295.108093 67.256760     27.000000 39.484375 155.500000     -0.192084 -0.981378 0.981378 -0.192084     16.806327 16.806327 0.312253
295.108093 67.256760     314.158508 -147.330017 705.703979     -0.192084 -0.981378 0.981378 -0.192084     16.806327 16.806327 1.944791
424.617157 88.384933     353.395508 -65.927734 14.515625     -0.995725 -0.092363 0.092363 -0.995725     18.951947 18.951947 1.567865
79.325638 238.134613     125.281250 43.187500 746.140625     -0.994702 -0.102800 0.102800 -0.994702     69.913762 69.913762 1.639550
250.957214 242.722977     54.218750 75.429688 191.265625     -0.046718 -0.998908 0.998908 -0.046718     32.904611 32.904611 1.484777
250.957214 242.722977     326.388672 97.312500 109.722656     -0.046718 -0.998908 0.998908 -0.046718     32.904611 32.904611 4.695684
396.647064 225.760178     50.468750 61.148438 202.171875     0.636185 -0.771536 0.771536 0.636185     18.653737 18.653737 0.816338
396.647064 225.760178     374.469727 -69.123047 15.476562     0.636185 -0.771536 0.771536 0.636185     18.653737 18.653737 1.279213
348.837494 228.273209     366.944702 -157.392822 1377.339600     0.119624 -0.992819 0.992819 0.119624     29.332279 29.332279 1.551490
447.769897 227.409546     13.312500 17.343750 134.152344     0.565878 -0.824489 0.824489 0.565878     39.423803 39.423803 0.814867
447.769897 227.409546     314.174194 134.289062 114.437500     0.565878 -0.824489 0.824489 0.565878     39.423803 39.423803 2.247877
407.839996 87.274483     303.161377 122.851562 108.765625     -0.995809 -0.091455 0.091455 -0.995809     35.476628 35.476628 1.563629
517.790710 246.124023     37.889160 26.884766 44.257812     -0.868909 0.494972 -0.494972 -0.868909     17.644206 17.644206 1.920935
517.790710 246.124023     357.605469 93.935547 104.730469     -0.868909 0.494972 -0.494972 -0.868909     17.644206 17.644206 4.480289
532.094788 209.047394     399.059937 -390.434814 3000.131836     -0.133066 -0.991107 0.991107 -0.133066     11.402637 11.402637 1.646809
532.094788 209.047394     33.660156 -27.726562 44.539062     -0.133066 -0.991107 0.991107 -0.133066     11.402637 11.402637 4.599100
216.897293 227.629852     370.654297 -68.992188 15.812500     -0.595938 -0.803030 0.803030 -0.595938     27.780075 27.780075 1.884115
216.897293 227.629852     398.316833 -420.354980 4033.158203     -0.595938 -0.803030 0.803030 -0.595938     27.780075 27.780075 4.470373
316.533020 239.018875     24.020588 7.237793 41.585938     -0.981184 0.193075 -0.193075 -0.981184     8.598198 8.598198 1.543156
316.533020 239.018875     417.052673 -534.572510 5813.555664     -0.981184 0.193075 -0.193075 -0.981184     8.598198 8.598198 3.933046
441.313751 225.607315     7.915039 48.254883 350.095520     0.621770 -0.783200 0.783200 0.621770     62.510641 62.510641 2.217088
441.313751 225.607315     957.891602 161.685547 103.988281     0.621770 -0.783200 0.783200 0.621770     62.510641 62.510641 4.831536
251.495102 243.364700     12.687500 -14.093750 106.476562     -0.078104 -0.996945 0.996945 -0.078104     33.132503 33.132503 1.473195
323.700012 402.524994     16.848633 110.117188 797.298218     -0.895617 -0.444825 0.444825 -0.895617     18.175785 18.175785 1.573400
323.700012 402.524994     25.274902 166.325195 1191.474121     -0.895617 -0.444825 0.444825 -0.895617     18.175785 18.175785 3.858750
397.135651 224.941864     402.638672 -84.136719 23.843750     0.599909 -0.800068 0.800068 0.599909     18.826111 18.826111 0.820324
397.135651 224.941864     45.485352 306.789062 2209.342285     0.599909 -0.800068 0.800068 0.599909     18.826111 18.826111 4.302322
349.073547 227.380280     47.822754 315.795898 2261.672852     0.120476 -0.992716 0.992716 0.120476     29.254930 29.254930 1.491700
295.646851 63.768978     16.149414 4.368408 265.910797     -0.089571 -0.995980 0.995980 -0.089571     18.226760 18.226760 4.226322
295.646851 63.768978     47.796387 310.465332 2275.823242     -0.089571 -0.995980 0.995980 -0.089571     18.226760 18.226760 4.736955
519.265625 245.181244     49.745117 32.175781 33.234375     -0.857008 0.515302 -0.515302 -0.857008     18.474455 18.474455 1.933114
519.265625 245.181244     25.464844 20.148438 48.375000     -0.857008 0.515302 -0.515302 -0.857008     18.474455 18.474455 3.939945
532.525513 209.074509     57.130859 36.832031 38.906250     -0.176468 -0.984306 0.984306 -0.176468     13.378399 13.378399 1.676599
532.525513 209.074509     23.687500 19.636719 52.875000     -0.176468 -0.984306 0.984306 -0.176468     13.378399 13.378399 4.533878
407.836090 88.049530     71.354492 45.640625 47.406250     -0.995604 -0.093665 0.093665 -0.995604     37.254769 37.254769 1.564671
217.392197 227.446518     93.166992 20.578125 57.156250     -0.600085 -0.799936 0.799936 -0.600085     30.751520 30.751520 1.945830
217.392197 227.446518     22.808594 19.019531 56.636719     -0.600085 -0.799936 0.799936 -0.600085     30.751520 30.751520 4.411626
349.132416 227.015167     50.308594 -9.515625 17.285156     0.121814 -0.992553 0.992553 0.121814     31.203769 31.203769 1.571093
435.073395 222.218140     54.695312 -8.699219 17.433594     -0.904026 -0.427477 0.427477 -0.904026     79.756449 79.756449 1.510976
435.073395 222.218140     0.906250 9.855469 445.781250     -0.904026 -0.427477 0.427477 -0.904026     79.756449 79.756449 2.330947
437.905975 25.311966     1.154297 8.605469 465.953125     -0.006791 -0.999977 0.999977 -0.006791     13.295396 13.295396 0.380016
437.905975 25.311966     485.794922 -52.628906 83.468750     -0.006791 -0.999977 0.999977 -0.006791     13.295396 13.295396 0.866111
533.075684 208.949524     143.937500 -63.496094 52.636719     -0.170578 -0.985344 0.985344 -0.170578     16.330746 16.330746 0.758279
533.075684 208.949524     616.780273 -74.058594 88.484375     -0.170578 -0.985344 0.985344 -0.170578     16.330746 16.330746 1.697760
83.823753 239.389465     1730.109375 -82.250000 450.078125     -0.961466 -0.274924 0.274924 -0.961466     70.510664 70.510664 1.615281
83.823753 239.389465     26.628906 7.878906 45.308594     -0.961466 -0.274924 0.274924 -0.961466     70.510664 70.510664 2.326355
397.084167 224.269363     30.843750 10.570312 64.484375     0.461324 -0.887232 0.887232 0.461324     20.793253 20.793253 0.787697
397.084167 224.269363     303.767578 67.718750 433.863281     0.461324 -0.887232 0.887232 0.461324     20.793253 20.793253 1.272068
317.033600 238.861343     570.305664 -117.837891 2191.687500     -0.981357 0.192193 -0.192193 -0.981357     9.240615 9.240615 1.547930
317.033600 238.861343     7601.359375 -744.703125 485.476562     -0.981357 0.192193 -0.192193 -0.981357     9.240615 9.240615 3.761066
297.105133 63.757412     151.218750 -82.523438 83.136719     -0.150471 -0.988614 0.988614 -0.150471     24.689209 24.689209 4.746550
85.094337 200.919815     33.847656 15.738281 62.119141     0.102321 -0.994751 0.994751 0.102321     14.951515 14.951515 4.758450
408.876068 88.224579     26.492188 14.960938 61.716797     -0.995172 -0.098151 0.098151 -0.995172     37.258037 37.258037 1.553715
171.048782 226.089432     872.115234 -97.937500 90.351562     -0.974598 0.223960 -0.223960 -0.974598     14.000163 14.000163 1.555668
171.048782 226.089432     304.115234 -4.113281 178.820312     -0.974598 0.223960 -0.223960 -0.974598     14.000163 14.000163 4.753819
350.963226 225.735443     112.406250 17.398438 228.371094     0.554437 -0.832225 0.832225 0.554437     49.959446 49.959446 1.043330
350.963226 225.735443     146.234375 -57.031250 134.113281     0.554437 -0.832225 0.832225 0.554437     49.959446 49.959446 5.484303
348.444122 91.358170     54.101562 0.226562 82.044922     -0.119247 -0.992865 0.992865 -0.119247     23.585095 23.585095 1.580315
348.444122 91.358170     59.671875 -89.046875 459.054688     -0.119247 -0.992865 0.992865 -0.119247     23.585095 23.585095 4.674392
251.804382 243.073349     1108.859375 -117.132812 91.578125     -0.066474 -0.997788 0.997788 -0.066474     33.375158 33.375158 1.481893
251.804382 243.073349     343.218750 6.578125 180.718750     -0.066474 -0.997788 0.997788 -0.066474     33.375158 33.375158 4.614500
396.526459 223.649994     624.775391 -142.980469 2230.695312     0.313185 -0.949692 0.949692 0.313185     25.092227 25.092227 0.954346
396.526459 223.649994     6572.921875 -3522.937500 7233.660156     0.313185 -0.949692 0.949692 0.313185     25.092227 25.092227 1.419858
533.630737 209.083557     114.890625 15.375000 242.996094     -0.217540 -0.976051 0.976051 -0.217540     18.257373 18.257373 0.834435
533.630737 209.083557     138.953125 -55.316406 189.378906     -0.217540 -0.976051 0.976051 -0.217540     18.257373 18.257373 4.607403
436.203857 221.329727     1513.264648 -135.601562 92.109375     -0.412902 -0.910776 0.910776 -0.412902     86.749502 86.749502 0.878084
341.017242 186.918106     352.021484 63.914062 471.894531     0.593892 -0.804544 0.804544 0.593892     16.448589 16.448589 4.291744
408.449341 86.970100     248.621094 -58.304688 20.406250     -0.982028 -0.188737 0.188737 -0.982028     52.570675 52.570675 1.547575
520.432373 243.629898     364.839844 95.628906 1174.250000     -0.880438 0.474161 -0.474161 -0.880438     26.281862 26.281862 2.104900
520.432373 243.629898     28356.664062 -3831.210938 6830.757812     -0.880438 0.474161 -0.474161 -0.880438     26.281862 26.281862 3.737118
329.186432 145.847458     26.097656 -20.265625 148.109375     -0.773164 0.634207 -0.634207 -0.773164     20.695956 20.695956 4.745340
349.184662 89.973618     41.308594 25.943359 75.542969     -0.093681 -0.995602 0.995602 -0.093681     24.982692 24.982692 4.636561
109.541649 234.665421     16.687500 -8.414062 88.105469     -0.999174 0.040644 -0.040644 -0.999174     81.098643 81.098643 4.731573
324.334686 402.363251     823.352539 -163.363281 39.093750     -0.998954 0.045728 -0.045728 -0.998954     18.900084 18.900084 2.004956
324.334686 402.363251     57.015625 -79.062500 448.292969     -0.998954 0.045728 -0.045728 -0.998954     18.900084 18.900084 4.377621
252.790359 243.107117     136.054688 -53.621094 217.945312     -0.040249 -0.999190 0.999190 -0.040249     37.048041 37.048041 1.460441
252.790359 243.107117     56.410156 0.160156 118.666016     -0.040249 -0.999190 0.999190 -0.040249     37.048041 37.048041 2.237806
343.608826 229.863632     2937.472656 -488.148438 90.140625     -0.879802 0.475340 -0.475340 -0.879802     55.602605 55.602605 3.894049
297.242126 63.336563     117.265625 18.437500 262.386719     -0.143893 -0.989593 0.989593 -0.143893     25.191313 25.191313 4.721297
533.945312 208.847382     102.906250 -39.468750 29.796875     -0.181478 -0.983395 0.983395 -0.181478     21.120828 21.120828 0.742744
533.945312 208.847382     8.656250 15.273438 178.013672     -0.181478 -0.983395 0.983395 -0.181478     21.120828 21.120828 5.604023
439.107452 226.709915     145.062500 20.484375 89.570312     0.166030 -0.986121 0.986121 0.166030     105.091212 105.091212 0.390071
439.107452 226.709915     60.960938 -3.054688 122.605469     0.166030 -0.986121 0.986121 0.166030     105.091212 105.091212 5.855475
340.145020 185.722061     395.074219 84.585938 1278.609375     0.611020 -0.791615 0.791615 0.611020     20.867623 20.867623 4.236239
401.579132 221.815659     49.207031 73.886719 274.820312     -0.945434 0.325814 -0.325814 -0.945434     30.232257 30.232257 0.698644
401.579132 221.815659     135.062500 -49.886719 230.542969     -0.945434 0.325814 -0.325814 -0.945434     30.232257 30.232257 3.573886
534.065063 209.195267     25.335938 -17.066406 192.871094     -0.169482 -0.985533 0.985533 -0.169482     22.742217 22.742217 0.633435
534.065063 209.195267     29.929688 52.148438 101.628906     -0.169482 -0.985533 0.985533 -0.169482     22.742217 22.742217 1.612246
391.593262 87.992844     33.585938 5.070312 17.294922     -0.992963 -0.118426 0.118426 -0.992963     63.712887 63.712887 1.547261
328.039764 147.000000     43.710938 -92.007812 1531.695312     -0.766636 0.642082 -0.642082 -0.766636     22.594330 22.594330 4.751953
369.504913 287.588226     9.470703 26.240234 1913.457031     -0.040482 -0.999180 0.999180 -0.040482     10.520894 10.520894 1.616666
369.504913 287.588226     119.062500 -40.156250 32.203125     -0.040482 -0.999180 0.999180 -0.040482     10.520894 10.520894 4.559859
297.277893 62.667397     13.269531 14.031250 1905.496094     -0.132547 -0.991177 0.991177 -0.132547     25.310004 25.310004 4.721722
328.090424 147.172867     29600.843750 -4199.375000 7318.398438     -0.757282 0.653088 -0.653088 -0.757282     23.648904 23.648904 4.745474
145.535400 236.169403     51.664062 78.003906 284.091797     -0.999782 -0.020875 0.020875 -0.999782     84.136640 84.136640 4.710312
401.119659 228.077057     134.031250 -35.218750 40.828125     -0.995557 0.094160 -0.094160 -0.995557     151.024174 151.024174 1.592222
525.853027 228.014130     131.910156 -54.050781 1639.351562     0.347489 -0.937684 0.937684 0.347489     37.523488 37.523488 1.256367
525.853027 228.014130     119.781250 27.812500 283.679688     0.347489 -0.937684 0.937684 0.347489     37.523488 37.523488 5.136977
292.355804 64.009438     43.585938 -90.742188 1507.230469     0.219203 -0.975679 0.975679 0.219203     39.868377 39.868377 4.473693
414.701233 362.651459     30135.257812 -3505.265625 6982.449219     -0.283406 -0.959000 0.959000 -0.283406     17.375913 17.375913 1.879840
414.701233 362.651459     35.812500 5.093750 17.253906     -0.283406 -0.959000 0.959000 -0.283406     17.375913 17.375913 3.540487
388.240173 87.465813     10.320312 24.476562 128.277344     -0.991536 -0.129831 0.129831 -0.991536     65.074570 65.074570 1.559147
378.436005 164.824646     124.656250 51.601562 328.187500     -0.911026 0.412350 -0.412350 -0.911026     9.644355 9.644355 1.688209
378.436005 164.824646     147.250000 -40.750000 81.828125     -0.911026 0.412350 -0.412350 -0.911026     9.644355 9.644355 4.100468
359.235168 322.683502     61.703125 82.121094 116.341797     -0.634447 -0.772966 0.772966 -0.634447     35.875684 35.875684 4.438971
324.386871 402.189789     63.472656 83.800781 118.044922     -0.988883 0.148696 -0.148696 -0.988883     20.116576 20.116576 2.150530
324.386871 402.189789     378.093750 -8.187500 90.203125     -0.988883 0.148696 -0.148696 -0.988883     20.116576 20.116576 4.432272
400.750610 52.242054     219.734375 5.312500 57.710938     0.325621 -0.945500 0.945500 0.325621     20.870974 20.870974 2.409123
310.386627 383.163574     1650.113281 402.671875 2220.765625     -0.320501 -0.947248 0.947248 -0.320501     25.387922 25.387922 2.012355
310.386627 383.163574     1247.875000 -60.593750 84.203125     -0.320501 -0.947248 0.947248 -0.320501     25.387922 25.387922 5.413078
310.275085 382.805817     214.656250 34.640625 52.277344     -0.323224 -0.946323 0.946323 -0.323224     25.522032 25.522032 2.048546
310.275085 382.805817     182.851562 1.960938 71.265625     -0.323224 -0.946323 0.946323 -0.323224     25.522032 25.522032 4.834104
468.725220 193.360367     100.974365 -124.472168 182.559570     -0.706779 -0.707434 0.707434 -0.706779     16.593747 16.593747 0.710193
317.171051 391.307007     55.546875 -9.558594 44.341797     -0.601058 -0.799205 0.799205 -0.601058     25.499212 25.499212 1.413470
317.171051 391.307007     30684.328125 -1931.671875 10960.480469     -0.601058 -0.799205 0.799205 -0.601058     25.499212 25.499212 4.700833
308.162781 388.407471     331.890625 -76.726562 104.278320     -0.910378 -0.413778 0.413778 -0.910378     34.147906 34.147906 1.555819
308.162781 388.407471     174.890625 6.726562 72.414062     -0.910378 -0.413778 0.413778 -0.910378     34.147906 34.147906 4.268960
500.275726 93.131691     17.471346 3.328247 82.140625     0.533730 -0.845655 0.845655 0.533730     10.011319 10.011319 5.077447
501.244965 90.013420     133.922089 -23.337891 33.062500     0.464352 -0.885651 0.885651 0.464352     12.586025 12.586025 5.102177
480.746033 289.801575     168.265625 0.890625 73.789062     -0.149075 -0.988826 0.988826 -0.149075     9.060529 9.060529 3.787800
481.053711 284.255768     26.418045 21.996826 170.820312     -0.127825 -0.991797 0.991797 -0.127825     10.562433 10.562433 3.770943
239.250000 380.615753     48.466866 -29.998787 63.522476     -0.795195 -0.606354 0.606354 -0.795195     20.163283 20.163283 5.410285
239.577240 380.609741     27.139194 26.983643 207.203125     -0.985774 -0.168079 0.168079 -0.985774     21.484716 21.484716 5.729378
475.755188 160.966812     958.270264 -24.128906 15.109375     -0.044726 -0.998999 0.998999 -0.044726     10.419700 10.419700 2.025733
244.034149 381.475616     2.278028 10.375397 589.996094     -0.958723 -0.284343 0.284343 -0.958723     23.667681 23.667681 5.515827
216.628784 78.700760     65.406250 45.518555 134.534668     0.291037 -0.956712 0.956712 0.291037     21.567106 21.567106 1.269856
216.628784 78.700760     51.429321 -11.508545 17.734375     0.291037 -0.956712 0.956712 0.291037     21.567106 21.567106 4.060526
561.858276 22.425100     2.881623 15.667084 823.191406     -0.601650 -0.798760 0.798760 -0.601650     6.396609 6.396609 1.633117
627.730774 168.129807     162.033203 -26.648438 16.132812     0.037473 -0.999298 0.999298 0.037473     10.040668 10.040668 2.658900
627.730774 168.129807     192.468750 -200.636719 230.374268     0.037473 -0.999298 0.999298 0.037473     10.040668 10.040668 5.197038
570.919556 37.275864     95.460938 -77.974609 131.406860     -0.540572 -0.841298 0.841298 -0.540572     10.279385 10.279385 1.615106
627.834717 167.202484     45.625000 -67.796875 138.574829     0.037407 -0.999300 0.999300 0.037407     10.056083 10.056083 2.576890
627.974609 168.307938     192.531250 -90.785156 70.947998     0.038879 -0.999244 0.999244 0.038879     10.146150 10.146150 2.547108
627.974609 168.307938     38.000000 -31.274414 59.680847     0.038879 -0.999244 0.999244 0.038879     10.146150 10.146150 5.154794
578.596191 51.177143     116.921875 30.343750 20.968750     -0.508997 -0.860768 0.860768 -0.508997     12.352479 12.352479 1.608802
619.048767 372.817078     97.500000 -69.304688 92.402344     -0.999353 -0.035957 0.035957 -0.999353     8.231787 8.231787 4.707329
581.242920 56.605068     87.007812 35.042969 26.982422     -0.490641 -0.871362 0.871362 -0.490641     13.765194 13.765194 1.609754
587.335632 72.873779     462.921875 22.265625 22.468750     -0.417937 -0.908476 0.908476 -0.417937     23.014500 23.014500 1.611147
587.563904 73.399834     3345.063477 1357.626953 801.496094     -0.413889 -0.910327 0.910327 -0.413889     22.619799 22.619799 1.600714
587.524292 73.425690     594.875000 -92.890625 130.953125     -0.409282 -0.912408 0.912408 -0.409282     23.130171 23.130171 1.605970
