1.0
870
354.020081 398.846161     713.843750 7.765625 1.406250     -0.999941 -0.010898 0.010898 -0.999941     5.173266 5.173266 1.282135
354.513275 399.002960     714.906250 7.859375 1.578125     -0.999939 -0.011016 0.011016 -0.999939     5.495791 5.495791 1.283017
359.489410 399.275421     922.554688 3.203125 1.984375     -0.999994 -0.003479 0.003479 -0.999994     6.321227 6.321227 1.249973
342.062927 397.880859     1598.015625 89.328125 15.250000     -0.998421 -0.056171 0.056171 -0.998421     14.389067 14.389067 5.645078
345.105835 397.437317     2144.476562 42.078125 20.968750     -0.999804 -0.019804 0.019804 -0.999804     20.192560 20.192560 6.111548
425.780731 276.351593     20.187500 11.898438 145.835938     -0.093451 -0.995624 0.995624 -0.093451     19.651500 19.651500 0.756326
337.039276 396.187866     2842.468750 72.046875 31.125000     -0.999672 -0.025602 0.025602 -0.999672     24.349887 24.349887 6.055322
448.665344 254.677292     26.671875 14.500000 47.941406     -0.451987 -0.892025 0.892025 -0.451987     19.781968 19.781968 0.826194
448.665344 254.677292     41.156250 -16.906250 303.601562     -0.451987 -0.892025 0.892025 -0.451987     19.781968 19.781968 2.340716
427.182495 268.509674     3826.054688 24.250000 32.546875     0.064021 -0.997949 0.997949 0.064021     28.485982 28.485982 0.430241
427.182495 268.509674     193.578125 11.515625 434.234375     0.064021 -0.997949 0.997949 0.064021     28.485982 28.485982 4.666648
330.847870 396.467896     4684.812500 21.867188 39.109375     -0.999980 -0.006392 0.006392 -0.999980     25.611232 25.611232 6.248501
439.297607 262.299957     11.125000 -1.125000 44.703125     -0.047688 -0.998862 0.998862 -0.047688     62.520589 62.520589 4.715077
323.372406 396.864197     424.812500 50.789062 626.714844     -0.999989 -0.004707 0.004707 -0.999989     28.104814 28.104814 6.267313
256.799011 371.284302     32.796875 0.273438 49.250000     0.033448 -0.999440 0.999440 0.033448     14.983953 14.983953 1.637963
451.793152 255.371933     369.736328 -10.007812 705.371094     -0.230960 -0.972963 0.972963 -0.230960     91.423820 91.423820 4.897718
252.385605 370.879181     7412.226562 -1.570312 46.062500     -0.016612 -0.999862 0.999862 -0.016612     25.769065 25.769065 1.781243
168.404053 251.002243     876.843750 197.828125 793.042969     0.029778 -0.999557 0.999557 0.029778     86.493487 86.493487 4.737465
326.630829 398.089233     19.187500 -14.015625 109.148438     -1.000000 0.000213 -0.000213 -1.000000     30.541101 30.541101 6.328494
463.734314 251.262161     109.847656 14.085938 58.750000     -0.776919 -0.629601 0.629601 -0.776919     113.193260 113.193260 1.139366
463.734314 251.262161     9897.390625 -27.500000 46.953125     -0.776919 -0.629601 0.629601 -0.776919     113.193260 113.193260 5.460870
412.151093 323.365387     79.875000 -22.656250 119.000000     0.150456 -0.988617 0.988617 0.150456     18.583684 18.583684 4.638146
244.054443 369.365692     1291.718750 278.914062 947.109375     -0.968432 -0.249277 0.249277 -0.968432     33.410567 33.410567 1.373693
319.756958 398.657440     32.000000 -0.835938 14.703125     -0.999996 0.002792 -0.002792 -0.999996     30.809838 30.809838 6.374499
419.563690 321.490509     751.791016 -48.464844 941.683594     0.416210 -0.909268 0.909268 0.416210     37.516155 37.516155 2.453002
419.563690 321.490509     26.109375 1.218750 13.531250     0.416210 -0.909268 0.909268 0.416210     37.516155 37.516155 4.259758
475.065704 247.848907     80.062500 -20.031250 119.187500     -0.873375 -0.487048 0.487048 -0.873375     126.606814 126.606814 1.223989
475.065704 247.848907     12295.117188 -15.835938 48.718750     -0.873375 -0.487048 0.487048 -0.873375     126.606814 126.606814 5.606619
310.972229 294.699066     124.648438 -5.546875 13.351562     -0.998840 0.048161 -0.048161 -0.998840     17.231427 17.231427 3.206090
310.972229 294.699066     1389.218750 214.515625 1165.011719     -0.998840 0.048161 -0.048161 -0.998840     17.231427 17.231427 6.232778
155.382889 243.370773     107.187500 -2.828125 14.960938     0.233800 -0.972285 0.972285 0.233800     122.424560 122.424560 4.522738
377.692322 354.951935     27.937500 1.015625 14.601562     -0.995423 -0.095562 0.095562 -0.995423     16.481460 16.481460 2.411757
377.692322 354.951935     78.437500 -19.312500 126.453125     -0.995423 -0.095562 0.095562 -0.995423     16.481460 16.481460 4.778230
419.500610 321.695282     82.085938 10.132812 14.298828     0.388145 -0.921598 0.921598 0.388145     38.084473 38.084473 2.474239
419.500610 321.695282     14589.210938 2.585938 51.031250     0.388145 -0.921598 0.921598 0.388145     38.084473 38.084473 4.268495
315.176666 398.797302     1495.875000 149.523438 1301.128906     -0.999999 0.001293 -0.001293 -0.999999     31.402866 31.402866 6.355610
305.255951 323.978882     1497.353516 -36.482422 1371.304688     -0.998766 0.049654 -0.049654 -0.998766     16.272213 16.272213 5.225555
480.962341 241.442932     505.539062 -46.769531 34.019531     -0.855324 -0.518094 0.518094 -0.855324     144.776519 144.776519 1.124663
480.962341 241.442932     131.429688 -6.921875 14.492188     -0.855324 -0.518094 0.518094 -0.855324     144.776519 144.776519 4.164149
306.375610 294.758362     134.132812 -4.734375 14.953125     -0.999531 0.030622 -0.030622 -0.999531     17.355243 17.355243 3.225323
306.375610 294.758362     31.812500 1.140625 15.164062     -0.999531 0.030622 -0.030622 -0.999531     17.355243 17.355243 5.947266
377.828339 354.866943     1288.906250 -26.632812 31.000000     -0.997145 -0.075504 0.075504 -0.997145     17.150054 17.150054 2.332001
377.828339 354.866943     327.671875 32.953125 7.824219     -0.997145 -0.075504 0.075504 -0.997145     17.150054 17.150054 2.654919
419.922089 321.002930     57.515625 7.140625 17.853516     0.332277 -0.943182 0.943182 0.332277     38.086546 38.086546 2.525356
419.922089 321.002930     154.718750 25.929688 70.156250     0.332277 -0.943182 0.943182 0.332277     38.086546 38.086546 4.347952
347.218842 131.060791     20279.625000 45.742188 57.859375     -0.989470 -0.144741 0.144741 -0.989470     16.110117 16.110117 1.379901
347.218842 131.060791     151.546875 -3.671875 14.914062     -0.989470 -0.144741 0.144741 -0.989470     16.110117 16.110117 4.601501
309.696655 398.823669     62.695312 -50.332031 55.445312     -1.000000 -0.000178 0.000178 -1.000000     32.146127 32.146127 6.333865
283.871643 130.880112     104.015625 -22.828125 137.093750     -0.995210 0.097761 -0.097761 -0.995210     24.410281 24.410281 1.561024
305.423981 323.920776     1781.640625 -6.039062 1428.199219     -0.998265 0.058885 -0.058885 -0.998265     16.887827 16.887827 5.237350
307.213287 294.565399     39.652344 -16.515625 26.164062     -0.999214 0.039631 -0.039631 -0.999214     17.291568 17.291568 3.203292
377.645905 354.937744     54.718750 -21.414062 18.484375     -0.997683 -0.068036 0.068036 -0.997683     17.478477 17.478477 2.427703
377.645905 354.937744     2820.851562 -81.902344 54.408203     -0.997683 -0.068036 0.068036 -0.997683     17.478477 17.478477 4.857844
303.502869 130.977112     32.968750 -0.250000 18.523438     -0.999776 0.021158 -0.021158 -0.999776     24.826127 24.826127 1.535986
303.502869 130.977112     66.851562 -53.386719 57.156250     -0.999776 0.021158 -0.021158 -0.999776     24.826127 24.826127 4.719098
395.552887 155.167236     85.035156 -71.816406 88.742188     -0.994843 -0.101431 0.101431 -0.994843     9.508140 9.508140 1.283113
434.336029 170.344131     62.046875 2.664062 9.328125     -0.985105 -0.171951 0.171951 -0.985105     18.338321 18.338321 0.697763
434.336029 170.344131     14.218750 74.968750 1093.148438     -0.985105 -0.171951 0.171951 -0.985105     18.338321 18.338321 1.486406
239.796707 368.308838     176.781250 6.117188 2.251953     -0.962409 -0.271603 0.271603 -0.962409     35.671855 35.671855 1.377667
312.946960 398.739014     27936.328125 3330.539062 1494.546875     -0.999997 -0.002262 0.002262 -0.999997     34.198788 34.198788 6.289635
307.169067 294.476624     136.687500 -5.125000 16.210938     -0.999640 0.026845 -0.026845 -0.999640     17.320883 17.320883 1.669299
307.169067 294.476624     288.878906 -26.105469 8.919922     -0.999640 0.026845 -0.026845 -0.999640     17.320883 17.320883 3.181684
187.839508 307.489716     1822.989258 109.583984 1518.152344     -0.732064 0.681236 -0.681236 -0.732064     13.202659 13.202659 1.903547
196.239075 318.691956     55.031250 -20.273438 18.500000     0.676409 -0.736526 0.736526 0.676409     16.958762 16.958762 0.239569
196.239075 318.691956     646.250000 148.890625 70.042969     0.676409 -0.736526 0.736526 0.676409     16.958762 16.958762 3.405773
394.303253 155.701385     197.445312 -9.570312 16.859375     -0.997120 -0.075836 0.075836 -0.997120     13.894404 13.894404 0.988350
587.356506 275.995667     26.085938 -3.046875 25.523438     -0.062321 -0.998056 0.998056 -0.062321     6.840092 6.840092 0.470306
25.515079 306.635132     72.789062 4.367188 9.156250     0.060196 -0.998187 0.998187 0.060196     15.966905 15.966905 4.771345
422.831024 319.395020     13.828125 -6.335938 52.582031     0.454585 -0.890703 0.890703 0.454585     43.247998 43.247998 2.447866
422.831024 319.395020     35686.171875 1517.835938 2072.734375     0.454585 -0.890703 0.890703 0.454585     43.247998 43.247998 4.190323
205.686615 330.739441     140.484375 -5.070312 74.799805     -0.830074 0.557654 -0.557654 -0.830074     17.468267 17.468267 0.832650
377.200012 283.863647     304.015625 -13.673828 6.498047     -0.907164 0.420778 -0.420778 -0.907164     13.159484 13.159484 3.630015
278.652710 131.183685     288.484375 23.074219 15.771973     -0.999563 0.029567 -0.029567 -0.999563     32.445453 32.445453 1.569773
377.711853 354.610168     89.875000 -75.191406 91.406250     -0.999850 0.017299 -0.017299 -0.999850     19.365227 19.365227 2.583603
377.711853 354.610168     82.664062 9.734375 13.671875     -0.999850 0.017299 -0.017299 -0.999850     19.365227 19.365227 2.812081
187.824554 307.396484     64.343750 -22.242188 19.445312     -0.738387 0.674377 -0.674377 -0.738387     13.040336 13.040336 1.892796
195.765869 318.892853     6.656250 6.742188 261.726562     0.697925 -0.716171 0.716171 0.697925     17.456492 17.456492 1.826372
195.765869 318.892853     39.228516 -30.648438 44.851562     0.697925 -0.716171 0.716171 0.697925     17.456492 17.456492 3.266039
279.143463 338.430389     33.640625 -19.511719 37.734375     -0.998732 -0.050341 0.050341 -0.998732     13.644607 13.644607 3.281884
590.532166 307.522369     33.218750 1.000000 24.781250     -0.068987 -0.997618 0.997618 -0.068987     13.525853 13.525853 4.660664
409.698578 149.349289     602.320312 -118.105469 41.812500     -0.999388 -0.034985 0.034985 -0.999388     6.423836 6.423836 4.689901
304.932495 324.063873     55.832031 16.093750 19.140625     -0.999100 0.042424 -0.042424 -0.999100     17.996240 17.996240 5.200096
218.154251 152.656921     589.296875 133.484375 92.613281     -0.995754 0.092058 -0.092058 -0.995754     11.478492 11.478492 4.720105
377.132294 283.937744     93.539062 15.703125 16.648438     -0.913608 0.406596 -0.406596 -0.913608     13.853449 13.853449 3.558974
413.035553 161.505432     23.457031 -0.660156 20.601562     -0.971694 -0.236242 0.236242 -0.971694     26.179047 26.179047 0.969616
413.035553 161.505432     4.531250 6.921875 124.503906     -0.971694 -0.236242 0.236242 -0.971694     26.179047 26.179047 1.643552
308.337311 294.069824     40000.429688 312.000000 3321.484375     -0.998606 0.052774 -0.052774 -0.998606     18.197815 18.197815 1.642796
308.337311 294.069824     14.187500 4.671875 61.812500     -0.998606 0.052774 -0.052774 -0.998606     18.197815 18.197815 3.335306
316.977936 274.746338     37.615234 -15.488281 113.578125     -0.738890 0.673826 -0.673826 -0.738890     21.461207 21.461207 3.869201
279.960571 338.623657     53.515625 -3.601562 26.703125     -0.997675 -0.068152 0.068152 -0.997675     13.393019 13.393019 1.567998
279.960571 338.623657     66.070312 14.976562 19.414062     -0.997675 -0.068152 0.068152 -0.997675     13.393019 13.393019 3.121564
393.081573 116.517731     98.710938 11.882812 18.226562     0.157356 -0.987542 0.987542 0.157356     16.111353 16.111353 1.521855
393.081573 116.517731     3543.492188 18.710938 104.643555     0.157356 -0.987542 0.987542 0.157356     16.111353 16.111353 4.558533
267.355743 128.926315     3.781250 6.671875 205.500000     -0.999994 -0.003466 0.003466 -0.999994     40.737123 40.737123 1.574622
422.272247 120.014191     228.125000 -10.273438 17.523438     -0.997069 0.076512 -0.076512 -0.997069     38.817743 38.817743 4.764036
305.360474 91.965118     104.093750 -31.496094 98.546875     -0.998950 0.045815 -0.045815 -0.998950     10.903495 10.903495 1.459213
388.970734 89.681587     76.734375 -23.898438 20.007812     -0.996489 -0.083718 0.083718 -0.996489     16.737000 16.737000 2.680496
195.433334 319.208771     780.390625 160.566406 100.767578     0.703498 -0.710697 0.710697 0.703498     17.685241 17.685241 1.862382
195.433334 319.208771     77.500000 8.718750 143.078125     0.703498 -0.710697 0.710697 0.703498     17.685241 17.685241 3.247748
280.147156 339.072083     156.890625 -6.648438 17.453125     -0.990559 -0.137085 0.137085 -0.990559     15.797961 15.797961 1.588659
280.147156 339.072083     4086.921875 -16.916016 39.289551     -0.990559 -0.137085 0.137085 -0.990559     15.797961 15.797961 3.041497
377.692322 283.729095     36.078125 -11.234375 42.156250     -0.924763 0.380543 -0.380543 -0.924763     14.436934 14.436934 3.502061
585.543335 208.514435     129.244141 -1.890625 131.250000     -0.026405 -0.999651 0.999651 -0.026405     11.453504 11.453504 6.127405
160.260681 355.239319     39.031250 -1.046875 26.726562     0.674036 -0.738699 0.738699 0.674036     15.102120 15.102120 1.501981
162.174911 371.840302     20.515625 -0.257812 13.898438     0.669204 -0.743079 0.743079 0.669204     18.038609 18.038609 2.211465
377.818176 355.041046     25.886719 -2.974609 23.026367     -0.993237 -0.116108 0.116108 -0.993237     22.348448 22.348448 2.580084
206.020935 155.179810     51.050781 6.031250 13.164062     -0.980182 0.198099 -0.198099 -0.980182     19.061536 19.061536 0.847559
206.020935 155.179810     77.000000 -68.156250 68.023438     -0.980182 0.198099 -0.198099 -0.980182     19.061536 19.061536 4.742412
185.966980 306.549530     603.140625 4.996094 2.305664     -0.768896 0.639374 -0.639374 -0.768896     19.805825 19.805825 2.046033
248.651688 319.378265     44187.984375 -1079.398438 5544.710938     -0.935879 -0.352322 0.352322 -0.935879     16.276041 16.276041 2.464072
414.047974 159.636902     137.343750 -4.609375 133.640625     -0.969748 -0.244107 0.244107 -0.969748     34.568761 34.568761 1.664942
414.047974 159.636902     80.395508 77.550781 83.835938     -0.969748 -0.244107 0.244107 -0.969748     34.568761 34.568761 2.435864
393.282532 116.609528     73.832031 16.976562 20.390625     0.156187 -0.987728 0.987728 0.156187     16.579742 16.579742 1.531753
393.282532 116.609528     3.824341 -2.820312 158.730469     0.156187 -0.987728 0.987728 0.156187     16.579742 16.579742 4.541258
351.277985 89.906326     115.468750 9.656250 18.437500     -0.999820 0.018989 -0.018989 -0.999820     18.726477 18.726477 4.684196
281.029266 339.465424     669.351562 -6.988281 2.402344     -0.981263 -0.192674 0.192674 -0.981263     16.573863 16.573863 1.592328
281.029266 339.465424     15.546875 -4.289062 53.550781     -0.981263 -0.192674 0.192674 -0.981263     16.573863 16.573863 2.618593
226.864975 120.455696     6845.734375 -223.527344 398.715820     -0.976644 0.214862 -0.214862 -0.976644     20.352902 20.352902 1.568049
226.864975 120.455696     48.023438 -4.195312 10.007812     -0.976644 0.214862 -0.214862 -0.976644     20.352902 20.352902 3.249401
583.490723 152.629623     85.078125 -24.773438 20.507812     -0.057410 -0.998351 0.998351 -0.057410     9.148634 9.148634 0.387959
494.801605 370.020233     67.386719 -42.078125 57.507812     -0.096715 -0.995312 0.995312 -0.096715     16.676450 16.676450 1.634626
161.282104 364.271240     143.431641 -5.085938 135.109375     0.192393 -0.981318 0.981318 0.192393     26.461634 26.461634 1.460606
320.851105 274.796539     76.928955 72.699219 91.117188     -0.991402 0.130849 -0.130849 -0.991402     23.045877 23.045877 3.492895
249.427277 319.357574     793.578125 155.476562 105.615234     -0.959559 -0.281507 0.281507 -0.959559     17.440258 17.440258 2.665571
280.558838 340.018097     83.625000 -67.093750 75.531250     -0.989713 -0.143069 0.143069 -0.989713     18.283977 18.283977 1.608074
280.558838 340.018097     184.593750 0.613281 2.602295     -0.989713 -0.143069 0.143069 -0.989713     18.283977 18.283977 2.959619
263.754883 127.838272     46874.171875 -842.328125 6663.460938     -0.999985 -0.005441 0.005441 -0.999985     46.010547 46.010547 1.570020
422.419067 121.511337     102.781250 -4.601562 29.375000     -0.945040 0.326955 -0.326955 -0.945040     42.361450 42.361450 4.978876
579.950195 317.436768     8237.164062 -69.589844 4.056152     -0.033021 -0.999455 0.999455 -0.033021     8.491558 8.491558 0.164427
308.805298 293.925842     630.765625 13.167969 3.034668     -0.998818 0.048608 -0.048608 -0.998818     18.566780 18.566780 1.600470
308.805298 293.925842     408.171875 1.505859 2.201660     -0.998818 0.048608 -0.048608 -0.998818     18.566780 18.566780 3.285768
198.326675 323.506317     44.093750 -0.515625 29.265625     -0.737468 0.675382 -0.675382 -0.737468     37.569569 37.569569 0.859255
377.274231 283.900269     133.203125 11.398438 142.046875     -0.939343 0.342979 -0.342979 -0.939343     15.114818 15.114818 3.379271
411.477844 158.923721     52.148438 -4.968750 10.531250     -0.975742 -0.218922 0.218922 -0.975742     36.208118 36.208118 1.650769
411.477844 158.923721     37361.628906 4642.289062 7700.703125     -0.975742 -0.218922 0.218922 -0.975742     36.208118 36.208118 2.456413
503.987030 364.066956     49.679688 5.281250 7.429688     -0.129580 -0.991569 0.991569 -0.129580     39.323054 39.323054 1.744622
304.325073 324.229370     1045.156250 -194.570312 105.701172     -0.998870 0.047519 -0.047519 -0.998870     18.628501 18.628501 5.197020
334.597260 90.334862     81.877197 77.986328 96.789062     -0.999991 0.004179 -0.004179 -0.999991     28.181232 28.181232 1.572827
334.597260 90.334862     67.679688 8.234375 13.828125     -0.999991 0.004179 -0.004179 -0.999991     28.181232 28.181232 4.698186
275.323730 318.730774     83.714844 19.031250 20.726562     0.607812 -0.794081 0.794081 0.607812     23.589193 23.589193 1.039055
275.323730 318.730774     42.812500 37.824219 75.548828     0.607812 -0.794081 0.794081 0.607812     23.589193 23.589193 4.159752
152.062653 361.961945     45.810059 27.726562 42.664062     0.515451 -0.856919 0.856919 0.515451     50.932943 50.932943 0.988286
377.236359 355.270142     36.562500 -26.203125 31.453125     -0.996451 0.084173 -0.084173 -0.996451     23.225463 23.225463 2.883571
310.707916 309.935638     130.992188 11.570312 19.140625     -0.999244 0.038873 -0.038873 -0.999244     16.770220 16.770220 3.170966
227.139191 119.882782     14403.703125 -127.939453 6.491455     -0.846556 0.532300 -0.532300 -0.846556     20.698035 20.698035 5.345091
244.157150 288.628571     99.906250 -83.531250 90.726562     -0.988147 -0.153508 0.153508 -0.988147     15.735277 15.735277 0.673048
244.157150 288.628571     87.554688 -3.765625 19.585938     -0.988147 -0.153508 0.153508 -0.988147     15.735277 15.735277 3.055280
553.453064 318.987762     143.921875 3.968750 135.296875     -0.729969 0.683480 -0.683480 -0.729969     9.230865 9.230865 1.554426
372.729797 57.818180     5916.234375 2.273438 4.066406     -0.999965 -0.008314 0.008314 -0.999965     6.771152 6.771152 5.836167
508.886139 363.135742     33.797852 24.322266 30.632812     -0.828476 0.560024 -0.560024 -0.828476     51.411359 51.411359 3.847522
61.887161 316.688721     310.703125 50.648438 62.007812     -0.699222 -0.714904 0.714904 -0.699222     9.594465 9.594465 4.722522
249.436096 319.368408     53.171875 6.203125 8.671875     -0.960223 -0.279236 0.279236 -0.960223     17.690090 17.690090 1.194132
249.436096 319.368408     36.312500 -19.437500 31.867188     -0.960223 -0.279236 0.279236 -0.960223     17.690090 17.690090 2.699234
40.706383 251.859573     56.101562 -4.968750 11.132812     0.018198 -0.999834 0.999834 0.018198     8.740906 8.740906 3.034837
280.080719 340.084656     9763.859375 -25.759766 4.663574     -0.995179 -0.098075 0.098075 -0.995179     18.817251 18.817251 1.643701
280.080719 340.084656     37900.046875 1212.468750 11151.093750     -0.995179 -0.098075 0.098075 -0.995179     18.817251 18.817251 3.218843
289.693024 58.144188     7367.351562 -96.847656 405.321289     -0.999945 0.010476 -0.010476 -0.999945     6.867667 6.867667 0.489894
289.693024 58.144188     88.019531 83.816406 102.875000     -0.999945 0.010476 -0.010476 -0.999945     6.867667 6.867667 3.139063
393.309662 116.519890     34.616211 18.429688 30.312500     0.110771 -0.993846 0.993846 0.110771     17.468367 17.468367 1.550914
393.309662 116.519890     16.203125 -1.007812 69.089844     0.110771 -0.993846 0.993846 0.110771     17.468367 17.468367 4.647022
310.581329 111.457161     883.703125 -47.226562 85.078125     -0.999401 0.034609 -0.034609 -0.999401     88.978907 88.978907 1.590968
310.581329 111.457161     16.421875 -14.687500 53.937500     -0.999401 0.034609 -0.034609 -0.999401     88.978907 88.978907 4.700066
298.196594 356.222229     102.484375 -8.968750 21.250000     -0.994107 0.108403 -0.108403 -0.994107     13.906626 13.906626 4.765291
376.990112 283.881195     54.906250 8.625000 10.632812     -0.946930 0.321441 -0.321441 -0.946930     15.652187 15.652187 3.319785
575.355408 214.222885     2107.468750 -550.101562 1979.035156     -0.059681 -0.998218 0.998218 -0.059681     8.139790 8.139790 0.610143
184.866135 307.456696     80.417969 10.437500 14.617188     -0.747190 0.664610 -0.664610 -0.747190     20.164930 20.164930 2.044416
150.550339 362.144836     35.843750 -19.843750 32.289062     -0.903667 0.428235 -0.428235 -0.903667     51.837817 51.837817 3.655745
61.529556 319.019714     153.828125 2.281250 12.265625     -0.671893 -0.740649 0.740649 -0.671893     14.910249 14.910249 4.917514
411.315369 158.303391     108.843750 -94.500000 104.570312     -0.977559 -0.210664 0.210664 -0.977559     38.212922 38.212922 1.618998
411.315369 158.303391     254.078125 -24.163574 5.577637     -0.977559 -0.210664 0.210664 -0.977559     38.212922 38.212922 2.518645
554.498840 320.747101     101.859375 -32.453125 50.492188     -0.728082 0.685490 -0.685490 -0.728082     15.822117 15.822117 6.270332
492.665161 56.936653     53.888672 37.429688 53.164062     -0.999994 -0.003370 0.003370 -0.999994     7.256351 7.256351 6.324032
316.078339 275.295013     23.421875 -7.539062 27.265625     -0.998056 0.062320 -0.062320 -0.998056     24.269844 24.269844 3.284673
316.154449 57.835239     27.382812 -1.230469 12.082031     -0.999964 0.008452 -0.008452 -0.999964     8.380144 8.380144 1.584227
316.154449 57.835239     95.595459 42.480469 105.976562     -0.999964 0.008452 -0.008452 -0.999964     8.380144 8.380144 4.698071
357.782501 67.530502     92.140625 14.960938 16.429688     -0.999780 -0.020963 0.020963 -0.999780     7.474016 7.474016 5.913552
264.223175 67.678108     38511.500000 618.789062 13468.328125     -0.999993 -0.003709 0.003709 -0.999993     6.668621 6.668621 6.292126
377.162415 355.429230     61.468750 -31.718750 56.914062     -0.999397 0.034711 -0.034711 -0.999397     24.336521 24.336521 2.807111
193.762589 318.121643     160.781250 3.726562 14.015625     -0.564945 -0.825129 0.825129 -0.564945     50.391744 50.391744 0.652796
193.762589 318.121643     56.343750 10.351562 12.460938     -0.564945 -0.825129 0.825129 -0.564945     50.391744 50.391744 5.316234
298.153839 356.215393     949.718750 -152.015625 375.796875     -0.993140 0.116929 -0.116929 -0.993140     14.191951 14.191951 4.764198
250.497513 349.422882     90.765625 20.031250 21.945312     -0.992508 -0.122183 0.122183 -0.992508     11.716894 11.716894 1.113572
250.497513 349.422882     93.750488 -81.710938 77.414062     -0.992508 -0.122183 0.122183 -0.992508     11.716894 11.716894 1.575636
206.208557 156.811646     66.921875 10.230469 79.193359     -0.980785 0.195093 -0.195093 -0.980785     36.833597 36.833597 4.700998
61.475689 318.940796     107.781250 -46.625000 106.179688     -0.672617 -0.739990 0.739990 -0.672617     14.918839 14.918839 4.978054
244.644119 288.338226     95.218750 77.992188 83.769531     -0.989010 -0.147849 0.147849 -0.989010     15.971612 15.971612 3.079494
248.788162 319.227783     49.890625 -14.773438 32.226562     -0.963295 -0.268446 0.268446 -0.963295     17.672470 17.672470 2.584983
577.005676 66.478630     87.541992 -75.190430 83.865234     -0.549021 -0.835808 0.835808 -0.549021     19.074231 19.074231 1.927776
577.005676 66.478630     52.656250 31.023438 42.390625     -0.549021 -0.835808 0.835808 -0.549021     19.074231 19.074231 4.058063
71.466461 307.551819     50.341309 -32.371094 44.046875     -0.726857 -0.686789 0.686789 -0.726857     18.260196 18.260196 3.230364
71.466461 307.551819     28.019531 -4.093750 26.380859     -0.726857 -0.686789 0.686789 -0.726857     18.260196 18.260196 4.240731
563.512451 329.950256     999.398438 -348.195312 660.789062     -0.740620 0.671924 -0.671924 -0.740620     12.471129 12.471129 1.100868
279.672455 340.133453     22.062500 -4.210938 35.148438     -0.994802 -0.101828 0.101828 -0.994802     19.068689 19.068689 1.636852
279.672455 340.133453     29.476562 5.652344 10.562500     -0.994802 -0.101828 0.101828 -0.994802     19.068689 19.068689 4.695973
350.587158 56.873901     66.281250 18.175781 110.972656     -0.999961 0.008885 -0.008885 -0.999961     10.413026 10.413026 1.583327
350.587158 56.873901     97.044434 -83.916016 91.302734     -0.999961 0.008885 -0.008885 -0.999961     10.413026 10.413026 4.694471
554.864075 320.456238     57.312500 36.882812 48.177734     -0.726245 0.687436 -0.687436 -0.726245     15.365474 15.365474 1.278904
554.864075 320.456238     45.812500 -8.945312 36.250000     -0.726245 0.687436 -0.687436 -0.726245     15.365474 15.365474 1.824376
343.636108 307.239655     36185.968750 -503.593750 10675.261719     -0.998478 0.055149 -0.055149 -0.998478     19.809177 19.809177 5.865098
509.760437 363.658264     12.023438 -0.898438 30.906250     -0.931618 -0.363439 0.363439 -0.931618     52.042379 52.042379 2.829388
509.760437 363.658264     34.132812 6.289062 12.765625     -0.931618 -0.363439 0.363439 -0.931618     52.042379 52.042379 4.286735
328.457672 67.337364     109.136719 19.054688 17.968750     -1.000000 -0.000385 0.000385 -1.000000     9.073424 9.073424 1.588362
328.457672 67.337364     124.542969 10.326172 61.655273     -1.000000 -0.000385 0.000385 -1.000000     9.073424 9.073424 4.707774
543.944214 310.183716     144.843750 7.187500 134.000000     -0.717873 0.696175 -0.696175 -0.717873     18.092749 18.092749 2.049532
543.944214 310.183716     78.140625 -2.015625 8.562500     -0.717873 0.696175 -0.696175 -0.717873     18.092749 18.092749 6.288786
52.980770 328.495178     124.718750 -30.273438 13.851562     -0.729701 -0.683766 0.683766 -0.729701     12.601316 12.601316 5.153660
292.084686 319.747681     52.835938 -35.636719 47.513672     -0.981357 -0.192194 0.192194 -0.981357     32.477581 32.477581 5.052277
250.539124 349.417389     146.046875 2.615234 2.551758     -0.990774 -0.135526 0.135526 -0.990774     12.586624 12.586624 1.550082
250.539124 349.417389     106.312500 89.820312 95.585938     -0.990774 -0.135526 0.135526 -0.990774     12.586624 12.586624 3.092953
564.637024 330.722229     80.363281 31.562500 66.031250     -0.746193 0.665729 -0.665729 -0.746193     17.150655 17.150655 0.959397
297.982635 356.350708     84.906250 12.289062 126.077148     -0.994093 0.108531 -0.108531 -0.994093     14.644263 14.644263 4.767716
339.603546 67.037491     28.921875 -0.019531 15.199219     -0.999997 0.002640 -0.002640 -0.999997     9.646788 9.646788 1.582333
339.603546 67.037491     33.587646 -18.178223 29.334961     -0.999997 0.002640 -0.002640 -0.999997     9.646788 9.646788 4.711836
309.439087 110.767265     63.796875 -3.593750 7.156250     -0.999903 0.013907 -0.013907 -0.999903     90.446006 90.446006 1.586922
309.439087 110.767265     132.664307 -10.425781 137.453125     -0.999903 0.013907 -0.013907 -0.999903     90.446006 90.446006 4.705287
61.224266 318.621338     116.062500 -47.921875 39.796875     -0.675177 -0.737656 0.737656 -0.675177     15.128558 15.128558 4.974971
52.206898 329.314178     31803.218750 -256.695312 11452.976562     -0.746985 -0.664841 0.664841 -0.746985     16.782929 16.782929 5.302112
393.157501 115.217499     38.031250 20.335938 30.443359     0.019046 -0.999819 0.999819 0.019046     18.103163 18.103163 1.580690
393.157501 115.217499     120.693359 1.561523 111.571289     0.019046 -0.999819 0.999819 0.019046     18.103163 18.103163 4.717845
328.914581 286.043671     34.765625 5.343750 14.558594     -0.998268 0.058827 -0.058827 -0.998268     40.822488 40.822488 1.679762
328.914581 286.043671     95.281250 -5.703125 10.234375     -0.998268 0.058827 -0.058827 -0.998268     40.822488 40.822488 2.697590
398.179108 314.440308     30.460938 4.996094 12.562500     0.326073 -0.945345 0.945345 0.326073     15.164258 15.164258 1.280888
398.179108 314.440308     27.757812 -11.593750 23.912109     0.326073 -0.945345 0.945345 0.326073     15.164258 15.164258 4.750653
342.564789 307.418091     163.750000 6.390625 19.593750     -0.994102 0.108448 -0.108448 -0.994102     20.260788 20.260788 6.005340
250.915054 349.899628     38.019531 18.929688 22.632812     -0.982795 -0.184698 0.184698 -0.982795     13.508924 13.508924 1.438903
250.915054 349.899628     14.039062 -14.406250 74.585938     -0.982795 -0.184698 0.184698 -0.982795     13.508924 13.508924 3.123816
244.768631 288.413879     99.808594 -46.645508 94.263672     -0.988227 -0.152998 0.152998 -0.988227     16.225759 16.225759 0.814141
244.768631 288.413879     127.468750 -5.609375 65.609375     -0.988227 -0.152998 0.152998 -0.988227     16.225759 16.225759 3.062123
565.056274 330.519867     62.968750 41.132812 53.269531     -0.737974 0.674830 -0.674830 -0.737974     16.923362 16.923362 0.977730
290.530304 356.132050     16.187500 -5.304688 105.929688     -0.999870 -0.016109 0.016109 -0.999870     15.736412 15.736412 4.685306
555.088623 320.123749     90.625000 14.457031 132.388672     -0.715054 0.699069 -0.699069 -0.715054     15.706791 15.706791 1.389865
555.088623 320.123749     30.343750 -0.347656 17.312500     -0.715054 0.699069 -0.699069 -0.715054     15.706791 15.706791 6.368776
64.484375 61.523438     17.187500 -1.085938 76.475586     -0.995392 0.095891 -0.095891 -0.995392     8.112285 8.112285 1.637040
373.269409 357.683044     92.406250 33.765625 27.207031     -0.900160 0.435559 -0.435559 -0.900160     26.542052 26.542052 1.229960
71.808411 308.039734     105.625000 48.976562 98.117188     -0.710521 -0.703676 0.703676 -0.710521     18.053317 18.053317 4.293729
461.055695 101.152542     31.734375 -13.214844 26.470703     -0.838756 -0.544507 0.544507 -0.838756     25.222772 25.222772 4.200573
461.055695 101.152542     31111.820312 -124.898438 11371.589844     -0.838756 -0.544507 0.544507 -0.838756     25.222772 25.222772 5.429244
383.189911 263.418610     16.320312 6.542969 29.914062     0.613587 -0.789627 0.789627 0.613587     18.859016 18.859016 0.773498
383.189911 263.418610     30.183594 -1.726562 28.859375     0.613587 -0.789627 0.789627 0.613587     18.859016 18.859016 2.331804
269.530243 226.795349     91.687500 25.070312 38.109375     -0.996823 0.079651 -0.079651 -0.996823     15.577873 15.577873 1.612919
269.530243 226.795349     24.316406 -31.949219 81.273438     -0.996823 0.079651 -0.079651 -0.996823     15.577873 15.577873 3.327323
58.239326 322.331451     33.953125 5.281250 13.339844     -0.662841 -0.748761 0.748761 -0.662841     34.267909 34.267909 5.291000
244.813522 288.410248     31.515625 0.148438 20.332031     -0.982345 -0.187077 0.187077 -0.982345     16.583300 16.583300 3.058047
244.813522 288.410248     67.375000 32.453125 56.066406     -0.982345 -0.187077 0.187077 -0.982345     16.583300 16.583300 4.443508
543.228943 309.576294     22.156250 7.242188 18.730469     -0.731988 0.681317 -0.681317 -0.731988     23.551388 23.551388 2.029257
290.523071 356.386536     121.781250 -8.609375 55.234375     -0.999678 -0.025367 0.025367 -0.999678     16.789924 16.789924 4.730161
251.017426 349.996521     46.421875 5.289062 20.878906     -0.975808 -0.218629 0.218629 -0.975808     14.330697 14.330697 2.968198
318.167328 301.499481     37.109375 -14.656250 27.912109     -0.970481 0.241178 -0.241178 -0.970481     82.733812 82.733812 3.406044
548.449829 134.913498     25.933594 -1.871094 18.996094     -0.737526 -0.675318 0.675318 -0.737526     9.160622 9.160622 1.610720
309.128723 251.212875     135.718750 -0.773438 130.712891     -0.964169 -0.265289 0.265289 -0.964169     13.594184 13.594184 1.078874
309.128723 251.212875     24.890625 7.390625 20.894531     -0.964169 -0.265289 0.265289 -0.964169     13.594184 13.594184 2.571721
248.582825 319.198364     52.101562 7.679688 32.726562     -0.965461 -0.260547 0.260547 -0.965461     18.300964 18.300964 1.274556
248.582825 319.198364     131.314453 -1.950195 119.528320     -0.965461 -0.260547 0.260547 -0.965461     18.300964 18.300964 2.553758
67.902222 136.271118     32.453125 -0.835938 25.710938     -0.741441 0.671018 -0.671018 -0.741441     8.375425 8.375425 4.721578
462.950836 96.275284     39.062500 4.726562 15.777344     -0.492778 -0.870155 0.870155 -0.492778     35.183051 35.183051 3.879868
462.950836 96.275284     29608.375000 248.453125 11288.953125     -0.492778 -0.870155 0.870155 -0.492778     35.183051 35.183051 5.160169
558.359436 323.789978     126.117188 -2.429688 52.945312     -0.713152 0.701009 -0.701009 -0.713152     34.957960 34.957960 0.931182
549.322144 133.219238     39.984375 -13.917969 30.072266     -0.732531 -0.680734 0.680734 -0.732531     15.121703 15.121703 3.066512
379.160400 264.709259     36.460938 0.746094 36.496094     -0.869807 0.493393 -0.493393 -0.869807     21.974754 21.974754 3.694326
379.160400 264.709259     43.031250 5.167969 18.355469     -0.869807 0.493393 -0.493393 -0.869807     21.974754 21.974754 5.366498
67.341522 133.857498     27.265625 8.109375 27.156250     -0.715696 0.698412 -0.698412 -0.715696     14.575217 14.575217 0.262783
67.341522 133.857498     45.937500 6.105469 54.898438     -0.715696 0.698412 -0.698412 -0.715696     14.575217 14.575217 3.347074
538.928162 142.870163     51.289062 6.937500 19.445312     -0.762637 -0.646827 0.646827 -0.762637     18.043965 18.043965 1.027852
538.928162 142.870163     128.976562 1.015625 51.703125     -0.762637 -0.646827 0.646827 -0.762637     18.043965 18.043965 3.237306
78.279068 142.988373     58.796875 -10.558594 131.539062     -0.740529 0.672024 -0.672024 -0.740529     17.235862 17.235862 3.166337
78.279068 142.988373     57.039062 6.718750 23.371094     -0.740529 0.672024 -0.672024 -0.740529     17.235862 17.235862 5.221572
227.224426 119.732674     43.398438 -14.957031 33.640625     -0.773386 0.633936 -0.633936 -0.773386     21.593089 21.593089 5.414597
311.038818 309.359558     58.234375 24.210938 84.605469     -0.847727 0.530433 -0.530433 -0.847727     94.705416 94.705416 0.830597
311.038818 309.359558     23.867188 -4.734375 37.148438     -0.847727 0.530433 -0.530433 -0.847727     94.705416 94.705416 3.893797
351.356445 271.165009     71.453125 -11.410156 144.691406     0.282045 -0.959401 0.959401 0.282045     20.535274 20.535274 1.139027
351.356445 271.165009     1.843750 1.875000 148.562500     0.282045 -0.959401 0.959401 0.282045     20.535274 20.535274 1.968286
327.049500 188.440598     97.398438 -27.421875 84.546875     -0.963942 -0.266113 0.266113 -0.963942     13.501553 13.501553 2.502822
327.049500 188.440598     79.242188 -13.070312 157.160156     -0.963942 -0.266113 0.266113 -0.963942     13.501553 13.501553 5.600488
462.567291 93.754059     100.328125 45.914062 107.878906     -0.334831 -0.942278 0.942278 -0.334831     34.805288 34.805288 4.981034
67.884369 133.481796     47.796875 -15.164062 38.595703     -0.719094 0.694913 -0.694913 -0.719094     14.377817 14.377817 4.448856
538.808044 142.566345     42.960938 0.925781 17.078125     -0.749298 -0.662232 0.662232 -0.749298     17.762509 17.762509 1.094496
538.808044 142.566345     142.064453 2.718750 7.031250     -0.749298 -0.662232 0.662232 -0.749298     17.762509 17.762509 3.190059
354.783203 270.617706     55.562500 -12.949219 46.392578     -0.857726 0.514107 -0.514107 -0.857726     25.009769 25.009769 3.465689
354.783203 270.617706     144.365234 6.039062 10.406250     -0.857726 0.514107 -0.514107 -0.857726     25.009769 25.009769 5.338155
257.764435 271.831726     45.437500 -40.656250 52.919922     0.047419 -0.998875 0.998875 0.047419     15.575973 15.575973 3.085804
257.764435 271.831726     1.921875 3.527344 131.863281     0.047419 -0.998875 0.998875 0.047419     15.575973 15.575973 6.271935
308.805206 250.922073     92.552734 -1.301758 7.777344     -0.964824 -0.262895 0.262895 -0.964824     14.960035 14.960035 1.753496
308.805206 250.922073     134.328125 1.871094 6.516113     -0.964824 -0.262895 0.262895 -0.964824     14.960035 14.960035 2.547745
244.897919 288.264587     32.828125 -21.199219 25.559570     -0.980468 -0.196678 0.196678 -0.980468     16.925296 16.925296 4.485717
112.967194 98.660103     2.280273 -3.019531 126.261719     -0.987441 -0.157987 0.157987 -0.987441     34.857756 34.857756 1.413345
112.967194 98.660103     34.328125 -21.375000 27.183594     -0.987441 -0.157987 0.157987 -0.987441     34.857756 34.857756 4.544034
553.100403 318.948151     91.015625 -1.141602 6.113770     -0.895047 -0.445971 0.445971 -0.895047     51.390456 51.390456 5.772137
458.031097 357.168884     2.206055 -2.953125 130.269531     -0.999581 0.028933 -0.028933 -0.999581     13.122850 13.122850 1.579859
458.031097 357.168884     134.593750 1.222656 8.135254     -0.999581 0.028933 -0.028933 -0.999581     13.122850 13.122850 3.380816
386.960938 300.289062     97.671875 -85.949219 80.623047     -0.968930 0.247336 -0.247336 -0.968930     11.135787 11.135787 1.699846
78.372749 142.645248     54.781738 -12.908203 104.609375     -0.732962 0.680270 -0.680270 -0.732962     17.099328 17.099328 3.199595
78.372749 142.645248     34.289062 -22.529297 25.835938     -0.732962 0.680270 -0.680270 -0.732962     17.099328 17.099328 5.232717
369.628815 75.737991     56.414062 4.679688 39.562500     -0.999834 -0.018216 0.018216 -0.999834     7.120971 7.120971 1.582511
369.628815 75.737991     61.437500 -4.203125 25.593750     -0.999834 -0.018216 0.018216 -0.999834     7.120971 7.120971 4.682835
549.244568 132.969208     47.203125 8.101562 24.500000     -0.727875 -0.685709 0.685709 -0.727875     14.903715 14.903715 1.769464
549.244568 132.969208     24.892578 7.335938 55.046875     -0.727875 -0.685709 0.685709 -0.727875     14.903715 14.903715 3.025426
247.129715 315.454010     100.386719 -17.125000 85.312500     -0.781475 -0.623936 0.623936 -0.781475     28.754787 28.754787 2.281842
463.164185 91.917900     80.281250 21.812500 23.875000     -0.265861 -0.964011 0.964011 -0.265861     40.629067 40.629067 4.945615
269.727997 227.179993     40.625000 14.843750 30.046875     -0.999999 0.001423 -0.001423 -0.999999     17.543763 17.543763 1.396033
269.727997 227.179993     76.225098 -26.585938 55.484375     -0.999999 0.001423 -0.001423 -0.999999     17.543763 17.543763 2.548009
59.529182 123.439690     109.203125 98.203125 162.921875     -0.747054 0.664763 -0.664763 -0.747054     16.323989 16.323989 4.121060
68.145218 133.218750     57.257812 3.539062 18.125000     -0.723968 0.689833 -0.689833 -0.723968     14.702161 14.702161 4.496895
457.193390 372.146240     76.166016 3.976562 12.000000     -0.998009 0.063069 -0.063069 -0.998009     11.845470 11.845470 1.595775
457.193390 372.146240     63.750000 -21.906250 50.515625     -0.998009 0.063069 -0.063069 -0.998009     11.845470 11.845470 3.673959
63.234303 317.238342     80.132812 3.750000 18.468750     0.622963 -0.782252 0.782252 0.622963     50.182872 50.182872 2.471247
63.234303 317.238342     138.480469 -8.335938 93.187500     0.622963 -0.782252 0.782252 0.622963     50.182872 50.182872 4.083855
389.759827 296.702087     123.500000 -19.609375 32.671875     -0.900737 0.434365 -0.434365 -0.900737     18.382598 18.382598 1.845125
558.223877 122.940300     112.945312 1.984375 41.015625     -0.769220 -0.638984 0.638984 -0.769220     16.564945 16.564945 2.214145
558.223877 122.940300     140.353516 7.519531 18.093750     -0.769220 -0.638984 0.638984 -0.769220     16.564945 16.564945 3.226611
112.819023 93.588387     391.695801 5.261719 187.359375     -0.986430 -0.164180 0.164180 -0.986430     47.476896 47.476896 1.444082
112.819023 93.588387     47.078125 17.421875 24.296875     -0.986430 -0.164180 0.164180 -0.986430     47.476896 47.476896 6.089239
308.661469 250.984436     95.937500 31.625000 34.484375     -0.970560 -0.240858 0.240858 -0.970560     16.369407 16.369407 1.114388
308.661469 250.984436     62.750000 -7.086426 35.940704     -0.970560 -0.240858 0.240858 -0.970560     16.369407 16.369407 1.846867
459.152557 357.152557     34.593750 21.031250 38.093750     -0.997779 0.066611 -0.066611 -0.997779     14.125726 14.125726 1.589190
326.908295 188.593887     92.664062 18.415771 12.837223     -0.967768 -0.251845 0.251845 -0.967768     15.101744 15.101744 0.602179
326.908295 188.593887     144.773438 19.966309 18.620605     -0.967768 -0.251845 0.251845 -0.967768     15.101744 15.101744 2.592697
270.188416 174.387680     104.500000 0.625000 10.656250     -0.762764 0.646677 -0.646677 -0.762764     16.887198 16.887198 1.102686
270.188416 174.387680     75.265625 12.531738 27.123230     -0.762764 0.646677 -0.646677 -0.762764     16.887198 16.887198 3.495917
241.507416 288.817139     22.117188 -4.588867 42.728455     -0.999023 -0.044201 0.044201 -0.999023     19.774927 19.774927 4.590631
228.238800 328.772400     101.390625 -6.054932 55.654755     -0.829611 -0.558341 0.558341 -0.829611     14.153802 14.153802 4.050046
327.581085 346.630646     297.723633 7.221680 23.294678     0.220258 -0.975442 0.975442 0.220258     14.778973 14.778973 1.778557
327.581085 346.630646     139.187500 14.707031 55.269089     0.220258 -0.975442 0.975442 0.220258     14.778973 14.778973 4.270811
558.075439 122.813118     105.500000 -15.296875 13.428986     -0.774942 -0.632033 0.632033 -0.774942     16.653617 16.653617 2.197081
558.075439 122.813118     97.755859 74.602295 86.671814     -0.774942 -0.632033 0.632033 -0.774942     16.653617 16.653617 3.243321
113.009880 92.603340     46.402374 8.486298 25.663330     -0.992060 0.125762 -0.125762 -0.992060     48.523834 48.523834 0.187369
113.009880 92.603340     148.016602 -23.129517 29.789375     -0.992060 0.125762 -0.125762 -0.992060     48.523834 48.523834 1.739033
65.341858 129.741867     111.875000 12.571289 111.910004     -0.727782 0.685809 -0.685809 -0.727782     31.917756 31.917756 4.100775
461.087280 364.335785     70.399063 -4.902557 49.677551     -0.995979 0.089584 -0.089584 -0.995979     36.309405 36.309405 3.364624
538.963440 142.720428     166.906250 1.240723 25.850304     -0.747359 -0.664421 0.664421 -0.747359     18.390321 18.390321 1.090361
538.963440 142.720428     282.187500 180.552734 302.288086     -0.747359 -0.664421 0.664421 -0.747359     18.390321 18.390321 3.178288
327.273285 348.130432     70.343750 36.146484 60.814697     0.058803 -0.998270 0.998270 0.058803     17.929565 17.929565 4.305678
462.998230 91.257347     58.265625 16.826172 28.106674     -0.298173 -0.954512 0.954512 -0.298173     41.757689 41.757689 5.000789
269.898560 227.260864     44.939453 4.699707 50.962769     -0.999645 0.026650 -0.026650 -0.999645     18.718719 18.718719 1.490644
269.898560 227.260864     283.437500 84.677734 93.217834     -0.999645 0.026650 -0.026650 -0.999645     18.718719 18.718719 2.575408
393.352264 114.693184     57.875000 22.018555 127.962952     0.018307 -0.999832 0.999832 0.018307     18.645220 18.645220 1.578042
393.352264 114.693184     158.369141 -1.974854 18.466583     0.018307 -0.999832 0.999832 0.018307     18.645220 18.645220 4.687959
345.665680 226.420120     144.828125 -27.393555 72.463196     -0.920482 -0.390784 0.390784 -0.920482     16.144963 16.144963 1.979263
345.665680 226.420120     357.626465 -96.484863 63.943985     -0.920482 -0.390784 0.390784 -0.920482     16.144963 16.144963 2.256728
552.013000 129.235931     350.062500 166.443359 544.849243     -0.733629 -0.679550 0.679550 -0.733629     32.683410 32.683410 2.181500
391.629272 211.156097     69.406250 -34.125000 43.869141     -0.783145 -0.621839 0.621839 -0.783145     15.773647 15.773647 1.559927
391.629272 211.156097     284.424377 81.662170 243.872559     -0.783145 -0.621839 0.621839 -0.783145     15.773647 15.773647 2.785055
308.795288 250.966446     29.109375 3.247070 55.106628     -0.979407 -0.201895 0.201895 -0.979407     17.897847 17.897847 1.163088
308.795288 250.966446     103.066406 -21.426758 25.337402     -0.979407 -0.201895 0.201895 -0.979407     17.897847 17.897847 2.846859
270.090607 174.132690     653.230469 -107.772461 116.760986     -0.773085 0.634302 -0.634302 -0.773085     17.789615 17.789615 1.236599
270.090607 174.132690     112.365234 22.225830 19.425091     -0.773085 0.634302 -0.634302 -0.773085     17.789615 17.789615 1.683037
227.938599 264.964905     49.703125 2.666992 44.294250     -0.373875 -0.927479 0.927479 -0.373875     16.645612 16.645612 3.845017
254.608566 271.733948     134.343750 9.702393 29.538475     -0.824032 0.566543 -0.566543 -0.824032     23.672019 23.672019 2.328461
254.608566 271.733948     43.227493 45.412781 105.158203     -0.824032 0.566543 -0.566543 -0.824032     23.672019 23.672019 3.907310
344.254669 227.436920     125.062500 26.054688 142.767578     -0.930092 -0.367327 0.367327 -0.930092     23.900121 23.900121 2.101050
344.254669 227.436920     6864.062500 1039.285156 895.384399     -0.930092 -0.367327 0.367327 -0.930092     23.900121 23.900121 2.766122
244.321548 258.816711     33.593750 -6.078125 34.882812     0.409025 -0.912523 0.912523 0.409025     14.227148 14.227148 0.776131
244.321548 258.816711     85.109375 -57.105469 105.968750     0.409025 -0.912523 0.912523 0.409025     14.227148 14.227148 2.181129
326.956512 188.660080     35.636719 4.959351 20.058159     -0.972102 -0.234558 0.234558 -0.972102     15.630964 15.630964 0.621259
326.956512 188.660080     142.937500 78.734375 60.734375     -0.972102 -0.234558 0.234558 -0.972102     15.630964 15.630964 2.623099
270.055542 227.656860     71.843750 56.703125 177.164062     -0.999912 -0.013269 0.013269 -0.999912     20.289991 20.289991 2.769176
270.055542 227.656860     65.191696 4.352051 173.390625     -0.999912 -0.013269 0.013269 -0.999912     20.289991 20.289991 3.199617
538.277344 143.432068     29.843750 3.750000 50.101562     -0.765390 -0.643567 0.643567 -0.765390     24.140597 24.140597 1.024219
538.277344 143.432068     35.316872 2.944336 92.851562     -0.765390 -0.643567 0.643567 -0.765390     24.140597 24.140597 2.168763
227.250000 119.688232     93.562500 22.906250 38.140625     -0.744776 0.667314 -0.667314 -0.744776     22.725137 22.725137 5.421800
391.732452 211.333328     59.156250 1.765625 40.906250     -0.784272 -0.620417 0.620417 -0.784272     16.225833 16.225833 1.480232
391.732452 211.333328     134.250000 -28.796875 60.390625     -0.784272 -0.620417 0.620417 -0.784272     16.225833 16.225833 3.428559
340.013855 230.412308     543.434082 -155.636719 125.609375     -0.991997 0.126259 -0.126259 -0.991997     33.110521 33.110521 3.620618
340.013855 230.412308     60.984375 -19.078125 41.859375     -0.991997 0.126259 -0.126259 -0.991997     33.110521 33.110521 3.961519
309.475281 251.296707     1066.125000 -446.625000 769.953125     -0.980792 -0.195056 0.195056 -0.980792     20.037405 20.037405 2.871312
309.475281 251.296707     9115.083008 -1418.054688 1129.316650     -0.980792 -0.195056 0.195056 -0.980792     20.037405 20.037405 4.807535
269.811035 174.046509     127.460938 33.091797 24.203125     -0.806032 0.591872 -0.591872 -0.806032     18.635639 18.635639 1.202497
269.811035 174.046509     149.347900 -13.626953 24.078125     -0.806032 0.591872 -0.591872 -0.806032     18.635639 18.635639 3.393628
205.551865 223.526978     103.417969 42.789062 41.734375     -0.969567 0.244826 -0.244826 -0.969567     19.367586 19.367586 1.008838
205.551865 223.526978     35.833839 4.864136 93.623047     -0.969567 0.244826 -0.244826 -0.969567     19.367586 19.367586 4.056238
547.045227 134.371689     10793.781250 3433.117188 3883.751953     -0.988793 0.149292 -0.149292 -0.988793     51.425396 51.425396 1.746397
547.045227 134.371689     160.562500 -60.078125 46.171875     -0.988793 0.149292 -0.149292 -0.988793     51.425396 51.425396 3.313718
391.540863 211.614792     131.117157 18.013672 29.750000     -0.794034 -0.607873 0.607873 -0.794034     17.565357 17.565357 0.411280
391.540863 211.614792     92.875000 -43.750000 74.429688     -0.794034 -0.607873 0.607873 -0.794034     17.565357 17.565357 1.466363
310.110382 251.813858     117.255859 39.621094 24.437500     -0.944361 -0.328911 0.328911 -0.944361     24.668790 24.668790 2.573815
113.094223 92.297798     11.757595 0.524414 85.531250     -0.987260 0.159114 -0.159114 -0.987260     49.133326 49.133326 0.212701
113.094223 92.297798     85.687500 -21.500000 42.906250     -0.987260 0.159114 -0.159114 -0.987260     49.133326 49.133326 1.775459
270.407410 227.629623     145.742188 -47.031250 32.375000     -0.992624 0.121236 -0.121236 -0.992624     22.772329 22.772329 0.572176
270.407410 227.629623     56.718750 37.851562 53.062500     -0.992624 0.121236 -0.121236 -0.992624     22.772329 22.772329 2.898985
327.203400 188.725418     3116.687500 -575.421875 644.218750     -0.981467 -0.191629 0.191629 -0.981467     17.343687 17.343687 0.691698
327.203400 188.725418     37.901550 2.604736 95.281250     -0.981467 -0.191629 0.191629 -0.981467     17.343687 17.343687 2.812475
339.337097 230.735855     151.691406 32.820312 43.562500     -0.999450 0.033150 -0.033150 -0.999450     32.718659 32.718659 3.799349
269.671021 174.250656     48923.898438 3679.972656 2902.290283     -0.817147 0.576430 -0.576430 -0.817147     20.252139 20.252139 1.073253
269.671021 174.250656     82.703125 25.703125 72.062500     -0.817147 0.576430 -0.576430 -0.817147     20.252139 20.252139 3.316676
270.877411 228.415863     141.890625 -10.921875 87.765625     -0.698730 -0.715386 0.715386 -0.698730     26.899393 26.899393 2.247835
270.877411 228.415863     32.229637 -10.756714 118.410156     -0.698730 -0.715386 0.715386 -0.698730     26.899393 26.899393 4.814492
327.065277 188.593475     26.937500 1.281250 65.031250     -0.980396 -0.197036 0.197036 -0.980396     18.726075 18.726075 0.519377
327.065277 188.593475     84.375000 -3.984375 10.250000     -0.980396 -0.197036 0.197036 -0.980396     18.726075 18.726075 2.574142
391.085999 211.388535     39.000000 -17.359375 73.046875     -0.709487 -0.704719 0.704719 -0.709487     19.667306 19.667306 0.556281
391.085999 211.388535     846.164062 -132.835938 185.984375     -0.709487 -0.704719 0.704719 -0.709487     19.667306 19.667306 1.495703
271.962463 230.090057     13.450670 11.678955 70.281250     -0.451867 -0.892085 0.892085 -0.451867     29.455208 29.455208 1.928073
271.962463 230.090057     2584.326660 251.179688 475.515625     -0.451867 -0.892085 0.892085 -0.451867     29.455208 29.455208 4.491878
327.569885 188.725800     330.773438 61.531250 180.406250     -0.978968 -0.204016 0.204016 -0.978968     19.091642 19.091642 0.594356
327.569885 188.725800     68.453125 10.070312 26.375000     -0.978968 -0.204016 0.204016 -0.978968     19.091642 19.091642 1.518526
339.174408 231.039642     116.851562 -33.513672 27.453125     -0.999914 -0.013140 0.013140 -0.999914     32.353022 32.353022 3.891085
272.004486 234.824722     157.648438 -11.210938 22.828125     0.140798 -0.990038 0.990038 0.140798     34.062141 34.062141 1.445038
328.098846 188.687363     206.187500 -73.531250 62.281250     -0.982028 -0.188734 0.188734 -0.982028     21.145131 21.145131 0.582643
328.098846 188.687363     7563.397461 403.175781 419.906250     -0.982028 -0.188734 0.188734 -0.982028     21.145131 21.145131 4.074140
269.571442 174.304443     51243.062500 3470.466797 4357.111328     -0.809356 0.587319 -0.587319 -0.809356     21.481019 21.481019 0.997840
389.782684 215.451965     10354.062500 -2443.531250 2314.265625     -0.510744 -0.859733 0.859733 -0.510744     29.799146 29.799146 1.389132
389.782684 215.451965     12.586697 -0.292236 277.453125     -0.510744 -0.859733 0.859733 -0.510744     29.799146 29.799146 4.802697
306.481781 216.951416     20.289291 1.290283 40.523438     0.304753 -0.952431 0.952431 0.304753     21.275204 21.275204 1.541514
306.481781 216.951416     128.748535 -66.627930 96.927734     0.304753 -0.952431 0.952431 0.304753     21.275204 21.275204 1.963663
271.661621 235.115448     14.803040 -1.507935 281.609375     0.150454 -0.988617 0.988617 0.150454     37.573424 37.573424 1.385355
522.093567 317.950745     47619.773438 628.937500 37691.609375     -0.012776 -0.999918 0.999918 -0.012776     6.070485 6.070485 4.714171
331.605927 185.870697     79.207031 5.210938 13.125000     -0.783629 0.621229 -0.621229 -0.783629     35.663164 35.663164 1.261929
331.605927 185.870697     124.608887 -45.269531 132.247070     -0.783629 0.621229 -0.621229 -0.783629     35.663164 35.663164 4.158038
271.341949 234.982010     94.281250 14.269531 85.747070     0.161139 -0.986932 0.986932 0.161139     39.515064 39.515064 1.453050
387.277435 214.602478     171.406250 25.746094 131.343262     -0.677514 -0.735510 0.735510 -0.677514     34.281168 34.281168 0.946127
387.277435 214.602478     107.306641 -10.526367 256.572266     -0.677514 -0.735510 0.735510 -0.677514     34.281168 34.281168 1.582001
269.545074 173.915985     47747.062500 133.523438 37184.765625     -0.803219 0.595684 -0.595684 -0.803219     23.533626 23.533626 1.021419
269.545074 173.915985     19.560547 7.619141 94.671875     -0.803219 0.595684 -0.595684 -0.803219     23.533626 23.533626 3.273337
251.731598 205.008652     287.574219 -0.820312 4.142578     -0.999363 -0.035700 0.035700 -0.999363     18.578545 18.578545 3.617607
106.166100 370.898315     94.853516 6.985352 311.370117     -0.999798 -0.020122 0.020122 -0.999798     11.885907 11.885907 1.574658
269.765503 173.325867     134.872559 -14.598145 140.434570     -0.816630 0.577162 -0.577162 -0.816630     27.461276 27.461276 0.929554
269.765503 173.325867     176.968750 30.578125 149.414551     -0.816630 0.577162 -0.577162 -0.816630     27.461276 27.461276 3.341253
106.851852 371.464386     33.017578 -2.408203 167.328125     -0.998989 -0.044945 0.044945 -0.998989     14.325665 14.325665 1.578655
267.563446 173.173981     149.156250 -7.755859 5.597656     -0.831419 -0.555646 0.555646 -0.831419     37.517733 37.517733 1.857192
267.563446 173.173981     35.056152 -6.693359 89.640625     -0.831419 -0.555646 0.555646 -0.831419     37.517733 37.517733 4.926738
501.713470 98.415474     222.343750 41.839844 147.706543     -0.999522 0.030911 -0.030911 -0.999522     12.702820 12.702820 4.747683
512.769531 132.617096     32.588867 -1.599609 169.070312     0.673931 -0.738794 0.738794 0.673931     13.003902 13.003902 1.212810
471.700012 134.304993     32.125000 75.742188 304.117188     -0.027116 -0.999632 0.999632 -0.027116     6.081153 6.081153 1.576079
152.367966 98.432899     1395.408203 -527.206055 563.297852     -0.999882 0.015350 -0.015350 -0.999882     12.533417 12.533417 1.582762
152.367966 98.432899     289.406250 59.039062 144.533203     -0.999882 0.015350 -0.015350 -0.999882     12.533417 12.533417 3.120923
501.083038 83.442909     158.343750 -7.556641 5.662109     -0.999893 -0.014635 0.014635 -0.999893     11.462841 11.462841 4.701182
490.532745 122.475983     165.484375 -52.734375 96.185547     -0.764516 0.644605 -0.644605 -0.764516     12.475120 12.475120 1.010142
115.592232 133.330093     82.440430 5.735352 182.912109     0.024333 -0.999704 0.999704 0.024333     6.684851 6.684851 1.571878
490.621094 122.359375     225.633789 16.730469 165.703125     -0.763164 0.646205 -0.646205 -0.763164     13.563160 13.563160 0.990210
152.582230 83.448891     1279.253906 -503.757812 550.641602     -0.999910 0.013442 -0.013442 -0.999910     11.112743 11.112743 3.122623
152.582230 83.448891     72.718750 -45.179688 60.181641     -0.999910 0.013442 -0.013442 -0.999910     11.112743 11.112743 4.712509
123.788177 133.482758     197.703125 19.654297 176.828125     0.023041 -0.999735 0.999735 0.023041     6.579844 6.579844 1.580629
500.779510 83.316772     29.648438 67.167969 298.462891     -0.999953 -0.009667 0.009667 -0.999953     12.825737 12.825737 4.693934
497.943176 130.174240     162.406250 -4.693359 5.807129     -0.741180 0.671306 -0.671306 -0.741180     7.498346 7.498346 4.594133
66.541481 360.058960     760.906250 -144.191406 265.890625     0.236748 -0.971571 0.971571 0.236748     32.336291 32.336291 1.367110
66.541481 360.058960     200.036133 1.894531 144.578125     0.236748 -0.971571 0.971571 0.236748     32.336291 32.336291 4.532508
143.299561 122.629959     170.937500 -1.480469 6.014648     -0.769541 0.638598 -0.638598 -0.769541     12.024496 12.024496 1.030938
143.299561 122.629959     47408.351562 41.218750 37015.101562     -0.769541 0.638598 -0.638598 -0.769541     12.024496 12.024496 5.164405
238.991104 429.062225     1341.708984 -677.123047 791.214844     -0.968043 -0.250784 0.250784 -0.968043     27.867380 27.867380 5.958248
518.004761 451.862549     43.882812 0.875000 382.386719     -0.993374 0.114926 -0.114926 -0.993374     22.548313 22.548313 3.487165
172.981735 437.173523     193.295166 17.751953 174.843750     -0.224489 -0.974477 0.974477 -0.224489     21.676087 21.676087 4.841951
417.713135 458.326691     182.076172 16.730469 148.382812     -0.946315 -0.323245 0.323245 -0.946315     18.237059 18.237059 1.654863
417.713135 458.326691     1393.390625 -689.812500 792.782227     -0.946315 -0.323245 0.323245 -0.946315     18.237059 18.237059 2.856852
367.760376 436.576050     74.031250 -39.757812 76.308594     -0.817204 -0.576348 0.576348 -0.817204     19.911189 19.911189 0.478473
367.760376 436.576050     179.546875 0.068359 6.165039     -0.817204 -0.576348 0.576348 -0.817204     19.911189 19.911189 1.869342
76.932114 435.177551     47.804688 -25.531250 397.074219     -0.825652 0.564180 -0.564180 -0.825652     27.489735 27.489735 0.817568
415.795685 452.638519     58.437500 -26.500000 131.750000     -0.606705 -0.794927 0.794927 -0.606705     26.336529 26.336529 1.946227
415.795685 452.638519     200.461426 13.017578 171.640625     -0.606705 -0.794927 0.794927 -0.606705     26.336529 26.336529 5.061635
275.546600 448.038147     90.546875 36.460938 155.033203     -0.996000 -0.089351 0.089351 -0.996000     18.989527 18.989527 1.438258
275.546600 448.038147     889.093750 -383.628906 624.348633     -0.996000 -0.089351 0.089351 -0.996000     18.989527 18.989527 3.056512
118.110168 456.457642     90.656250 -60.941406 394.335938     -0.998100 -0.061620 0.061620 -0.998100     15.428176 15.428176 1.881143
118.110168 456.457642     137.593750 42.593750 155.531250     -0.998100 -0.061620 0.061620 -0.998100     15.428176 15.428176 2.437876
444.231964 444.846405     173.473633 20.945312 171.953125     -0.979304 0.202396 -0.202396 -0.979304     24.073584 24.073584 0.682748
444.231964 444.846405     1304.537109 -630.357422 768.817383     -0.979304 0.202396 -0.202396 -0.979304     24.073584 24.073584 3.437599
610.272156 434.253815     643.210449 -335.140625 610.203125     -0.921099 -0.389329 0.389329 -0.921099     20.679029 20.679029 1.372938
198.035583 35.953735     244.796875 -7.205078 6.591309     -0.988275 -0.152682 0.152682 -0.988275     17.737050 17.737050 2.685762
581.354980 440.583984     1021.953125 -242.953125 384.347656     -0.999978 -0.006660 0.006660 -0.999978     14.686891 14.686891 0.701889
581.354980 440.583984     46.009766 19.484375 135.828125     -0.999978 -0.006660 0.006660 -0.999978     14.686891 14.686891 4.132062
270.693176 25.189394     114.109375 12.718750 91.078125     -0.971338 -0.237703 0.237703 -0.971338     22.071343 22.071343 0.466277
270.693176 25.189394     27.421875 38.578125 151.601562     -0.971338 -0.237703 0.237703 -0.971338     22.071343 22.071343 2.403588
113.538765 26.429424     1158.835938 -124.246094 408.070312     -0.999654 -0.026288 0.026288 -0.999654     21.630339 21.630339 2.757061
521.351501 21.871286     78.921875 28.867188 115.933594     -0.987163 0.159716 -0.159716 -0.987163     14.893612 14.893612 0.787787
521.351501 21.871286     45.470703 17.007812 152.710938     -0.987163 0.159716 -0.159716 -0.987163     14.893612 14.893612 1.353488
563.710999 30.726236     46.134766 5.765625 168.125000     -0.751891 -0.659287 0.659287 -0.751891     24.283362 24.283362 2.179440
435.757294 30.878641     887.890625 -315.082031 628.741211     -0.122090 -0.992519 0.992519 -0.122090     24.111750 24.111750 1.654708
203.674423 28.046511     46885.632812 -45.359375 36732.800781     -0.968434 0.249271 -0.249271 -0.968434     20.034974 20.034974 0.417667
203.674423 28.046511     254.843750 -5.531250 5.859375     -0.968434 0.249271 -0.249271 -0.968434     20.034974 20.034974 1.225359
258.404755 15.152381     42.890625 -0.062500 125.570312     -0.995173 0.098135 -0.098135 -0.995173     14.989665 14.989665 0.213976
258.404755 15.152381     136.906250 -45.781250 224.359375     -0.995173 0.098135 -0.098135 -0.995173     14.989665 14.989665 1.564766
232.528839 30.567308     167.320312 -17.546875 164.687500     -0.908504 0.417875 -0.417875 -0.908504     26.853109 26.853109 3.636205
458.771423 31.180952     185.781250 47.093750 140.843750     -0.925208 -0.379461 0.379461 -0.925208     29.577162 29.577162 2.688320
619.729919 204.427002     9660.539062 3305.972656 2924.060547     -0.855210 -0.518282 0.518282 -0.855210     16.236862 16.236862 1.382318
619.729919 204.427002     47.257812 1.390625 54.257812     -0.855210 -0.518282 0.518282 -0.855210     16.236862 16.236862 4.506954
515.883606 438.330902     1597.640625 615.968750 668.085938     -0.940947 -0.338554 0.338554 -0.940947     24.605958 24.605958 0.224631
515.883606 438.330902     87.062500 -4.296875 138.171875     -0.940947 -0.338554 0.338554 -0.940947     24.605958 24.605958 3.026304
482.225189 437.790070     43.562500 -11.832031 43.002930     -0.850909 0.525313 -0.525313 -0.850909     24.680927 24.680927 0.765327
51.960854 442.790039     77.328125 59.984375 142.468750     -0.959663 -0.281153 0.281153 -0.959663     17.140340 17.140340 2.550822
51.960854 442.790039     35.765625 -16.218750 82.372070     -0.959663 -0.281153 0.281153 -0.959663     17.140340 17.140340 5.049253
56.410614 426.427368     93.937500 5.927734 125.599609     -0.994269 0.106907 -0.106907 -0.994269     21.398866 21.398866 0.322078
286.524902 452.781616     26.421875 39.320312 104.046875     -0.919107 0.394007 -0.394007 -0.919107     20.333475 20.333475 4.037974
286.524902 452.781616     2309.555664 -41.246094 617.085938     -0.919107 0.394007 -0.394007 -0.919107     20.333475 20.333475 6.405391
480.933533 437.777466     78.671875 0.738281 158.499023     -0.923391 0.383861 -0.383861 -0.923391     26.227135 26.227135 0.653530
249.941177 443.729401     2743.218750 107.250000 618.750000     -0.940635 0.339419 -0.339419 -0.940635     17.661689 17.661689 1.006577
249.941177 443.729401     265.500000 78.875000 146.848633     -0.940635 0.339419 -0.339419 -0.940635     17.661689 17.661689 3.693033
427.353027 436.653534     70.183594 8.667969 117.622070     -0.981664 0.190621 -0.190621 -0.981664     41.645015 41.645015 0.261663
400.058197 454.356354     335.734375 3.138672 124.370117     -0.033577 -0.999436 0.999436 -0.033577     23.336939 23.336939 1.603241
221.436890 435.762146     271.945312 -4.109375 73.921875     -0.998567 0.053521 -0.053521 -0.998567     14.256158 14.256158 1.361104
221.436890 435.762146     3654.921875 -10.900391 0.907959     -0.998567 0.053521 -0.053521 -0.998567     14.256158 14.256158 4.624850
198.607437 424.433899     387.343750 458.125000 645.664062     -0.975192 -0.221362 0.221362 -0.975192     22.086297 22.086297 5.925414
68.685318 80.034966     103.562500 -29.296875 49.664062     -0.948708 0.316155 -0.316155 -0.948708     18.159474 18.159474 0.740433
68.685318 80.034966     15.621094 8.892578 80.225586     -0.948708 0.316155 -0.316155 -0.948708     18.159474 18.159474 4.892358
280.746704 420.723694     33.854782 26.561768 44.296875     -0.996607 0.082307 -0.082307 -0.996607     21.059924 21.059924 0.244111
367.224731 428.158752     480.750000 90.703125 268.312500     -0.921790 0.387688 -0.387688 -0.921790     25.198125 25.198125 0.842375
66.627792 86.041534     216.500000 93.791016 105.377930     -0.784941 0.619571 -0.619571 -0.784941     29.963675 29.963675 0.949298
66.627792 86.041534     79.468750 15.011719 44.271484     -0.784941 0.619571 -0.619571 -0.784941     29.963675 29.963675 5.177861
246.094177 417.246643     18095.703125 690.796875 9098.640625     -0.996943 -0.078132 0.078132 -0.996943     16.047162 16.047162 6.042549
68.375824 90.338058     160.214844 -4.306641 62.441406     0.676733 -0.736228 0.736228 0.676733     40.996368 40.996368 0.951283
68.375824 90.338058     404.399414 135.490234 454.380859     0.676733 -0.736228 0.736228 0.676733     40.996368 40.996368 2.283432
552.850342 92.655113     46.296417 57.718750 228.203125     -0.802029 -0.597286 0.597286 -0.802029     39.002381 39.002381 0.945069
545.665100 89.141533     154.062500 103.625000 276.650391     -0.898351 -0.439278 0.439278 -0.898351     49.038412 49.038412 2.579673
545.665100 89.141533     103.515137 54.189453 49.111328     -0.898351 -0.439278 0.439278 -0.898351     49.038412 49.038412 5.669324
145.186279 92.460785     21.718750 7.271484 73.539062     0.070002 -0.997547 0.997547 0.070002     46.454293 46.454293 1.488380
145.186279 92.460785     274.453125 75.140625 58.224609     0.070002 -0.997547 0.997547 0.070002     46.454293 46.454293 4.651924
46.790699 361.295685     44.996094 34.515625 95.568359     -0.099913 -0.994996 0.994996 -0.099913     19.509184 19.509184 1.686888
46.790699 361.295685     178.062500 251.765625 426.804688     -0.099913 -0.994996 0.994996 -0.099913     19.509184 19.509184 3.590747
233.459763 74.524902     88.656250 20.593750 54.640625     -0.999996 0.002894 -0.002894 -0.999996     9.156371 9.156371 6.389153
146.370148 93.080597     34.203125 8.933594 29.636719     -0.032212 -0.999481 0.999481 -0.032212     43.774705 43.774705 1.568002
71.112976 93.405342     358.843750 263.406250 659.804688     0.637519 -0.770434 0.770434 0.637519     49.865378 49.865378 0.907983
71.112976 93.405342     19.625000 -8.921875 116.546875     0.637519 -0.770434 0.770434 0.637519     49.865378 49.865378 2.419183
544.623718 90.446396     37.706055 11.255859 20.304688     -0.839876 -0.542778 0.542778 -0.839876     51.239404 51.239404 2.465102
544.623718 90.446396     63.623047 -22.683472 85.468384     -0.839876 -0.542778 0.542778 -0.839876     51.239404 51.239404 5.569080
49.089581 362.042053     115.611572 25.827881 45.183594     0.017921 -0.999839 0.999839 0.017921     25.840508 25.840508 1.607724
49.089581 362.042053     66.468750 -42.132812 79.272461     0.017921 -0.999839 0.999839 0.017921     25.840508 25.840508 4.725868
414.908295 74.703056     69.625000 52.316406 52.280273     -0.998552 0.053791 -0.053791 -0.998552     10.241684 10.241684 1.643834
414.908295 74.703056     86.369629 50.999512 45.493164     -0.998552 0.053791 -0.053791 -0.998552     10.241684 10.241684 3.497184
74.827301 370.114197     9.890625 -9.445312 76.522217     0.119961 -0.992779 0.992779 0.119961     26.334564 26.334564 1.462331
542.912537 90.178505     26.562500 21.910156 58.476562     -0.912588 -0.408880 0.408880 -0.912588     51.102339 51.102339 2.567804
542.912537 90.178505     96.138672 -38.041992 90.441437     -0.912588 -0.408880 0.408880 -0.912588     51.102339 51.102339 5.661453
49.274761 361.939301     184.906250 91.492188 113.007111     0.011718 -0.999931 0.999931 0.011718     25.681608 25.681608 1.605133
49.274761 361.939301     610.156250 53.687500 257.984375     0.011718 -0.999931 0.999931 0.011718     25.681608 25.681608 4.724489
294.878662 169.676468     24385.382812 -375.281250 9143.359375     -0.251354 -0.967895 0.967895 -0.251354     15.881477 15.881477 4.633155
174.264069 92.946289     23.519531 24.421875 46.071777     -0.899860 0.436178 -0.436178 -0.899860     78.942860 78.942860 3.944327
540.585510 89.911148     30.298828 26.828125 54.953613     -0.942111 -0.335300 0.335300 -0.942111     50.013005 50.013005 2.603509
540.585510 89.911148     494.296875 338.277344 289.241211     -0.942111 -0.335300 0.335300 -0.942111     50.013005 50.013005 5.680743
414.072449 74.862320     43.782227 19.424805 30.918686     -0.998783 0.049312 -0.049312 -0.998783     10.349043 10.349043 3.474374
414.072449 74.862320     40.214844 -5.066162 46.692627     -0.998783 0.049312 -0.049312 -0.998783     10.349043 10.349043 4.692950
499.037415 120.370750     142.843750 -36.296875 46.976562     -0.880093 0.474802 -0.474802 -0.880093     37.035810 37.035810 3.896442
115.088844 133.964081     684.968750 888.656250 1703.183594     -0.056808 -0.998385 0.998385 -0.056808     40.777572 40.777572 1.603626
103.620880 321.600739     152.468750 11.683594 25.038086     -0.967762 -0.251865 0.251865 -0.967762     57.160440 57.160440 5.968020
171.078186 95.319679     36.140625 30.378906 56.351074     -0.890505 0.454973 -0.454973 -0.890505     77.062264 77.062264 3.962461
514.840393 145.436615     50.578125 19.978516 32.963867     -0.754132 0.656723 -0.656723 -0.754132     20.541753 20.541753 4.166539
61.019157 362.654419     27.203125 19.103516 30.520996     -0.857036 -0.515257 0.515257 -0.857036     57.805613 57.805613 2.498260
61.019157 362.654419     211.843750 -78.095703 92.391632     -0.857036 -0.515257 0.515257 -0.857036     57.805613 57.805613 4.228722
294.960114 168.819016     64.921875 20.013672 33.005737     -0.229650 -0.973273 0.973273 -0.229650     16.716609 16.716609 4.628613
414.581177 74.935066     35.505981 10.071411 23.454765     -0.999552 0.029930 -0.029930 -0.999552     10.712073 10.712073 3.340117
414.581177 74.935066     97.687500 95.339844 186.058105     -0.999552 0.029930 -0.029930 -0.999552     10.712073 10.712073 4.675079
527.168884 95.119598     11.304688 7.357422 182.199219     -0.965418 0.260706 -0.260706 -0.965418     67.792241 67.792241 1.707123
527.168884 95.119598     472.506836 139.378906 695.060547     -0.965418 0.260706 -0.260706 -0.965418     67.792241 67.792241 4.818977
104.420990 320.515076     15.853210 2.173340 27.644531     -0.999418 -0.034102 0.034102 -0.999418     54.096192 54.096192 6.269504
415.008789 75.108505     82.549072 7.072876 96.546082     -0.999960 0.008976 -0.008976 -0.999960     11.023953 11.023953 3.176063
157.458801 109.211571     89.502930 105.541992 204.006348     -0.829630 0.558314 -0.558314 -0.829630     82.429062 82.429062 4.071179
293.457001 173.042984     213.755493 31.706055 53.676270     -0.002585 -0.999997 0.999997 -0.002585     29.809078 29.809078 4.506692
568.988342 367.058136     61.031250 26.890625 59.507812     0.257396 -0.966306 0.966306 0.257396     18.016180 18.016180 1.405359
568.988342 367.058136     40.406250 63.640625 182.185791     0.257396 -0.966306 0.966306 0.257396     18.016180 18.016180 5.599367
326.255707 75.716896     93.647461 38.225586 48.294922     -1.000000 0.000151 -0.000151 -1.000000     12.049926 12.049926 3.127857
62.458508 362.224487     29.265625 29.116211 166.551270     -0.854735 -0.519065 0.519065 -0.854735     57.639242 57.639242 2.485560
62.458508 362.224487     13.031250 -8.689453 71.727417     -0.854735 -0.519065 0.519065 -0.854735     57.639242 57.639242 4.212831
519.441650 100.996864     47.500000 44.903320 73.673218     -0.881146 0.472844 -0.472844 -0.881146     73.669138 73.669138 3.960345
104.504471 320.043823     24.523438 21.115234 77.425781     -0.924540 -0.381084 0.381084 -0.924540     53.526686 53.526686 5.820707
153.576950 112.253006     85.281250 19.717773 47.717773     -0.836408 0.548107 -0.548107 -0.836408     83.066249 83.066249 4.070640
515.621887 144.971878     28.812500 1.588867 34.931824     0.696912 -0.717157 0.717157 0.696912     26.772469 26.772469 1.022850
415.433502 75.218086     61.309570 38.637451 46.114624     -1.000000 -0.000394 0.000394 -1.000000     11.173249 11.173249 3.138628
293.871033 172.423782     23.640869 21.914062 43.511475     0.072521 -0.997367 0.997367 0.072521     30.503311 30.503311 4.540876
564.398926 367.411438     688.875000 728.343750 1636.832031     0.307891 -0.951422 0.951422 0.307891     31.775795 31.775795 1.302121
564.398926 367.411438     96.899109 46.630371 128.496094     0.307891 -0.951422 0.951422 0.307891     31.775795 31.775795 5.753307
63.616108 361.855652     87.265137 52.121094 50.939453     -0.933289 -0.359125 0.359125 -0.933289     58.088625 58.088625 2.664825
63.616108 361.855652     53.515625 -30.685547 45.043945     -0.933289 -0.359125 0.359125 -0.933289     58.088625 58.088625 4.369762
235.051147 175.578003     20.781250 28.796875 112.652832     -0.410822 -0.911715 0.911715 -0.410822     38.741170 38.741170 4.934575
515.142761 108.585358     35.375000 40.416016 76.162109     -0.814304 0.580439 -0.580439 -0.814304     84.295049 84.295049 4.022380
292.960846 173.341263     15.420998 -3.012573 65.359375     0.189680 -0.981846 0.981846 0.189680     39.967286 39.967286 4.605907
557.411499 361.630951     29.713646 11.997559 28.263672     -0.630061 -0.776546 0.776546 -0.630061     45.677713 45.677713 0.790306
557.411499 361.630951     123.281250 87.335938 79.171875     -0.630061 -0.776546 0.776546 -0.630061     45.677713 45.677713 5.274437
327.916351 75.403038     34.158203 17.460938 56.503418     -0.999801 0.019974 -0.019974 -0.999801     11.810787 11.810787 3.241820
66.133873 361.079468     61.531250 52.589844 82.395264     -0.988032 0.154249 -0.154249 -0.988032     58.245115 58.245115 4.887101
270.315277 174.796951     80.187500 60.812500 92.222656     -0.997286 0.073620 -0.073620 -0.997286     77.665062 77.665062 4.617204
270.315277 174.796951     102.109375 139.853516 308.962891     -0.997286 0.073620 -0.073620 -0.997286     77.665062 77.665062 6.351133
106.867310 319.329193     46.031250 20.040039 35.646973     -0.719817 -0.694164 0.694164 -0.719817     55.434863 55.434863 5.482510
152.748825 114.103394     50.140625 35.058594 45.479492     -0.833993 0.551775 -0.551775 -0.833993     84.399769 84.399769 4.050148
555.385864 363.269806     79.859375 13.792969 50.204102     -0.296756 -0.954953 0.954953 -0.296756     54.505304 54.505304 0.329981
555.385864 363.269806     50.562500 -13.075439 50.187729     -0.296756 -0.954953 0.954953 -0.296756     54.505304 54.505304 5.014552
404.414642 203.809753     62.781250 35.945312 37.265625     -0.286218 -0.958165 0.958165 -0.286218     11.646810 11.646810 1.344762
404.414642 203.809753     151.859375 44.767578 172.972412     -0.286218 -0.958165 0.958165 -0.286218     11.646810 11.646810 4.733278
270.519287 174.863754     25.546875 30.644531 73.215820     -0.994902 0.100851 -0.100851 -0.994902     78.484595 78.484595 4.656688
270.519287 174.863754     29034.210938 395.273438 10191.273438     -0.994902 0.100851 -0.100851 -0.994902     78.484595 78.484595 6.405423
222.578232 245.051025     89.781250 60.147461 48.318359     -0.720587 -0.693365 0.693365 -0.720587     17.110186 17.110186 1.420685
222.578232 245.051025     17.250000 -22.285156 81.687988     -0.720587 -0.693365 0.693365 -0.720587     17.110186 17.110186 4.144881
227.536591 212.613815     38.273438 -9.515625 38.165878     -0.984661 -0.174479 0.174479 -0.984661     19.761794 19.761794 4.724151
227.536591 212.613815     457.515625 307.792969 271.245117     -0.984661 -0.174479 0.174479 -0.984661     19.761794 19.761794 5.208199
357.324768 188.980713     80.785156 58.607422 64.922363     0.390520 -0.920595 0.920595 0.390520     26.776719 26.776719 1.357642
357.324768 188.980713     63.328125 35.602539 178.635986     0.390520 -0.920595 0.920595 0.390520     26.776719 26.776719 4.991132
87.447365 343.986847     292.626953 49.369141 49.978027     -0.724287 0.689498 -0.689498 -0.724287     76.785357 76.785357 1.013885
271.987701 175.259613     60.549805 29.345459 55.214111     -0.993209 0.116341 -0.116341 -0.993209     77.988461 77.988461 4.812783
271.987701 175.259613     35.469482 9.362518 24.825462     -0.993209 0.116341 -0.116341 -0.993209     77.988461 77.988461 6.402117
511.561737 111.676224     19.631470 17.208496 80.712891     -0.809995 0.586437 -0.586437 -0.809995     84.386548 84.386548 4.028557
555.008972 363.088165     98.648438 54.144531 51.763672     -0.179052 -0.983840 0.983840 -0.179052     54.652171 54.652171 0.184827
555.008972 363.088165     168.675964 -34.218018 201.308594     -0.179052 -0.983840 0.983840 -0.179052     54.652171 54.652171 4.898386
329.466034 75.207123     68.718750 -42.781250 80.949219     -0.999544 0.030206 -0.030206 -0.999544     11.360672 11.360672 0.207234
329.466034 75.207123     45.578125 18.406250 55.258789     -0.999544 0.030206 -0.030206 -0.999544     11.360672 11.360672 3.327591
268.247070 179.620056     36.533203 -2.102539 73.735352     -0.947461 0.319871 -0.319871 -0.947461     78.243663 78.243663 4.714024
150.320312 323.153656     50.301758 16.805298 29.831451     -0.203250 -0.979127 0.979127 -0.203250     29.151227 29.151227 0.469191
360.872223 189.361053     267.890625 115.886719 258.404663     -0.914105 -0.405478 0.405478 -0.914105     41.594305 41.594305 2.881461
360.872223 189.361053     19.629395 -11.091797 35.768555     -0.914105 -0.405478 0.405478 -0.914105     41.594305 41.594305 6.382306
381.872650 240.495285     33.843750 19.085938 52.296875     -0.274411 -0.961613 0.961613 -0.274411     18.230841 18.230841 1.513167
397.467621 196.023987     73.656250 -10.463867 12.439880     -0.493894 -0.869522 0.869522 -0.493894     21.269308 21.269308 1.315195
397.467621 196.023987     143.608398 62.794922 57.388672     -0.493894 -0.869522 0.869522 -0.493894     21.269308 21.269308 4.770763
272.076141 181.127502     685.593750 597.503906 642.940430     -0.987256 0.159138 -0.159138 -0.987256     88.644606 88.644606 4.742846
360.640808 189.448563     84.351379 6.862061 96.141541     -0.714083 -0.700061 0.700061 -0.714083     44.168512 44.168512 2.465907
360.640808 189.448563     490.097900 89.771484 103.616699     -0.714083 -0.700061 0.700061 -0.714083     44.168512 44.168512 5.911470
385.267761 239.972672     59.968750 28.025391 289.007568     -0.479744 -0.877409 0.877409 -0.479744     35.756759 35.756759 1.545635
151.116425 321.656952     62.625000 15.156250 15.757812     -0.152973 -0.988230 0.988230 -0.152973     29.452826 29.452826 0.384126
362.196442 186.996170     19.125000 26.941406 125.312012     -0.363989 -0.931403 0.931403 -0.363989     50.486496 50.486496 5.517415
224.472122 242.243896     43.804688 17.643555 41.983154     -0.701876 -0.712299 0.712299 -0.701876     25.301729 25.301729 1.281671
224.472122 242.243896     41.156250 18.150879 125.046600     -0.701876 -0.712299 0.712299 -0.701876     25.301729 25.301729 3.895738
188.818542 370.927429     195.407776 -86.254395 459.728516     0.650731 -0.759308 0.759308 0.650731     14.337779 14.337779 1.301439
90.578835 343.369904     30.633186 10.991577 28.966797     -0.730071 0.683372 -0.683372 -0.730071     80.599104 80.599104 0.992983
383.961304 239.274658     170.062500 18.273438 28.076172     -0.550914 -0.834562 0.834562 -0.550914     37.660808 37.660808 1.622109
329.618073 75.215744     38.734375 31.199219 57.929199     -0.999512 0.031230 -0.031230 -0.999512     10.934020 10.934020 3.341372
397.333344 195.747406     51.828125 48.691406 62.147461     -0.482378 -0.875963 0.875963 -0.482378     21.345169 21.345169 4.767943
272.562988 183.024002     56.375000 14.824219 188.202393     -0.985209 0.171358 -0.171358 -0.985209     94.172063 94.172063 4.716131
151.526321 320.347748     85.718750 58.007812 88.314453     -0.047106 -0.998890 0.998890 -0.047106     30.474959 30.474959 0.169713
151.526321 320.347748     68.234375 35.726562 171.294922     -0.047106 -0.998890 0.998890 -0.047106     30.474959 30.474959 4.744136
189.250900 366.846558     59.250000 -20.466797 101.830566     0.366961 -0.930236 0.930236 0.366961     26.982523 26.982523 1.357953
343.343750 254.496872     44.531006 25.464355 74.486328     -0.988191 -0.153227 0.153227 -0.988191     20.544855 20.544855 2.145406
414.961548 75.326920     34.031250 -8.703125 193.560547     -0.999963 0.008595 -0.008595 -0.999963     11.429673 11.429673 3.215290
522.904358 319.875366     237.642578 -105.618408 107.563263     -0.001951 -0.999998 0.999998 -0.001951     20.436323 20.436323 4.708395
522.904358 319.875366     148.191406 39.941162 62.904068     -0.001951 -0.999998 0.999998 -0.001951     20.436323 20.436323 6.156253
553.966125 362.424530     107.468750 104.222656 251.121094     0.136750 -0.990606 0.990606 0.136750     55.549636 55.549636 1.449078
553.966125 362.424530     55.218750 44.328125 46.487305     0.136750 -0.990606 0.990606 0.136750     55.549636 55.549636 4.576768
195.946686 362.443115     67.734375 19.322266 35.581177     0.699583 -0.714551 0.714551 0.699583     33.664200 33.664200 1.086331
195.946686 362.443115     13.253906 -3.499023 86.070923     0.699583 -0.714551 0.714551 0.699583     33.664200 33.664200 4.217965
299.037323 195.443115     34.453125 -8.054688 31.609375     -0.999214 -0.039653 0.039653 -0.999214     129.163506 129.163506 1.603131
299.037323 195.443115     89.375000 62.332031 54.231812     -0.999214 -0.039653 0.039653 -0.999214     129.163506 129.163506 4.627224
342.976501 254.206268     61.796875 28.414062 61.950195     -0.987955 -0.154740 0.154740 -0.987955     20.155679 20.155679 2.102501
169.504807 316.653839     1116.704346 144.352051 95.426270     0.038973 -0.999240 0.999240 0.038973     7.083740 7.083740 4.707948
513.537292 321.412994     199.027344 -23.001953 62.030273     0.316402 -0.948625 0.948625 0.316402     48.387752 48.387752 4.440897
482.283203 317.174835     76.000000 54.312500 62.683105     -0.230996 -0.972955 0.972955 -0.230996     26.137420 26.137420 4.827885
193.874420 360.001556     51.468750 19.275391 33.111084     -0.722049 0.691842 -0.691842 -0.722049     46.831543 46.831543 0.901079
193.874420 360.001556     256.812500 100.100586 254.195923     -0.722049 0.691842 -0.691842 -0.722049     46.831543 46.831543 4.010570
305.274170 199.884354     24.312500 5.861328 71.376099     -0.994671 -0.103096 0.103096 -0.994671     135.483694 135.483694 1.568126
510.355774 110.764534     207.113281 -130.687500 506.398682     -0.830763 0.556626 -0.556626 -0.830763     91.962087 91.962087 3.972538
328.898712 75.161041     55.781250 -11.726562 69.376465     -0.999754 0.022199 -0.022199 -0.999754     10.778000 10.778000 0.167109
328.898712 75.161041     62.625000 30.914062 65.155273     -0.999754 0.022199 -0.022199 -0.999754     10.778000 10.778000 3.286672
100.187431 340.486877     107.468750 99.324219 125.746094     -0.844401 0.535711 -0.535711 -0.844401     85.010392 85.010392 0.894127
306.769012 201.585236     92.132812 -20.424805 19.557007     -0.996331 -0.085585 0.085585 -0.996331     136.318560 136.318560 1.567157
306.769012 201.585236     154.760742 50.329834 53.552612     -0.996331 -0.085585 0.085585 -0.996331     136.318560 136.318560 4.597218
480.488617 319.190491     48.537842 37.760254 134.805664     0.000756 -1.000000 1.000000 0.000756     29.470904 29.470904 4.703833
512.920776 321.830078     77.468750 48.922852 57.161011     0.393260 -0.919427 0.919427 0.393260     48.742408 48.742408 4.388310
194.793655 361.036469     158.957031 23.029297 233.287109     -0.733080 0.680143 -0.680143 -0.733080     54.820218 54.820218 0.800832
194.793655 361.036469     100.765625 15.332031 53.452148     -0.733080 0.680143 -0.680143 -0.733080     54.820218 54.820218 3.901549
475.544556 313.697693     485.218750 17.003906 206.416870     -0.845756 -0.533569 0.533569 -0.845756     47.438907 47.438907 5.525820
306.217682 203.653458     300.328125 54.997559 53.788574     -0.998645 -0.052048 0.052048 -0.998645     141.518854 141.518854 1.630598
306.217682 203.653458     67.781250 -63.148438 242.470703     -0.998645 -0.052048 0.052048 -0.998645     141.518854 141.518854 4.621253
487.902802 321.060852     37.409058 10.395355 25.024086     -0.988467 -0.151436 0.151436 -0.988467     80.217385 80.217385 6.038079
507.771729 111.938011     77.769531 -18.259766 76.326050     -0.839470 0.543406 -0.543406 -0.839470     90.320557 90.320557 3.957092
344.699707 326.990997     71.067383 -35.501160 83.205276     0.330022 -0.943973 0.943973 0.330022     29.983258 29.983258 3.873402
513.252808 338.425598     109.937500 -9.328125 11.150391     -0.876876 -0.480717 0.480717 -0.876876     78.100502 78.100502 1.300769
513.252808 338.425598     119.031250 99.953125 261.956055     -0.876876 -0.480717 0.480717 -0.876876     78.100502 78.100502 4.438706
413.374725 75.383446     32.453125 6.877441 59.041321     -0.999225 0.039367 -0.039367 -0.999225     11.526875 11.526875 1.621526
413.374725 75.383446     105.500000 58.316406 119.513184     -0.999225 0.039367 -0.039367 -0.999225     11.526875 11.526875 3.499002
122.095459 345.587189     72.062500 -1.874268 19.315582     -0.999950 0.009982 -0.009982 -0.999950     111.648840 111.648840 1.611328
122.095459 345.587189     37.484375 -7.914429 24.727859     -0.999950 0.009982 -0.009982 -0.999950     111.648840 111.648840 4.724236
431.594330 348.254730     404.714844 187.058594 298.532715     -0.791666 -0.610954 0.610954 -0.791666     21.806358 21.806358 5.364045
344.410614 327.855072     303.875000 123.613281 201.584167     -0.187973 -0.982174 0.982174 -0.187973     30.847711 30.847711 4.305200
431.770538 349.260284     108.732269 -16.769836 101.831116     -0.776921 -0.629598 0.629598 -0.776921     22.516040 22.516040 5.358232
345.353180 330.603180     43.968750 31.246094 45.833496     -0.381106 -0.924531 0.924531 -0.381106     29.218921 29.218921 4.769377
218.336868 113.371353     100.656250 97.281250 196.487305     0.016631 -0.999862 0.999862 0.016631     37.765126 37.765126 1.565250
431.750702 349.701996     72.656250 -16.721680 24.922485     -0.757529 -0.652801 0.652801 -0.757529     22.812083 22.812083 5.248668
219.576843 113.593681     127.875000 28.681641 176.676025     -0.123598 -0.992332 0.992332 -0.123598     39.582763 39.582763 1.655208
508.172089 337.932373     54.884766 -11.988770 20.245361     -0.895076 -0.445915 0.445915 -0.895076     85.525886 85.525886 4.433828
508.172089 337.932373     226.250000 27.265625 50.197266     -0.895076 -0.445915 0.445915 -0.895076     85.525886 85.525886 5.432310
405.649109 272.982452     70.046875 29.576172 167.350586     0.083197 -0.996533 0.996533 0.083197     41.901687 41.901687 6.372077
433.271484 355.535156     81.328125 1.730469 32.333740     -0.412021 -0.911174 0.911174 -0.412021     24.934794 24.934794 4.877247
390.351776 127.173912     17.406250 21.914062 140.457031     -0.986004 0.166724 -0.166724 -0.986004     25.794430 25.794430 1.624030
390.351776 127.173912     151.093750 110.965820 105.469238     -0.986004 0.166724 -0.166724 -0.986004     25.794430 25.794430 4.943881
354.138641 114.155464     157.714844 40.453857 64.263962     0.083012 -0.996549 0.996549 0.083012     22.695781 22.695781 1.672491
354.138641 114.155464     20.750000 -7.141602 33.074036     0.083012 -0.996549 0.996549 0.083012     22.695781 22.695781 5.528236
250.317276 104.397591     66.828125 0.470215 50.883972     -0.715416 0.698699 -0.698699 -0.715416     25.235082 25.235082 0.896164
250.317276 104.397591     54.984375 17.169800 30.262260     -0.715416 0.698699 -0.698699 -0.715416     25.235082 25.235082 5.421776
342.358643 331.625000     46.062500 32.357422 56.016541     -0.889551 -0.456835 0.456835 -0.889551     40.901859 40.901859 5.172940
401.985901 275.084503     105.031250 -9.210938 13.052734     -0.976509 0.215475 -0.215475 -0.976509     54.037877 54.037877 2.008820
275.234528 111.420357     15.796875 16.492676 49.342529     -0.213980 -0.976838 0.976838 -0.213980     24.476009 24.476009 1.679281
275.234528 111.420357     55.406250 15.812500 40.426514     -0.213980 -0.976838 0.976838 -0.213980     24.476009 24.476009 4.803580
432.176544 355.660248     117.250000 115.632812 222.443359     -0.511285 -0.859411 0.859411 -0.511285     29.038752 29.038752 5.012025
355.252563 111.870308     299.437500 48.218750 98.259674     0.299352 -0.954143 0.954143 0.299352     24.924134 24.924134 1.552461
355.252563 111.870308     46.656250 41.732422 96.774414     0.299352 -0.954143 0.954143 0.299352     24.924134 24.924134 5.375781
221.066666 113.537041     173.687500 -100.501953 139.131683     -0.178182 -0.983998 0.983998 -0.178182     43.364711 43.364711 1.755552
389.232330 120.439392     241.765625 -42.488281 121.666992     -0.326818 -0.945087 0.945087 -0.326818     36.925651 36.925651 0.532272
389.232330 120.439392     17.125000 20.398438 150.567871     -0.326818 -0.945087 0.945087 -0.326818     36.925651 36.925651 1.948790
249.376663 110.586205     424.578125 -109.488281 197.020050     0.292320 -0.956321 0.956321 0.292320     24.972048 24.972048 1.413970
249.376663 110.586205     585.656250 -50.918945 108.041107     0.292320 -0.956321 0.956321 0.292320     24.972048 24.972048 4.544758
342.729797 333.575745     442.328125 -63.242188 371.500000     -0.605188 -0.796083 0.796083 -0.605188     42.571338 42.571338 4.705513
342.729797 333.575745     30.605469 1.847656 17.728516     -0.605188 -0.796083 0.796083 -0.605188     42.571338 42.571338 5.090140
358.912903 115.487099     38.214844 4.798828 27.044922     -0.698847 -0.715271 0.715271 -0.698847     36.604696 36.604696 2.103311
358.912903 115.487099     1285.445312 -291.382812 1146.875000     -0.698847 -0.715271 0.715271 -0.698847     36.604696 36.604696 4.212669
401.535400 275.362610     126.746094 -87.554688 125.900391     -0.937003 0.349321 -0.349321 -0.937003     52.247134 52.247134 2.094586
320.956665 364.278625     126.222656 -81.154297 125.902344     -0.385684 -0.922631 0.922631 -0.385684     14.219549 14.219549 1.765861
123.607529 344.936920     117.679688 -73.505859 123.957031     -0.999704 0.024349 -0.024349 -0.999704     111.694438 111.694438 1.625943
123.607529 344.936920     120.464844 -68.029297 120.988281     -0.999704 0.024349 -0.024349 -0.999704     111.694438 111.694438 4.729975
275.765808 110.884758     90.812500 26.310059 30.198166     -0.096302 -0.995352 0.995352 -0.096302     27.351248 27.351248 1.599574
381.725708 335.145721     26.859375 15.140625 51.358398     -0.847647 0.530560 -0.530560 -0.847647     19.990417 19.990417 1.396573
381.725708 335.145721     124.199219 -63.767578 124.761719     -0.847647 0.530560 -0.530560 -0.847647     19.990417 19.990417 2.058506
253.248642 113.217789     94.265625 27.351074 31.013458     -0.162095 -0.986775 0.986775 -0.162095     37.573193 37.573193 0.264067
253.248642 113.217789     17.826904 20.323730 90.433105     -0.162095 -0.986775 0.986775 -0.162095     37.573193 37.573193 1.686892
336.317200 345.362885     124.500000 30.021484 37.036499     0.416839 -0.908980 0.908980 0.416839     48.889055 48.889055 1.404789
336.317200 345.362885     176.296875 -48.382812 28.106201     0.416839 -0.908980 0.908980 0.416839     48.889055 48.889055 4.351708
491.556793 341.358765     21.125000 -8.875000 22.507812     -0.996918 -0.078450 0.078450 -0.996918     113.055948 113.055948 4.635216
390.640839 116.500946     95.562500 -14.453125 38.753906     -0.009247 -0.999957 0.999957 -0.009247     39.911993 39.911993 1.615979
485.411499 341.230286     28.585938 14.685547 53.255859     -0.998735 -0.050291 0.050291 -0.998735     111.446514 111.446514 4.658835
354.498810 115.020432     82.796875 -54.645508 78.899414     -0.894734 -0.446599 0.446599 -0.894734     46.652395 46.652395 2.445070
354.498810 115.020432     16.921875 9.851562 56.003906     -0.894734 -0.446599 0.446599 -0.894734     46.652395 46.652395 4.189728
299.538849 110.529129     35.375000 -1.537109 46.565430     0.001427 -0.999999 0.999999 0.001427     11.972027 11.972027 1.566459
299.538849 110.529129     105.078125 25.305176 30.434540     0.001427 -0.999999 0.999999 0.001427     11.972027 11.972027 4.700760
369.004639 321.237213     89.531250 -7.104980 19.757557     0.429772 -0.902938 0.902938 0.429772     19.596252 19.596252 5.709134
368.638824 115.467522     19.163818 22.175537 151.685791     -0.987293 -0.158909 0.158909 -0.987293     53.709364 53.709364 1.584712
368.638824 115.467522     193.843750 29.527344 23.708984     -0.987293 -0.158909 0.158909 -0.987293     53.709364 53.709364 2.801109
370.718903 298.760376     219.328125 -55.042969 47.591797     -0.920821 0.389987 -0.389987 -0.920821     20.086179 20.086179 0.675465
370.718903 298.760376     154.906250 30.882812 35.767578     -0.920821 0.389987 -0.389987 -0.920821     20.086179 20.086179 2.023742
458.636841 342.946350     302.687500 -413.179688 568.921875     -0.999625 0.027381 -0.027381 -0.999625     108.622711 108.622711 4.704057
221.438736 113.524834     115.812500 10.070312 49.104980     -0.236825 -0.971552 0.971552 -0.236825     43.858814 43.858814 1.806901
305.098999 109.950493     54.187500 16.558594 37.173340     -0.840474 0.541851 -0.541851 -0.840474     36.376662 36.376662 2.101628
305.098999 109.950493     76.529297 19.715332 35.189941     -0.840474 0.541851 -0.541851 -0.840474     36.376662 36.376662 3.789550
290.561646 369.495880     30.890625 9.501953 72.512207     -0.993481 -0.113995 0.113995 -0.993481     20.436476 20.436476 4.700486
276.270111 110.421219     34.781250 0.800781 47.695557     -0.042177 -0.999110 0.999110 -0.042177     29.682205 29.682205 1.577191
253.319290 112.889786     116.594727 31.265503 22.224442     -0.174287 -0.984695 0.984695 -0.174287     37.284719 37.284719 1.704854
253.319290 112.889786     78.187500 65.625000 98.986572     -0.174287 -0.984695 0.984695 -0.174287     37.284719 37.284719 4.906024
285.368835 367.203430     43.480469 -6.718750 43.098145     -0.962988 -0.269543 0.269543 -0.962988     25.832124 25.832124 1.525106
285.368835 367.203430     22.172363 30.375977 166.911865     -0.962988 -0.269543 0.269543 -0.962988     25.832124 25.832124 4.602754
237.545029 113.075172     369.390625 -486.742188 648.359375     -0.999890 -0.014845 0.014845 -0.999890     50.175206 50.175206 1.589779
237.545029 113.075172     217.578125 50.714844 37.410812     -0.999890 -0.014845 0.014845 -0.999890     50.175206 50.175206 3.096171
291.015350 110.059906     49.234375 -0.214600 15.572357     -0.999785 0.020739 -0.020739 -0.999785     38.667711 38.667711 1.553317
428.634277 61.697144     84.357422 20.771973 48.511017     -0.999996 0.002983 -0.002983 -0.999996     4.210428 4.210428 4.710578
255.445221 111.971863     108.125000 70.607422 66.390503     -0.999173 0.040650 -0.040650 -0.999173     46.738264 46.738264 1.608213
