1.0
448
401.791656 215.703705     176.125000 62.640625 38.660156     -0.932497 -0.361178 0.361178 -0.932497     17.075107 17.075107 2.437501
402.277954 217.357834     149.921875 56.304688 43.996094     -0.917922 -0.396762 0.396762 -0.917922     19.952318 19.952318 2.460628
402.196716 218.314209     139.250000 50.601562 47.812500     -0.913893 -0.405956 0.405956 -0.913893     22.650269 22.650269 2.538099
400.027496 219.563858     159.218750 39.531250 52.378906     -0.949694 -0.313179 0.313179 -0.949694     28.225717 28.225717 2.791310
399.736481 222.177536     148.234375 35.609375 78.988281     -0.921170 -0.389161 0.389161 -0.921170     35.984418 35.984418 2.742719
289.025635 198.461533     25.765625 8.648438 40.167969     -0.424336 -0.905505 0.905505 -0.424336     20.968650 20.968650 2.072415
399.353271 222.962448     150.000000 35.195312 89.546875     -0.908715 -0.417417 0.417417 -0.908715     38.547946 38.547946 2.704294
289.190613 199.184372     28.492188 11.511719 45.050781     -0.456136 -0.889910 0.889910 -0.456136     21.388825 21.388825 2.084779
398.783905 223.169495     152.546875 35.812500 92.902344     -0.905514 -0.424316 0.424316 -0.905514     39.261290 39.261290 2.692178
459.447754 227.955231     28.093750 10.023438 22.257812     -0.799847 -0.600204 0.600204 -0.799847     17.274520 17.274520 2.374014
289.134613 199.673080     30.468750 12.640625 47.460938     -0.470195 -0.882563 0.882563 -0.470195     21.923044 21.923044 2.105770
459.855957 228.806580     27.046875 11.304688 25.781250     -0.726598 -0.687062 0.687062 -0.726598     17.481604 17.481604 2.273317
288.836151 199.874695     33.921875 11.859375 48.375000     -0.489716 -0.871882 0.871882 -0.489716     23.495321 23.495321 2.111697
398.356293 224.352844     152.390625 36.226562 108.917969     -0.870202 -0.492695 0.492695 -0.870202     42.311255 42.311255 2.614127
459.840912 229.879868     28.375000 10.929688 32.082031     -0.645291 -0.763937 0.763937 -0.645291     19.688607 19.688607 2.193550
398.192688 225.342651     156.171875 39.359375 129.230469     -0.813575 -0.581460 0.581460 -0.813575     45.246923 45.246923 2.519494
287.960419 199.931244     41.500000 10.816406 48.347656     -0.590854 -0.806778 0.806778 -0.590854     26.076118 26.076118 2.251541
459.885620 230.263931     30.234375 10.914062 34.558594     -0.634694 -0.772763 0.772763 -0.634694     20.753892 20.753892 2.202056
287.234955 200.203003     48.359375 8.351562 49.132812     -0.690559 -0.723276 0.723276 -0.690559     28.597343 28.597343 2.389489
398.396942 226.638306     159.437500 45.343750 160.070312     -0.704635 -0.709570 0.709570 -0.704635     48.132975 48.132975 2.372706
459.908173 230.971939     34.546875 11.953125 37.554688     -0.661501 -0.749944 0.749944 -0.661501     22.046978 22.046978 2.210888
227.082123 183.285019     45.382812 3.699219 15.179688     -0.992795 -0.119824 0.119824 -0.992795     17.272741 17.272741 3.286617
286.692322 200.067108     63.625000 3.398438 48.261719     -0.978392 -0.206760 0.206760 -0.978392     31.028320 31.028320 3.079955
227.197372 183.855270     45.394531 3.675781 18.507812     -0.991109 -0.133056 0.133056 -0.991109     19.099487 19.099487 3.267660
398.659454 227.941910     166.609375 52.718750 196.035156     -0.604644 -0.796496 0.796496 -0.604644     50.630290 50.630290 2.240759
459.807617 231.572708     39.546875 11.484375 40.195312     -0.697058 -0.717015 0.717015 -0.697058     23.973702 23.973702 2.290814
289.575287 199.767044     152.328125 -4.792969 44.730469     -0.999013 0.044413 -0.044413 -0.999013     30.024608 30.024608 3.618016
227.030533 184.526718     44.746094 2.417969 22.507812     -0.994274 -0.106859 0.106859 -0.994274     21.225477 21.225477 3.296749
459.486816 232.060852     44.640625 10.820312 42.820312     -0.736145 -0.676824 0.676824 -0.736145     25.800327 25.800327 2.387311
317.474518 210.232483     33.585938 6.585938 24.835938     -0.881286 -0.472583 0.472583 -0.881286     20.770453 20.770453 0.767338
398.907990 229.546005     174.968750 66.945312 243.066406     -0.522810 -0.852449 0.852449 -0.522810     52.073965 52.073965 2.127607
317.634613 210.890106     33.656250 7.945312 31.953125     -0.743831 -0.668368 0.668368 -0.743831     22.416085 22.416085 0.592544
317.634613 210.890106     181.562500 80.289062 295.714844     -0.743831 -0.668368 0.668368 -0.743831     22.416085 22.416085 2.453888
399.552582 231.616074     79.343750 -54.343750 159.007812     -0.458584 -0.888651 0.888651 -0.458584     53.269371 53.269371 2.036240
453.790436 240.624329     327.742188 76.312500 80.046875     0.452123 -0.891956 0.891956 0.452123     32.386713 32.386713 1.441174
299.502014 203.978210     6.667969 -1.992188 80.914062     -0.962122 -0.272621 0.272621 -0.962122     34.395851 34.395851 2.960325
299.502014 203.978210     12.312500 40.375000 339.054688     -0.962122 -0.272621 0.272621 -0.962122     34.395851 34.395851 4.501303
240.502151 204.922745     45.093750 13.906250 72.468750     0.026803 -0.999641 0.999641 0.026803     11.573447 11.573447 1.677882
358.880005 261.971985     48.222656 -0.574219 28.835938     -0.120845 -0.992671 0.992671 -0.120845     12.239144 12.239144 1.494886
244.888092 207.828568     66.750000 -49.984375 308.511719     -0.386342 -0.922355 0.922355 -0.386342     28.199209 28.199209 0.567391
244.888092 207.828568     194.250000 96.671875 355.660156     -0.386342 -0.922355 0.922355 -0.386342     28.199209 28.199209 2.153193
227.055725 185.648087     22.382812 29.867188 617.859375     -0.999562 0.029580 -0.029580 -0.999562     24.157476 24.157476 3.469473
453.176758 247.264328     908.843750 5.140625 116.066406     0.194792 -0.980845 0.980845 0.194792     33.921551 33.921551 1.576032
399.750336 233.768326     51.074219 -2.773438 31.414062     -0.423754 -0.905777 0.905777 -0.423754     54.933833 54.933833 2.013951
359.931732 258.945770     1186.906250 39.078125 520.371094     -0.049969 -0.998751 0.998751 -0.049969     20.566782 20.566782 1.549411
283.563324 207.429886     37.367188 17.343750 23.371094     -0.999979 -0.006484 0.006484 -0.999979     48.473392 48.473392 1.678584
283.563324 207.429886     52.875000 -4.355469 33.929688     -0.999979 -0.006484 0.006484 -0.999979     48.473392 48.473392 4.678603
226.891541 186.050262     62.507812 24.710938 28.347656     -0.990562 0.137062 -0.137062 -0.990562     25.067184 25.067184 3.628366
409.334930 243.627045     1006.734375 -24.933594 189.066406     -0.998297 -0.058329 0.058329 -0.998297     102.426941 102.426941 3.369685
409.334930 243.627045     1325.500000 7.179688 674.035156     -0.998297 -0.058329 0.058329 -0.998297     102.426941 102.426941 4.581108
283.203064 249.252869     10.765625 -4.234375 52.179688     -0.828909 -0.559384 0.559384 -0.828909     15.370500 15.370500 2.297335
283.203064 249.252869     15.031250 -21.937500 90.910156     -0.828909 -0.559384 0.559384 -0.828909     15.370500 15.370500 4.314592
226.665070 186.535889     30.734375 35.554688 66.207031     -0.976873 0.213821 -0.213821 -0.976873     25.841268 25.841268 3.711908
280.752045 249.296997     5064.843750 1113.375000 976.125000     -0.885605 -0.464440 0.464440 -0.885605     17.652643 17.652643 2.387270
280.752045 249.296997     40.066406 39.523438 72.910156     -0.885605 -0.464440 0.464440 -0.885605     17.652643 17.652643 4.398704
281.960022 211.209366     44.304688 40.148438 75.414062     -0.999536 0.030451 -0.030451 -0.999536     61.751216 61.751216 1.712087
281.960022 211.209366     4971.328125 1134.296875 1074.957031     -0.999536 0.030451 -0.030451 -0.999536     61.751216 61.751216 3.620714
405.260956 248.592834     5531.710938 1187.562500 1130.781250     -0.999939 -0.011019 0.011019 -0.999939     116.822985 116.822985 3.406486
405.260956 248.592834     75.984375 23.500000 15.960938     -0.999939 -0.011019 0.011019 -0.999939     116.822985 116.822985 4.621760
334.416992 282.522278     5775.656250 1295.640625 1353.066406     0.100684 -0.994919 0.994919 0.100684     14.468123 14.468123 0.314086
368.471222 255.741013     119.601562 34.632812 24.101562     0.259135 -0.965841 0.965841 0.259135     13.608623 13.608623 5.186539
212.587845 234.868240     6062.812500 1563.609375 1647.378906     -0.526124 -0.850408 0.850408 -0.526124     13.301805 13.301805 1.194885
350.397125 239.972153     157.562500 43.851562 33.242188     -0.969074 -0.246771 0.246771 -0.969074     118.428497 118.428497 1.558471
212.106796 235.808258     182.164062 46.773438 36.187500     -0.555115 -0.831774 0.831774 -0.555115     16.649380 16.649380 1.143033
211.718552 236.053299     59.437500 19.609375 43.625000     -0.565127 -0.825004 0.825004 -0.565127     18.446197 18.446197 1.137886
350.109680 242.880569     6262.687500 1600.953125 1810.195312     -0.965451 -0.260583 0.260583 -0.965451     124.772668 124.772668 1.554626
344.978607 244.529541     58.828125 24.031250 51.546875     -0.969541 -0.244928 0.244928 -0.969541     129.704340 129.704340 1.567209
295.379028 323.096771     59.109375 28.656250 59.789062     -0.945343 -0.326079 0.326079 -0.945343     12.612074 12.612074 2.530689
295.379028 323.096771     6281.156250 1263.210938 2028.890625     -0.945343 -0.326079 0.326079 -0.945343     12.612074 12.612074 4.570010
344.858673 249.299774     60.203125 34.859375 71.554688     -0.965092 -0.261910 0.261910 -0.965092     142.405691 142.405691 1.556427
291.770752 324.065491     110.906250 54.250000 101.484375     -0.951183 -0.308628 0.308628 -0.951183     16.140092 16.140092 2.570330
291.770752 324.065491     22.015625 -3.117188 128.000000     -0.951183 -0.308628 0.308628 -0.951183     16.140092 16.140092 4.588608
346.860413 254.519470     6426.257812 1140.257812 1974.281250     -0.952905 -0.303268 0.303268 -0.952905     152.585930 152.585930 1.515941
289.226196 324.925110     127.609375 66.250000 121.960938     -0.953187 -0.302382 0.302382 -0.953187     19.785181 19.785181 4.588801
289.226196 324.925110     152.531250 104.968750 176.187500     -0.953187 -0.302382 0.302382 -0.953187     19.785181 19.785181 5.790254
287.586426 325.369690     61.000000 9.578125 8.750000     -0.959675 -0.281112 0.281112 -0.959675     21.338936 21.338936 4.608413
287.586426 325.369690     6707.593750 1042.164062 1984.250000     -0.959675 -0.281112 0.281112 -0.959675     21.338936 21.338936 5.844279
488.632843 283.852661     159.234375 116.968750 197.257812     -0.828836 -0.559492 0.559492 -0.828836     24.806397 24.806397 4.032057
345.983215 258.258514     8.968750 -1.679688 48.898438     -0.951806 -0.306700 0.306700 -0.951806     161.895048 161.895048 1.502889
488.735046 284.017090     7390.523438 1235.375000 2067.539062     -0.758217 -0.652002 0.652002 -0.758217     25.007227 25.007227 3.949067
489.009705 284.450500     8649.445312 1546.015625 2086.664062     -0.702902 -0.711287 0.711287 -0.702902     24.970319 24.970319 0.675780
489.009705 284.450500     8700.312500 1519.453125 2463.585938     -0.702902 -0.711287 0.711287 -0.702902     24.970319 24.970319 3.901715
340.460205 265.562439     114.984375 51.541016 72.045898     -0.964290 -0.264850 0.264850 -0.964290     184.551568 184.551568 1.495671
340.460205 265.562439     1261.156250 437.339844 238.536133     -0.964290 -0.264850 0.264850 -0.964290     184.551568 184.551568 5.993453
489.550507 285.533661     241.593750 84.988281 47.552734     -0.647803 -0.761808 0.761808 -0.647803     24.876694 24.876694 3.828625
493.991882 288.520874     28.296875 12.425781 37.711426     -0.737059 -0.675828 0.675828 -0.737059     32.369096 32.369096 3.940916
302.938141 291.245361     1991.242188 274.546875 38.031250     0.029374 -0.999569 0.999569 0.029374     21.070393 21.070393 1.608833
337.395752 267.877747     94.078125 31.132812 25.669189     -0.972117 -0.234495 0.234495 -0.972117     185.497588 185.497588 1.513255
337.395752 267.877747     130.984375 36.646484 33.601074     -0.972117 -0.234495 0.234495 -0.972117     185.497588 185.497588 6.070269
495.648102 289.493042     4534.664062 619.492188 84.859375     -0.722008 -0.691885 0.691885 -0.722008     34.411022 34.411022 3.930937
497.176910 291.410645     3727.859375 891.080078 885.589844     -0.666343 -0.745645 0.745645 -0.666343     34.484894 34.484894 3.929512
512.952637 362.720367     67.933594 15.876953 17.792969     -0.984604 -0.174802 0.174802 -0.984604     11.947938 11.947938 6.044591
335.085999 270.147308     5397.984375 732.359375 99.601562     -0.978489 -0.206298 0.206298 -0.978489     189.028225 189.028225 1.512650
335.085999 270.147308     55.593750 12.830078 16.197021     -0.978489 -0.206298 0.206298 -0.978489     189.028225 189.028225 6.122888
497.959106 292.255920     39.921875 13.531250 32.380859     -0.647908 -0.761719 0.761719 -0.647908     34.781933 34.781933 3.920909
188.623962 279.466949     5350.671875 1196.031250 1089.951660     0.041955 -0.999120 0.999120 0.041955     13.423445 13.423445 0.204918
335.246216 272.819366     240.031250 20.345703 16.254314     -0.976486 -0.215580 0.215580 -0.976486     190.643050 190.643050 1.523548
335.246216 272.819366     5649.312500 765.468750 104.000000     -0.976486 -0.215580 0.215580 -0.976486     190.643050 190.643050 6.072404
344.743958 276.040314     75.380859 2.351562 41.867188     -0.975865 -0.218376 0.218376 -0.975865     187.747735 187.747735 1.507098
347.341888 270.530762     81.427734 20.300781 20.648438     -0.974413 -0.224765 0.224765 -0.974413     206.858016 206.858016 1.500468
347.341888 270.530762     5716.656250 773.859375 105.078125     -0.974413 -0.224765 0.224765 -0.974413     206.858016 206.858016 6.069867
380.273926 74.221741     59.521484 4.871094 14.937500     -0.832022 -0.554743 0.554743 -0.832022     27.623335 27.623335 1.936462
380.273926 74.221741     104.058594 15.693359 20.574219     -0.832022 -0.554743 0.554743 -0.832022     27.623335 27.623335 5.098558
393.631470 101.654594     5809.375000 788.601562 107.390625     -0.938066 -0.346456 0.346456 -0.938066     39.490747 39.490747 3.024416
393.631470 101.654594     241.166016 11.542969 365.234375     -0.938066 -0.346456 0.346456 -0.938066     39.490747 39.490747 5.345430
343.445740 102.847572     397.750000 116.942383 82.338089     -0.936005 -0.351987 0.351987 -0.936005     17.769402 17.769402 0.873269
343.445740 102.847572     8999.765625 1347.191406 1469.214355     -0.936005 -0.351987 0.351987 -0.936005     17.769402 17.769402 2.237089
452.151886 82.261604     32.031250 2.460938 23.500977     -0.568215 -0.822880 0.822880 -0.568215     19.981530 19.981530 2.162291
452.151886 82.261604     7981.835938 1064.921875 142.531250     -0.568215 -0.822880 0.822880 -0.568215     19.981530 19.981530 5.403990
273.967346 344.726532     224.421875 34.921875 8.046875     -0.990627 -0.136597 0.136597 -0.990627     1.878108 1.878108 1.522265
273.967346 344.726532     374.439453 21.875000 427.800781     -0.990627 -0.136597 0.136597 -0.990627     1.878108 1.878108 5.200929
430.482574 54.562187     66.154297 25.353149 20.716896     -0.932613 -0.360879 0.360879 -0.932613     16.608717 16.608717 1.877688
430.482574 54.562187     512.546875 76.093750 14.359375     -0.932613 -0.360879 0.360879 -0.932613     16.608717 16.608717 2.829122
285.622131 87.979263     324.750000 66.292969 22.429688     -0.948418 -0.317023 0.317023 -0.948418     20.793422 20.793422 0.748695
285.622131 87.979263     981.980469 146.054688 25.796875     -0.948418 -0.317023 0.317023 -0.948418     20.793422 20.793422 1.496751
284.916656 346.061890     1125.828125 238.667969 51.904297     -0.990796 -0.135362 0.135362 -0.990796     2.133352 2.133352 5.074907
243.235535 79.727272     12191.906250 1394.646484 1589.133301     -0.960425 -0.278538 0.278538 -0.960425     16.342130 16.342130 1.115549
243.235535 79.727272     8340.953125 1114.679688 149.546875     -0.960425 -0.278538 0.278538 -0.960425     16.342130 16.342130 1.447069
292.277100 346.969879     544.986328 -41.261719 819.429688     -0.990921 -0.134447 0.134447 -0.990921     2.186134 2.186134 5.037213
484.966522 55.708134     308.125000 81.351562 46.648438     -0.958628 -0.284662 0.284662 -0.958628     15.837932 15.837932 0.612485
484.966522 55.708134     1259.250000 265.109375 57.496094     -0.958628 -0.284662 0.284662 -0.958628     15.837932 15.837932 0.983129
486.310760 142.326691     211.562500 73.257812 37.886719     -0.796375 -0.604803 0.604803 -0.796375     21.156992 21.156992 2.563115
486.310760 142.326691     14526.781250 1383.083984 1653.359375     -0.796375 -0.604803 0.604803 -0.796375     21.156992 21.156992 4.927089
295.423157 347.361664     49.875000 23.257812 39.126953     -0.990944 -0.134277 0.134277 -0.990944     2.362807 2.362807 5.052987
154.703812 231.824051     461.417969 51.718750 6.453125     -0.997571 -0.069656 0.069656 -0.997571     29.060033 29.060033 1.602330
152.151627 252.032486     73.684082 19.910156 42.085938     -0.956957 -0.290231 0.290231 -0.956957     17.130470 17.130470 1.498954
296.310333 347.463043     16603.109375 1564.548828 1823.841797     -0.990961 -0.134153 0.134153 -0.990961     2.527987 2.527987 5.082740
150.778839 271.995178     1183.013672 119.076172 1660.664062     -0.994220 -0.107359 0.107359 -0.994220     17.083121 17.083121 1.564953
137.397537 214.975403     261.531250 -18.273438 31.433594     -0.983878 -0.178838 0.178838 -0.983878     18.943694 18.943694 0.690599
137.397537 214.975403     85.289551 21.018921 19.977814     -0.983878 -0.178838 0.178838 -0.983878     18.943694 18.943694 1.736229
295.390533 347.275146     73.406250 37.531250 107.070312     -0.990911 -0.134520 0.134520 -0.990911     2.603238 2.603238 4.742294
295.390533 347.275146     214.910156 -20.939453 10.394531     -0.990911 -0.134520 0.134520 -0.990911     2.603238 2.603238 5.079305
144.694901 242.146179     255.281250 -15.179688 41.394531     -0.091856 -0.995772 0.995772 -0.091856     69.728401 69.728401 0.293289
540.296021 125.155998     218.484375 40.328125 13.625000     -0.965961 -0.258688 0.258688 -0.965961     21.506953 21.506953 1.089470
540.296021 125.155998     10334.515625 1839.929688 432.046875     -0.965961 -0.258688 0.258688 -0.965961     21.506953 21.506953 3.092227
315.274933 349.749420     255.390625 -17.195312 16.296875     -0.991216 -0.132254 0.132254 -0.991216     2.996600 2.996600 1.565881
400.311951 408.106842     1636.432617 49.662109 1870.949219     -0.987839 -0.155483 0.155483 -0.987839     7.186324 7.186324 3.044014
137.627502 237.897583     126.233398 30.302490 27.737793     -0.336666 -0.941624 0.941624 -0.336666     86.162760 86.162760 0.578124
332.146851 398.086243     1978.304688 210.781250 23.250000     -0.989033 -0.147697 0.147697 -0.989033     7.788928 7.788928 3.104146
127.982391 314.376770     133.977051 -14.291992 27.772461     -0.978724 -0.205183 0.205183 -0.978724     13.144177 13.144177 1.561562
205.620102 379.678009     260.753906 83.164062 36.484375     -0.989032 -0.147703 0.147703 -0.989032     8.983045 8.983045 1.184987
205.620102 379.678009     134.000000 65.031250 43.054688     -0.989032 -0.147703 0.147703 -0.989032     8.983045 8.983045 3.112535
354.684723 132.805420     149.437500 10.968750 222.679688     -0.978213 -0.207605 0.207605 -0.978213     5.035115 5.035115 3.143299
354.684723 132.805420     188.750000 0.609375 12.539062     -0.978213 -0.207605 0.207605 -0.978213     5.035115 5.035115 4.754239
187.807693 91.502960     65.752930 12.500000 17.953125     -0.940983 -0.338454 0.338454 -0.940983     10.586380 10.586380 1.383587
187.807693 91.502960     185.921875 -4.554688 10.265625     -0.940983 -0.338454 0.338454 -0.940983     10.586380 10.586380 1.985739
316.554443 349.760071     80.531250 33.796875 62.468750     -0.991187 -0.132471 0.132471 -0.991187     3.402129 3.402129 1.564096
316.554443 349.760071     601.919922 97.539062 29.468750     -0.991187 -0.132471 0.132471 -0.991187     3.402129 3.402129 4.725302
131.722870 250.266556     167.812500 -2.812500 214.578125     0.145528 -0.989354 0.989354 0.145528     104.465635 104.465635 6.300419
131.235672 317.475586     2211.675781 234.179688 25.812500     -0.961521 -0.274730 0.274730 -0.961521     21.770112 21.770112 5.811661
358.107819 133.373611     47.286133 18.947266 27.968750     -0.978496 -0.206266 0.206266 -0.978496     5.712028 5.712028 3.149506
580.624512 168.669144     73.593750 -81.343750 114.570312     -0.939240 -0.343262 0.343262 -0.939240     15.001487 15.001487 1.492683
291.865692 392.728088     117.671875 -45.421875 49.765625     -0.989247 -0.146251 0.146251 -0.989247     11.877071 11.877071 4.705407
591.500000 108.466980     25917.710938 2003.570312 1092.937500     -0.782666 -0.622442 0.622442 -0.782666     20.439299 20.439299 5.220658
200.728455 367.551727     14.050915 -141.567749 5942.025391     -0.993760 -0.111544 0.111544 -0.993760     3.622419 3.622419 1.557541
200.728455 367.551727     12986.679688 1533.039062 197.281250     -0.993760 -0.111544 0.111544 -0.993760     3.622419 3.622419 3.093732
38.591953 257.954010     20.877411 -267.007812 4435.443359     -0.900443 -0.434975 0.434975 -0.900443     25.641309 25.641309 0.281173
38.591953 257.954010     1349.671875 238.898438 122.683594     -0.900443 -0.434975 0.434975 -0.900443     25.641309 25.641309 2.614576
602.130188 146.453888     18.362772 72.853149 1749.765625     -0.996900 0.078677 -0.078677 -0.996900     24.643994 24.643994 1.592123
539.188416 285.526764     397.843750 -251.578125 1575.695312     -0.543502 -0.839408 0.839408 -0.543502     31.533868 31.533868 3.586020
197.814819 143.750839     83.000000 -31.156250 265.046875     -0.994905 0.100818 -0.100818 -0.994905     12.942995 12.942995 0.853817
197.814819 143.750839     534.116333 907.083008 25031.378906     -0.994905 0.100818 -0.100818 -0.994905     12.942995 12.942995 1.604984
602.525818 147.220627     22184.578125 -183.750000 2279.328125     -0.997516 0.070441 -0.070441 -0.997516     28.575032 28.575032 1.593446
49.610027 183.231201     94.359375 53.951416 98.259766     -0.352707 -0.935734 0.935734 -0.352707     34.143110 34.143110 2.063981
49.610027 183.231201     204.500000 142.460938 107.306641     -0.352707 -0.935734 0.935734 -0.352707     34.143110 34.143110 5.348107
152.645462 393.745453     204.234375 -254.468750 392.484375     -0.957450 -0.288598 0.288598 -0.957450     9.887083 9.887083 1.685788
152.645462 393.745453     1674.062500 310.324219 168.974609     -0.957450 -0.288598 0.288598 -0.957450     9.887083 9.887083 5.090513
285.929626 427.814819     172.031250 24.109375 10.398438     -0.982466 -0.186441 0.186441 -0.982466     10.996952 10.996952 5.203559
285.929626 427.814819     22.072266 -53.847656 687.000000     -0.982466 -0.186441 0.186441 -0.982466     10.996952 10.996952 6.375268
287.737915 399.383698     73.060791 0.188965 11.488281     -0.984218 -0.176961 0.176961 -0.984218     45.275953 45.275953 4.704595
191.880951 409.880951     546.468750 -733.375000 1087.773438     -0.997450 0.071368 -0.071368 -0.997450     17.467039 17.467039 0.849480
191.880951 409.880951     59679.101562 10665.265625 12048.601562     -0.997450 0.071368 -0.071368 -0.997450     17.467039 17.467039 3.901483
94.432037 335.927185     176.000000 -40.367188 704.449219     -0.951407 -0.307935 0.307935 -0.951407     9.858439 9.858439 2.344843
94.432037 335.927185     273.736328 45.101562 22.265625     -0.951407 -0.307935 0.307935 -0.951407     9.858439 9.858439 4.732355
236.119858 371.357666     378.343750 40.593750 10.808594     -0.994367 -0.105988 0.105988 -0.994367     3.982239 3.982239 1.551217
236.119858 371.357666     28.062500 25.198242 46.015541     -0.994367 -0.105988 0.105988 -0.994367     3.982239 3.982239 4.721660
85.538712 105.583870     217.562500 142.773438 106.371094     -0.991372 0.131077 -0.131077 -0.991372     22.893815 22.893815 0.844313
85.538712 105.583870     172.373047 29.548828 11.063477     -0.991372 0.131077 -0.131077 -0.991372     22.893815 22.893815 3.148467
127.224640 406.228271     156.963867 42.635742 27.484375     -0.949529 -0.313680 0.313680 -0.949529     13.508156 13.508156 2.161731
127.224640 406.228271     125.937500 41.164062 27.570312     -0.949529 -0.313680 0.313680 -0.949529     13.508156 13.508156 5.214889
541.698059 247.458817     343.394531 -34.601562 31.328125     -0.886861 -0.462036 0.462036 -0.886861     13.630471 13.630471 1.251684
541.698059 247.458817     58756.679688 7370.062500 12830.234375     -0.886861 -0.462036 0.462036 -0.886861     13.630471 13.630471 4.683505
542.196777 277.441895     558.781250 139.199219 37.369141     -0.144995 -0.989432 0.989432 -0.144995     54.713430 54.713430 2.909488
530.835449 217.762665     123.814453 -12.470703 9.193359     -0.999994 -0.003458 0.003458 -0.999994     15.933403 15.933403 4.557435
75.570045 381.743958     144.998047 45.429688 23.326172     -0.971113 -0.238620 0.238620 -0.971113     17.359532 17.359532 0.999857
75.570045 381.743958     215.656250 130.078125 102.695312     -0.971113 -0.238620 0.238620 -0.971113     17.359532 17.359532 3.161549
155.261902 424.044220     92.869141 -193.964844 1774.105469     -0.999664 0.025903 -0.025903 -0.999664     14.334886 14.334886 0.763266
155.261902 424.044220     198.571777 27.554688 13.484375     -0.999664 0.025903 -0.025903 -0.999664     14.334886 14.334886 3.609357
235.672302 371.354736     121.784180 6.957031 25.171875     -0.994428 -0.105421 0.105421 -0.994428     4.258014 4.258014 1.538934
235.672302 371.354736     168.894531 24.155273 13.061523     -0.994428 -0.105421 0.105421 -0.994428     4.258014 4.258014 4.741322
569.664246 242.136246     229.892578 47.285156 65.765625     -0.793147 -0.609031 0.609031 -0.793147     27.193280 27.193280 2.401074
569.664246 242.136246     117.604248 21.590820 24.867188     -0.793147 -0.609031 0.609031 -0.793147     27.193280 27.193280 4.747080
172.180969 444.897919     29.343750 18.238281 47.664986     -0.986547 -0.163480 0.163480 -0.986547     16.414572 16.414572 0.827320
172.180969 444.897919     596.390625 150.488281 41.134766     -0.986547 -0.163480 0.163480 -0.986547     16.414572 16.414572 3.137945
543.425415 276.926758     73.211914 2.511230 11.241699     0.059817 -0.998209 0.998209 0.059817     58.264829 58.264829 2.693781
239.128738 371.752991     63.908203 -3.207031 6.840820     -0.994436 -0.105342 0.105342 -0.994436     4.512330 4.512330 1.547463
239.128738 371.752991     42.468750 30.203125 50.953125     -0.994436 -0.105342 0.105342 -0.994436     4.512330 4.512330 4.759809
32.408867 391.527100     167.332031 -17.119141 10.879028     -0.852690 -0.522417 0.522417 -0.852690     18.201568 18.201568 2.550967
32.408867 391.527100     36.312500 17.769531 57.917969     -0.852690 -0.522417 0.522417 -0.852690     18.201568 18.201568 5.657850
554.784424 321.614838     63.656250 52.328125 64.183594     0.614718 -0.788747 0.788747 0.614718     14.370251 14.370251 1.721146
117.130844 455.658875     513.070312 229.335938 115.171875     -0.991369 -0.131099 0.131099 -0.991369     12.894601 12.894601 2.056047
117.130844 455.658875     84.232422 35.880859 25.212891     -0.991369 -0.131099 0.131099 -0.991369     12.894601 12.894601 2.769473
482.223907 419.745544     218.011719 80.542969 39.237305     0.670420 -0.741981 0.741981 0.670420     24.080433 24.080433 1.195359
340.902405 373.085602     87.587891 33.231934 24.672607     -0.993087 -0.117376 0.117376 -0.993087     18.048361 18.048361 1.563338
340.902405 373.085602     259.558594 54.210938 14.578125     -0.993087 -0.117376 0.117376 -0.993087     18.048361 18.048361 4.716181
15.501369 100.286301     126.609375 2.206055 6.301544     0.060155 -0.998189 0.998189 0.060155     9.845163 9.845163 4.708903
344.124969 159.987457     184.406250 17.599609 33.524597     -0.982813 -0.184605 0.184605 -0.982813     39.694596 39.694596 3.147527
354.839325 370.842072     110.187500 44.179688 25.169922     -0.991609 -0.129271 0.129271 -0.991609     36.442543 36.442543 1.561949
343.978027 158.904709     1035.671875 225.605469 52.874023     -0.982412 -0.186728 0.186728 -0.982412     43.612445 43.612445 3.140384
39.966667 88.357574     44.968750 28.637695 30.579681     -0.694218 -0.719765 0.719765 -0.694218     29.275230 29.275230 2.332418
39.966667 88.357574     206.578125 36.109375 11.743652     -0.694218 -0.719765 0.719765 -0.694218     29.275230 29.275230 4.192647
595.247009 167.361450     139.171875 -3.591797 7.324799     -0.813282 -0.581870 0.581870 -0.813282     10.439328 10.439328 1.476117
448.980682 447.607452     120.656250 19.791992 14.110352     0.571438 -0.820645 0.820645 0.571438     23.400273 23.400273 1.407195
344.358917 158.038055     301.093750 -1.639648 136.827087     -0.980939 -0.194317 0.194317 -0.980939     46.657353 46.657353 3.105060
587.073059 193.228317     61.481445 -3.921875 16.644531     -0.989512 -0.144452 0.144452 -0.989512     11.802435 11.802435 1.545261
174.958511 194.746719     725.234375 173.231934 63.951172     0.080199 -0.996779 0.996779 0.080199     18.953370 18.953370 0.405568
174.958511 194.746719     111.059570 4.171875 15.859375     0.080199 -0.996779 0.996779 0.080199     18.953370 18.953370 3.527732
45.917873 142.246384     98.148438 19.221863 9.834681     -0.999995 -0.003069 0.003069 -0.999995     15.252080 15.252080 0.853757
45.917873 142.246384     377.578125 90.053711 39.495728     -0.999995 -0.003069 0.003069 -0.999995     15.252080 15.252080 3.908583
601.076782 237.208771     145.218750 -1.976074 8.195892     0.571741 -0.820434 0.820434 0.571741     26.773156 26.773156 4.966217
104.669525 51.793991     81.718750 13.480225 9.577690     -0.999961 0.008797 -0.008797 -0.999961     13.590732 13.590732 0.856564
104.669525 51.793991     86.718750 37.766602 26.649811     -0.999961 0.008797 -0.008797 -0.999961     13.590732 13.590732 1.276399
513.008240 186.161163     35.074219 23.802734 48.440186     -0.920867 -0.389876 0.389876 -0.920867     12.157974 12.157974 1.456190
513.008240 186.161163     31.187500 9.996094 33.020508     -0.920867 -0.389876 0.389876 -0.920867     12.157974 12.157974 5.047549
523.208130 232.807114     61.000000 13.517578 25.450195     0.075729 -0.997128 0.997128 0.075729     59.177005 59.177005 2.414956
180.502502 456.572510     199.640625 83.656250 49.602539     -0.985210 -0.171353 0.171353 -0.985210     17.088925 17.088925 2.501794
180.502502 456.572510     63.349609 -22.550781 40.589844     -0.985210 -0.171353 0.171353 -0.985210     17.088925 17.088925 6.084182
577.675232 192.022797     170.250000 1.278809 11.145782     -0.994098 -0.108489 0.108489 -0.994098     11.365034 11.365034 1.564699
595.843262 166.836639     207.632812 -9.264160 22.504433     -0.825487 -0.564421 0.564421 -0.825487     13.311801 13.311801 1.451716
108.306816 112.844696     266.195312 139.840820 79.766357     -0.984624 -0.174687 0.174687 -0.984624     10.857102 10.857102 1.342912
98.340744 143.303711     71.171875 17.574219 31.135986     -0.957903 -0.287091 0.287091 -0.957903     17.256849 17.256849 3.858416
98.340744 143.303711     81.125000 24.861328 19.451172     -0.957903 -0.287091 0.287091 -0.957903     17.256849 17.256849 5.392512
514.025452 185.381363     75.312500 -4.271484 11.213623     -0.939909 -0.341426 0.341426 -0.939909     15.984369 15.984369 0.333777
514.025452 185.381363     293.750000 146.482422 81.185913     -0.939909 -0.341426 0.341426 -0.939909     15.984369 15.984369 1.349903
109.516762 416.357544     226.914062 -27.558838 32.571320     -0.994053 0.108897 -0.108897 -0.994053     23.614320 23.614320 0.996158
109.516762 416.357544     104.000000 1.294922 40.537598     -0.994053 0.108897 -0.108897 -0.994053     23.614320 23.614320 3.976731
362.981415 129.081787     188.343750 59.625000 26.589844     -0.970086 -0.242762 0.242762 -0.970086     7.164608 7.164608 1.511254
362.981415 129.081787     104.328125 57.625000 39.200195     -0.970086 -0.242762 0.242762 -0.970086     7.164608 7.164608 4.989509
104.933334 167.642853     108.968750 0.642578 41.304199     -0.994267 0.106925 -0.106925 -0.994267     12.609837 12.609837 0.780922
104.933334 167.642853     368.218750 -32.636719 8.502441     -0.994267 0.106925 -0.106925 -0.994267     12.609837 12.609837 1.290702
149.892700 113.618027     418.578125 180.199219 85.335938     -0.949011 -0.315242 0.315242 -0.949011     12.913811 12.913811 1.416024
596.878601 166.385864     180.000000 46.320312 27.206055     -0.836146 -0.548507 0.548507 -0.836146     18.751978 18.751978 1.388700
176.739197 194.378174     10.453125 1.453125 78.109375     0.113143 -0.993579 0.993579 0.113143     37.859291 37.859291 0.196431
176.739197 194.378174     21.210938 2.203125 35.398438     0.113143 -0.993579 0.993579 0.113143     37.859291 37.859291 4.723743
78.164124 370.213745     14.531250 6.140625 83.179688     -0.989550 -0.144190 0.144190 -0.989550     13.847502 13.847502 0.570096
78.164124 370.213745     25.296875 -20.203125 122.085938     -0.989550 -0.144190 0.144190 -0.989550     13.847502 13.847502 1.323835
343.217957 157.008240     20.875000 13.187500 89.343750     -0.979841 -0.199779 0.199779 -0.979841     48.788665 48.788665 3.076292
610.198669 71.928337     16.828125 -15.156250 43.718750     -0.935349 -0.353727 0.353727 -0.935349     13.431050 13.431050 1.481206
109.750740 380.712158     25.140625 16.718750 93.078125     -0.997444 -0.071457 0.071457 -0.997444     22.352579 22.352579 0.485234
109.750740 380.712158     29.929688 -22.328125 201.000000     -0.997444 -0.071457 0.071457 -0.997444     22.352579 22.352579 3.100158
108.219879 112.319275     35.609375 -36.089844 60.914062     -0.988725 -0.149744 0.149744 -0.988725     13.799058 13.799058 1.183471
108.219879 112.319275     35.843750 28.578125 109.734375     -0.988725 -0.149744 0.149744 -0.988725     13.799058 13.799058 5.097333
149.924118 106.622261     19.367188 -15.250000 46.714844     -0.966037 -0.258403 0.258403 -0.966037     32.796768 32.796768 2.475108
149.924118 106.622261     37.820312 -22.398438 212.671875     -0.966037 -0.258403 0.258403 -0.966037     32.796768 32.796768 2.854926
56.873375 165.178574     40.972656 -38.824219 67.750000     -0.976356 -0.216170 0.216170 -0.976356     20.168273 20.168273 0.374668
56.873375 165.178574     63.078125 -3.718750 13.281250     -0.976356 -0.216170 0.216170 -0.976356     20.168273 20.168273 3.455669
362.250793 128.849533     112.421875 34.218750 121.726562     -0.969317 -0.245814 0.245814 -0.969317     7.757301 7.757301 1.468106
362.250793 128.849533     21.882812 -15.218750 48.687500     -0.969317 -0.245814 0.245814 -0.969317     7.757301 7.757301 2.433932
103.667770 51.428570     83.949219 -73.136719 104.632812     -0.999183 -0.040424 0.040424 -0.999183     15.019557 15.019557 1.012883
103.667770 51.428570     70.515625 22.617188 266.593750     -0.999183 -0.040424 0.040424 -0.999183     15.019557 15.019557 3.423427
106.534561 127.594467     28.375000 -15.531250 50.507812     -0.998435 0.055933 -0.055933 -0.998435     11.614150 11.614150 0.902970
106.534561 127.594467     6.320312 -2.570312 77.566406     -0.998435 0.055933 -0.055933 -0.998435     11.614150 11.614150 4.129483
621.307373 113.774895     7.609375 -3.046875 52.976562     -0.656091 -0.754682 0.754682 -0.656091     18.118494 18.118494 0.980515
100.458496 37.837944     20.796875 24.445312 152.859375     -0.994204 0.107514 -0.107514 -0.994204     13.520798 13.520798 1.023411
100.458496 37.837944     85.117188 23.789062 260.992188     -0.994204 0.107514 -0.107514 -0.994204     13.520798 13.520798 4.401218
248.945953 133.972977     24.804688 22.562500 163.242188     -0.490167 -0.871629 0.871629 -0.490167     23.086217 23.086217 2.093842
248.945953 133.972977     27.148438 22.132812 306.765625     -0.490167 -0.871629 0.871629 -0.490167     23.086217 23.086217 5.173605
454.379791 173.613235     22.937500 2.937500 67.968750     -0.705323 -0.708886 0.708886 -0.705323     15.320589 15.320589 5.159287
199.524796 395.475220     26.531250 -5.664062 77.039062     -0.909750 -0.415156 0.415156 -0.909750     14.593103 14.593103 2.111073
199.524796 395.475220     32.976562 -7.203125 74.019531     -0.909750 -0.415156 0.415156 -0.909750     14.593103 14.593103 5.455337
147.418182 48.022728     12.156250 -0.054688 34.687500     -0.904214 -0.427080 0.427080 -0.904214     12.937445 12.937445 1.084599
147.418182 48.022728     41.265625 -5.796875 75.945312     -0.904214 -0.427080 0.427080 -0.904214     12.937445 12.937445 1.534949
615.098999 31.769072     15.328125 7.062500 45.023438     -0.980721 -0.195411 0.195411 -0.980721     23.168085 23.168085 1.484091
598.787720 96.693398     14.781250 20.960938 83.062500     -0.999503 0.031539 -0.031539 -0.999503     13.194452 13.194452 1.579075
209.136230 109.006195     36.242188 4.851562 86.550781     -0.933516 -0.358536 0.358536 -0.933516     12.966794 12.966794 1.473803
209.136230 109.006195     7.765625 10.242188 61.003906     -0.933516 -0.358536 0.358536 -0.933516     12.966794 12.966794 2.389486
602.961670 135.353424     20.484375 32.398438 86.484375     -0.994204 0.107514 -0.107514 -0.994204     16.144916 16.144916 1.584612
106.568581 165.990021     4124.636719 -496.460938 259.046875     -0.991978 0.126412 -0.126412 -0.991978     18.920447 18.920447 0.696376
106.568581 165.990021     585.491699 -288.792969 397.500000     -0.991978 0.126412 -0.126412 -0.991978     18.920447 18.920447 3.081943
147.786713 47.744755     1501.428711 -333.300781 274.351562     -0.918546 -0.395314 0.395314 -0.918546     14.491544 14.491544 0.453595
147.786713 47.744755     16.601562 -2.867188 95.941406     -0.918546 -0.395314 0.395314 -0.918546     14.491544 14.491544 1.324033
222.866394 391.089081     51.062500 -13.651123 13.077250     -0.978378 -0.206827 0.206827 -0.978378     7.946111 7.946111 1.204269
222.866394 391.089081     45.015625 -18.056152 50.510742     -0.978378 -0.206827 0.206827 -0.978378     7.946111 7.946111 4.828179
373.397064 17.284313     16644.203125 4071.640625 16331.800781     -0.999832 -0.018328 0.018328 -0.999832     11.259991 11.259991 1.341462
373.397064 17.284313     85.822266 32.496094 21.406250     -0.999832 -0.018328 0.018328 -0.999832     11.259991 11.259991 4.931477
541.867798 163.012390     38.976562 109.289062 894.277344     -0.920149 -0.391568 0.391568 -0.920149     11.356877 11.356877 1.645759
541.867798 163.012390     1.882812 5.929688 316.503906     -0.920149 -0.391568 0.391568 -0.920149     11.356877 11.356877 4.306151
279.829865 401.190857     747.359375 8.025635 16.211302     -0.997431 0.071632 -0.071632 -0.997431     16.943002 16.943002 0.802567
279.829865 401.190857     141.250000 59.718750 64.343750     -0.997431 0.071632 -0.071632 -0.997431     16.943002 16.943002 3.797084
328.386963 421.609192     1254.650879 -242.684570 1656.132812     -0.929231 -0.369499 0.369499 -0.929231     11.716926 11.716926 1.557993
328.386963 421.609192     3.226562 -0.554688 320.015625     -0.929231 -0.369499 0.369499 -0.929231     11.716926 11.716926 3.076547
209.937012 24.716536     5.640625 28.601562 286.132812     -0.986626 -0.162999 0.162999 -0.986626     13.140246 13.140246 0.562202
209.937012 24.716536     765.453125 -8.802246 23.164272     -0.986626 -0.162999 0.162999 -0.986626     13.140246 13.140246 1.377174
351.347504 126.835487     209.070312 -96.320312 2034.576172     -0.976933 -0.213544 0.213544 -0.976933     8.490320 8.490320 1.451850
351.347504 126.835487     163.750000 57.242188 23.453125     -0.976933 -0.213544 0.213544 -0.976933     8.490320 8.490320 3.039617
531.945435 135.967255     253.703125 -43.906250 14.281250     -0.783759 -0.621065 0.621065 -0.783759     17.173408 17.173408 5.254994
165.985291 17.838236     787.015625 -18.189209 27.544781     -0.997028 -0.077042 0.077042 -0.997028     15.506873 15.506873 2.061993
165.985291 17.838236     3.929688 -4.351562 334.246094     -0.997028 -0.077042 0.077042 -0.997028     15.506873 15.506873 3.849418
608.427795 68.566933     250.867188 -39.468750 14.406250     -0.916970 -0.398956 0.398956 -0.916970     23.012998 23.012998 1.437310
532.482117 19.901785     252.320312 -114.421875 2003.621094     -0.788560 -0.614957 0.614957 -0.788560     12.922618 12.922618 5.221559
189.257034 83.510040     816.781250 -36.639160 36.178841     -0.984291 -0.176553 0.176553 -0.984291     10.327170 10.327170 1.139737
189.257034 83.510040     257.953125 -36.828125 14.515625     -0.984291 -0.176553 0.176553 -0.984291     10.327170 10.327170 1.552354
372.440002 17.572001     264.007812 -182.421875 2284.082031     -0.999630 0.027212 -0.027212 -0.999630     12.097405 12.097405 1.032051
372.440002 17.572001     28.312500 16.417969 21.109375     -0.999630 0.027212 -0.027212 -0.999630     12.097405 12.097405 1.528609
208.785080 23.865671     165.156250 58.632812 24.789062     -0.984225 -0.176922 0.176922 -0.984225     14.618135 14.618135 0.308814
208.785080 23.865671     74.375000 -54.628906 70.505371     -0.984225 -0.176922 0.176922 -0.984225     14.618135 14.618135 0.963908
124.995499 201.378372     52.648438 -78.554688 127.429688     -0.996253 0.086485 -0.086485 -0.996253     18.170235 18.170235 0.899997
124.995499 201.378372     259.648438 -36.671875 15.250000     -0.996253 0.086485 -0.086485 -0.996253     18.170235 18.170235 4.131807
93.695168 208.918213     836.000000 -62.410645 59.085861     -0.999045 -0.043697 0.043697 -0.999045     17.817332 17.817332 0.799923
93.695168 208.918213     164.523438 58.906250 25.695312     -0.999045 -0.043697 0.043697 -0.999045     17.817332 17.817332 1.260749
187.789032 41.064785     286.171875 -109.406250 3015.806641     -0.970199 -0.242309 0.242309 -0.970199     18.556534 18.556534 1.153037
187.789032 41.064785     848.671875 -101.967285 102.566116     -0.970199 -0.242309 0.242309 -0.970199     18.556534 18.556534 1.708467
371.741608 17.520134     173.335938 59.406250 25.625000     -0.999896 0.014417 -0.014417 -0.999896     12.860399 12.860399 1.293113
371.741608 17.520134     843.359375 -132.574707 148.028839     -0.999896 0.014417 -0.014417 -0.999896     12.860399 12.860399 4.347425
511.964539 75.482269     47.843750 -7.640625 15.187500     -0.914807 -0.403892 0.403892 -0.914807     14.404161 14.404161 4.867764
563.214844 79.328125     23.281250 8.562500 33.937500     -0.991102 -0.133101 0.133101 -0.991102     19.124824 19.124824 0.409892
563.214844 79.328125     57.265625 -8.671875 21.421875     -0.991102 -0.133101 0.133101 -0.991102     19.124824 19.124824 3.015107
464.534790 17.313044     154.375000 -38.664062 27.390625     -0.900676 -0.434492 0.434492 -0.900676     13.066231 13.066231 5.301231
187.086792 62.886791     160.257812 -33.421875 30.523438     -0.604023 -0.796967 0.796967 -0.604023     18.572567 18.572567 1.182056
187.086792 62.886791     4.804688 3.007812 67.974609     -0.604023 -0.796967 0.796967 -0.604023     18.572567 18.572567 2.053353
553.173523 118.319633     338.882812 -217.769531 174.117188     -0.674054 -0.738682 0.738682 -0.674054     21.138499 21.138499 2.356986
553.173523 118.319633     102.421875 -27.007812 19.953125     -0.674054 -0.738682 0.738682 -0.674054     21.138499 21.138499 2.951480
459.500000 46.222630     57.983398 -6.382812 10.875000     -0.947622 -0.319394 0.319394 -0.947622     20.569544 20.569544 2.051213
459.500000 46.222630     176.484375 -160.197266 193.274902     -0.947622 -0.319394 0.319394 -0.947622     20.569544 20.569544 2.499976
511.911591 75.115852     438.484375 -29.531250 18.562500     -0.913134 -0.407659 0.407659 -0.913134     15.753282 15.753282 4.857781
153.169357 220.911285     1377.623047 -516.539062 258.554688     -0.851622 0.524156 -0.524156 -0.851622     23.256897 23.256897 4.111724
153.169357 220.911285     245.303711 -13.679688 83.296875     -0.851622 0.524156 -0.524156 -0.851622     23.256897 23.256897 5.193777
371.758026 17.293827     48.273438 -61.671875 101.789062     -0.999968 -0.008037 0.008037 -0.999968     15.016457 15.016457 1.212081
371.758026 17.293827     1323.126953 -523.382812 304.523438     -0.999968 -0.008037 0.008037 -0.999968     15.016457 15.016457 5.001383
459.201904 46.119873     2303.294922 -68.390625 351.031250     -0.957008 -0.290061 0.290061 -0.957008     20.796030 20.796030 2.128976
459.201904 46.119873     73.039062 15.691406 402.113281     -0.957008 -0.290061 0.290061 -0.957008     20.796030 20.796030 2.580951
519.106079 97.416664     123.242188 -182.031250 300.429688     -0.920021 -0.391868 0.391868 -0.920021     14.918278 14.918278 0.777043
519.106079 97.416664     22.919922 95.313477 622.088867     -0.920021 -0.391868 0.391868 -0.920021     14.918278 14.918278 4.796096
298.856293 36.870968     2156.505859 -32.242188 805.468750     -0.881660 -0.471886 0.471886 -0.881660     9.981635 9.981635 4.959204
458.500000 45.377605     7.750000 30.386719 466.445312     -0.935812 -0.352500 0.352500 -0.935812     22.281205 22.281205 2.215267
458.500000 45.377605     264.148438 -26.414062 8.781250     -0.935812 -0.352500 0.352500 -0.935812     22.281205 22.281205 2.646893
258.645172 95.313362     781.667969 32.119141 732.752930     -0.943001 -0.332790 0.332790 -0.943001     14.704379 14.704379 0.979666
258.645172 95.313362     9.601562 38.558594 500.464844     -0.943001 -0.332790 0.332790 -0.943001     14.704379 14.704379 5.448847
409.339722 33.894737     128.093750 -190.453125 319.750000     -0.997806 0.066200 -0.066200 -0.997806     14.877403 14.877403 1.089337
409.339722 33.894737     2183.722656 -29.343750 1293.640625     -0.997806 0.066200 -0.066200 -0.997806     14.877403 14.877403 1.595003
297.362488 36.209999     193.593750 -176.875000 214.805664     -0.890861 -0.454277 0.454277 -0.890861     11.464083 11.464083 5.017905
431.011414 74.460075     1453.207031 858.972656 3726.593750     -0.999792 -0.020392 0.020392 -0.999792     28.641779 28.641779 0.622664
431.011414 74.460075     2428.488281 -148.195312 1338.406250     -0.999792 -0.020392 0.020392 -0.999792     28.641779 28.641779 1.187887
330.672607 26.930958     75.953125 15.171875 11.671875     -0.972595 -0.232507 0.232507 -0.972595     18.871635 18.871635 0.271947
330.672607 26.930958     198.203125 -5.539062 7830.914062     -0.972595 -0.232507 0.232507 -0.972595     18.871635 18.871635 1.616067
386.004120 44.979340     158.421875 36.328125 18.187500     -0.813657 -0.581345 0.581345 -0.813657     12.651221 12.651221 1.635227
386.004120 44.979340     7.684082 23.879883 122.125000     -0.813657 -0.581345 0.581345 -0.813657     12.651221 12.651221 4.894064
465.064728 98.951454     66.078125 26.859375 47.312500     -0.949975 -0.312325 0.312325 -0.949975     11.894682 11.894682 4.793757
461.636719 74.917969     2661.835938 -222.484375 1320.625000     -0.863707 -0.503994 0.503994 -0.863707     10.624805 10.624805 1.472940
461.636719 74.917969     165.421875 35.546875 18.937500     -0.863707 -0.503994 0.503994 -0.863707     10.624805 10.624805 4.409870
430.754089 74.465576     11.598633 43.922852 221.716797     -0.999955 -0.009495 0.009495 -0.999955     28.918618 28.918618 0.593316
430.754089 74.465576     187.015625 37.671875 19.281250     -0.999955 -0.009495 0.009495 -0.999955     28.918618 28.918618 1.195625
336.200592 75.145348     62.156250 31.937500 77.703125     -0.995975 0.089632 -0.089632 -0.995975     10.615923 10.615923 1.607543
336.200592 75.145348     13.064453 50.075195 259.380859     -0.995975 0.089632 -0.089632 -0.995975     10.615923 10.615923 4.349926
374.126770 108.630989     120.453125 -8.265625 67.578125     -0.916216 -0.400685 0.400685 -0.916216     11.499383 11.499383 4.713032
428.703186 110.872795     16.343750 -13.734375 41.242188     -0.963095 -0.269163 0.269163 -0.963095     16.993446 16.993446 0.831230
428.703186 110.872795     1.750000 6.937500 198.467285     -0.963095 -0.269163 0.269163 -0.963095     16.993446 16.993446 1.237490
487.548859 314.436096     13.156250 -0.656250 34.765625     -0.021463 -0.999770 0.999770 -0.021463     14.527356 14.527356 4.753001
487.548859 314.436096     13.804199 51.531250 267.056641     -0.021463 -0.999770 0.999770 -0.021463     14.527356 14.527356 5.483256
270.304474 270.173065     207.539062 -28.628906 7631.718750     -0.149996 -0.988687 0.988687 -0.149996     20.560961 20.560961 5.001127
487.251282 314.585480     190.328125 37.812500 20.531250     -0.088398 -0.996085 0.996085 -0.088398     16.829215 16.829215 2.651337
487.251282 314.585480     1.906250 6.705078 229.871338     -0.088398 -0.996085 0.996085 -0.088398     16.829215 16.829215 4.794400
269.785431 276.190948     14.399902 52.309570 274.539062     0.196450 -0.980514 0.980514 0.196450     20.743529 20.743529 4.722197
487.458435 314.874207     150.609375 -31.109375 83.203125     -0.182813 -0.983148 0.983148 -0.182813     19.314821 19.314821 2.915854
340.721161 213.951920     1609.750000 982.796875 4304.962891     0.410109 -0.912037 0.912037 0.410109     14.239443 14.239443 2.045878
487.274780 315.272888     169.062500 -55.140625 58.046875     -0.226698 -0.973965 0.973965 -0.226698     20.743586 20.743586 3.050975
270.847351 280.952148     2.140625 5.039062 248.749268     0.127325 -0.991861 0.991861 0.127325     23.410140 23.410140 4.748941
203.585587 283.300293     215.859375 42.296875 22.546875     0.578430 -0.815732 0.815732 0.578430     14.243268 14.243268 4.989092
487.361450 316.149109     15.166016 53.207031 281.259766     -0.323280 -0.946303 0.946303 -0.323280     22.981197 22.981197 3.315534
340.683533 213.679321     379.031250 59.718750 27.828125     0.407687 -0.913122 0.913122 0.407687     15.947048 15.947048 2.072034
272.045593 282.053009     24.421875 20.687500 100.734375     0.125074 -0.992147 0.992147 0.125074     26.621095 26.621095 4.754604
203.898300 283.087158     259.750000 -12.906250 58.687500     0.580512 -0.814252 0.814252 0.580512     16.407038 16.407038 5.002883
502.542358 348.786438     22.031250 22.781250 89.718750     -0.997254 0.074063 -0.074063 -0.997254     16.228145 16.228145 4.554384
272.734467 283.115814     2.718750 6.640625 250.622559     0.080788 -0.996731 0.996731 0.080788     28.666398 28.666398 4.784464
493.279938 318.557159     269.843750 -11.781250 61.984375     -0.657754 -0.753233 0.753233 -0.657754     40.883349 40.883349 3.777776
340.693481 213.486588     18.890625 -15.507812 43.226562     0.411764 -0.911291 0.911291 0.411764     17.432068 17.432068 2.104094
201.913574 284.972229     96.062500 -3.625000 76.296875     0.655740 -0.754987 0.754987 0.655740     20.338174 20.338174 5.260618
276.202515 287.140106     19.650879 59.866211 311.433594     -0.113122 -0.993581 0.993581 -0.113122     37.091739 37.091739 4.898012
340.870850 212.970200     35.953125 10.125000 106.359375     0.458100 -0.888901 0.888901 0.458100     20.310349 20.310349 2.118237
265.346527 223.202972     141.140625 -38.656250 159.328125     0.036006 -0.999352 0.999352 0.036006     11.229916 11.229916 4.799937
313.222778 324.787140     3.828125 8.986328 245.182617     0.066711 -0.997772 0.997772 0.066711     12.246005 12.246005 4.742216
321.302155 261.707611     5.281250 10.126953 230.979980     -0.176354 -0.984327 0.984327 -0.176354     18.233161 18.233161 5.612033
277.683289 287.452423     1633.515625 961.380859 5063.154297     -0.131715 -0.991288 0.991288 -0.131715     40.738364 40.738364 4.925296
320.503204 262.413452     24.972656 72.291016 521.404297     -0.156899 -0.987615 0.987615 -0.156899     20.729457 20.729457 5.610434
319.673309 267.400482     295.390625 -35.750000 78.312500     -0.078422 -0.996920 0.996920 -0.078422     22.682579 22.682579 5.394143
443.501312 306.251984     6.828125 12.568359 241.967041     -0.064821 -0.997897 0.997897 -0.064821     21.462070 21.462070 5.890227
269.478058 223.600464     15.718750 -28.984375 197.265625     0.110093 -0.993921 0.993921 0.110093     22.903127 22.903127 4.810804
270.576477 223.501968     61.437500 -121.015625 309.609375     0.167984 -0.985790 0.985790 0.167984     25.355856 25.355856 4.776791
436.902771 269.250000     218.203125 7.843750 7559.005859     0.002427 -0.999997 0.999997 0.002427     15.689531 15.689531 5.811597
271.816498 223.791245     300.062500 -35.062500 78.093750     0.160616 -0.987017 0.987017 0.160616     28.574932 28.574932 4.784039
412.453522 340.003723     131.937500 -5.218750 81.500000     -0.220176 -0.975460 0.975460 -0.220176     16.676742 16.676742 4.933119
338.095093 257.570496     9.875000 14.826172 235.974121     -0.271845 -0.962341 0.962341 -0.271845     13.394689 13.394689 5.883290
