1.0
681
265.914703 291.909943     39.781250 -8.304688 22.695312     -0.926562 0.376141 -0.376141 -0.926562     19.781581 19.781581 0.591310
265.914703 291.909943     53.945312 -6.531250 24.109375     -0.926562 0.376141 -0.376141 -0.926562     19.781581 19.781581 4.083371
267.159546 291.369659     57.585938 -5.406250 26.476562     -0.978788 0.204875 -0.204875 -0.978788     21.459994 21.459994 5.630505
267.369476 290.945770     56.390625 19.148438 20.015625     -0.986046 0.166473 -0.166473 -0.986046     22.752310 22.752310 5.693354
324.009003 260.993988     71.218750 39.453125 34.300781     -0.918880 -0.394538 0.394538 -0.918880     15.454004 15.454004 4.349259
218.757141 230.707138     37.914062 15.242188 30.250000     -0.843736 -0.536758 0.536758 -0.843736     13.650623 13.650623 4.820765
207.062241 244.410782     70.960938 40.835938 38.691406     -0.788613 -0.614889 0.614889 -0.788613     19.284755 19.284755 2.435009
207.062241 244.410782     59.953125 16.195312 24.335938     -0.788613 -0.614889 0.614889 -0.788613     19.284755 19.284755 4.928553
218.968246 230.419052     61.453125 -4.117188 29.210938     -0.826882 -0.562375 0.562375 -0.826882     14.869258 14.869258 4.828175
323.433319 261.864288     21.016602 -14.654297 40.753906     -0.932690 -0.360678 0.360678 -0.932690     19.130607 19.130607 4.289304
267.709473 290.691132     42.531250 -6.562500 23.382812     -0.992195 0.124698 -0.124698 -0.992195     24.104839 24.104839 5.626710
127.609932 188.744675     62.964844 37.734375 101.652344     0.469799 -0.882774 0.882774 0.469799     16.360335 16.360335 1.954542
178.858871 242.120972     45.098633 10.398438 15.835938     -0.955206 0.295942 -0.295942 -0.955206     20.792540 20.792540 1.508310
178.858871 242.120972     15.765625 -4.140625 45.144531     -0.955206 0.295942 -0.295942 -0.955206     20.792540 20.792540 3.814074
131.316589 194.209610     67.296875 12.953125 57.898438     -0.521449 -0.853282 0.853282 -0.521449     28.426686 28.426686 0.991897
106.000000 331.490204     58.621094 -11.496094 24.742188     -0.952658 -0.304043 0.304043 -0.952658     15.920875 15.920875 5.368234
225.878052 208.043900     103.746094 -52.113281 199.035156     0.136943 -0.990579 0.990579 0.136943     17.540307 17.540307 1.777977
225.878052 208.043900     2.777344 5.949219 345.828125     0.136943 -0.990579 0.990579 0.136943     17.540307 17.540307 4.219625
322.821869 265.697601     16.521484 -4.636719 41.546875     -0.818852 -0.574005 0.574005 -0.818852     31.441595 31.441595 5.266226
177.534882 242.279068     32.164062 -8.593750 37.367188     -0.955888 0.293732 -0.293732 -0.955888     20.724237 20.724237 1.576386
211.472961 241.187698     67.203125 44.240234 116.539062     0.403265 -0.915083 0.915083 0.403265     40.445078 40.445078 1.393609
211.472961 241.187698     11.390625 6.218750 212.984375     0.403265 -0.915083 0.915083 0.403265     40.445078 40.445078 4.010308
121.279892 448.013580     41.101562 1.421875 36.789062     -0.017334 -0.999850 0.999850 -0.017334     7.358846 7.358846 4.713911
131.302322 317.732544     39.485352 6.339844 31.789062     0.176507 -0.984299 0.984299 0.176507     17.824781 17.824781 4.410509
220.871918 287.546783     20.402344 -1.757812 27.468750     0.595927 -0.803039 0.803039 0.595927     22.851283 22.851283 2.641421
220.871918 287.546783     63.937500 97.828125 158.828125     0.595927 -0.803039 0.803039 0.595927     22.851283 22.851283 4.185755
131.710175 193.890594     14.156250 12.875000 41.449219     -0.506458 -0.862265 0.862265 -0.506458     28.890661 28.890661 0.955208
131.710175 193.890594     62.093750 -3.250000 31.843750     -0.506458 -0.862265 0.862265 -0.506458     28.890661 28.890661 4.823103
149.494522 450.700226     5.122070 2.488281 385.484375     -0.030804 -0.999525 0.999525 -0.030804     15.059189 15.059189 4.716691
218.737869 286.456299     5.808594 12.316406 442.718750     -0.957818 -0.287374 0.287374 -0.957818     27.135581 27.135581 4.752536
218.737869 286.456299     69.187500 89.468750 154.265625     -0.957818 -0.287374 0.287374 -0.957818     27.135581 27.135581 5.249812
106.210144 329.362305     44.312500 2.445312 37.007812     -0.871457 -0.490472 0.490472 -0.871457     23.905500 23.905500 5.354149
114.706383 303.208496     29.812500 -42.753906 78.226562     0.228783 -0.973477 0.973477 0.228783     20.119192 20.119192 1.193594
537.666687 451.957275     16.597656 -3.296875 47.484375     -0.530861 -0.847459 0.847459 -0.530861     7.334520 7.334520 4.785706
108.033333 196.471436     21.851562 -8.105469 57.851562     -0.369210 -0.929346 0.929346 -0.369210     13.530925 13.530925 5.013712
267.881409 290.258759     86.203125 -13.070312 26.226562     -0.994405 0.105631 -0.105631 -0.994405     25.255593 25.255593 5.642110
121.462402 446.280090     87.281250 106.593750 176.250000     -0.006541 -0.999979 0.999979 -0.006541     10.168201 10.168201 4.713378
134.735947 444.219757     20.199219 -4.968750 674.421875     -0.028156 -0.999604 0.999604 -0.028156     10.516599 10.516599 4.709048
540.982422 451.679565     53.298828 -29.339844 137.527344     -0.534136 -0.845399 0.845399 -0.534136     16.011258 16.011258 4.876521
218.285294 286.205872     39.385742 4.859375 33.250000     -0.956806 -0.290728 0.290728 -0.956806     27.099118 27.099118 4.731567
218.285294 286.205872     43.582031 18.781250 20.671875     -0.956806 -0.290728 0.290728 -0.956806     27.099118 27.099118 5.229644
261.138519 222.030304     48.425781 33.972656 76.570312     0.503636 -0.863916 0.863916 0.503636     9.949286 9.949286 1.120415
225.876602 207.825531     73.460938 13.015625 61.515625     0.104969 -0.994476 0.994476 0.104969     18.139893 18.139893 1.746856
225.876602 207.825531     72.126953 47.835938 133.492188     0.104969 -0.994476 0.994476 0.104969     18.139893 18.139893 4.246567
130.648880 317.741577     112.726562 -55.593750 194.105469     0.209979 -0.977706 0.977706 0.209979     20.180268 20.180268 4.398023
110.600616 303.987610     7.514648 0.671875 387.968750     -0.978957 0.204068 -0.204068 -0.978957     21.815488 21.815488 3.369394
526.949402 455.616089     100.506836 -23.093750 45.218750     -0.554466 -0.832206 0.832206 -0.554466     18.146777 18.146777 4.919968
149.591919 439.797028     12.007812 7.664062 78.929688     0.007594 -0.999971 0.999971 0.007594     20.205693 20.205693 4.707551
177.531250 238.528534     161.070312 -22.562500 42.265625     0.299573 -0.954074 0.954074 0.299573     29.878888 29.878888 1.513390
106.391029 328.804474     25.318359 -11.542969 63.601562     -0.875740 -0.482782 0.482782 -0.875740     24.881013 24.881013 5.394051
98.403511 402.228058     119.941406 -20.218750 28.414062     -0.871983 -0.489535 0.489535 -0.871983     14.321030 14.321030 1.496241
221.308243 201.894119     30.609375 -42.496094 77.593750     -0.555567 -0.831472 0.831472 -0.555567     22.824443 22.824443 1.596189
322.326355 266.495087     66.349609 40.664062 156.019531     -0.841745 -0.539876 0.539876 -0.841745     32.812282 32.812282 5.325002
132.001663 193.860229     95.258789 -10.035156 50.949219     -0.479637 -0.877467 0.877467 -0.479637     30.513558 30.513558 0.956610
132.001663 193.860229     44.949219 1.375000 38.820312     -0.479637 -0.877467 0.877467 -0.479637     30.513558 30.513558 4.439517
211.569275 241.934280     56.763672 -33.609375 150.593750     0.452430 -0.891800 0.891800 0.452430     41.371289 41.371289 1.269463
211.569275 241.934280     27.281250 -12.750000 49.671875     0.452430 -0.891800 0.891800 0.452430     41.371289 41.371289 3.942877
121.447693 446.110779     8.941406 7.121094 509.062500     -0.001766 -0.999998 0.999998 -0.001766     12.334813 12.334813 4.714224
101.400993 198.816833     14.406250 17.570312 60.218750     -0.940064 0.340997 -0.340997 -0.940064     27.313838 27.313838 1.957333
101.400993 198.816833     48.085938 30.597656 74.207031     -0.940064 0.340997 -0.340997 -0.940064     27.313838 27.313838 4.748871
271.315308 246.783783     87.359375 107.296875 362.074219     -0.112343 -0.993669 0.993669 -0.112343     15.020380 15.020380 2.043835
261.020538 290.059937     187.681641 -74.902344 82.656250     -0.983575 0.180502 -0.180502 -0.983575     27.785462 27.785462 5.592702
130.933334 317.283936     129.301758 -25.644531 34.156250     0.268006 -0.963417 0.963417 0.268006     21.158285 21.158285 4.373435
109.154892 304.342377     60.917969 -18.402344 657.000000     -0.978444 0.206513 -0.206513 -0.978444     22.112649 22.112649 1.761365
109.154892 304.342377     28.304443 6.799805 12.699219     -0.978444 0.206513 -0.206513 -0.978444     22.112649 22.112649 3.401611
260.761719 222.464844     39.357422 -3.679688 46.296875     0.508033 -0.861337 0.861337 0.508033     10.595920 10.595920 1.072657
132.228775 195.467621     32.531006 6.457031 11.070312     -0.360055 -0.932931 0.932931 -0.360055     32.027780 32.027780 0.835682
132.228775 195.467621     336.188477 1.679688 114.492188     -0.360055 -0.932931 0.932931 -0.360055     32.027780 32.027780 4.360872
100.708740 197.869904     45.620117 19.324219 23.546875     -0.977474 0.211056 -0.211056 -0.977474     31.429990 31.429990 1.797595
218.064194 285.841980     222.687500 151.375000 233.937500     -0.977846 -0.209324 0.209324 -0.977846     27.931182 27.931182 5.243310
177.550293 239.353851     52.949219 -0.007812 37.914062     0.305840 -0.952083 0.952083 0.305840     30.509623 30.509623 1.494477
112.550941 379.524536     66.183594 29.062500 68.914062     0.412427 -0.910991 0.910991 0.412427     20.870018 20.870018 1.110713
112.550941 379.524536     72.283203 -40.351562 45.851562     0.412427 -0.910991 0.910991 0.412427     20.870018 20.870018 1.829505
121.691612 442.645172     29.054688 18.535156 29.117188     -0.014234 -0.999899 0.999899 -0.014234     13.379486 13.379486 4.714979
282.306213 233.497604     67.250000 23.328125 69.531250     -0.321358 -0.946958 0.946958 -0.321358     13.076059 13.076059 4.912767
221.557205 201.491531     160.382812 -11.601562 58.648438     -0.551099 -0.834440 0.834440 -0.551099     23.759814 23.759814 1.606536
221.557205 201.491531     60.564697 -20.958008 39.382812     -0.551099 -0.834440 0.834440 -0.551099     23.759814 23.759814 2.005316
269.553619 247.268051     380.386719 -30.445312 228.203125     -0.325529 -0.945532 0.945532 -0.325529     31.952889 31.952889 4.628267
119.433296 322.160339     188.711914 -72.285156 81.687500     -0.887146 0.461488 -0.461488 -0.887146     29.745128 29.745128 0.359698
119.433296 322.160339     198.041016 73.687500 913.046875     -0.887146 0.461488 -0.461488 -0.887146     29.745128 29.745128 4.970496
109.171989 304.228516     59.929688 44.375000 67.824219     -0.969601 0.244692 -0.244692 -0.969601     23.677226 23.677226 1.771854
109.171989 304.228516     52.902344 -2.011719 41.742188     -0.969601 0.244692 -0.244692 -0.969601     23.677226 23.677226 2.351102
144.232437 437.587036     86.804688 104.937500 351.617188     0.030828 -0.999525 0.999525 0.030828     34.958481 34.958481 4.697615
46.294685 210.584534     46.700195 19.410156 25.343750     -0.936454 -0.350791 0.350791 -0.936454     14.338022 14.338022 1.646188
46.294685 210.584534     225.883789 -19.570312 131.546875     -0.936454 -0.350791 0.350791 -0.936454     14.338022 14.338022 3.721336
114.197601 380.257477     444.593750 -108.136719 285.230469     0.396204 -0.918163 0.918163 0.396204     27.655628 27.655628 0.622601
114.197601 380.257477     146.062500 51.343750 283.921875     0.396204 -0.918163 0.918163 0.396204     27.655628 27.655628 1.112204
57.308411 200.275696     88.687500 50.046875 114.812500     -0.963543 -0.267555 0.267555 -0.963543     13.706425 13.706425 0.417422
57.308411 200.275696     157.226562 -11.273438 64.796875     -0.963543 -0.267555 0.267555 -0.963543     13.706425 13.706425 2.381946
119.382416 196.631882     72.316406 37.945312 79.332031     -0.999971 -0.007576 0.007576 -0.999971     48.147784 48.147784 4.497854
98.464417 402.314606     80.109375 13.460938 69.460938     -0.864853 -0.502024 0.502024 -0.864853     15.801138 15.801138 1.476991
217.268723 285.806152     245.906250 176.031250 270.421875     -1.000000 0.000520 -0.000520 -1.000000     27.708477 27.708477 4.954801
217.268723 285.806152     355.885742 -20.933594 341.292969     -1.000000 0.000520 -0.000520 -1.000000     27.708477 27.708477 5.400198
223.329803 201.567902     98.390625 64.640625 144.562500     -0.690317 -0.723507 0.723507 -0.690317     27.905182 27.905182 1.596395
223.329803 201.567902     397.274414 -66.281250 973.953125     -0.690317 -0.723507 0.723507 -0.690317     27.905182 27.905182 2.192389
149.547699 289.061523     372.513672 18.685547 511.039062     -0.809706 0.586835 -0.586835 -0.809706     18.338114 18.338114 1.237318
149.547699 289.061523     22.375000 -11.734375 34.148438     -0.809706 0.586835 -0.586835 -0.809706     18.338114 18.338114 4.596239
160.285019 269.724640     9.510742 61.026367 464.529297     -0.706510 -0.707703 0.707703 -0.706510     14.616867 14.616867 1.303755
454.286133 330.276215     71.616699 -13.907227 41.554688     -0.689624 -0.724167 0.724167 -0.689624     30.198531 30.198531 0.267810
259.693207 288.719238     57.953125 -4.531250 47.742188     -0.993721 0.111885 -0.111885 -0.993721     34.076083 34.076083 5.602336
52.004513 205.343109     1539.226562 -1162.003906 1294.273438     -0.851770 0.523916 -0.523916 -0.851770     23.161547 23.161547 1.173398
195.072617 243.089630     12.690430 83.948242 642.341797     -0.981947 0.189155 -0.189155 -0.981947     67.099566 67.099566 1.760046
195.072617 243.089630     182.898438 13.570312 83.609375     -0.981947 0.189155 -0.189155 -0.981947     67.099566 67.099566 2.045507
119.178688 322.211975     5.921875 6.906250 58.406250     -0.893027 0.450003 -0.450003 -0.893027     30.274837 30.274837 0.325144
287.305817 237.665054     55.000000 29.921875 27.921875     -0.675055 -0.737768 0.737768 -0.675055     19.782984 19.782984 1.512306
287.305817 237.665054     24.535156 -11.851562 32.312500     -0.675055 -0.737768 0.737768 -0.675055     19.782984 19.782984 5.015740
217.161682 285.361267     780.692383 -287.562500 1028.046875     -0.985072 0.172145 -0.172145 -0.985072     28.950998 28.950998 5.265233
269.256073 247.168762     102.664062 25.035156 79.222656     -0.328853 -0.944381 0.944381 -0.328853     31.903486 31.903486 4.629891
98.340134 402.319733     73.220947 -35.242188 88.539062     -0.860817 -0.508915 0.508915 -0.860817     16.758165 16.758165 1.471492
98.340134 402.319733     365.968750 83.675781 1028.160156     -0.860817 -0.508915 0.508915 -0.860817     16.758165 16.758165 3.724447
113.744804 316.658478     16.916992 106.424805 892.417969     -0.980728 0.195379 -0.195379 -0.980728     50.841660 50.841660 6.102377
191.165390 246.563629     6.406250 5.138672 51.070312     -0.892527 0.450994 -0.450994 -0.892527     68.333199 68.333199 2.152501
191.165390 246.563629     25.425781 -13.082031 52.640625     -0.892527 0.450994 -0.450994 -0.892527     68.333199 68.333199 4.137815
274.367218 244.303680     1459.013672 -1113.964844 1335.750000     -0.314667 -0.949202 0.949202 -0.314667     51.118440 51.118440 2.363647
274.367218 244.303680     19.090332 15.071289 26.914062     -0.314667 -0.949202 0.949202 -0.314667     51.118440 51.118440 4.302997
456.727264 333.987549     116.937500 114.703125 286.945312     -0.611333 -0.791374 0.791374 -0.611333     31.828242 31.828242 6.398587
259.437164 288.150513     55.695312 29.375000 27.890625     -0.992853 0.119346 -0.119346 -0.992853     35.842648 35.842648 5.592211
223.163940 200.549927     1095.578125 -308.332031 1037.703125     -0.673776 -0.738936 0.738936 -0.673776     27.636417 27.636417 1.648897
223.163940 200.549927     351.127930 189.039062 1689.949219     -0.673776 -0.738936 0.738936 -0.673776     27.636417 27.636417 2.233384
322.364441 265.842224     274.031250 207.218750 314.937500     -0.826984 -0.562225 0.562225 -0.826984     34.946641 34.946641 5.301154
52.705532 205.745056     108.839844 1.539062 98.527344     -0.879033 0.476761 -0.476761 -0.879033     25.320810 25.320810 1.088134
161.812744 273.136475     140.625000 43.328125 285.410156     -0.752598 0.658480 -0.658480 -0.752598     66.183299 66.183299 4.716905
116.776108 191.649109     344.662109 215.560547 1945.531250     -0.815208 0.579168 -0.579168 -0.815208     81.302015 81.302015 4.885759
116.776108 191.649109     23.478882 17.396484 27.968750     -0.815208 0.579168 -0.579168 -0.815208     81.302015 81.302015 5.240168
457.157288 334.146515     122.078125 137.015625 393.867188     -0.576048 -0.817416 0.817416 -0.576048     32.710121 32.710121 6.305818
115.070953 187.651184     61.339844 -7.246094 51.117188     -0.131372 -0.991333 0.991333 -0.131372     86.563610 86.563610 3.102565
135.983398 267.195007     75.651123 -30.832031 95.832031     0.525165 -0.851000 0.851000 0.525165     17.505834 17.505834 2.230304
135.983398 267.195007     348.329102 252.423828 2244.232422     0.525165 -0.851000 0.851000 0.525165     17.505834 17.505834 4.270810
103.145569 140.322784     209.622070 -47.847656 86.226562     -0.130659 -0.991427 0.991427 -0.130659     5.452504 5.452504 4.734297
53.201412 205.955826     385.617188 21.437500 80.437500     -0.931132 0.364683 -0.364683 -0.931132     27.040413 27.040413 0.915028
216.581284 284.362885     111.972656 7.433594 111.398438     -0.934857 0.355025 -0.355025 -0.934857     30.527577 30.527577 5.392118
160.956100 272.884888     28.737671 19.413086 28.640625     -0.743243 0.669021 -0.669021 -0.743243     70.910253 70.910253 4.357541
160.956100 272.884888     219.769531 47.750000 36.468750     -0.743243 0.669021 -0.669021 -0.743243     70.910253 70.910253 4.780918
102.408981 133.795517     1645.471680 -348.773438 1078.218750     -0.129925 -0.991524 0.991524 -0.129925     5.850366 5.850366 4.735124
257.960968 287.017212     1460.455078 -1113.453125 1378.859375     -0.991113 -0.133020 0.133020 -0.991113     40.696539 40.696539 5.495200
106.400963 267.826080     106.511719 -45.984375 78.070312     -0.128314 -0.991734 0.991734 -0.128314     10.090759 10.090759 4.717434
457.224854 333.287292     93.679688 10.796875 72.875000     -0.511716 -0.859155 0.859155 -0.511716     33.601445 33.601445 6.140910
198.254715 359.735840     578.547852 -5.999023 3137.326172     -0.840310 -0.542106 0.542106 -0.840310     13.210787 13.210787 4.866879
135.857651 267.473297     127.421875 153.468750 578.445312     0.586617 -0.809865 0.809865 0.586617     17.972194 17.972194 2.187938
135.857651 267.473297     391.000000 23.218750 84.789062     0.586617 -0.809865 0.809865 0.586617     17.972194 17.972194 4.190409
225.272720 199.556519     312.843750 254.968750 377.953125     -0.843802 -0.536655 0.536655 -0.843802     35.802693 35.802693 0.586210
51.927555 209.132095     211.608398 -56.873047 97.046875     0.627547 -0.778579 0.778579 0.627547     30.124857 30.124857 1.019918
51.927555 209.132095     44.371094 0.625000 21.859375     0.627547 -0.778579 0.778579 0.627547     30.124857 30.124857 4.507025
112.930977 177.941040     32.843262 21.597656 30.460938     -0.123455 -0.992350 0.992350 -0.123455     84.853220 84.853220 3.106788
101.507767 130.080750     2337.168457 -532.093750 1254.406250     -0.118963 -0.992899 0.992899 -0.118963     9.184674 9.184674 4.744496
119.850243 266.758453     46.628906 6.765625 29.945312     -0.112842 -0.993613 0.993613 -0.112842     10.858587 10.858587 1.519427
119.850243 266.758453     41.081909 22.953125 30.640625     -0.112842 -0.993613 0.993613 -0.112842     10.858587 10.858587 4.668466
135.714279 266.434906     52.507812 6.039062 31.414062     0.373573 -0.927601 0.927601 0.373573     20.203574 20.203574 0.733762
135.714279 266.434906     2419.400391 1589.564453 7048.894531     0.373573 -0.927601 0.927601 0.373573     20.203574 20.203574 2.362958
161.156281 273.706879     142.781250 172.140625 689.953125     -0.726375 0.687298 -0.687298 -0.726375     75.529434 75.529434 0.810708
161.156281 273.706879     275.484375 -119.500000 835.703125     -0.726375 0.687298 -0.687298 -0.726375     75.529434 75.529434 4.485626
35.860001 326.654999     16.297314 7.418213 21.460938     -0.611869 -0.790959 0.790959 -0.611869     12.267354 12.267354 2.260934
456.742523 331.062866     59.394531 -0.546875 35.742188     -0.449776 -0.893141 0.893141 -0.449776     34.616150 34.616150 1.054457
456.742523 331.062866     17.578125 -5.609375 17.687500     -0.449776 -0.893141 0.893141 -0.449776     34.616150 34.616150 1.627348
197.705887 359.680664     23.421875 -38.769531 631.119141     -0.844921 -0.534892 0.534892 -0.844921     13.718923 13.718923 4.117489
197.705887 359.680664     101.210938 2.492188 81.898438     -0.844921 -0.534892 0.534892 -0.844921     13.718923 13.718923 4.922582
109.249573 163.232635     70.750000 -13.031250 43.796875     -0.137181 -0.990546 0.990546 -0.137181     81.118402 81.118402 3.152104
226.919388 197.604080     83.593750 -5.078125 27.851562     -0.989501 -0.144525 0.144525 -0.989501     44.616439 44.616439 0.823817
226.919388 197.604080     2524.565430 -473.304688 1317.531250     -0.989501 -0.144525 0.144525 -0.989501     44.616439 44.616439 3.082879
274.573059 243.166565     37.437500 21.515625 46.578125     -0.266407 -0.963861 0.963861 -0.266407     51.040647 51.040647 2.325795
274.573059 243.166565     43.609375 -18.269531 828.636719     -0.266407 -0.963861 0.963861 -0.266407     51.040647 51.040647 5.067531
129.151810 265.805267     20.156250 20.023438 139.070312     -0.994264 0.106950 -0.106950 -0.994264     35.086473 35.086473 4.698153
106.350746 268.082092     53.368164 -2.322266 19.789062     -0.124838 -0.992177 0.992177 -0.124838     12.949509 12.949509 4.716212
108.437782 158.269302     2513.809570 1053.078125 7421.082031     -0.131153 -0.991362 0.991362 -0.131153     80.012027 80.012027 3.156235
36.703861 327.291840     157.453125 177.515625 727.710938     -0.660309 -0.750994 0.750994 -0.660309     12.872738 12.872738 2.307628
456.361298 327.886810     70.703125 -19.648438 54.804688     -0.384580 -0.923092 0.923092 -0.384580     36.278599 36.278599 1.600483
196.992889 359.658356     53.796875 -23.203125 888.384766     -0.843882 -0.536529 0.536529 -0.843882     15.108150 15.108150 2.459057
196.992889 359.658356     87.046875 -8.460938 30.460938     -0.843882 -0.536529 0.536529 -0.843882     15.108150 15.108150 4.077556
216.112762 284.210693     70.218750 66.390625 314.320312     -0.887811 0.460209 -0.460209 -0.887811     30.968722 30.968722 0.611255
216.112762 284.210693     353.312500 307.609375 456.156250     -0.887811 0.460209 -0.460209 -0.887811     30.968722 30.968722 5.534456
51.984203 209.577164     51.875000 75.148438 220.449219     0.586925 -0.809641 0.809641 0.586925     32.853198 32.853198 1.022729
51.984203 209.577164     2881.037109 288.257812 7566.167969     0.586925 -0.809641 0.809641 0.586925     32.853198 32.853198 4.455939
107.547729 153.109482     57.843750 41.593750 59.781250     -0.129755 -0.991546 0.991546 -0.129755     79.904655 79.904655 3.149164
107.547729 153.109482     108.000000 81.640625 98.712891     -0.129755 -0.991546 0.991546 -0.129755     79.904655 79.904655 4.773926
120.273705 268.125122     94.968750 -110.046875 1044.539062     -0.946102 0.323869 -0.323869 -0.946102     37.608630 37.608630 1.758503
120.273705 268.125122     140.640625 -48.203125 128.742188     -0.946102 0.323869 -0.323869 -0.946102     37.608630 37.608630 4.884303
263.848083 286.409973     105.062500 114.375000 1062.189453     -0.997566 -0.069732 0.069732 -0.997566     39.981423 39.981423 5.143055
227.511856 197.975372     63.968750 -59.000000 1403.232422     -0.720623 -0.693327 0.693327 -0.720623     45.945509 45.945509 2.487146
227.511856 197.975372     35.062500 3.027344 37.618164     -0.720623 -0.693327 0.693327 -0.720623     45.945509 45.945509 3.990642
37.288975 327.650177     23.812500 -5.421875 264.031250     -0.707990 -0.706223 0.706223 -0.707990     13.705438 13.705438 0.734954
37.288975 327.650177     80.210938 -19.453125 61.093750     -0.707990 -0.706223 0.706223 -0.707990     13.705438 13.705438 2.382425
186.782349 357.594116     90.406250 102.406250 188.109375     -0.971301 -0.237852 0.237852 -0.971301     22.398860 22.398860 2.233001
160.836426 274.242767     44.687500 -35.617188 255.871094     -0.719936 0.694040 -0.694040 -0.719936     78.647966 78.647966 0.792081
160.836426 274.242767     3217.360352 -1101.455078 13584.945312     -0.719936 0.694040 -0.694040 -0.719936     78.647966 78.647966 4.301228
213.084442 286.247284     172.984375 175.281250 785.476562     -0.804812 0.593529 -0.593529 -0.804812     29.903155 29.903155 0.857683
213.084442 286.247284     103.875000 91.937500 184.843750     -0.804812 0.593529 -0.593529 -0.804812     29.903155 29.903155 1.882813
322.468811 265.141846     113.750000 143.937500 7094.007812     -0.920279 -0.391263 0.391263 -0.920279     37.185533 37.185533 5.441472
456.770416 323.712097     4863.466797 -1064.904297 12779.523438     -0.294346 -0.955699 0.955699 -0.294346     40.288182 40.288182 1.575879
263.811859 286.369110     139.406250 63.406250 218.640625     -0.997170 -0.075182 0.075182 -0.997170     41.006455 41.006455 5.186511
274.894165 239.440796     128.656250 85.539062 9404.644531     -0.105611 -0.994408 0.994408 -0.105611     50.873252 50.873252 1.097519
274.894165 239.440796     95.859375 -11.789062 33.871094     -0.105611 -0.994408 0.994408 -0.105611     50.873252 50.873252 2.175942
166.044983 275.144623     45.750000 -33.359375 248.507812     -0.757318 0.653046 -0.653046 -0.757318     97.083657 97.083657 0.732919
166.044983 275.144623     76.781250 90.320312 268.718750     -0.757318 0.653046 -0.653046 -0.757318     97.083657 97.083657 4.148169
119.668983 268.093842     143.218750 52.343750 289.921875     -0.924561 0.381033 -0.381033 -0.924561     38.607847 38.607847 1.811478
119.668983 268.093842     1304.250000 2105.187500 4052.390625     -0.924561 0.381033 -0.381033 -0.924561     38.607847 38.607847 4.961505
233.578400 354.313599     468.000000 -45.796875 473.972656     -0.999615 -0.027731 0.027731 -0.999615     21.030959 21.030959 5.432117
37.810345 327.913788     11.500000 27.750000 131.296875     -0.726316 -0.687361 0.687361 -0.726316     14.245624 14.245624 0.753580
37.810345 327.913788     104.281250 -98.597656 2131.770508     -0.726316 -0.687361 0.687361 -0.726316     14.245624 14.245624 2.401976
232.956650 353.411774     180.187500 36.578125 11559.199219     -0.942514 -0.334167 0.334167 -0.942514     23.618170 23.618170 5.182871
38.613983 328.227966     90.464844 -23.265625 62.250000     -0.781596 -0.623785 0.623785 -0.781596     15.796164 15.796164 0.811019
38.613983 328.227966     2310.812500 2341.734375 3541.859375     -0.781596 -0.623785 0.623785 -0.781596     15.796164 15.796164 2.544493
233.440765 352.865021     5781.082031 -360.277344 13081.500000     -0.966387 -0.257092 0.257092 -0.966387     24.568297 24.568297 5.250680
457.813873 323.803955     110.218750 -129.589844 2361.978516     -0.277131 -0.960832 0.960832 -0.277131     43.426972 43.426972 1.583921
270.404510 257.888580     183.281250 77.468750 36.253906     0.200257 -0.979743 0.979743 0.200257     71.301764 71.301764 1.405935
270.404510 257.888580     157.859375 -9.093750 35.597656     0.200257 -0.979743 0.979743 0.200257     71.301764 71.301764 4.404869
234.303452 351.657471     3223.906250 -2941.125000 16208.781250     -0.999733 0.023103 -0.023103 -0.999733     26.898390 26.898390 5.494666
456.402985 215.582092     134.500000 -48.382812 72.625000     0.703652 -0.710545 0.710545 0.703652     15.603500 15.603500 0.816377
471.740936 138.405182     123.843750 -121.972656 2760.242188     0.063412 -0.997987 0.997987 0.063412     20.601187 20.601187 4.796743
323.225372 264.436127     23.500000 19.687500 38.359375     -0.992036 -0.125954 0.125954 -0.992036     40.645244 40.645244 0.998944
323.225372 264.436127     3351.343750 -3343.046875 17490.406250     -0.992036 -0.125954 0.125954 -0.992036     40.645244 40.645244 5.713109
39.345844 328.428955     183.500000 -1.750000 37.933594     -0.800747 -0.599002 0.599002 -0.800747     16.700652 16.700652 0.833077
39.345844 328.428955     3614.375000 -934.640625 20116.601562     -0.800747 -0.599002 0.599002 -0.800747     16.700652 16.700652 2.575351
235.602417 350.405609     5907.214844 729.578125 15047.750000     -0.927061 0.374910 -0.374910 -0.927061     27.931533 27.931533 5.862342
531.929565 198.943665     143.425781 -53.476562 77.710938     -0.350844 -0.936434 0.936434 -0.350844     21.265210 21.265210 1.914982
531.929565 198.943665     13.927734 -1.781250 131.343750     -0.350844 -0.936434 0.936434 -0.350844     21.265210 21.265210 5.596219
464.449890 216.578735     243.109375 -13.273438 39.062500     -0.995943 0.089990 -0.089990 -0.995943     23.552125 23.552125 3.065336
473.889404 136.604965     31.189453 8.695312 206.828125     0.023254 -0.999730 0.999730 0.023254     29.571687 29.571687 0.567582
473.889404 136.604965     310.625000 127.878906 59.882812     0.023254 -0.999730 0.999730 0.023254     29.571687 29.571687 4.855466
69.050316 349.088043     320.453125 -29.976562 42.167969     -0.997640 0.068668 -0.068668 -0.997640     19.937194 19.937194 2.264933
69.050316 349.088043     180.906250 -7.492188 2.179688     -0.997640 0.068668 -0.068668 -0.997640     19.937194 19.937194 5.881667
459.244751 324.131317     6529.164062 1401.308594 15325.093750     -0.274845 -0.961488 0.961488 -0.274845     46.485152 46.485152 1.588323
236.253479 349.093750     320.468750 130.347656 61.597656     -0.829169 0.558998 -0.558998 -0.829169     29.009598 29.009598 6.151002
473.484802 134.266083     112.750000 -6.093750 11.289062     0.027770 -0.999614 0.999614 0.027770     32.807525 32.807525 0.523705
473.484802 134.266083     624.414062 183.500000 61.017578     0.027770 -0.999614 0.999614 0.027770     32.807525 32.807525 4.877461
464.081665 216.985474     109.605469 46.445312 27.037109     -0.989464 0.144781 -0.144781 -0.989464     24.326200 24.326200 3.176364
532.188538 198.872055     275.707031 107.521484 46.262695     -0.356081 -0.934455 0.934455 -0.356081     21.693131 21.693131 1.891809
532.188538 198.872055     106.070312 -1.125000 6.015625     -0.356081 -0.934455 0.934455 -0.356081     21.693131 21.693131 5.621449
557.520020 435.890015     370.000000 -19.601562 1.976562     -0.698826 -0.715292 0.715292 -0.698826     18.666849 18.666849 3.546218
572.140198 179.350464     170.640625 125.679688 101.552734     -0.726907 -0.686736 0.686736 -0.726907     20.906299 20.906299 4.043990
325.709076 261.580292     116.312500 74.304688 53.832031     -0.749163 0.662386 -0.662386 -0.749163     41.761005 41.761005 4.024314
475.844910 124.381187     4244.613281 1546.175781 572.978516     0.043926 -0.999035 0.999035 0.043926     35.253870 35.253870 4.758489
554.432556 233.632553     192.687500 137.644531 108.197266     0.022553 -0.999746 0.999746 0.022553     21.902655 21.902655 4.328952
236.915970 347.593842     747.234375 389.757812 227.927734     -0.848824 0.528676 -0.528676 -0.848824     31.492827 31.492827 6.080814
560.898193 439.450378     200.859375 -0.757812 11.085938     -0.533593 -0.845741 0.845741 -0.533593     22.855525 22.855525 3.018805
531.863037 199.341675     4913.812500 -2200.765625 20493.289062     -0.329904 -0.944015 0.944015 -0.329904     24.954753 24.954753 1.849583
531.863037 199.341675     276.046875 116.539062 116.613281     -0.329904 -0.944015 0.944015 -0.329904     24.954753 24.954753 5.673851
556.944824 231.340912     435.890625 339.738281 277.230469     0.161946 -0.986800 0.986800 0.161946     28.045604 28.045604 4.024761
460.903717 324.462555     277.437500 -2.265625 10.898438     -0.257005 -0.966410 0.966410 -0.257005     50.586577 50.586577 1.579203
562.805969 438.809692     622.890625 -65.203125 7.554688     -0.546350 -0.837557 0.837557 -0.546350     29.816694 29.816694 3.079759
579.270569 186.258514     56.671875 -23.820312 18.593750     -0.528550 -0.848902 0.848902 -0.528550     42.021217 42.021217 0.872652
579.270569 186.258514     2254.328125 -249.531250 30.242188     -0.528550 -0.848902 0.848902 -0.528550     42.021217 42.021217 2.362264
478.814056 119.564735     1955.078125 -181.929688 27.277344     0.032990 -0.999456 0.999456 0.032990     41.759081 41.759081 4.779191
464.025574 217.511185     501.609375 -101.101562 21.769531     -0.983532 0.180734 -0.180734 -0.983532     25.338131 25.338131 3.252109
557.421448 231.159531     168.890625 -12.664062 4.667969     0.158280 -0.987394 0.987394 0.158280     28.603325 28.603325 4.139075
557.421448 231.159531     548.437500 -105.562500 38.718750     0.158280 -0.987394 0.987394 0.158280     28.603325 28.603325 4.550424
534.117798 201.063416     525.078125 -106.390625 23.238281     -0.368638 -0.929573 0.929573 -0.368638     28.801126 28.801126 5.867068
577.142212 189.414917     187.187500 -12.882812 5.527344     -0.401281 -0.915955 0.915955 -0.401281     46.968848 46.968848 2.272266
577.142212 189.414917     117.359375 -29.406250 14.171875     -0.401281 -0.915955 0.915955 -0.401281     46.968848 46.968848 4.033467
479.841461 117.062668     163.359375 -49.593750 24.359375     0.037047 -0.999314 0.999314 0.037047     43.834903 43.834903 4.764400
491.900513 377.839417     1241.375000 -209.210938 53.968750     -0.476140 -0.879369 0.879369 -0.476140     57.695272 57.695272 1.595752
618.820923 203.378113     389.890625 -18.843750 5.269531     -0.215226 -0.976564 0.976564 -0.215226     10.441703 10.441703 2.238703
618.820923 203.378113     50.753906 -14.992188 14.140625     -0.215226 -0.976564 0.976564 -0.215226     10.441703 10.441703 5.333949
480.964050 110.801559     27.406250 -16.726562 60.679688     0.048459 -0.998825 0.998825 0.048459     44.886838 44.886838 4.724455
486.868988 192.152832     57.574219 -15.523438 14.421875     -0.924274 -0.381730 0.381730 -0.924274     7.109665 7.109665 1.081785
237.714462 346.788635     598.015625 -117.640625 25.199219     -0.871347 0.490667 -0.490667 -0.871347     31.547795 31.547795 6.065550
208.970291 339.613861     1348.156250 -198.554688 54.109375     -0.972801 0.231641 -0.231641 -0.972801     10.990657 10.990657 1.280895
481.837280 106.027481     88.167969 84.047363 86.159515     0.057267 -0.998359 0.998359 0.057267     45.622395 45.622395 0.497928
481.837280 106.027481     689.742188 -327.140625 193.414062     0.057267 -0.998359 0.998359 0.057267     45.622395 45.622395 4.732476
487.261200 192.444031     215.601562 105.289062 69.117188     -0.918789 -0.394748 0.394748 -0.918789     7.755499 7.755499 1.074425
465.949005 218.069794     187.406250 171.553223 163.287750     -0.997275 0.073771 -0.073771 -0.997275     26.593808 26.593808 1.720960
465.949005 218.069794     80.921875 20.968750 17.039062     -0.997275 0.073771 -0.073771 -0.997275     26.593808 26.593808 3.050115
240.064789 345.388763     24.523438 -0.468750 14.421875     -0.877130 0.480253 -0.480253 -0.877130     30.564927 30.564927 1.985152
240.064789 345.388763     731.648438 -303.078125 184.773438     -0.877130 0.480253 -0.480253 -0.877130     30.564927 30.564927 4.222217
482.897247 107.782013     161.546875 -67.445312 32.234375     0.046117 -0.998936 0.998936 0.046117     48.926554 48.926554 4.804449
467.208435 218.630127     189.320312 172.561523 168.049530     -0.999928 0.012019 -0.012019 -0.999928     27.707929 27.707929 2.891813
467.208435 218.630127     1308.531250 73.898438 20.496094     -0.999928 0.012019 -0.012019 -0.999928     27.707929 27.707929 5.800387
241.106384 344.625732     1641.140625 -204.234375 32.519531     -0.872784 0.488106 -0.488106 -0.872784     31.113227 31.113227 4.127086
241.106384 344.625732     323.781250 176.558594 124.873047     -0.872784 0.488106 -0.488106 -0.872784     31.113227 31.113227 6.007457
166.452087 451.862488     6873.171875 -2159.882812 823.101562     0.015165 -0.999885 0.999885 0.015165     16.777650 16.777650 2.844606
382.862793 147.600616     530.203125 -148.687500 95.968750     -0.930999 -0.365021 0.365021 -0.930999     7.294058 7.294058 1.056923
382.862793 147.600616     668.726562 639.979492 644.504028     -0.930999 -0.365021 0.365021 -0.930999     7.294058 7.294058 1.601529
466.008667 219.069260     637.117188 613.945312 632.376953     -0.997908 0.064642 -0.064642 -0.997908     27.813740 27.813740 1.672164
466.008667 219.069260     7022.796875 -2346.109375 963.453125     -0.997908 0.064642 -0.064642 -0.997908     27.813740 27.813740 3.016065
168.127029 452.663513     1460.718750 49.390625 30.402344     -0.006423 -0.999979 0.999979 -0.006423     21.418101 21.418101 3.007211
380.743286 146.237167     359.125000 -125.187500 58.609375     -0.922013 -0.387159 0.387159 -0.922013     10.145116 10.145116 3.604468
380.743286 146.237167     730.242188 426.203125 279.694336     -0.922013 -0.387159 0.387159 -0.922013     10.145116 10.145116 5.681571
169.451782 452.735657     351.554688 184.289062 104.646484     -0.049326 -0.998783 0.998783 -0.049326     24.957775 24.957775 3.109456
380.136353 145.878784     67.558594 -34.507812 24.031250     -0.921974 -0.387253 0.387253 -0.921974     11.178071 11.178071 0.886442
380.136353 145.878784     24.976562 -0.671875 17.695312     -0.921974 -0.387253 0.387253 -0.921974     11.178071 11.178071 2.152522
209.082611 339.686951     224.140625 -116.632812 64.507812     -0.966413 0.256993 -0.256993 -0.966413     11.751805 11.751805 1.297667
209.082611 339.686951     729.304688 430.976562 286.684570     -0.966413 0.256993 -0.256993 -0.966413     11.751805 11.751805 3.744997
464.499023 219.672821     421.921875 -132.976562 62.203125     -0.994377 0.105898 -0.105898 -0.994377     28.093681 28.093681 1.701567
464.499023 219.672821     403.421875 209.984375 128.361328     -0.994377 0.105898 -0.105898 -0.994377     28.093681 28.093681 5.887035
354.950012 225.464996     77.687500 -39.773438 27.171875     -0.999126 0.041810 -0.041810 -0.999126     6.147346 6.147346 1.568484
354.950012 225.464996     7724.625000 -2995.921875 1550.679688     -0.999126 0.041810 -0.041810 -0.999126     6.147346 6.147346 3.183925
378.857422 145.438889     474.765625 232.980469 137.357422     -0.923206 -0.384305 0.384305 -0.923206     12.189607 12.189607 3.525109
378.857422 145.438889     37.843750 1.773438 86.360321     -0.923206 -0.384305 0.384305 -0.923206     12.189607 12.189607 5.771948
489.224823 261.291931     387.914062 125.074219 45.672852     -0.998214 0.059738 -0.059738 -0.998214     14.873424 14.873424 0.870291
489.224823 261.291931     880.906250 -233.914062 95.882812     -0.998214 0.059738 -0.059738 -0.998214     14.873424 14.873424 1.669950
299.940979 149.335587     716.039062 696.576172 723.028809     -0.958620 -0.284689 0.284689 -0.958620     11.492370 11.492370 1.563718
156.658234 95.772148     23.191406 234.159180 2408.137695     -0.912239 -0.409659 0.409659 -0.912239     11.186744 11.186744 4.581284
303.865906 352.892731     7811.671875 -3370.656250 2002.257812     -0.999281 -0.037919 0.037919 -0.999281     9.514539 9.514539 1.993539
488.489868 261.086945     441.093750 294.046875 199.236328     -0.998507 0.054617 -0.054617 -0.998507     14.948512 14.948512 0.841436
488.489868 261.086945     2135.875000 1367.085938 921.750000     -0.998507 0.054617 -0.054617 -0.998507     14.948512 14.948512 1.813163
156.923355 95.678833     227.093750 -10.500000 2.472656     -0.913715 -0.406355 0.406355 -0.913715     11.682955 11.682955 4.571892
217.862579 117.970757     463.890625 307.832031 208.257812     -0.929955 -0.367672 0.367672 -0.929955     8.717008 8.717008 3.629844
329.513214 338.766052     1023.968750 978.264648 982.152588     -0.999937 0.011242 -0.011242 -0.999937     11.025438 11.025438 1.995217
298.761963 148.730988     22.496094 229.710938 2412.885254     -0.955669 -0.294443 0.294443 -0.955669     11.882273 11.882273 1.573284
371.351349 211.806305     177.406250 35.142578 204.469666     -0.998593 0.053037 -0.053037 -0.998593     4.352443 4.352443 4.663554
379.526459 118.357140     2000.578125 -389.937500 418.828125     -0.795308 -0.606206 0.606206 -0.795308     10.796338 10.796338 1.616819
379.526459 118.357140     479.166016 7.035645 4.475851     -0.795308 -0.606206 0.606206 -0.795308     10.796338 10.796338 4.460924
245.576294 128.683701     6839.171875 -1049.585938 4937.765625     -0.937590 -0.347743 0.347743 -0.937590     12.558383 12.558383 4.685363
336.728821 117.915253     457.480469 166.863281 68.283203     -0.832938 -0.553366 0.553366 -0.832938     9.511338 9.511338 1.616649
336.728821 117.915253     21.158203 218.431152 2350.452637     -0.832938 -0.553366 0.553366 -0.832938     9.511338 9.511338 1.932745
372.407715 143.280212     70.328125 16.214844 11.904297     -0.926176 -0.377093 0.377093 -0.926176     13.457851 13.457851 0.952432
251.463287 130.733063     409.359375 113.848633 453.427612     -0.939379 -0.342881 0.342881 -0.939379     13.205433 13.205433 4.687127
379.900696 118.373520     5105.179688 1481.793945 1458.496216     -0.804179 -0.594388 0.594388 -0.804179     11.438237 11.438237 1.649481
379.900696 118.373520     617.902344 214.000000 81.647461     -0.804179 -0.594388 0.594388 -0.804179     11.438237 11.438237 4.396293
362.779999 136.459091     376.953125 124.246094 50.257812     -0.881597 -0.472003 0.472003 -0.881597     19.745300 19.745300 5.484075
484.680847 260.689362     230.421875 -10.578125 2.820312     -0.999992 0.003993 -0.003993 -0.999992     14.980953 14.980953 1.734347
484.680847 260.689362     7182.921875 -1152.820312 5219.218750     -0.999992 0.003993 -0.003993 -0.999992     14.980953 14.980953 2.538111
362.586487 190.119827     10149.085938 839.313477 888.449829     -0.884473 -0.466591 0.466591 -0.884473     33.413750 33.413750 2.368458
362.586487 190.119827     3569.000000 -549.953125 578.375000     -0.884473 -0.466591 0.466591 -0.884473     33.413750 33.413750 5.341803
370.109375 109.926140     628.339844 217.710938 83.254883     -0.783386 -0.621536 0.621536 -0.783386     12.473413 12.473413 1.666736
298.967957 128.532059     29.625000 -9.421875 30.687500     -0.873585 -0.486672 0.486672 -0.873585     13.467711 13.467711 2.254736
298.967957 128.532059     402.187500 129.300781 51.246094     -0.873585 -0.486672 0.486672 -0.873585     13.467711 13.467711 5.070150
480.971466 260.681213     27.125000 0.250000 21.859375     -0.999964 0.008499 -0.008499 -0.999964     14.842621 14.842621 1.706314
480.971466 260.681213     9110.929688 2257.144531 12958.439453     -0.999964 0.008499 -0.008499 -0.999964     14.842621 14.842621 2.190385
419.897675 245.744186     57.269531 18.914062 24.191406     -0.994553 0.104229 -0.104229 -0.994553     3.822145 3.822145 4.712302
452.319427 241.764099     423.968750 135.417969 53.820312     -0.993160 0.116760 -0.116760 -0.993160     6.229268 6.229268 4.706177
360.063721 298.750000     3976.859375 -600.625000 716.875000     -0.901208 0.433387 -0.433387 -0.901208     12.023224 12.023224 0.153712
360.063721 298.750000     652.554688 225.462891 86.264648     -0.901208 0.433387 -0.433387 -0.901208     12.023224 12.023224 2.710985
442.874115 242.616592     282.406250 -158.968750 245.710938     -0.993916 0.110143 -0.110143 -0.993916     7.241844 7.241844 4.700317
450.297791 243.443802     9637.031250 2391.632812 11933.193359     -0.995653 0.093139 -0.093139 -0.995653     14.413063 14.413063 1.577416
450.297791 243.443802     73.691406 10.859375 34.320312     -0.995653 0.093139 -0.093139 -0.995653     14.413063 14.413063 4.721006
451.386627 243.271286     321.218750 -214.203125 355.445312     -0.995847 0.091038 -0.091038 -0.995847     14.967812 14.967812 1.578151
451.386627 243.271286     83.667969 12.878906 30.250000     -0.995847 0.091038 -0.091038 -0.995847     14.967812 14.967812 4.718166
450.930664 243.351685     435.804688 163.492188 65.395508     -0.995784 0.091725 -0.091725 -0.995784     15.281110 15.281110 1.580774
450.930664 243.351685     388.093750 -324.750000 546.304688     -0.995784 0.091725 -0.091725 -0.995784     15.281110 15.281110 4.720610
401.782043 257.145294     4498.351562 -706.156250 921.000000     -0.979540 0.201249 -0.201249 -0.979540     7.144415 7.144415 4.712935
384.252960 262.667450     9417.156250 2405.964844 10777.644531     -0.981878 0.189513 -0.189513 -0.981878     18.469864 18.469864 4.720206
395.618408 242.298248     36.210938 25.265625 85.515625     -0.980184 0.198089 -0.198089 -0.980184     5.204432 5.204432 4.699443
428.667999 205.003952     125.195312 -5.273438 6.683594     -0.997074 0.076438 -0.076438 -0.997074     8.652549 8.652549 5.987114
385.178040 262.571716     432.156250 -390.250000 679.093750     -0.980786 0.195084 -0.195084 -0.980786     18.943741 18.943741 4.734754
398.279236 241.852829     768.642578 -155.300781 35.117188     -0.979965 0.199172 -0.199172 -0.979965     5.718801 5.718801 4.706766
429.416656 205.190002     93.535156 8.750000 28.953125     -0.997520 0.070389 -0.070389 -0.997520     9.670584 9.670584 5.952394
290.162964 315.296295     460.062500 -418.421875 767.382812     -0.966642 0.256132 -0.256132 -0.966642     11.366472 11.366472 2.621407
290.162964 315.296295     158.875000 -90.246582 116.556877     -0.966642 0.256132 -0.256132 -0.966642     11.366472 11.366472 4.633106
288.100830 316.442566     137.921875 -6.875000 7.367188     -0.952367 0.304955 -0.304955 -0.952367     13.103508 13.103508 4.507446
400.003357 241.626266     8615.281250 1761.531250 22204.066406     -0.980866 0.194683 -0.194683 -0.980866     6.092552 6.092552 4.709559
395.626465 260.911835     89.289062 1.718750 47.289062     -0.985686 0.168589 -0.168589 -0.985686     19.190208 19.190208 4.724741
521.630127 241.904114     139.234375 39.750000 123.429688     0.309422 -0.950925 0.950925 0.309422     16.599789 16.599789 1.644033
521.630127 241.904114     633.843750 -641.562500 1168.109375     0.309422 -0.950925 0.950925 0.309422     16.599789 16.599789 4.418042
433.059082 205.268188     222.468750 -68.472656 89.051559     -0.998808 0.048818 -0.048818 -0.998808     9.383902 9.383902 5.683276
241.776886 313.665344     650.437500 -648.187500 1228.820312     -0.941718 0.336403 -0.336403 -0.941718     13.337840 13.337840 0.917938
520.811462 241.971313     25.984375 -29.613281 56.527344     0.383927 -0.923363 0.923363 0.383927     20.350491 20.350491 4.298526
520.811462 241.971313     21.031250 17.337891 49.461426     0.383927 -0.923363 0.923363 0.383927     20.350491 20.350491 5.727695
241.090591 313.888489     38.125000 27.070312 92.242188     -0.951771 0.306808 -0.306808 -0.951771     13.809812 13.809812 0.960854
433.750519 205.302658     236.062500 -63.020508 146.044769     -0.998702 0.050926 -0.050926 -0.998702     9.747631 9.747631 5.695508
297.951294 312.849304     74.523438 -18.906250 311.308594     -0.943989 0.329978 -0.329978 -0.943989     14.930399 14.930399 4.594235
519.119629 239.634552     210.656250 -72.421875 575.803833     -0.152694 -0.988274 0.988274 -0.152694     27.393063 27.393063 0.473023
519.119629 239.634552     9241.085938 1731.929688 21370.792969     -0.152694 -0.988274 0.988274 -0.152694     27.393063 27.393063 4.627423
402.366760 241.240692     28.974609 12.824219 45.242188     -0.981073 0.193636 -0.193636 -0.981073     6.332487 6.332487 4.710530
498.751129 212.452484     754.562500 -725.828125 1454.312500     -0.942959 -0.332909 0.332909 -0.942959     13.507560 13.507560 1.839743
498.751129 212.452484     263.187500 -92.533203 692.853271     -0.942959 -0.332909 0.332909 -0.942959     13.507560 13.507560 2.212838
300.136658 312.295654     17.603516 -17.476562 56.203125     -0.942944 0.332952 -0.332952 -0.942944     16.153622 16.153622 4.602136
239.826752 314.227966     286.125000 -83.822266 996.308594     -0.955896 0.293706 -0.293706 -0.955896     14.574796 14.574796 0.935239
395.917419 260.188995     50.789062 44.398438 125.792969     -0.988938 0.148326 -0.148326 -0.988938     22.196033 22.196033 4.715593
251.715408 14.707510     24.906250 13.609375 22.664062     -0.711318 -0.702870 0.702870 -0.711318     7.936321 7.936321 4.878640
306.107635 308.440979     786.031250 -751.000000 1592.289062     -0.895647 0.444765 -0.444765 -0.895647     25.039191 25.039191 4.087919
306.107635 308.440979     312.562500 -71.798828 1164.346191     -0.895647 0.444765 -0.444765 -0.895647     25.039191 25.039191 4.561119
304.026154 109.159882     27.456940 -17.943886 41.894127     -0.886299 -0.463113 0.463113 -0.886299     16.898098 16.898098 0.430454
256.893188 19.154303     80.472656 61.773438 130.746094     -0.731478 -0.681865 0.681865 -0.731478     8.261454 8.261454 4.833639
499.007996 212.307999     36.296875 16.867188 22.695312     -0.958113 -0.286390 0.286390 -0.958113     14.768834 14.768834 2.244671
499.007996 212.307999     412.968750 -160.806641 1491.206055     -0.958113 -0.286390 0.286390 -0.958113     14.768834 14.768834 4.638011
301.307861 107.980904     850.187500 -757.109375 1718.843750     -0.888356 -0.459155 0.459155 -0.888356     17.702255 17.702255 0.506256
238.911224 314.459534     215.585938 108.425781 130.867188     -0.967213 0.253967 -0.253967 -0.967213     15.732775 15.732775 0.946574
432.559021 205.618057     465.968750 -222.703125 1774.528320     -0.998217 0.059683 -0.059683 -0.998217     10.753607 10.753607 1.367818
432.559021 205.618057     12780.359375 2717.828125 20384.761719     -0.998217 0.059683 -0.059683 -0.998217     10.753607 10.753607 5.778555
297.480194 273.014862     38.765625 25.023438 95.351562     -0.998930 0.046255 -0.046255 -0.998930     17.076400 17.076400 1.215429
297.480194 273.014862     117.781693 -56.681763 192.186829     -0.998930 0.046255 -0.046255 -0.998930     17.076400 17.076400 3.655788
306.905151 306.318420     616.187500 -367.519531 2134.048828     -0.913747 0.406284 -0.406284 -0.913747     31.824386 31.824386 1.176294
306.905151 306.318420     72.531250 31.875000 132.234375     -0.913747 0.406284 -0.406284 -0.913747     31.824386 31.824386 4.146362
421.504120 280.760345     220.673828 103.148438 126.253906     -0.919789 0.392413 -0.392413 -0.919789     8.370360 8.370360 1.081536
514.982788 241.790955     232.736145 -95.545471 356.474792     -0.724505 0.689270 -0.689270 -0.724505     36.741067 36.741067 0.809798
514.982788 241.790955     44.187500 -12.906250 19.855469     -0.724505 0.689270 -0.689270 -0.724505     36.741067 36.741067 2.364004
403.028778 241.179855     113.750000 90.250000 493.296875     -0.982432 0.186619 -0.186619 -0.982432     6.924573 6.924573 4.700342
299.641632 107.135193     27.000000 39.484375 155.500000     -0.886222 -0.463261 0.463261 -0.886222     18.587949 18.587949 0.530228
259.770966 21.435583     314.158508 -147.330017 705.703979     -0.728531 -0.685013 0.685013 -0.728531     10.833665 10.833665 4.885303
454.240570 207.575394     353.395508 -65.927734 14.515625     -0.998369 -0.057092 0.057092 -0.998369     18.151342 18.151342 1.578096
420.122589 281.880646     125.281250 43.187500 746.140625     -0.915447 0.402439 -0.402439 -0.915447     10.340586 10.340586 0.961663
420.122589 281.880646     54.218750 75.429688 191.265625     -0.915447 0.402439 -0.402439 -0.915447     10.340586 10.340586 3.223548
372.132416 399.160278     326.388672 97.312500 109.722656     -0.997349 0.072760 -0.072760 -0.997349     10.104882 10.104882 1.585599
372.132416 399.160278     50.468750 61.148438 202.171875     -0.997349 0.072760 -0.072760 -0.997349     10.104882 10.104882 2.010725
272.203003 32.545952     374.469727 -69.123047 15.476562     -0.739385 -0.673282 0.673282 -0.739385     10.600833 10.600833 4.793249
431.810028 238.226913     366.944702 -157.392822 1377.339600     -0.992280 0.124014 -0.124014 -0.992280     11.901178 11.901178 1.572851
431.810028 238.226913     13.312500 17.343750 134.152344     -0.992280 0.124014 -0.124014 -0.992280     11.901178 11.901178 4.721160
297.723450 105.635529     314.174194 134.289062 114.437500     -0.863361 -0.504586 0.504586 -0.863361     20.954964 20.954964 0.281311
297.723450 105.635529     303.161377 122.851562 108.765625     -0.863361 -0.504586 0.504586 -0.863361     20.954964 20.954964 5.676095
359.368744 281.033051     37.889160 26.884766 44.257812     -0.952324 0.305088 -0.305088 -0.952324     51.535887 51.535887 4.807845
354.515930 408.285797     357.605469 93.935547 104.730469     -0.955267 0.295744 -0.295744 -0.955267     31.799460 31.799460 1.045151
276.586090 35.382610     399.059937 -390.434814 3000.131836     -0.713765 -0.700385 0.700385 -0.713765     18.290833 18.290833 4.868293
278.509308 36.391273     33.660156 -27.726562 44.539062     -0.708470 -0.705741 0.705741 -0.708470     20.521768 20.521768 4.877776
367.842926 275.933136     370.654297 -68.992188 15.812500     -0.946217 0.323533 -0.323533 -0.946217     57.145806 57.145806 4.839103
459.229034 206.748322     398.316833 -420.354980 4033.158203     -0.999406 -0.034470 0.034470 -0.999406     24.107089 24.107089 1.575260
422.946899 281.668152     24.020588 7.237793 41.585938     -0.940290 0.340375 -0.340375 -0.940290     16.406714 16.406714 1.710135
422.946899 281.668152     417.052673 -534.572510 5813.555664     -0.940290 0.340375 -0.340375 -0.940290     16.406714 16.406714 2.794465
283.620575 97.457664     7.915039 48.254883 350.095520     -0.856534 -0.516091 0.516091 -0.856534     21.530551 21.530551 0.552913
283.620575 97.457664     957.891602 161.685547 103.988281     -0.856534 -0.516091 0.516091 -0.856534     21.530551 21.530551 1.982166
281.069000 38.959335     363.362305 -66.373047 15.609375     -0.705839 -0.708373 0.708373 -0.705839     20.752517 20.752517 4.853743
372.641785 232.691544     12.687500 -14.093750 106.476562     -0.999529 0.030700 -0.030700 -0.999529     5.495775 5.495775 5.261498
339.408813 138.761765     16.848633 110.117188 797.298218     -0.882200 -0.470874 0.470874 -0.882200     11.278988 11.278988 5.617650
247.219727 363.295959     25.274902 166.325195 1191.474121     -0.875630 0.482983 -0.482983 -0.875630     10.059581 10.059581 1.564038
247.219727 363.295959     402.638672 -84.136719 23.843750     -0.875630 0.482983 -0.482983 -0.875630     10.059581 10.059581 3.138377
297.235565 272.933319     45.485352 306.789062 2209.342285     -0.995840 0.091121 -0.091121 -0.995840     18.896697 18.896697 3.694949
293.206543 340.659027     47.822754 315.795898 2261.672852     -0.884521 0.466500 -0.466500 -0.884521     7.788082 7.788082 4.345098
293.206543 340.659027     16.149414 4.368408 265.910797     -0.884521 0.466500 -0.466500 -0.884521     7.788082 7.788082 4.669640
283.250977 97.293602     47.796387 310.465332 2275.823242     -0.853464 -0.521152 0.521152 -0.853464     21.822273 21.822273 0.543796
283.250977 97.293602     49.745117 32.175781 33.234375     -0.853464 -0.521152 0.521152 -0.853464     21.822273 21.822273 1.981365
419.715240 281.897675     25.464844 20.148438 48.375000     -0.949762 0.312972 -0.312972 -0.949762     19.294350 19.294350 1.694659
419.715240 281.897675     57.130859 36.832031 38.906250     -0.949762 0.312972 -0.312972 -0.949762     19.294350 19.294350 2.568266
342.502869 142.335892     23.687500 19.636719 52.875000     -0.879744 -0.475448 0.475448 -0.879744     17.357189 17.357189 2.153603
342.502869 142.335892     71.354492 45.640625 47.406250     -0.879744 -0.475448 0.475448 -0.879744     17.357189 17.357189 2.644510
247.678574 362.948425     93.166992 20.578125 57.156250     -0.876379 0.481622 -0.481622 -0.876379     10.373499 10.373499 1.551415
247.678574 362.948425     22.808594 19.019531 56.636719     -0.876379 0.481622 -0.481622 -0.876379     10.373499 10.373499 3.093812
379.206879 266.850708     50.308594 -9.515625 17.285156     -0.926717 0.375759 -0.375759 -0.926717     82.475873 82.475873 1.460109
379.206879 266.850708     54.695312 -8.699219 17.433594     -0.926717 0.375759 -0.375759 -0.926717     82.475873 82.475873 4.919013
304.609589 334.187836     0.906250 9.855469 445.781250     -0.884458 0.466620 -0.466620 -0.884458     9.669145 9.669145 4.422818
347.462372 144.612854     143.937500 -63.496094 52.636719     -0.890645 -0.454700 0.454700 -0.890645     19.310306 19.310306 2.224984
347.462372 144.612854     616.780273 -74.058594 88.484375     -0.890645 -0.454700 0.454700 -0.890645     19.310306 19.310306 2.780197
217.812943 110.809349     30.843750 10.570312 64.484375     -0.950615 -0.310374 0.310374 -0.950615     9.896250 9.896250 3.952507
420.363892 281.027161     303.767578 67.718750 433.863281     -0.964113 0.265493 -0.265493 -0.964113     25.243626 25.243626 1.700170
282.522522 40.317257     570.305664 -117.837891 2191.687500     -0.705331 -0.708878 0.708878 -0.705331     21.557300 21.557300 4.851103
121.317879 70.864235     7601.359375 -744.703125 485.476562     -0.096797 -0.995304 0.995304 -0.096797     2.911467 2.911467 4.711180
368.605316 274.637115     151.218750 -82.523438 83.136719     -0.909067 0.416649 -0.416649 -0.909067     96.240877 96.240877 4.977206
400.807983 141.724640     33.847656 15.738281 62.119141     -0.830767 -0.556620 0.556620 -0.830767     6.708956 6.708956 1.858224
315.192627 119.697235     26.492188 14.960938 61.716797     -0.838404 -0.545050 0.545050 -0.838404     25.851343 25.851343 1.727799
370.498016 233.003952     872.115234 -97.937500 90.351562     -0.998914 0.046593 -0.046593 -0.998914     6.336693 6.336693 0.873853
370.498016 233.003952     304.115234 -4.113281 178.820312     -0.998914 0.046593 -0.046593 -0.998914     6.336693 6.336693 4.431915
401.321533 142.109329     112.406250 17.398438 228.371094     -0.831707 -0.555215 0.555215 -0.831707     7.477536 7.477536 1.883106
286.906311 44.457458     146.234375 -57.031250 134.113281     -0.714621 -0.699511 0.699511 -0.714621     22.306848 22.306848 4.841298
121.263313 69.088760     54.101562 0.226562 82.044922     -0.094797 -0.995497 0.995497 -0.094797     3.547792 3.547792 4.713210
212.388016 108.075523     114.890625 15.375000 242.996094     -0.937852 -0.347036 0.347036 -0.937852     11.506589 11.506589 1.816558
212.388016 108.075523     138.953125 -55.316406 189.378906     -0.937852 -0.347036 0.347036 -0.937852     11.506589 11.506589 3.737461
121.165817 66.795921     1513.264648 -135.601562 92.109375     -0.092566 -0.995707 0.995707 -0.092566     4.152952 4.152952 4.714131
305.293335 141.191116     352.021484 63.914062 471.894531     -0.968074 -0.250664 0.250664 -0.968074     12.491677 12.491677 3.343918
207.846832 106.544861     41.308594 25.943359 75.542969     -0.943817 -0.330468 0.330468 -0.943817     11.663235 11.663235 4.656233
288.570862 135.289474     666.563477 -138.453125 35.359375     -0.947608 -0.319435 0.319435 -0.947608     13.022810 13.022810 1.210695
288.570862 135.289474     3.664062 2.804688 271.734375     -0.947608 -0.319435 0.319435 -0.947608     13.022810 13.022810 1.553225
370.149994 233.103577     16.687500 -8.414062 88.105469     -0.998926 0.046327 -0.046327 -0.998926     6.868562 6.868562 4.414271
370.149994 233.103577     823.352539 -163.363281 39.093750     -0.998926 0.046327 -0.046327 -0.998926     6.868562 6.868562 5.428393
563.602844 279.205750     56.410156 0.160156 118.666016     -0.960425 0.278538 -0.278538 -0.960425     14.586644 14.586644 1.609286
563.602844 279.205750     2937.472656 -488.148438 90.140625     -0.960425 0.278538 -0.278538 -0.960425     14.586644 14.586644 5.537170
370.933319 320.169708     9.044922 20.070312 1348.398438     -0.999787 -0.020654 0.020654 -0.999787     15.928858 15.928858 2.667022
207.723663 106.479126     145.062500 20.484375 89.570312     -0.943748 -0.330666 0.330666 -0.943748     11.884095 11.884095 4.660329
538.631165 296.639343     60.960938 -3.054688 122.605469     0.686915 -0.726738 0.726738 0.686915     20.483360 20.483360 3.585103
287.606842 135.136749     395.074219 84.585938 1278.609375     -0.950011 -0.312217 0.312217 -0.950011     13.312688 13.312688 1.265752
287.606842 135.136749     49.207031 73.886719 274.820312     -0.950011 -0.312217 0.312217 -0.950011     13.312688 13.312688 1.632946
297.401611 272.767059     135.062500 -49.886719 230.542969     -0.998880 -0.047318 0.047318 -0.998880     21.033605 21.033605 0.960585
297.401611 272.767059     25.335938 -17.066406 192.871094     -0.998880 -0.047318 0.047318 -0.998880     21.033605 21.033605 3.251879
249.736313 255.746262     43.710938 -92.007812 1531.695312     -0.910566 -0.413363 0.413363 -0.910566     17.776501 17.776501 1.049587
370.204559 233.240265     9.470703 26.240234 1913.457031     -0.998635 0.052224 -0.052224 -0.998635     7.549473 7.549473 0.786195
370.204559 233.240265     119.062500 -40.156250 32.203125     -0.998635 0.052224 -0.052224 -0.998635     7.549473 7.549473 4.409466
286.995575 134.795288     73.027344 -127.621094 633.648438     -0.950535 -0.310616 0.310616 -0.950535     13.919745 13.919745 1.231523
286.995575 134.795288     116.046875 -21.406250 702.535156     -0.950535 -0.310616 0.310616 -0.950535     13.919745 13.919745 1.573985
207.050705 106.117134     29600.843750 -4199.375000 7318.398438     -0.944004 -0.329935 0.329935 -0.944004     12.294201 12.294201 4.684007
551.914062 297.119812     51.664062 78.003906 284.091797     -0.746544 0.665336 -0.665336 -0.746544     45.898794 45.898794 2.262563
551.914062 297.119812     134.031250 -35.218750 40.828125     -0.746544 0.665336 -0.665336 -0.746544     45.898794 45.898794 5.312046
248.884766 257.449829     119.781250 27.812500 283.679688     -0.968403 -0.249391 0.249391 -0.968403     25.265693 25.265693 1.096810
550.508606 301.057587     211.949219 269.332031 2301.449219     0.678366 -0.734724 0.734724 0.678366     49.997892 49.997892 2.078529
550.508606 301.057587     141.000000 -40.406250 47.296875     0.678366 -0.734724 0.734724 0.678366     49.997892 49.997892 5.514976
246.750000 257.130676     43.585938 -90.742188 1507.230469     -0.974872 -0.222766 0.222766 -0.974872     23.515275 23.515275 1.161128
224.837982 127.254189     30135.257812 -3505.265625 6982.449219     -0.935330 -0.353776 0.353776 -0.935330     8.486659 8.486659 1.521922
547.960205 306.593872     35.812500 5.093750 17.253906     0.617791 -0.786342 0.786342 0.617791     51.887448 51.887448 2.073788
295.760284 266.862000     154.320312 -54.214844 299.683594     -0.388351 -0.921511 0.921511 -0.388351     22.752066 22.752066 2.149460
295.760284 266.862000     124.656250 51.601562 328.187500     -0.388351 -0.921511 0.921511 -0.388351     22.752066 22.752066 4.700005
312.004242 219.313553     147.250000 -40.750000 81.828125     -0.999015 0.044366 -0.044366 -0.999015     11.428054 11.428054 6.207387
546.201172 310.270355     61.703125 82.121094 116.341797     0.590912 -0.806736 0.806736 0.590912     54.431214 54.431214 2.078675
156.541382 343.689026     60.484375 -110.171875 1596.769531     -0.980012 0.198937 -0.198937 -0.980012     8.528703 8.528703 4.196713
245.451691 257.355072     210.062500 271.542969 2326.832031     -0.991260 -0.131924 0.131924 -0.991260     23.721709 23.721709 1.277858
545.161743 311.765076     30582.296875 -3606.757812 7636.800781     0.572395 -0.819978 0.819978 0.572395     58.322845 58.322845 2.079302
311.177551 219.550720     155.093750 -41.480469 327.812500     -0.998624 0.052442 -0.052442 -0.998624     11.911109 11.911109 4.671326
311.177551 219.550720     10.929688 26.574219 155.703125     -0.998624 0.052442 -0.052442 -0.998624     11.911109 11.911109 6.232564
245.128510 256.032135     1049.437500 -46.125000 87.390625     -0.999167 -0.040820 0.040820 -0.999167     30.922186 30.922186 1.132283
315.491333 228.685760     69.640625 90.693359 126.331055     -0.772977 -0.634435 0.634435 -0.772977     42.881044 42.881044 2.301549
545.161377 315.857117     96.183594 -5.529297 141.277344     0.554802 -0.831982 0.831982 0.554802     64.590539 64.590539 1.504893
545.161377 315.857117     1650.113281 402.671875 2220.765625     0.554802 -0.831982 0.831982 0.554802     64.590539 64.590539 2.094402
545.251404 317.547150     30343.406250 -3553.648438 8945.226562     0.544315 -0.838881 0.838881 0.544315     68.224394 68.224394 1.489097
545.251404 317.547150     214.656250 34.640625 52.277344     0.544315 -0.838881 0.838881 0.544315     68.224394 68.224394 2.132324
246.723251 222.579330     182.851562 1.960938 71.265625     0.520413 -0.853914 0.853914 0.520413     12.677488 12.677488 1.592914
246.723251 222.579330     47.890625 -64.714844 100.554688     0.520413 -0.853914 0.853914 0.520413     12.677488 12.677488 4.526454
539.853210 55.183487     256.132812 45.267578 20.185547     -0.427769 -0.903888 0.903888 -0.427769     16.116038 16.116038 0.817988
539.853210 55.183487     100.974365 -124.472168 182.559570     -0.427769 -0.903888 0.903888 -0.427769     16.116038 16.116038 1.577419
295.653503 266.322357     216.703125 31.562500 53.191406     -0.382783 -0.923838 0.923838 -0.382783     23.343108 23.343108 2.004983
295.653503 266.322357     159.929688 -10.742188 372.968750     -0.382783 -0.923838 0.923838 -0.382783     23.343108 23.343108 4.705263
245.339355 244.847870     314.031250 -81.201172 109.823242     0.079094 -0.996867 0.996867 0.079094     38.454168 38.454168 1.571437
245.339355 244.847870     1686.132812 403.738281 2252.894531     0.079094 -0.996867 0.996867 0.079094     38.454168 38.454168 4.666766
142.538116 243.820633     174.890625 6.726562 72.414062     -0.481868 -0.876244 0.876244 -0.481868     21.069541 21.069541 3.722865
546.437378 318.874023     169.625000 5.250000 72.539062     0.531874 -0.846824 0.846824 0.531874     77.771122 77.771122 1.498134
546.437378 318.874023     129.546875 67.117188 363.093750     0.531874 -0.846824 0.846824 0.531874     77.771122 77.771122 2.156493
178.828568 304.167358     17.471346 3.328247 82.140625     0.359686 -0.933073 0.933073 0.359686     14.834012 14.834012 4.152785
142.943893 238.352707     133.922089 -23.337891 33.062500     -0.421141 -0.906995 0.906995 -0.421141     24.718783 24.718783 1.160106
142.943893 238.352707     27.031319 15.176758 115.515625     -0.421141 -0.906995 0.906995 -0.421141     24.718783 24.718783 1.651522
509.741638 183.239227     178.937500 -42.656250 14.859375     -0.735560 -0.677459 0.677459 -0.735560     14.322224 14.322224 2.466901
546.830872 317.730957     168.265625 0.890625 73.789062     0.513343 -0.858183 0.858183 0.513343     82.584784 82.584784 1.491869
546.830872 317.730957     26.418045 21.996826 170.820312     0.513343 -0.858183 0.858183 0.513343     82.584784 82.584784 2.204555
141.551163 237.945541     2.278028 10.375397 589.996094     -0.558163 -0.829731 0.829731 -0.558163     28.072735 28.072735 1.269950
141.551163 237.945541     65.406250 45.518555 134.534668     -0.558163 -0.829731 0.829731 -0.558163     28.072735 28.072735 4.759695
509.403168 183.094864     51.429321 -11.508545 17.734375     -0.828838 -0.559489 0.559489 -0.828838     15.133312 15.133312 0.784944
509.403168 183.094864     2.881623 15.667084 823.191406     -0.828838 -0.559489 0.559489 -0.828838     15.133312 15.133312 2.600355
546.374634 317.879395     192.468750 -200.636719 230.374268     0.501198 -0.865333 0.865333 0.501198     91.303688 91.303688 1.469831
546.374634 317.879395     95.460938 -77.974609 131.406860     0.501198 -0.865333 0.865333 0.501198     91.303688 91.303688 2.205562
136.206497 235.541565     45.625000 -67.796875 138.574829     -0.825800 -0.563963 0.563963 -0.825800     33.920596 33.920596 1.478042
295.581024 265.650208     97.500000 -69.304688 92.402344     -0.354216 -0.935164 0.935164 -0.354216     24.353018 24.353018 1.990271
295.581024 265.650208     87.007812 35.042969 26.982422     -0.354216 -0.935164 0.935164 -0.354216     24.353018 24.353018 4.887938
136.713654 235.276291     594.875000 -92.890625 130.953125     -0.841478 -0.540291 0.540291 -0.841478     34.864106 34.864106 1.490393
136.713654 235.276291     325.078613 193.941406 305.937500     -0.841478 -0.540291 0.540291 -0.841478     34.864106 34.864106 5.152136
587.830261 165.013763     58.218750 -10.835938 16.136719     -0.918132 0.396276 -0.396276 -0.918132     17.007970 17.007970 3.934484
587.830261 165.013763     25501.289062 7017.851562 8533.681641     -0.918132 0.396276 -0.396276 -0.918132     17.007970 17.007970 4.323765
557.665344 195.574799     94.990952 45.836426 150.296875     -0.272049 -0.962283 0.962283 -0.272049     17.908236 17.908236 0.183234
111.946075 286.269623     1908.312500 157.171875 151.187500     -0.982838 0.184471 -0.184471 -0.982838     6.585217 6.585217 1.745318
556.765869 194.369949     252.379944 133.063477 356.562500     -0.404716 -0.914442 0.914442 -0.404716     20.540359 20.540359 0.770455
556.765869 194.369949     86.968750 -21.390625 10.125000     -0.404716 -0.914442 0.914442 -0.404716     20.540359 20.540359 3.926474
132.516449 234.781326     270.954102 -47.605469 67.000000     -0.933791 -0.357818 0.357818 -0.933791     38.298589 38.298589 1.566205
557.340881 192.539505     50.740234 -3.898438 21.734375     -0.332773 -0.943007 0.943007 -0.332773     24.187399 24.187399 0.395451
557.340881 192.539505     82.325806 4.785156 16.882812     -0.332773 -0.943007 0.943007 -0.332773     24.187399 24.187399 0.901948
110.716736 286.467804     804.125000 424.906250 384.695312     -0.983157 0.182762 -0.182762 -0.983157     7.293685 7.293685 1.763452
547.711548 202.657059     123.788086 44.586426 136.953125     -0.139314 -0.990248 0.990248 -0.139314     14.838048 14.838048 2.346189
45.162422 362.238861     83.289474 10.755859 18.218750     -0.893518 -0.449027 0.449027 -0.893518     30.834758 30.834758 1.487857
45.768360 361.844635     43.488853 -23.304169 31.810791     -0.900130 -0.435621 0.435621 -0.900130     31.599880 31.599880 1.413140
68.577774 229.608887     30.750000 -1.593750 13.679688     -0.664221 -0.747536 0.747536 -0.664221     16.837937 16.837937 1.970494
131.675507 234.714859     3439.143555 1329.490234 776.570312     -0.949398 -0.314077 0.314077 -0.949398     38.620127 38.620127 1.594152
236.644073 287.618652     267.061523 -48.609375 77.515625     0.635408 -0.772176 0.772176 0.635408     14.818960 14.818960 4.324910
110.571968 286.465912     46.839844 -0.398438 13.875000     -0.982856 0.184373 -0.184373 -0.982856     7.623924 7.623924 1.757446
81.921814 29.106997     83.722168 -76.628906 78.515625     -0.137019 -0.990568 0.990568 -0.137019     5.011502 5.011502 1.601073
81.921814 29.106997     73.935547 28.929688 68.203125     -0.137019 -0.990568 0.990568 -0.137019     5.011502 5.011502 4.719357
115.584877 232.619690     87.092590 6.963867 33.820312     -0.983663 -0.180017 0.180017 -0.983663     38.814598 38.814598 1.608171
110.104027 286.647644     589.593750 -76.906250 268.003235     -0.983424 0.181318 -0.181318 -0.983424     8.263205 8.263205 1.751041
83.407410 42.439507     333.242188 150.250000 81.235352     -0.137086 -0.990559 0.990559 -0.137086     5.708560 5.708560 4.714165
84.324173 51.020145     100.346924 19.701172 30.789062     -0.138486 -0.990364 0.990364 -0.138486     6.391221 6.391221 4.719046
111.041550 286.166199     40.112305 -29.974609 44.453125     -0.978234 0.207505 -0.207505 -0.978234     11.019454 11.019454 0.569061
111.041550 286.166199     122.250000 -25.843750 10.953125     -0.978234 0.207505 -0.207505 -0.978234     11.019454 11.019454 1.857719
86.079048 65.893349     38.683594 -4.373047 35.261719     -0.137713 -0.990472 0.990472 -0.137713     7.570189 7.570189 4.715020
85.925720 66.237251     26757.703125 6161.261719 8783.916016     -0.138507 -0.990361 0.990361 -0.138507     8.605439 8.605439 4.719595
96.965118 20.227907     108.992188 -0.828125 15.140625     -0.017482 -0.999847 0.999847 -0.017482     18.041034 18.041034 1.567236
85.747826 65.241547     90.875000 3.187500 7.468750     -0.135479 -0.990780 0.990780 -0.135479     10.402078 10.402078 4.719878
95.560188 386.370361     61.468750 -27.390625 28.890625     -0.790102 -0.612976 0.612976 -0.790102     12.942330 12.942330 1.760182
95.560188 386.370361     277.511108 105.313477 432.000000     -0.790102 -0.612976 0.612976 -0.790102     12.942330 12.942330 5.004297
194.323151 221.454147     91.356262 3.094727 46.304688     -0.502871 -0.864361 0.864361 -0.502871     16.682085 16.682085 1.020095
194.323151 221.454147     196.023682 -24.727539 50.125000     -0.502871 -0.864361 0.864361 -0.502871     16.682085 16.682085 2.055319
95.888885 386.853180     47.976562 -12.242188 41.578125     -0.787452 -0.616376 0.616376 -0.787452     14.284267 14.284267 1.727864
194.186310 220.418243     128.906250 -26.437500 11.171875     -0.449169 -0.893447 0.893447 -0.449169     16.726077 16.726077 1.097172
194.186310 220.418243     51.562500 -30.468750 28.734375     -0.449169 -0.893447 0.893447 -0.449169     16.726077 16.726077 2.003058
96.290222 387.492126     77.349609 31.320312 71.687500     -0.791760 -0.610832 0.610832 -0.791760     15.714692 15.714692 1.688046
93.929909 388.836456     702.500122 9.847656 243.171875     -0.910630 -0.413222 0.413222 -0.910630     31.117877 31.117877 3.598913
194.119995 219.639999     51.942871 -36.642578 50.828125     -0.409551 -0.912287 0.912287 -0.409551     16.999157 16.999157 1.030979
194.119995 219.639999     112.000000 17.750000 23.953125     -0.409551 -0.912287 0.912287 -0.409551     16.999157 16.999157 1.915869
191.579590 254.489792     3400.386719 1187.529297 726.769531     -0.966028 0.258437 -0.258437 -0.966028     17.276419 17.276419 0.961505
191.579590 254.489792     2639.093750 165.187500 165.843750     -0.966028 0.258437 -0.258437 -0.966028     17.276419 17.276419 1.456606
191.658356 254.729538     14.984375 8.554688 30.515625     -0.976241 0.216687 -0.216687 -0.976241     17.718066 17.718066 0.894679
191.658356 254.729538     88.078125 4.625000 43.796875     -0.976241 0.216687 -0.216687 -0.976241     17.718066 17.718066 1.443061
128.903839 439.177887     55.468750 -31.218750 29.546875     -0.022137 -0.999755 0.999755 -0.022137     3.732629 3.732629 4.710128
128.682175 441.077515     75.214844 8.367188 13.984375     -0.018505 -0.999829 0.999829 -0.018505     4.488795 4.488795 4.708656
