1.0
203
313.451416 270.205719     155.367188 -26.046875 11.453125     -0.984960 0.172781 -0.172781 -0.984960     11.806812 11.806812 1.916779
400.251373 273.591614     946.078125 108.484375 61.929688     -0.992770 -0.120032 0.120032 -0.992770     31.439937 31.439937 4.948339
392.358643 216.084656     805.859375 16.390625 76.234375     -0.999748 -0.022447 0.022447 -0.999748     39.195582 39.195582 1.649802
314.384033 269.628876     167.617188 -32.890625 15.335938     -0.979288 0.202471 -0.202471 -0.979288     13.147158 13.147158 1.955232
403.184357 272.715942     992.671875 88.398438 68.382812     -0.995538 -0.094357 0.094357 -0.995538     34.858125 34.858125 4.897773
394.145203 217.513412     871.125000 5.000000 94.851562     -0.999979 -0.006441 0.006441 -0.999979     43.818855 43.818855 1.647082
394.145203 217.513412     1888.390625 103.695312 65.382812     -0.999979 -0.006441 0.006441 -0.999979     43.818855 43.818855 4.760465
391.375397 271.761230     1548.312500 -159.312500 163.058594     -0.998397 -0.056608 0.056608 -0.998397     34.712311 34.712311 4.831184
405.324188 218.848938     162.093750 28.957031 471.992188     -0.993618 0.112799 -0.112799 -0.993618     54.182098 54.182098 1.776848
405.324188 218.848938     1612.093750 -173.867188 219.351562     -0.993618 0.112799 -0.112799 -0.993618     54.182098 54.182098 4.747980
176.798584 343.252441     57.745483 -32.970215 29.060547     -0.092244 -0.995736 0.995736 -0.092244     56.816169 56.816169 1.657409
407.531006 222.040985     8258.386719 -758.546875 600.562500     -0.992526 0.122032 -0.122032 -0.992526     63.316526 63.316526 5.061051
27.028986 168.340576     134.014221 -82.479492 69.835938     -0.836332 0.548223 -0.548223 -0.836332     12.281209 12.281209 1.831648
27.028986 168.340576     1959.156250 73.023438 73.578125     -0.836332 0.548223 -0.548223 -0.836332     12.281209 12.281209 4.648168
237.755737 190.930710     12947.554688 56.183594 736.085938     -0.995222 0.097633 -0.097633 -0.995222     103.220589 103.220589 0.292339
20.180300 172.826370     282.013000 -216.520996 168.742188     -0.825403 0.564543 -0.564543 -0.825403     16.486969 16.486969 1.788744
392.883026 270.626007     13204.320312 835.699219 1324.425781     -0.999253 -0.038641 0.038641 -0.999253     37.852022 37.852022 4.837990
269.211975 195.376907     358.349854 -289.622559 241.769531     -0.999989 -0.004601 0.004601 -0.999989     122.067628 122.067628 4.865334
29.869566 188.214050     17.958618 -1.315430 29.175781     -0.791535 0.611123 -0.611123 -0.791535     5.642206 5.642206 1.627482
283.422668 199.578445     46.660889 -31.477539 83.488281     -0.997559 -0.069830 0.069830 -0.997559     160.109344 160.109344 4.888607
35.428246 182.927109     155.981201 -98.028809 97.080078     -0.773727 0.633520 -0.633520 -0.773727     9.682375 9.682375 1.653876
44.376190 224.904755     331.397583 -280.701172 274.289062     0.114933 -0.993373 0.993373 0.114933     18.988946 18.988946 5.486858
48.114334 195.993179     12780.808594 2612.406250 2702.796875     0.497529 -0.867448 0.867448 0.497529     24.068394 24.068394 0.631926
48.114334 195.993179     279.314880 -168.462891 259.744141     0.497529 -0.867448 0.867448 0.497529     24.068394 24.068394 3.857286
35.228493 180.117065     14894.570312 833.582031 2322.595703     -0.742025 0.670372 -0.670372 -0.742025     20.470574 20.470574 0.512838
533.411011 154.327438     178.562500 -93.992188 63.324219     0.305333 -0.952246 0.952246 0.305333     35.204201 35.204201 4.404376
543.962036 153.998932     200.281250 -104.226562 70.445312     -0.963054 0.269310 -0.269310 -0.963054     48.447196 48.447196 0.386845
193.087204 267.518982     157.250000 40.750000 13.359375     -0.999248 -0.038766 0.038766 -0.999248     8.225074 8.225074 1.620671
557.186584 197.095688     347.968750 -44.390625 106.312500     0.650357 -0.759628 0.759628 0.650357     10.293797 10.293797 0.256048
557.186584 197.095688     273.640625 40.468750 7.296875     0.650357 -0.759628 0.759628 0.650357     10.293797 10.293797 1.231412
548.251038 201.261414     691.625000 -571.781250 1107.687500     -0.872535 0.488552 -0.488552 -0.872535     14.717082 14.717082 1.375877
548.251038 201.261414     193.484375 21.031250 104.281250     -0.872535 0.488552 -0.488552 -0.872535     14.717082 14.717082 2.209629
547.945129 201.513275     1013.187500 -754.937500 1358.671875     -0.871375 0.490617 -0.490617 -0.871375     15.305800 15.305800 1.375260
547.945129 201.513275     84.500000 -42.765625 25.750000     -0.871375 0.490617 -0.490617 -0.871375     15.305800 15.305800 2.228139
279.530518 248.258209     1721.812500 -430.421875 1330.773438     -0.998466 0.055368 -0.055368 -0.998466     9.011294 9.011294 1.579635
547.977905 201.490540     381.976562 -60.820312 10.515625     -0.874268 0.485444 -0.485444 -0.874268     15.956122 15.956122 1.360256
547.977905 201.490540     58.160156 0.132812 10.906250     -0.874268 0.485444 -0.485444 -0.874268     15.956122 15.956122 2.232894
547.662659 201.051788     3455.718750 -1129.468750 2263.734375     -0.875097 0.483948 -0.483948 -0.875097     18.503795 18.503795 2.296005
547.662659 201.051788     244.527344 3.859375 14.765625     -0.875097 0.483948 -0.483948 -0.875097     18.503795 18.503795 5.325593
547.781128 200.703140     9407.187500 -1563.140625 2274.812500     -0.875223 0.483720 -0.483720 -0.875223     19.896373 19.896373 1.235123
547.781128 200.703140     24.835938 2.476562 37.203125     -0.875223 0.483720 -0.483720 -0.875223     19.896373 19.896373 2.318131
296.783661 319.118378     30.343750 1.687500 40.847656     -0.984915 0.173037 -0.173037 -0.984915     5.457657 5.457657 0.231452
296.783661 319.118378     36.179688 1.835938 43.128906     -0.984915 0.173037 -0.173037 -0.984915     5.457657 5.457657 4.708816
296.181824 319.201294     12784.093750 -1534.593750 2204.382812     -0.985585 0.169183 -0.169183 -0.985585     6.105092 6.105092 0.437959
296.181824 319.201294     41.820312 -0.132812 46.585938     -0.985585 0.169183 -0.169183 -0.985585     6.105092 6.105092 4.729771
294.564301 319.540680     737.203125 10.242188 0.695312     -0.985590 0.169152 -0.169152 -0.985590     6.875124 6.875124 4.648313
294.564301 319.540680     58.164062 0.273438 49.078125     -0.985590 0.169152 -0.169152 -0.985590     6.875124 6.875124 6.375234
547.649658 200.603943     1623.500000 29.957031 1.757812     -0.877224 0.480082 -0.480082 -0.877224     21.332294 21.332294 1.225599
547.649658 200.603943     64.414062 2.171875 50.132812     -0.877224 0.480082 -0.480082 -0.877224     21.332294 21.332294 2.331351
292.409943 319.803314     30.357422 5.156250 15.242188     -0.987077 0.160247 -0.160247 -0.987077     7.785558 7.785558 4.673258
476.026215 355.550568     2614.808594 33.500000 1.976562     -0.966985 -0.254833 0.254833 -0.966985     7.284450 7.284450 4.953604
441.484131 318.689362     3133.183594 25.683594 2.187500     -0.984545 0.175132 -0.175132 -0.984545     44.642235 44.642235 4.006878
502.975006 367.125000     33.374512 4.039062 19.054688     -0.989140 -0.146974 0.146974 -0.989140     5.098594 5.098594 1.513613
502.975006 367.125000     64.737305 -5.238281 8.765625     -0.989140 -0.146974 0.146974 -0.989140     5.098594 5.098594 3.970008
491.966827 301.317230     307.316406 -15.837891 11.527344     -0.975830 -0.218531 0.218531 -0.975830     44.903467 44.903467 5.403029
423.265411 304.616119     7187.226562 -183.097656 22.429688     -0.884925 0.465734 -0.465734 -0.884925     8.103179 8.103179 1.032111
296.074249 325.318787     5341.271484 -164.546875 71.832031     -0.987508 0.157571 -0.157571 -0.987508     4.052234 4.052234 4.691658
244.620819 315.118958     66.757812 -18.195312 120.644531     -0.999996 -0.002811 0.002811 -0.999996     14.860821 14.860821 5.900740
252.581207 314.363983     7822.140625 -691.109375 180.589844     -0.999859 -0.016790 0.016790 -0.999859     17.253740 17.253740 4.782044
252.581207 314.363983     20036.562500 99.234375 2531.007812     -0.999859 -0.016790 0.016790 -0.999859     17.253740 17.253740 5.578469
331.255371 217.846161     27.187500 25.209473 90.676270     -0.189321 -0.981915 0.981915 -0.189321     22.209420 22.209420 4.931002
331.754486 217.603577     103.512634 40.546875 21.117188     -0.154820 -0.987943 0.987943 -0.154820     24.680071 24.680071 4.947903
332.113892 217.414581     37.156250 30.809570 124.985367     -0.240663 -0.970609 0.970609 -0.240663     26.896476 26.896476 2.961090
332.113892 217.414581     36.004395 -6.952148 22.140625     -0.240663 -0.970609 0.970609 -0.240663     26.896476 26.896476 5.041019
332.732788 217.388657     197.937378 48.125000 32.992188     0.027836 -0.999612 0.999612 0.027836     29.099595 29.099595 2.694005
332.732788 217.388657     62.531250 50.050781 199.306030     0.027836 -0.999612 0.999612 0.027836     29.099595 29.099595 4.802493
256.961914 261.585724     83.625000 71.880859 270.373474     -0.999903 -0.013902 0.013902 -0.999903     3.346100 3.346100 1.651169
333.888702 217.571915     105.531250 87.818359 330.135986     -0.999548 -0.030054 0.030054 -0.999548     31.522461 31.522461 2.244301
333.888702 217.571915     153.812500 129.968750 462.411560     -0.999548 -0.030054 0.030054 -0.999548     31.522461 31.522461 4.271526
226.400848 260.684448     190.937500 155.406250 551.902222     -0.999830 -0.018463 0.018463 -0.999830     4.939006 4.939006 1.654595
334.794464 217.981598     237.218750 189.052734 651.236938     -0.989122 -0.147098 0.147098 -0.989122     31.759233 31.759233 2.130098
334.794464 217.981598     329.406250 239.841797 761.267456     -0.989122 -0.147098 0.147098 -0.989122     31.759233 31.759233 4.210142
65.467979 270.655182     416.750000 282.800781 841.421875     -0.955525 -0.294909 0.294909 -0.955525     16.626138 16.626138 2.018587
65.467979 270.655182     214.546875 13.251465 9.705410     -0.955525 -0.294909 0.294909 -0.955525     16.626138 16.626138 4.100675
209.912430 260.295197     622.281250 399.582031 1101.507812     -0.999918 -0.012818 0.012818 -0.999918     5.597244 5.597244 1.618039
208.125000 260.113434     26511.859375 918.734375 2619.296875     -0.999966 -0.008202 0.008202 -0.999966     6.326993 6.326993 1.613294
65.772148 271.071716     616.968750 55.750244 44.322456     -0.967205 -0.253997 0.253997 -0.967205     19.088697 19.088697 2.090590
82.452286 249.215775     970.812500 510.757812 1231.572266     -0.995723 0.092386 -0.092386 -0.995723     12.948436 12.948436 0.207006
335.274384 218.339828     824.796875 74.967285 89.554092     -0.954897 -0.296937 0.296937 -0.954897     32.034530 32.034530 1.977229
335.274384 218.339828     1256.500000 592.359375 1280.549805     -0.954897 -0.296937 0.296937 -0.954897     32.034530 32.034530 4.083875
185.664398 245.657562     6689.468750 1603.021484 1268.826050     -0.999029 0.044053 -0.044053 -0.999029     13.542336 13.542336 6.386613
96.406898 249.496552     7075.875000 1592.691406 1242.078369     -0.998578 0.053316 -0.053316 -0.998578     14.707311 14.707311 0.156444
204.460052 259.791321     38.408051 -14.688004 178.576416     -0.999992 -0.003941 0.003941 -0.999992     6.867960 6.867960 1.592134
65.837738 270.981140     24356.218750 -3742.937500 13900.574219     -0.963901 -0.266260 0.266260 -0.963901     19.671674 19.671674 2.069829
179.864975 261.469940     84.415131 -11.888092 285.562775     -0.999674 0.025530 -0.025530 -0.999674     18.960784 18.960784 1.601214
172.831467 247.185394     33.250000 -40.781250 224.953125     -0.999237 0.039053 -0.039053 -0.999237     16.548307 16.548307 6.347228
176.953796 253.036041     368.054077 -68.824097 530.958984     -0.999514 0.031181 -0.031181 -0.999514     36.751196 36.751196 1.656564
176.953796 253.036041     911.686890 -231.286682 622.721313     -0.999514 0.031181 -0.031181 -0.999514     36.751196 36.751196 6.263381
334.211792 222.027771     22635.000000 -1491.023438 16223.062500     0.292637 -0.956224 0.956224 0.292637     35.200650 35.200650 4.575179
212.137878 248.084793     30169.875000 3438.421875 17743.984375     -0.995659 0.093074 -0.093074 -0.995659     49.746997 49.746997 0.464853
212.137878 248.084793     22.521473 51.455933 141.244141     -0.995659 0.093074 -0.093074 -0.995659     49.746997 49.746997 4.751247
212.404068 248.500153     32898.000000 6030.218750 18547.867188     -0.996000 0.089354 -0.089354 -0.996000     49.004214 49.004214 0.450573
212.404068 248.500153     36.341232 20.882568 39.515625     -0.996000 0.089354 -0.089354 -0.996000     49.004214 49.004214 1.629281
47.698021 277.668304     102.040024 80.853027 227.812500     -0.942988 0.332826 -0.332826 -0.942988     19.881100 19.881100 3.630239
47.698021 277.668304     148.284027 121.226074 374.968750     -0.942988 0.332826 -0.332826 -0.942988     19.881100 19.881100 4.539811
29.197309 256.775787     67.375000 -37.656250 58.164062     -0.925396 -0.379003 0.379003 -0.925396     9.557516 9.557516 4.665082
47.092922 277.862823     25.855469 -11.320312 71.292969     -0.923600 0.383358 -0.383358 -0.923600     19.746237 19.746237 3.726264
47.092922 277.862823     6.562500 -7.500000 85.382812     -0.923600 0.383358 -0.383358 -0.923600     19.746237 19.746237 4.606537
22.623482 271.182190     2542.078125 -695.039062 913.800781     -0.926375 -0.376602 0.376602 -0.926375     14.844055 14.844055 2.087540
22.623482 271.182190     14.250000 -9.054688 68.761719     -0.926375 -0.376602 0.376602 -0.926375     14.844055 14.844055 4.893572
29.126984 256.809509     8.234375 -7.656250 81.613281     -0.921663 -0.387992 0.387992 -0.921663     9.721911 9.721911 4.665655
34.557732 274.534241     15.523438 -10.906250 88.628906     -0.965325 -0.261050 0.261050 -0.965325     20.113490 20.113490 1.876925
455.321167 235.631393     594.554688 -17.609375 49.937500     0.537727 -0.843119 0.843119 0.537727     11.098295 11.098295 4.653929
387.930237 199.618607     245.039062 133.429688 240.000000     -0.997326 -0.073085 0.073085 -0.997326     6.900582 6.900582 4.124565
384.444000 199.544006     33.273438 20.656250 40.421875     -0.998513 -0.054520 0.054520 -0.998513     7.782823 7.782823 4.153217
399.426605 249.894501     51.125000 50.250000 178.281250     -0.748798 0.662798 -0.662798 -0.748798     22.424587 22.424587 2.602920
399.426605 249.894501     81.117188 78.011719 88.898438     -0.748798 0.662798 -0.662798 -0.748798     22.424587 22.424587 3.979310
384.257233 199.443726     41.937500 -54.539062 104.875000     -0.998663 -0.051691 0.051691 -0.998663     8.087944 8.087944 4.154419
