1.0
501
326.653656 188.697556     25.218750 -2.019531 79.824219     0.036908 -0.999319 0.999319 0.036908     22.564779 22.564779 1.586483
326.653656 188.697556     77.707031 -26.619141 27.263672     0.036908 -0.999319 0.999319 0.036908     22.564779 22.564779 4.896721
216.735382 106.250694     189.539062 -50.820312 31.065430     -0.918639 0.395098 -0.395098 -0.918639     17.895657 17.895657 3.548776
225.706955 104.383682     33.437500 -2.527344 84.363281     -0.959621 0.281295 -0.281295 -0.959621     18.094488 18.094488 3.179470
325.887451 188.593079     5.316406 -13.525391 225.261719     0.049446 -0.998777 0.998777 0.049446     25.972595 25.972595 4.894567
213.518524 137.246918     327.621094 -95.626953 45.986328     0.061149 -0.998129 0.998129 0.061149     9.532985 9.532985 1.555516
232.435989 102.365631     9.136719 -20.427734 255.695312     -0.955845 0.293872 -0.293872 -0.955845     18.326693 18.326693 3.253017
214.178909 137.079880     43.929688 -11.585938 26.484375     0.082013 -0.996631 0.996631 0.082013     12.287318 12.287318 1.541003
321.380005 390.614990     28.406250 -46.804688 287.160156     -0.894836 0.446394 -0.446394 -0.894836     20.476070 20.476070 5.966610
216.443253 135.072800     471.507812 -137.033203 58.093750     0.172691 -0.984976 0.984976 0.172691     20.225099 20.225099 1.471595
238.132523 100.690453     40.882812 0.039062 89.992188     -0.957466 0.288545 -0.288545 -0.957466     18.442842 18.442842 3.240628
325.389313 187.820618     46.453125 -12.296875 33.781250     -0.000795 -1.000000 1.000000 -0.000795     28.772840 28.772840 4.993575
321.142273 391.577393     373.140625 -198.841797 366.731445     -0.853822 0.520565 -0.520565 -0.853822     23.070563 23.070563 0.888814
321.142273 391.577393     437.859375 -221.414062 408.616211     -0.853822 0.520565 -0.520565 -0.853822     23.070563 23.070563 6.112336
234.742966 117.011551     58.585938 -11.335938 33.406250     -0.712781 0.701386 -0.701386 -0.712781     58.856907 58.856907 3.948786
237.637833 118.425919     722.062500 150.626953 54.823547     -0.730032 0.683413 -0.683413 -0.730032     63.852680 63.852680 3.918964
321.079254 391.558502     561.933594 -351.158203 1018.414062     -0.933580 0.358368 -0.358368 -0.933580     24.256124 24.256124 5.835569
239.688477 126.347031     77.312500 15.576172 40.587158     0.476987 -0.878910 0.878910 0.476987     86.718071 86.718071 1.057538
505.137848 71.619339     52.390625 3.601562 94.421875     -0.807522 -0.589837 0.589837 -0.807522     19.910265 19.910265 2.320733
453.787048 55.599163     76.875000 -14.539062 34.062500     -0.938775 -0.344531 0.344531 -0.938775     26.573135 26.573135 2.996828
324.506744 187.273651     72.632812 -19.814453 17.075684     -0.084762 -0.996401 0.996401 -0.084762     32.476238 32.476238 5.126735
322.118958 391.466248     704.750000 -343.818359 1287.068359     -0.955833 0.293909 -0.293909 -0.955833     24.479293 24.479293 5.687861
307.692566 78.533569     94.734375 -20.554688 36.000000     -0.952395 0.304867 -0.304867 -0.952395     14.742550 14.742550 1.179501
307.692566 78.533569     123.453125 -30.994141 20.086914     -0.952395 0.304867 -0.304867 -0.952395     14.742550 14.742550 3.227123
239.715439 129.251129     817.613281 -337.212891 1472.304688     0.420567 -0.907262 0.907262 0.420567     105.089300 105.089300 1.080307
322.924652 391.211609     80.648438 -26.320312 13.218750     -0.953746 0.300614 -0.300614 -0.953746     24.450083 24.450083 5.645172
313.376953 77.609756     2284.250000 415.666992 169.480316     -0.963745 0.266826 -0.266826 -0.963745     15.264068 15.264068 1.180931
313.376953 77.609756     156.585938 -45.324219 26.268555     -0.963745 0.266826 -0.266826 -0.963745     15.264068 15.264068 3.100060
240.446198 132.112152     1145.796875 304.894531 406.736328     0.389531 -0.921013 0.921013 0.389531     116.912849 116.912849 1.086461
320.534668 376.128723     139.671875 -36.117188 42.031250     -0.945580 0.325389 -0.325389 -0.945580     9.179921 9.179921 5.302294
315.325592 77.032944     67.546875 2.718750 99.453125     -0.954182 0.299227 -0.299227 -0.954182     15.624195 15.624195 3.239368
493.557800 82.782837     88.023438 -30.046875 15.734375     -0.941101 -0.338127 0.338127 -0.941101     77.576547 77.576547 2.984634
324.348450 390.651550     26.718750 62.554688 337.980469     -0.949716 0.313114 -0.313114 -0.949716     24.698275 24.698275 5.575553
202.473480 147.515152     2537.125000 449.408203 186.956848     -0.146263 -0.989246 0.989246 -0.146263     15.129184 15.129184 1.649933
323.750000 186.764877     61.804688 -14.794922 22.860352     -0.084300 -0.996440 0.996440 -0.084300     36.921085 36.921085 5.220127
321.008759 375.719299     359.164062 -106.164062 44.096191     -0.940476 0.339860 -0.339860 -0.940476     9.937090 9.937090 5.332608
201.606476 145.908356     188.000000 -51.265625 47.656250     -0.189929 -0.981798 0.981798 -0.189929     17.204790 17.204790 1.680515
321.261383 90.902733     1814.390625 377.292969 605.466797     -0.947692 0.319187 -0.319187 -0.947692     19.026730 19.026730 1.181485
325.906860 74.094437     382.593750 -127.148438 129.035156     -0.956365 0.292176 -0.292176 -0.956365     15.367595 15.367595 3.237624
325.849030 390.350983     1304.394531 -193.621094 2000.289062     -0.950649 0.310269 -0.310269 -0.950649     25.024373 25.024373 5.502146
328.028534 89.322151     2827.812500 447.565430 194.056549     -0.934226 0.356683 -0.356683 -0.934226     20.631715 20.631715 1.350961
328.028534 89.322151     319.007812 -100.898438 65.484375     -0.934226 0.356683 -0.356683 -0.934226     20.631715 20.631715 4.463729
332.565430 79.401260     85.070312 14.171875 107.910156     -0.923601 0.383355 -0.383355 -0.923601     39.297199 39.297199 3.435474
321.862427 391.632263     2665.312500 462.316406 794.566406     -0.944035 0.329845 -0.329845 -0.944035     24.742052 24.742052 5.394440
322.689758 185.269226     2.527344 51.554688 1217.027344     -0.431594 -0.902068 0.902068 -0.431594     39.816680 39.816680 5.472884
320.162445 375.397125     631.937500 -189.445312 215.307617     -0.951101 0.308881 -0.308881 -0.951101     11.098138 11.098138 5.305264
341.404175 80.383331     359.742188 -118.640625 75.328125     -0.937400 0.348255 -0.348255 -0.937400     47.889888 47.889888 3.333129
207.558685 253.661972     103.875000 -43.414062 41.437500     -0.042335 -0.999103 0.999103 -0.042335     2.634757 2.634757 4.734700
529.891663 319.745819     3021.625000 552.574219 913.123047     -0.895811 -0.444434 0.444434 -0.895811     19.212735 19.212735 3.873036
347.234467 80.610420     271.281250 137.640625 90.148438     -0.932690 0.360680 -0.360680 -0.932690     53.632614 53.632614 3.360264
207.474899 253.822388     230.273438 430.867188 1662.144531     -0.043624 -0.999048 0.999048 -0.043624     3.251606 3.251606 4.738316
322.127045 391.047791     1836.878906 39.914062 3262.601562     -0.940176 0.340688 -0.340688 -0.940176     25.589448 25.589448 5.395343
321.404999 372.252502     748.937500 -209.230469 261.514648     -0.889893 0.456169 -0.456169 -0.889893     19.709268 19.709268 3.180018
321.404999 372.252502     262.093750 133.437500 87.843750     -0.889893 0.456169 -0.456169 -0.889893     19.709268 19.709268 5.794131
533.022583 321.358063     118.000000 -56.054688 52.343750     -0.880248 -0.474514 0.474514 -0.880248     17.972260 17.972260 3.853565
199.231445 232.163757     7261.375000 1414.265625 1165.622070     -0.267579 -0.963536 0.963536 -0.267579     47.329054 47.329054 4.605258
352.800293 81.512421     272.437500 148.406250 101.070312     -0.937748 0.347318 -0.347318 -0.937748     61.044466 61.044466 3.330701
533.528931 321.523132     512.789062 -208.734375 129.875000     -0.879406 -0.476072 0.476072 -0.879406     17.777269 17.777269 3.852788
321.764709 184.764709     148.953125 -10.222656 112.820312     -0.648006 -0.761635 0.761635 -0.648006     46.130698 46.130698 5.755236
322.300446 371.293732     95.265625 60.187500 164.718750     -0.867571 0.497314 -0.497314 -0.867571     20.230882 20.230882 3.223461
322.300446 371.293732     7350.937500 1693.292969 1534.196289     -0.867571 0.497314 -0.497314 -0.867571     20.230882 20.230882 5.893185
534.769409 322.079895     7196.437500 2376.046875 2878.726562     -0.866027 -0.499997 0.499997 -0.866027     17.652696 17.652696 3.814899
324.549652 389.026093     301.500000 189.875000 143.976562     -0.915410 0.402524 -0.402524 -0.915410     27.772831 27.772831 5.421748
321.299225 184.167328     254.812500 -7.878906 126.140625     -0.967040 0.254626 -0.254626 -0.967040     47.223988 47.223988 0.760092
474.717834 316.594055     136.593750 -63.851562 56.296875     -0.500123 -0.865955 0.865955 -0.500123     35.003232 35.003232 2.127816
474.717834 316.594055     66.218750 -68.906250 75.898438     -0.500123 -0.865955 0.865955 -0.500123     35.003232 35.003232 5.377082
473.128906 309.000000     356.312500 236.765625 182.546875     -0.309105 -0.951028 0.951028 -0.309105     34.553640 34.553640 1.740426
473.128906 309.000000     492.414062 -201.343750 198.593750     -0.309105 -0.951028 0.951028 -0.309105     34.553640 34.553640 2.403242
319.881256 182.861206     124.046875 190.968750 565.882812     -0.996956 0.077969 -0.077969 -0.996956     48.842158 48.842158 0.682398
530.966797 319.204315     6885.109375 2803.148438 4054.617188     -0.831611 -0.555359 0.555359 -0.831611     18.649676 18.649676 0.238434
530.966797 319.204315     216.703125 -63.312500 34.574219     -0.831611 -0.555359 0.555359 -0.831611     18.649676 18.649676 2.467195
320.057587 181.628784     415.437500 259.406250 189.007812     -0.998144 0.060891 -0.060891 -0.998144     50.444172 50.444172 0.687361
322.468140 370.852600     6.152344 -19.460938 147.398438     -0.875299 0.483582 -0.483582 -0.875299     20.631599 20.631599 3.237651
408.364532 326.965515     3693.472656 489.644531 4317.976562     0.681885 -0.731459 0.731459 0.681885     6.336189 6.336189 1.391045
408.364532 326.965515     489.531250 -199.523438 200.109375     0.681885 -0.731459 0.731459 0.681885     6.336189 6.336189 4.859266
326.342987 387.460632     578.344482 50.834717 388.684082     -0.902593 0.430495 -0.430495 -0.902593     29.487519 29.487519 5.444876
318.354218 179.338547     649.578735 46.326660 484.122070     -0.999134 0.041597 -0.041597 -0.999134     52.669453 52.669453 0.714877
528.342041 317.242035     123.546875 187.562500 566.671875     -0.819907 -0.572497 0.572497 -0.819907     18.677022 18.677022 2.435523
528.342041 317.242035     8.050781 -18.558594 143.429688     -0.819907 -0.572497 0.572497 -0.819907     18.677022 18.677022 3.655237
325.174835 382.005981     67.515625 -71.265625 80.960938     -0.891467 0.453086 -0.453086 -0.891467     44.150769 44.150769 5.634757
475.765259 315.241150     13.015625 -16.582031 129.835938     -0.348909 -0.937157 0.937157 -0.348909     32.744432 32.744432 1.692738
475.765259 315.241150     79.328125 -86.812500 123.273438     -0.348909 -0.937157 0.937157 -0.348909     32.744432 32.744432 2.392224
483.425385 235.595413     15.042969 -14.171875 121.570312     -0.395738 -0.918363 0.918363 -0.395738     35.397679 35.397679 0.927707
483.425385 235.595413     80.109375 -75.765625 111.585938     -0.395738 -0.918363 0.918363 -0.395738     35.397679 35.397679 3.129164
392.634003 148.688766     3089.656250 383.550781 196.594208     -0.954217 0.299115 -0.299115 -0.954217     17.269605 17.269605 6.187388
523.326477 314.735382     21.640625 -12.851562 124.898438     -0.836661 -0.547722 0.547722 -0.836661     19.711317 19.711317 0.258151
523.326477 314.735382     7611.669922 2243.269531 4553.337891     -0.836661 -0.547722 0.547722 -0.836661     19.711317 19.711317 1.464746
180.049026 327.970581     80.312500 -73.718750 109.250000     0.134039 -0.990976 0.990976 0.134039     8.442825 8.442825 4.766075
325.406281 381.482452     23.232422 -14.121094 131.671875     -0.890819 0.454358 -0.454358 -0.890819     44.625713 44.625713 5.654095
180.121841 328.189087     81.781250 -75.414062 110.398438     0.127524 -0.991836 0.991836 0.127524     9.588834 9.588834 4.791935
475.279877 314.425659     437.906250 271.531250 196.601562     -0.344064 -0.938946 0.938946 -0.344064     33.317342 33.317342 1.686297
475.279877 314.425659     121.250000 184.343750 566.390625     -0.344064 -0.938946 0.938946 -0.344064     33.317342 33.317342 2.377648
179.937729 328.245422     7566.640625 3243.546875 4308.630859     0.133400 -0.991062 0.991062 0.133400     10.603920 10.603920 4.809252
408.253326 326.773346     44.621094 27.375000 66.453125     0.673084 -0.739566 0.739566 0.673084     7.334139 7.334139 1.356926
408.253326 326.773346     69.179688 34.148438 84.062500     0.673084 -0.739566 0.739566 0.673084     7.334139 7.334139 4.884052
179.750000 328.768280     175.101562 12.085938 17.625000     0.137865 -0.990451 0.990451 0.137865     14.725040 14.725040 0.269929
179.750000 328.768280     690.859375 -372.015625 331.906250     0.137865 -0.990451 0.990451 0.137865     14.725040 14.725040 3.293655
408.319519 322.526825     222.462891 -48.500000 91.078125     0.614261 -0.789103 0.789103 0.614261     15.425716 15.425716 3.605942
326.414215 380.944946     17.503906 -12.375000 93.765625     -0.885997 0.463691 -0.463691 -0.885997     44.964421 44.964421 5.637808
179.796875 328.804688     108.683594 69.425781 73.078125     0.129657 -0.991559 0.991559 0.129657     16.343024 16.343024 0.275764
179.796875 328.804688     41.476562 10.171875 20.328125     0.129657 -0.991559 0.991559 0.129657     16.343024 16.343024 3.303143
407.319336 322.033600     128.012695 -21.812500 173.437500     0.631117 -0.775687 0.775687 0.631117     19.336752 19.336752 0.693829
407.319336 322.033600     51.835938 -25.921875 30.859375     0.631117 -0.775687 0.775687 0.631117     19.336752 19.336752 3.415000
180.120331 327.742737     12.218750 -1.403320 30.619873     0.157773 -0.987475 0.987475 0.157773     19.125606 19.125606 0.163777
180.120331 327.742737     31.867188 -7.835938 25.375000     0.157773 -0.987475 0.987475 0.157773     19.125606 19.125606 3.180494
180.441376 326.518951     156.214844 16.535156 135.781250     0.121680 -0.992569 0.992569 0.121680     20.157361 20.157361 0.260478
180.441376 326.518951     60.062500 -30.960938 34.843750     0.121680 -0.992569 0.992569 0.121680     20.157361 20.157361 3.294224
407.049438 321.823181     202.906250 -19.617188 73.515625     0.635376 -0.772203 0.772203 0.635376     19.950804 19.950804 0.667842
407.049438 321.823181     860.082031 -160.406250 313.296875     0.635376 -0.772203 0.772203 0.635376     19.950804 19.950804 3.341206
327.591675 379.991333     700.140625 -390.734375 349.093750     -0.888344 0.459179 -0.459179 -0.888344     45.029351 45.029351 5.640373
372.455505 25.871885     95.093750 -25.640625 94.343750     -0.989441 -0.144936 0.144936 -0.989441     15.119490 15.119490 3.486589
180.723495 325.669739     1067.121094 -212.898438 345.906250     0.127047 -0.991897 0.991897 0.127047     20.828597 20.828597 0.259963
180.723495 325.669739     80.273438 -20.031250 37.000000     0.127047 -0.991897 0.991897 0.127047     20.828597 20.828597 3.278714
331.003113 377.805969     217.617188 13.710938 102.343750     -0.876360 0.481657 -0.481657 -0.876360     44.164359 44.164359 5.664546
213.710007 434.829987     952.005371 -320.195312 787.859375     -0.523635 -0.851943 0.851943 -0.523635     20.521462 20.521462 0.950702
213.710007 434.829987     19.191406 4.250000 36.265625     -0.523635 -0.851943 0.851943 -0.523635     20.521462 20.521462 1.904096
407.118652 321.527130     111.828125 -20.890625 22.250000     0.637806 -0.770197 0.770197 0.637806     19.784843 19.784843 0.684181
407.118652 321.527130     1089.535156 -196.429688 391.031250     0.637806 -0.770197 0.770197 0.637806     19.784843 19.784843 3.326338
523.225586 314.883575     32.031250 10.750000 24.312500     -0.838469 -0.544950 0.544950 -0.838469     20.186879 20.186879 0.329177
523.225586 314.883575     27.945312 10.320312 22.859375     -0.838469 -0.544950 0.544950 -0.838469     20.186879 20.186879 1.467081
475.146912 314.291229     281.820312 -146.101562 342.359375     -0.339011 -0.940782 0.940782 -0.339011     33.318774 33.318774 1.685282
475.146912 314.291229     80.343750 -64.851562 111.281250     -0.339011 -0.940782 0.940782 -0.339011     33.318774 33.318774 2.365263
215.147186 435.627716     33843.671875 627.289062 4852.218750     -0.561072 -0.827767 0.827767 -0.561072     22.974665 22.974665 2.053539
214.679886 436.571228     32.507812 17.296875 38.234375     -0.627329 -0.778754 0.778754 -0.627329     29.048979 29.048979 2.178648
335.110352 374.458221     225.890625 -68.171875 513.000000     -0.846912 0.531734 -0.531734 -0.846912     44.624086 44.624086 5.724117
70.620209 461.480835     7859.042969 482.773438 841.859375     0.156265 -0.987715 0.987715 0.156265     17.742830 17.742830 1.502853
406.507233 320.323700     258.656250 -65.109375 520.921875     0.618432 -0.785838 0.785838 0.618432     23.754703 23.754703 0.654314
406.507233 320.323700     81.937500 40.238281 28.593201     0.618432 -0.785838 0.785838 0.618432     23.754703 23.754703 3.368887
106.749313 402.267212     39.078125 -9.718750 100.375000     -0.790061 -0.613029 0.613029 -0.790061     19.722558 19.722558 1.331210
297.839203 425.839203     106.640625 48.437500 50.078125     -0.829178 0.558984 -0.558984 -0.829178     16.463070 16.463070 4.163251
338.277527 28.594713     20412.925781 977.343750 966.859375     0.075607 -0.997138 0.997138 0.075607     15.661257 15.661257 1.226517
338.277527 28.594713     242.015625 63.531250 50.328125     0.075607 -0.997138 0.997138 0.075607     15.661257 15.661257 2.347950
285.243103 458.839783     41.250000 22.093750 36.609375     -0.592953 -0.805237 0.805237 -0.592953     20.450362 20.450362 1.970969
113.796738 396.667297     93.593750 -74.945312 123.875000     -0.873395 -0.487012 0.487012 -0.873395     50.624723 50.624723 0.936514
113.796738 396.667297     388.250000 -10.828125 8.968750     -0.873395 -0.487012 0.487012 -0.873395     50.624723 50.624723 2.324415
296.737183 426.237183     21464.613281 1189.195312 1045.156250     -0.829815 0.558039 -0.558039 -0.829815     16.851259 16.851259 4.178736
445.864075 421.036407     22380.585938 1517.000000 1181.890625     -0.985942 -0.167090 0.167090 -0.985942     29.014953 29.014953 2.714440
445.864075 421.036407     43.265625 -35.609375 58.617188     -0.985942 -0.167090 0.167090 -0.985942     29.014953 29.014953 3.118370
337.755249 372.397369     128.531250 206.609375 612.476562     -0.839574 0.543246 -0.543246 -0.839574     44.152636 44.152636 5.689221
448.376587 421.283508     61.375000 14.281250 16.984375     -0.712258 0.701917 -0.701917 -0.712258     37.400221 37.400221 4.062313
297.954346 426.936066     177.265625 37.857422 23.050049     -0.931077 0.364824 -0.364824 -0.931077     24.296314 24.296314 3.933528
209.008728 395.960693     135.812500 -111.132812 153.453125     -0.228906 -0.973449 0.973449 -0.228906     19.193447 19.193447 1.140239
209.008728 395.960693     3739.125000 481.226562 253.018036     -0.228906 -0.973449 0.973449 -0.228906     19.193447 19.193447 1.606115
181.466232 386.607727     135.359375 112.359375 868.640625     -0.976286 0.216486 -0.216486 -0.976286     18.888010 18.888010 4.331310
181.466232 386.607727     13.171875 5.812012 29.356628     -0.976286 0.216486 -0.216486 -0.976286     18.888010 18.888010 4.733034
325.490112 437.475250     584.796875 166.687500 93.718750     -0.817892 -0.575371 0.575371 -0.817892     18.417091 18.417091 1.316362
325.490112 437.475250     111.781250 98.101562 293.542969     -0.817892 -0.575371 0.575371 -0.817892     18.417091 18.417091 2.462436
262.403931 400.822662     857.281250 -83.750000 682.101562     -0.787162 -0.616746 0.616746 -0.787162     17.296251 17.296251 3.531760
406.477966 319.787567     834.656250 -86.093750 660.359375     0.619671 -0.784862 0.784862 0.619671     24.292337 24.292337 0.653249
406.477966 319.787567     81.300781 -10.940063 18.582390     0.619671 -0.784862 0.784862 0.619671     24.292337 24.292337 3.355049
343.695160 438.841949     90.835938 9.099609 44.981613     -0.988460 0.151484 -0.151484 -0.988460     32.701686 32.701686 5.099577
261.385406 399.986115     1426.671875 -994.984375 824.718750     -0.646794 -0.762665 0.762665 -0.646794     19.006218 19.006218 3.145819
474.419586 312.848480     167.533203 -8.613770 16.226288     -0.344875 -0.938649 0.938649 -0.344875     32.618238 32.618238 1.729918
474.419586 312.848480     342.695312 9.317017 16.922653     -0.344875 -0.938649 0.938649 -0.344875     32.618238 32.618238 2.371244
403.436462 453.762604     21.640625 -5.546875 27.195312     0.253261 -0.967398 0.967398 0.253261     22.491001 22.491001 1.435248
49.925438 15.254386     413.675781 5.531494 27.993824     -0.881050 -0.473023 0.473023 -0.881050     11.897256 11.897256 5.273010
340.849609 369.772675     22.609375 -5.359375 28.406250     -0.826627 0.562750 -0.562750 -0.826627     43.805395 43.805395 5.710283
461.404083 387.831207     14.500000 -30.640625 138.910156     -0.858472 -0.512860 0.512860 -0.858472     16.777942 16.777942 0.334170
461.404083 387.831207     103.062500 -23.734375 94.023438     -0.858472 -0.512860 0.512860 -0.858472     16.777942 16.777942 2.268473
508.803345 439.962341     20.187500 -6.343750 45.617188     -0.816455 -0.577409 0.577409 -0.816455     15.862981 15.862981 3.512145
461.902100 386.454895     82.406250 -23.984375 66.890625     -0.867242 -0.497887 0.497887 -0.867242     21.235985 21.235985 2.383917
457.642395 384.267883     65.250000 8.406250 194.375000     -0.957473 -0.288521 0.288521 -0.957473     25.129129 25.129129 0.699894
457.642395 384.267883     156.000000 23.421875 13.726562     -0.957473 -0.288521 0.288521 -0.957473     25.129129 25.129129 3.932567
517.032532 404.116272     298.281250 88.359375 1020.406250     -0.990968 -0.134098 0.134098 -0.990968     19.987930 19.987930 1.014244
545.707947 419.148529     4.921875 7.109375 153.054688     -0.743117 -0.669161 0.669161 -0.743117     18.397479 18.397479 2.647992
545.707947 419.148529     199.468750 -40.406250 1289.687500     -0.743117 -0.669161 0.669161 -0.743117     18.397479 18.397479 3.027508
407.495483 318.849884     72.109375 -54.984375 55.390625     0.633237 -0.773958 0.773958 0.633237     25.564985 25.564985 3.313305
530.779175 371.049988     164.984375 -122.875000 142.765625     -0.999593 0.028514 -0.028514 -0.999593     13.242445 13.242445 0.933957
530.779175 371.049988     339.328125 -46.882812 1469.835938     -0.999593 0.028514 -0.028514 -0.999593     13.242445 13.242445 3.898256
461.509308 383.227631     31.546875 0.334473 17.252319     -0.981034 -0.193835 0.193835 -0.981034     28.218598 28.218598 0.767024
461.509308 383.227631     328.109375 -22.296875 2412.296875     -0.981034 -0.193835 0.193835 -0.981034     28.218598 28.218598 3.947427
228.500000 349.986938     1353.031250 -628.414062 2332.234375     0.628206 -0.778047 0.778047 0.628206     17.143847 17.143847 1.708896
228.500000 349.986938     68.937500 -3.921875 9.757812     0.628206 -0.778047 0.778047 0.628206     17.143847 17.143847 3.949200
237.891113 365.739990     406.656250 -546.468750 5045.296875     -0.877621 0.479355 -0.479355 -0.877621     28.378729 28.378729 4.878771
527.539978 398.107635     324.984375 149.437500 82.062500     -0.670682 -0.741745 0.741745 -0.670682     58.742478 58.742478 2.201155
474.630798 313.512665     45.683594 4.407715 26.708252     -0.346056 -0.938214 0.938214 -0.346056     32.551022 32.551022 1.689992
474.630798 313.512665     73.921875 16.789062 27.136719     -0.346056 -0.938214 0.938214 -0.346056     32.551022 32.551022 2.375039
477.821655 362.579620     70.406250 -5.828125 11.750000     -0.959416 -0.281995 0.281995 -0.959416     16.091368 16.091368 0.854309
455.741058 381.124725     3119.000000 -1146.218750 3118.539062     -0.969312 -0.245833 0.245833 -0.969312     27.934238 27.934238 1.847153
455.741058 381.124725     126.789062 -51.257812 47.937500     -0.969312 -0.245833 0.245833 -0.969312     27.934238 27.934238 4.882902
499.574921 44.370785     72.968750 16.453125 29.082031     -0.974076 -0.226222 0.226222 -0.974076     16.991849 16.991849 3.307415
437.817749 155.571426     57.792969 4.319336 19.145935     -0.886733 0.462282 -0.462282 -0.886733     9.105022 9.105022 1.471302
454.656342 380.442932     84.437500 -20.535156 20.269531     -0.965950 -0.258730 0.258730 -0.965950     28.286693 28.286693 1.836897
454.656342 380.442932     366.500000 142.140625 95.539062     -0.965950 -0.258730 0.258730 -0.965950     28.286693 28.286693 4.892409
410.018494 316.815002     44.531250 85.835938 172.941406     0.678558 -0.734547 0.734547 0.678558     25.909423 25.909423 3.168412
475.000000 337.568726     169.683594 26.555664 33.078003     -0.148138 -0.988967 0.988967 -0.148138     48.991969 48.991969 1.699799
475.000000 337.568726     119.062500 3.906250 87.859375     -0.148138 -0.988967 0.988967 -0.148138     48.991969 48.991969 4.943752
285.839813 18.131067     80.837860 -17.771484 16.242188     -0.306412 -0.951899 0.951899 -0.306412     15.127644 15.127644 4.988207
435.497101 156.719650     112.812500 6.824219 24.562500     -0.896404 0.443238 -0.443238 -0.896404     12.907871 12.907871 1.447799
452.560883 379.177826     252.327148 75.395935 25.068794     -0.955867 -0.293800 0.293800 -0.955867     29.331203 29.331203 1.849267
452.560883 379.177826     625.021240 -103.895508 76.216797     -0.955867 -0.293800 0.293800 -0.955867     29.331203 29.331203 4.868939
483.212677 235.535767     394.765625 147.265625 107.671875     -0.400254 -0.916404 0.916404 -0.400254     37.361885 37.361885 0.923438
483.212677 235.535767     258.518555 77.797974 26.626213     -0.400254 -0.916404 0.916404 -0.400254     37.361885 37.361885 3.127146
497.778076 326.388580     117.187500 4.531250 89.460938     -0.928109 0.372309 -0.372309 -0.928109     114.595963 114.595963 0.945030
207.508270 22.780993     48.671875 94.046875 190.375000     -0.950929 0.309410 -0.309410 -0.950929     12.441354 12.441354 1.758848
207.508270 22.780993     412.512207 190.130371 88.592285     -0.950929 0.309410 -0.309410 -0.950929     12.441354 12.441354 5.540390
496.006500 327.011353     936.036621 -251.920898 161.058594     -0.925040 0.379869 -0.379869 -0.925040     112.500434 112.500434 0.952826
214.783035 21.174564     120.265625 9.136719 27.970703     -0.980034 0.198832 -0.198832 -0.980034     13.986528 13.986528 4.342308
493.602417 327.317780     963.156250 112.209473 88.598572     -0.947981 0.318327 -0.318327 -0.947981     111.317288 111.317288 0.872992
356.418030 357.773163     118.093750 6.125000 91.789062     -0.802975 0.596013 -0.596013 -0.802975     41.776249 41.776249 1.455943
356.418030 357.773163     90.328125 -20.503906 22.328125     -0.802975 0.596013 -0.596013 -0.802975     41.776249 41.776249 5.619452
214.451279 20.629238     124.128906 -12.903076 25.569324     -0.978377 0.206830 -0.206830 -0.978377     15.951451 15.951451 4.289319
458.098846 342.296570     74.546875 156.664062 341.429688     0.525492 -0.850799 0.850799 0.525492     19.205368 19.205368 0.795764
458.098846 342.296570     15558.812500 2186.898438 4579.320312     0.525492 -0.850799 0.850799 0.525492     19.205368 19.205368 2.244345
458.003418 342.337891     74.000000 18.097656 33.519531     0.512004 -0.858983 0.858983 0.512004     19.828043 19.828043 0.770913
458.003418 342.337891     85.625000 35.625000 35.140625     0.512004 -0.858983 0.858983 0.512004     19.828043 19.828043 2.290874
438.649567 277.122498     536.999023 247.504883 115.105957     -0.914488 -0.404612 0.404612 -0.914488     14.327895 14.327895 1.556954
438.649567 277.122498     135.263672 32.308594 143.648438     -0.914488 -0.404612 0.404612 -0.914488     14.327895 14.327895 2.285026
342.889923 326.807343     68.724609 24.507324 21.241699     -0.075858 -0.997119 0.997119 -0.075858     22.750598 22.750598 1.212420
600.160889 337.034668     94.531250 -22.183594 27.533203     0.515166 -0.857090 0.857090 0.515166     20.820869 20.820869 0.410204
600.160889 337.034668     3054.820312 255.099121 309.220764     0.515166 -0.857090 0.857090 0.515166     20.820869 20.820869 3.109117
417.148163 283.175934     15119.750000 2514.601562 5043.312500     -0.987380 -0.158367 0.158367 -0.987380     14.208824 14.208824 1.485168
417.148163 283.175934     424.812500 112.582031 32.249512     -0.987380 -0.158367 0.158367 -0.987380     14.208824 14.208824 4.688966
414.253632 247.856888     237.937500 65.699219 19.767578     -0.119714 -0.992808 0.992808 -0.119714     76.318033 76.318033 1.224900
414.253632 247.856888     16.208572 4.450531 26.278481     -0.119714 -0.992808 0.992808 -0.119714     76.318033 76.318033 4.265248
270.795563 256.519989     3628.820312 150.217773 345.465210     -0.047828 -0.998856 0.998856 -0.047828     9.631950 9.631950 4.873267
362.540314 262.036133     1280.281250 378.234375 119.298828     0.036986 -0.999316 0.999316 0.036986     63.316334 63.316334 1.255571
384.670380 370.462952     1718.866211 1001.361328 2080.402344     -0.758388 0.651803 -0.651803 -0.758388     12.833925 12.833925 3.516779
422.040222 335.524567     1876.734375 325.943848 67.939621     -0.738256 0.674520 -0.674520 -0.738256     24.851578 24.851578 6.039431
418.218475 238.403839     14425.953125 2659.351562 5430.859375     0.041364 -0.999144 0.999144 0.041364     82.656463 82.656463 1.143195
418.218475 238.403839     64.953125 2.871094 39.218750     0.041364 -0.999144 0.999144 0.041364     82.656463 82.656463 4.418619
486.123962 283.177673     591.797852 273.681641 127.735596     -0.895177 -0.445710 0.445710 -0.895177     6.347864 6.347864 1.531969
486.123962 283.177673     11068.359375 3002.564453 863.368408     -0.895177 -0.445710 0.445710 -0.895177     6.347864 6.347864 4.602428
221.686508 33.924603     3821.437500 82.897949 382.235840     -0.999727 -0.023379 0.023379 -0.999727     18.686923 18.686923 5.493918
419.117371 251.789658     1735.929199 1053.148438 2452.765625     0.010696 -0.999943 0.999943 0.010696     81.482422 81.482422 1.205638
419.117371 251.789658     61.449219 0.878906 38.710938     0.010696 -0.999943 0.999943 0.010696     81.482422 81.482422 4.564280
368.310303 380.524353     173.929688 64.125000 54.496094     -0.786794 0.617216 -0.617216 -0.786794     16.140241 16.140241 5.906202
318.757202 289.981750     22614.968750 1248.351562 508.494873     0.438980 -0.898497 0.898497 0.438980     145.539088 145.539088 0.821708
318.757202 289.981750     56.540749 13.197998 51.578125     0.438980 -0.898497 0.898497 0.438980     145.539088 145.539088 2.533328
526.192627 334.877045     1874.835449 1223.853516 2775.082031     -0.997830 0.065839 -0.065839 -0.997830     13.869230 13.869230 1.357109
490.804810 286.381378     20.295090 5.747993 29.251617     -0.902975 -0.429693 0.429693 -0.902975     14.891211 14.891211 3.171557
222.296478 35.437187     61.500000 3.761719 38.476562     -0.976450 -0.215744 0.215744 -0.976450     22.828080 22.828080 5.335536
311.164551 187.521515     66.724976 -23.376953 53.296875     -0.951950 -0.306255 0.306255 -0.951950     20.979584 20.979584 1.406062
311.164551 187.521515     92.093826 26.599609 269.000000     -0.951950 -0.306255 0.306255 -0.951950     20.979584 20.979584 6.347640
525.689514 335.025269     62.382812 5.226562 38.031250     -0.995194 0.097926 -0.097926 -0.995194     15.044086 15.044086 1.366234
358.634277 179.626663     141.421875 60.406250 52.546875     -0.897128 0.441770 -0.441770 -0.897128     21.438515 21.438515 5.052982
358.634277 179.626663     14621.765625 3046.656250 6279.242188     -0.897128 0.441770 -0.441770 -0.897128     21.438515 21.438515 6.293857
311.191345 187.856491     25404.859375 1212.532227 553.823608     -0.948704 -0.316167 0.316167 -0.948704     21.860381 21.860381 1.400281
311.191345 187.856491     26.373367 4.960304 30.414520     -0.948704 -0.316167 0.316167 -0.948704     21.860381 21.860381 6.342455
254.264618 25.760447     36.281799 -7.600586 24.562500     -0.993961 -0.109735 0.109735 -0.993961     19.443476 19.443476 3.165109
254.264618 25.760447     28.125000 8.390625 37.875000     -0.993961 -0.109735 0.109735 -0.993961     19.443476 19.443476 6.175549
393.862549 164.490524     27.140625 0.406250 13.296875     -0.959754 0.280843 -0.280843 -0.959754     16.993409 16.993409 6.070678
491.347626 287.914276     118.328125 -72.031250 515.156250     -0.919224 -0.393736 0.393736 -0.919224     26.490935 26.490935 3.293251
487.395355 210.153488     29.640625 29.031250 81.234375     -0.447787 -0.894140 0.894140 -0.447787     5.592403 5.592403 0.795732
229.182648 36.705959     152.015625 -63.109375 524.671875     -0.982862 -0.184344 0.184344 -0.982862     23.853087 23.853087 2.346935
229.182648 36.705959     45.372269 -25.901855 94.781250     -0.982862 -0.184344 0.184344 -0.982862     23.853087 23.853087 5.115888
519.313660 333.092743     92.140625 27.687500 50.625000     -0.992486 -0.122359 0.122359 -0.992486     42.064240 42.064240 0.753376
519.313660 333.092743     38.609375 22.625000 115.843750     -0.992486 -0.122359 0.122359 -0.992486     42.064240 42.064240 3.784008
456.028931 140.336777     37974.085938 5107.562500 6174.101562     -0.997058 -0.076645 0.076645 -0.997058     22.062814 22.062814 0.762451
119.369568 7.840580     24397.015625 1003.672852 578.087891     -0.957407 -0.288742 0.288742 -0.957407     6.869420 6.869420 5.070840
53.297821 170.087234     51.326370 -14.583496 109.421875     -0.983669 0.179986 -0.179986 -0.983669     34.035766 34.035766 1.581031
490.912140 288.016724     231.570312 106.406250 100.343750     -0.921414 -0.388582 0.388582 -0.921414     30.376316 30.376316 3.307522
119.479530 8.274854     356.953125 -120.562500 495.953125     -0.956659 -0.291211 0.291211 -0.956659     7.721358 7.721358 5.106633
518.837463 332.567474     175.373718 17.922714 53.560410     -0.987551 -0.157297 0.157297 -0.987551     42.390669 42.390669 0.648627
518.837463 332.567474     32.618607 3.170410 50.953125     -0.987551 -0.157297 0.157297 -0.987551     42.390669 42.390669 3.752532
487.341553 210.061722     57.023666 -8.189453 112.687500     -0.446252 -0.894907 0.894907 -0.446252     5.994851 5.994851 0.774432
69.963966 64.490990     67.601562 -8.757812 11.875000     -0.907871 -0.419250 0.419250 -0.907871     4.002690 4.002690 1.540864
69.963966 64.490990     1370.437500 -252.625000 467.828125     -0.907871 -0.419250 0.419250 -0.907871     4.002690 4.002690 3.567221
54.587692 172.685394     249.281250 250.906250 259.192383     -0.958747 0.284261 -0.284261 -0.958747     41.819980 41.819980 1.618167
54.587692 172.685394     26439.601562 1224.747070 586.768311     -0.958747 0.284261 -0.284261 -0.958747     41.819980 41.819980 4.802844
455.392670 140.273392     36109.312500 4691.320312 7026.031250     -0.995228 -0.097575 0.097575 -0.995228     23.415100 23.415100 0.716726
518.256775 332.245697     97.950195 31.039062 69.781250     -0.976350 -0.216194 0.216194 -0.976350     42.793272 42.793272 0.562889
518.256775 332.245697     36130.976562 3069.398438 7519.312500     -0.976350 -0.216194 0.216194 -0.976350     42.793272 42.793272 3.710747
394.117767 164.516068     33.394531 -12.406250 31.687500     -0.963415 0.268015 -0.268015 -0.963415     18.347694 18.347694 6.046348
490.404999 217.105927     596.525391 275.328125 129.972656     -0.419268 -0.907863 0.907863 -0.419268     6.669340 6.669340 5.380009
56.591537 174.336411     25054.203125 1038.487305 619.471558     -0.969657 0.244468 -0.244468 -0.969657     54.772155 54.772155 1.614041
454.192169 347.784302     178.140625 65.515625 56.648438     0.524590 -0.851355 0.851355 0.524590     27.396418 27.396418 1.093766
454.192169 347.784302     965.857422 441.833984 204.604492     0.524590 -0.851355 0.851355 0.524590     27.396418 27.396418 4.855918
311.265167 187.773285     184.453125 -85.156250 42.208984     -0.934201 -0.356748 0.356748 -0.934201     23.212534 23.212534 6.269378
66.833336 63.100777     58.781250 22.677246 35.686539     -0.907926 -0.419130 0.419130 -0.907926     4.147117 4.147117 1.538867
66.833336 63.100777     87.593750 63.690918 144.508408     -0.907926 -0.419130 0.419130 -0.907926     4.147117 4.147117 3.612561
146.534973 293.635132     114.406250 88.705078 206.334656     -0.660045 -0.751226 0.751226 -0.660045     46.521511 46.521511 5.960303
124.363968 39.375000     140.937500 91.578125 199.115356     -0.920813 -0.390003 0.390003 -0.920813     14.830772 14.830772 4.365031
138.166672 294.687256     12.384766 5.669922 94.667969     -0.519347 -0.854563 0.854563 -0.519347     66.848567 66.848567 5.769561
394.473694 164.390976     6.508789 3.871094 113.375000     -0.957538 0.288306 -0.288306 -0.957538     20.549741 20.549741 6.136616
609.859619 63.489727     31.737556 -23.182404 83.120605     -0.966292 -0.257449 0.257449 -0.966292     6.756476 6.756476 1.552628
615.785339 84.819511     983.687500 1731.671875 17318.943359     -0.963491 -0.267739 0.267739 -0.963491     5.531175 5.531175 1.553657
592.295227 59.344444     53.140625 3.689453 77.259766     -0.958603 -0.284746 0.284746 -0.958603     11.860839 11.860839 1.550533
199.307053 326.174286     90.628906 -116.625000 992.054688     -0.993982 -0.109548 0.109548 -0.993982     28.067277 28.067277 0.705829
65.468750 62.479168     29.242531 -27.398560 59.777344     -0.907381 -0.420309 0.420309 -0.907381     4.416053 4.416053 1.543009
65.468750 62.479168     22.923584 13.747559 141.070312     -0.907381 -0.420309 0.420309 -0.907381     4.416053 4.416053 3.574545
498.557831 39.758533     6680.953125 2107.335938 7376.312500     -0.964845 -0.262818 0.262818 -0.964845     30.350079 30.350079 1.593146
199.280640 327.141937     41.939453 -18.269531 33.890625     -0.999256 -0.038567 0.038567 -0.999256     27.985882 27.985882 0.764278
199.280640 327.141937     19.611816 7.397461 36.691406     -0.999256 -0.038567 0.038567 -0.999256     27.985882 27.985882 4.838935
303.275421 183.976425     54.909004 -60.107239 548.798340     -0.916926 -0.399058 0.399058 -0.916926     23.203624 23.203624 4.783042
210.247269 348.127258     16.490662 9.314453 117.675781     -0.999792 -0.020378 0.020378 -0.999792     17.788928 17.788928 4.854953
199.707443 327.734039     29.299805 -26.043701 64.296875     -0.987557 -0.157262 0.157262 -0.987557     27.695127 27.695127 0.671656
199.707443 327.734039     38.408691 -27.011719 120.710938     -0.987557 -0.157262 0.157262 -0.987557     27.695127 27.695127 4.717243
32.896297 365.861725     97.029404 -118.912842 608.185059     -0.798764 0.601644 -0.601644 -0.798764     26.883088 26.883088 4.240422
32.896297 365.861725     11.939091 -12.090332 69.859375     -0.798764 0.601644 -0.601644 -0.798764     26.883088 26.883088 5.203324
200.198074 327.944458     11217.023438 185.187500 11415.851562     -0.979519 -0.201350 0.201350 -0.979519     27.356475 27.356475 0.622459
200.198074 327.944458     56.257202 82.173828 241.035156     -0.979519 -0.201350 0.201350 -0.979519     27.356475 27.356475 4.676930
385.802856 427.969116     177.421265 -61.117188 228.304688     0.652013 -0.758208 0.758208 0.652013     21.308200 21.308200 2.711449
385.802856 427.969116     43.238281 -3.500000 12.325684     0.652013 -0.758208 0.758208 0.652013     21.308200 21.308200 3.483380
439.925751 399.702972     61.814835 39.303711 61.375000     -0.999570 -0.029308 0.029308 -0.999570     16.401845 16.401845 3.944495
420.585297 438.066895     25.499023 8.451172 39.329102     -0.409732 -0.912206 0.912206 -0.409732     18.334815 18.334815 1.543940
440.283905 399.754242     16.683594 1.687500 34.187500     -0.997874 -0.065172 0.065172 -0.997874     17.371643 17.371643 3.908425
419.941071 438.082886     25.551758 0.787109 158.293945     -0.261896 -0.965096 0.965096 -0.261896     25.641981 25.641981 1.696396
63.634068 61.640377     16302.800781 1441.304688 13433.445312     -0.907211 -0.420676 0.420676 -0.907211     4.626400 4.626400 1.529555
63.634068 61.640377     20.710938 -6.107666 27.518799     -0.907211 -0.420676 0.420676 -0.907211     4.626400 4.626400 3.600551
440.698669 399.721863     75.927734 -33.218750 178.500000     -0.999995 0.003037 -0.003037 -0.999995     18.791102 18.791102 0.784499
440.698669 399.721863     232.417969 167.882812 125.414062     -0.999995 0.003037 -0.003037 -0.999995     18.791102 18.791102 3.935772
232.542175 398.698792     952.968750 1747.703125 16959.033203     -0.988430 0.151680 -0.151680 -0.988430     14.603218 14.603218 4.453711
316.526306 107.133606     58.062500 -218.142578 894.644043     -0.700090 -0.714054 0.714054 -0.700090     8.151876 8.151876 1.628783
316.526306 107.133606     88.781250 -102.945312 123.691406     -0.700090 -0.714054 0.714054 -0.700090     8.151876 8.151876 4.094800
239.338852 403.062622     15.671875 17.718750 40.207031     -0.945035 -0.326970 0.326970 -0.945035     23.656222 23.656222 4.078671
239.338852 403.062622     57.718750 75.187500 107.460938     -0.945035 -0.326970 0.326970 -0.945035     23.656222 23.656222 4.725537
122.945946 457.435425     514.710938 -77.355469 12.950195     -0.852262 -0.523115 0.523115 -0.852262     18.228457 18.228457 2.150571
102.619858 418.806305     518.906250 -77.535156 13.172852     -0.840599 -0.541657 0.541657 -0.840599     31.749915 31.749915 1.127097
102.619858 418.806305     1803.343750 -342.656250 79.902344     -0.840599 -0.541657 0.541657 -0.840599     31.749915 31.749915 5.286648
61.197144 60.500000     57.609375 4.786011 8.024995     -0.907268 -0.420553 0.420553 -0.907268     4.790408 4.790408 1.537639
61.197144 60.500000     1077.078125 -967.714844 1330.455078     -0.907268 -0.420553 0.420553 -0.907268     4.790408 4.790408 3.596268
54.020737 56.744240     181.257812 12.062500 2.679688     -0.899536 -0.436847 0.436847 -0.899536     6.432845 6.432845 5.601427
172.557693 112.807693     947.211426 686.408203 5887.321289     -0.907314 -0.420454 0.420454 -0.907314     6.948346 6.948346 2.927083
172.557693 112.807693     135.125000 -355.046875 1026.625000     -0.907314 -0.420454 0.420454 -0.907314     6.948346 6.948346 6.136419
167.457367 110.554260     770.480347 16.126953 48.500000     -0.908189 -0.418559 0.418559 -0.908189     6.456563 6.456563 1.541167
167.457367 110.554260     584.671875 87.578125 165.695312     -0.908189 -0.418559 0.418559 -0.908189     6.456563 6.456563 2.923351
164.572922 109.288193     47.692383 -5.257812 28.578125     -0.908660 -0.417536 0.417536 -0.908660     6.270342 6.270342 1.543234
164.572922 109.288193     685.828125 111.359375 268.335754     -0.908660 -0.417536 0.417536 -0.908660     6.270342 6.270342 2.951524
303.137390 184.049545     25.664062 17.449219 73.093750     -0.916491 -0.400056 0.400056 -0.916491     23.833156 23.833156 4.772498
161.552048 107.949524     303.425781 16.648438 244.589844     -0.909032 -0.416726 0.416726 -0.909032     6.451439 6.451439 1.548793
317.853455 151.129303     14.125000 8.171875 47.757812     -0.905822 0.423658 -0.423658 -0.905822     6.943581 6.943581 1.474309
317.853455 151.129303     27.656250 -59.776367 397.494629     -0.905822 0.423658 -0.423658 -0.905822     6.943581 6.943581 4.633466
212.169998 289.695007     44.019531 -18.246094 86.601562     -0.059127 -0.998250 0.998250 -0.059127     5.641260 5.641260 4.771608
