1.0
893
212.438904 323.426849     35.191406 34.726562 181.273438     -0.220087 -0.975480 0.975480 -0.220087     23.536524 23.536524 2.197506
166.759537 306.723633     190.501953 -251.406250 774.156250     0.348119 -0.937450 0.937450 0.348119     44.352560 44.352560 1.772394
235.114914 75.810562     14.867188 0.701172 70.619141     -0.012574 -0.999921 0.999921 -0.012574     17.345951 17.345951 3.150351
231.544357 105.431450     10.906250 4.974609 66.624023     -0.088236 -0.996100 0.996100 -0.088236     14.557754 14.557754 4.810560
176.039307 321.983612     652.171875 -126.335938 1052.484375     0.277814 -0.960635 0.960635 0.277814     111.654034 111.654034 2.062977
176.039307 321.983612     44.640625 0.531738 41.284546     0.277814 -0.960635 0.960635 0.277814     111.654034 111.654034 4.319272
270.600433 57.257320     145.250000 24.934204 21.377415     -0.321344 -0.946963 0.946963 -0.321344     29.534012 29.534012 3.444034
270.600433 57.257320     926.093750 -41.185547 1095.114014     -0.321344 -0.946963 0.946963 -0.321344     29.534012 29.534012 3.963851
175.271240 336.122437     1106.011719 -129.845703 1205.799805     -0.054239 -0.998528 0.998528 -0.054239     114.256476 114.256476 4.618544
122.424660 278.297943     1437.988281 -32.493164 1178.886475     0.021532 -0.999768 0.999768 0.021532     12.669441 12.669441 0.873263
122.424660 278.297943     28.112305 -85.656250 1647.953125     0.021532 -0.999768 0.999768 0.021532     12.669441 12.669441 3.875394
177.120087 337.498444     87.812500 -96.781250 219.093750     -0.161592 -0.986858 0.986858 -0.161592     127.990123 127.990123 4.697110
123.224113 266.665253     17.218750 0.507812 26.250000     0.081183 -0.996699 0.996699 0.081183     16.069808 16.069808 1.718539
123.255318 265.458618     91.281250 -88.593750 218.921875     0.081398 -0.996682 0.996682 0.081398     17.739299 17.739299 1.761139
304.955444 105.034653     44.854492 -77.476562 249.437500     0.350331 -0.936626 0.936626 0.350331     18.479955 18.479955 3.955888
304.955444 105.034653     104.187500 -86.656250 228.875000     0.350331 -0.936626 0.936626 0.350331     18.479955 18.479955 4.555725
122.190414 272.000000     55.845703 -1.693359 1996.421875     0.052659 -0.998613 0.998613 0.052659     21.858815 21.858815 1.653647
266.065735 374.690155     90.621719 19.299805 196.484375     -0.055964 -0.998433 0.998433 -0.055964     18.657527 18.657527 4.591116
121.790176 270.656647     1204.785156 302.660156 1660.507812     0.044175 -0.999024 0.999024 0.044175     23.866231 23.866231 1.651600
250.148712 237.224335     59.500000 -18.062500 51.002930     -0.750428 -0.660952 0.660952 -0.750428     16.455556 16.455556 4.744848
119.072479 265.778107     32.234375 -8.171875 40.472656     0.002331 -0.999997 0.999997 0.002331     33.041017 33.041017 1.596748
104.700401 388.884613     12.659668 -29.814453 189.765625     0.318468 -0.947934 0.947934 0.318468     19.524723 19.524723 4.581441
287.830994 289.535217     51.875000 -52.539062 62.453125     -0.723989 -0.689811 0.689811 -0.723989     7.306769 7.306769 4.712458
105.211311 388.935120     42.366211 37.674805 71.523438     0.315513 -0.948921 0.948921 0.315513     21.629415 21.629415 4.574535
118.776878 265.946442     59.281250 -37.554688 43.080078     0.000873 -1.000000 1.000000 0.000873     33.628047 33.628047 1.597879
272.320740 257.678314     66.640625 -40.820312 76.246094     -0.752757 -0.658298 0.658298 -0.752757     23.365942 23.365942 4.736796
115.516304 288.359161     66.892654 100.512939 342.878906     0.063970 -0.997952 0.997952 0.063970     39.494738 39.494738 1.571858
115.516304 288.359161     29.500000 12.253906 67.110352     0.063970 -0.997952 0.997952 0.063970     39.494738 39.494738 4.702980
67.666664 203.279831     1843.828125 825.644531 2631.937500     -0.516324 -0.856393 0.856393 -0.516324     15.558833 15.558833 1.880397
545.890808 103.303757     26.970703 17.912109 54.953125     -0.783889 0.620901 -0.620901 -0.783889     27.259764 27.259764 0.372464
545.890808 103.303757     34.055176 -51.511230 168.786133     -0.783889 0.620901 -0.620901 -0.783889     27.259764 27.259764 4.817174
490.842316 150.376923     3256.242188 2829.812500 2582.781250     0.524350 -0.851503 0.851503 0.524350     23.470071 23.470071 4.360963
90.215019 311.361786     59.156250 -61.593750 74.070312     0.161669 -0.986845 0.986845 0.161669     12.547928 12.547928 4.735040
273.371246 260.918640     176.390625 -125.867188 348.715820     -0.749913 -0.661537 0.661537 -0.749913     34.602331 34.602331 4.731807
371.423798 340.118958     25.594788 22.237305 44.742188     0.670760 -0.741675 0.741675 0.670760     9.395681 9.395681 3.249239
69.326981 204.847626     16.742188 -1.484375 86.687500     -0.565295 -0.824889 0.824889 -0.565295     18.305494 18.305494 1.971924
517.476562 113.003609     33.246582 -7.398438 41.921875     -0.778091 0.628151 -0.628151 -0.778091     16.075935 16.075935 1.297136
517.476562 113.003609     27.383095 12.951416 112.710938     -0.778091 0.628151 -0.628151 -0.778091     16.075935 16.075935 3.261164
492.491608 147.480453     86.105331 40.817871 469.625000     0.664511 -0.747278 0.747278 0.664511     24.787397 24.787397 4.328516
492.554596 117.109169     41.296631 47.252930 160.207031     -0.284762 -0.958598 0.958598 -0.284762     22.883659 22.883659 1.255128
492.554596 117.109169     61.001953 47.643555 150.566406     -0.284762 -0.958598 0.958598 -0.284762     22.883659 22.883659 1.526905
88.614586 313.263031     129.281250 -84.750000 261.843750     0.235922 -0.971772 0.971772 0.235922     17.563906 17.563906 4.733310
546.039246 102.615181     101.524902 116.412109 240.382812     -0.952242 0.305343 -0.305343 -0.952242     30.429154 30.429154 4.594138
546.039246 102.615181     131.634521 55.820312 74.796875     -0.952242 0.305343 -0.305343 -0.952242     30.429154 30.429154 5.559104
54.343136 235.200974     2542.386719 841.164062 2579.523438     -0.438422 -0.898769 0.898769 -0.438422     19.215121 19.215121 0.231836
54.343136 235.200974     31.359375 20.917969 57.037109     -0.438422 -0.898769 0.898769 -0.438422     19.215121 19.215121 0.712096
50.172012 66.903793     118.597412 -72.441406 209.344238     0.320642 -0.947201 0.947201 0.320642     18.344252 18.344252 4.614475
271.658997 260.074799     86.961914 -46.861328 66.168945     -0.747717 -0.664018 0.664018 -0.747717     37.578423 37.578423 4.732299
371.073578 340.682281     12.859375 5.628906 57.297852     0.663253 -0.748395 0.748395 0.663253     9.619659 9.619659 3.299584
70.594269 206.770889     33.296875 20.144531 46.306641     -0.533775 -0.845627 0.845627 -0.533775     18.695069 18.695069 1.821010
500.986908 124.933685     279.187500 -151.460938 357.577148     0.466436 -0.884555 0.884555 0.466436     47.200577 47.200577 4.512576
24.935644 342.064362     3458.593750 2917.664062 2654.421875     -0.549803 -0.835295 0.835295 -0.549803     14.896211 14.896211 0.982948
24.935644 342.064362     1018.203125 878.289062 758.046875     -0.549803 -0.835295 0.835295 -0.549803     14.896211 14.896211 4.184716
66.975708 407.615387     89.951263 47.668945 502.187500     0.497104 -0.867691 0.867691 0.497104     24.236575 24.236575 4.099009
33.164265 311.902008     23.388672 -11.994629 34.283203     -0.517643 -0.855597 0.855597 -0.517643     14.645706 14.645706 1.117292
33.164265 311.902008     837.593750 -415.996094 437.390625     -0.517643 -0.855597 0.855597 -0.517643     14.645706 14.645706 4.497835
52.084389 227.181427     25.101562 -6.125000 88.546875     -0.329497 -0.944157 0.944157 -0.329497     22.412557 22.412557 1.755583
71.351349 209.900345     1034.289062 884.070312 756.031250     -0.396933 -0.917847 0.917847 -0.396933     28.601730 28.601730 1.838528
546.464722 102.358925     258.516602 9.237793 311.816406     -0.983370 0.181613 -0.181613 -0.983370     33.936839 33.936839 5.008753
546.464722 102.358925     112.373047 19.770508 30.601562     -0.983370 0.181613 -0.181613 -0.983370     33.936839 33.936839 5.498125
501.110260 124.938400     3747.812500 2901.726562 2573.703125     0.447178 -0.894445 0.894445 0.447178     48.025074 48.025074 4.518407
55.972935 232.329056     112.807617 17.249023 34.859375     -0.493850 -0.869547 0.869547 -0.493850     26.777806 26.777806 1.218714
55.972935 232.329056     309.406738 -16.576660 352.558594     -0.493850 -0.869547 0.869547 -0.493850     26.777806 26.777806 4.404321
59.062500 403.077637     31.757812 -14.702637 62.124619     -0.852555 -0.522638 0.522638 -0.852555     28.665232 28.665232 5.230214
433.611359 97.860260     45.956970 1.748779 22.291748     -0.488313 -0.872668 0.872668 -0.488313     19.950001 19.950001 1.032527
433.611359 97.860260     25.687500 11.615234 45.265625     -0.488313 -0.872668 0.872668 -0.488313     19.950001 19.950001 2.324567
57.626316 65.603951     36.467407 5.303711 42.134766     0.484345 -0.874877 0.874877 0.484345     39.868257 39.868257 4.444494
80.686783 90.856323     5185.645508 1513.804688 5453.937500     -0.779933 0.625863 -0.625863 -0.779933     24.050675 24.050675 1.087497
143.462814 99.603302     43.312500 3.468750 70.843750     -0.123739 -0.992315 0.992315 -0.123739     15.690399 15.690399 4.829849
444.048584 124.174088     18.929688 10.841797 193.415039     -0.588521 -0.808482 0.808482 -0.588521     19.424690 19.424690 1.397482
444.048584 124.174088     4906.267578 2189.349609 9593.148438     -0.588521 -0.808482 0.808482 -0.588521     19.424690 19.424690 1.806458
501.822327 126.642372     3928.804688 2882.656250 2564.375000     0.612158 -0.790736 0.790736 0.612158     57.263658 57.263658 4.377999
271.593170 263.401245     3867.125000 227.527344 567.934570     -0.753830 -0.657069 0.657069 -0.753830     47.467673 47.467673 4.733108
325.466888 283.240417     2356.820312 158.250000 1275.056641     -0.757135 -0.653259 0.653259 -0.757135     2.275250 2.275250 4.711569
80.097321 91.445259     141.437500 -90.875000 288.781250     -0.813295 0.581851 -0.581851 -0.813295     26.709366 26.709366 1.016333
337.225494 119.955879     24.265625 -21.742188 58.465576     -0.984168 0.177237 -0.177237 -0.984168     15.709952 15.709952 1.658602
337.225494 119.955879     36.838867 8.670898 97.418457     -0.984168 0.177237 -0.177237 -0.984168     15.709952 15.709952 2.669852
143.204865 98.006943     814.335938 690.429688 587.320312     -0.167589 -0.985857 0.985857 -0.167589     15.787517 15.787517 4.862012
336.329987 288.195007     51.390625 14.500000 127.046875     -0.760118 -0.649786 0.649786 -0.760118     2.100073 2.100073 4.710515
436.917542 108.675392     36.718750 -30.484375 67.117188     -0.344705 -0.938711 0.938711 -0.344705     36.918165 36.918165 5.015950
116.080956 70.290474     12374.132812 2624.208984 1696.099121     0.541526 -0.840684 0.840684 0.541526     17.809050 17.809050 1.766129
116.080956 70.290474     240.015625 107.687500 98.937500     0.541526 -0.840684 0.840684 0.541526     17.809050 17.809050 3.551154
509.088074 121.765602     3930.851562 2851.328125 2605.101562     -0.846604 0.532223 -0.532223 -0.846604     59.677499 59.677499 1.098219
327.206360 280.384918     68.906250 -95.731445 197.649536     -0.760085 -0.649823 0.649823 -0.760085     2.058349 2.058349 4.714037
110.925499 100.988541     55.906250 8.187500 139.953125     -0.974749 -0.223304 0.223304 -0.974749     22.977497 22.977497 6.110280
263.227081 260.490479     52.281250 5.757812 15.695312     -0.774046 -0.633129 0.633129 -0.774046     63.678198 63.678198 4.737936
539.753723 146.014786     647.187500 548.875000 467.535156     -0.879109 0.476620 -0.476620 -0.879109     27.441988 27.441988 1.079185
489.089142 120.038834     280.882812 15.953125 82.734375     -0.984770 0.173865 -0.173865 -0.984770     89.427445 89.427445 0.640113
142.722366 96.477089     74.125000 -36.562500 56.492188     -0.140703 -0.990052 0.990052 -0.140703     18.548342 18.548342 4.840070
374.789459 121.881897     159.125000 54.015625 47.851562     -0.011821 -0.999930 0.999930 -0.011821     44.739321 44.739321 4.845226
110.921570 100.291664     83.203125 10.406250 17.646484     -0.978377 -0.206828 0.206828 -0.978377     25.140848 25.140848 6.143507
260.676331 259.707306     56.875000 -20.312500 138.564453     -0.783372 -0.621553 0.621553 -0.783372     69.890259 69.890259 4.738811
28.250996 43.207172     12951.523438 2599.046875 1690.444336     -0.997310 -0.073300 0.073300 -0.997310     21.185022 21.185022 1.323444
28.250996 43.207172     69.953125 -20.946289 59.438416     -0.997310 -0.073300 0.073300 -0.997310     21.185022 21.185022 1.693292
378.909088 64.837120     47.250000 8.218750 31.328125     -0.421642 -0.906763 0.906763 -0.421642     20.268219 20.268219 0.459579
378.909088 64.837120     912.687500 90.937500 136.910156     -0.421642 -0.906763 0.906763 -0.421642     20.268219 20.268219 1.030835
33.623882 131.379105     151.875000 56.984375 52.867188     -0.514179 -0.857683 0.857683 -0.514179     25.963028 25.963028 1.626562
33.623882 131.379105     95.339844 10.179688 21.736328     -0.514179 -0.857683 0.857683 -0.514179     25.963028 25.963028 3.945257
118.044044 67.126945     63.798828 -8.173218 26.549129     0.278406 -0.960464 0.960464 0.278406     22.713310 22.713310 1.816013
118.044044 67.126945     59.156250 43.890625 111.523438     0.278406 -0.960464 0.960464 0.278406     22.713310 22.713310 2.135355
142.665375 91.439072     107.156250 115.062500 246.937500     -0.061780 -0.998090 0.998090 -0.061780     19.228540 19.228540 4.795959
257.937836 260.070190     95.656250 -45.350586 78.295166     -0.784315 -0.620363 0.620363 -0.784315     75.876224 75.876224 4.737906
465.245209 118.333221     633.046875 538.265625 459.933594     -0.997653 -0.068479 0.068479 -0.997653     105.756431 105.756431 0.222324
436.363647 21.127274     93.593750 -41.289062 81.085938     0.436922 -0.899499 0.899499 0.436922     16.658866 16.658866 0.218650
436.363647 21.127274     113.792969 14.478516 28.291016     0.436922 -0.899499 0.899499 0.436922     16.658866 16.658866 1.458518
119.702248 69.500000     70.875000 26.859375 100.804688     -0.138953 -0.990299 0.990299 -0.138953     26.857957 26.857957 0.527195
119.702248 69.500000     150.843750 -98.093750 340.703125     -0.138953 -0.990299 0.990299 -0.138953     26.857957 26.857957 0.986167
421.098907 218.602783     220.031250 45.468750 194.421875     -0.883643 -0.468162 0.468162 -0.883643     25.980718 25.980718 2.255379
361.447662 227.119141     1490.156250 1263.648438 1071.960938     -0.762307 -0.647216 0.647216 -0.762307     4.784003 4.784003 1.580329
361.447662 227.119141     109.968750 112.046875 244.453125     -0.762307 -0.647216 0.647216 -0.762307     4.784003 4.784003 4.773767
457.295868 238.797760     104.656250 -38.707031 79.808044     0.526211 -0.850354 0.850354 0.526211     19.014615 19.014615 4.699117
421.604309 219.517990     28.156250 -2.718750 27.031250     -0.879757 -0.475423 0.475423 -0.879757     28.723573 28.723573 2.289192
256.140900 261.543945     805.234375 -149.296875 150.328125     -0.783084 -0.621916 0.621916 -0.783084     83.050294 83.050294 4.734740
482.324677 218.575760     83.171875 -16.410156 71.414062     -0.524972 -0.851119 0.851119 -0.524972     22.975185 22.975185 2.163500
431.958923 31.683779     142.546875 -48.015625 67.390625     0.470106 -0.882610 0.882610 0.470106     19.047625 19.047625 1.290689
431.958923 31.683779     213.062500 51.484375 217.687500     0.470106 -0.882610 0.882610 0.470106     19.047625 19.047625 4.792484
490.637207 259.359741     107.562500 98.687500 237.671875     -0.769662 0.638452 -0.638452 -0.769662     22.620303 22.620303 1.439697
481.635651 218.186050     1097.953125 365.015625 371.691406     -0.717426 -0.696635 0.696635 -0.717426     23.110645 23.110645 2.330159
430.964935 224.776291     145.906250 42.218750 119.046875     -0.874188 -0.485588 0.485588 -0.874188     32.824894 32.824894 2.209585
587.264160 419.883026     112.031250 -37.644531 121.962769     0.249310 -0.968424 0.968424 0.249310     25.413084 25.413084 2.180587
587.264160 419.883026     40.375000 9.804688 19.906250     0.249310 -0.968424 0.968424 0.249310     25.413084 25.413084 4.228595
452.728882 214.399994     1084.703125 910.859375 765.250000     -0.988399 -0.151879 0.151879 -0.988399     17.318019 17.318019 3.049177
362.100464 228.153107     424.437500 -482.828125 1735.781250     -0.762072 -0.647493 0.647493 -0.762072     4.897856 4.897856 1.566527
362.100464 228.153107     124.906250 51.078125 32.656250     -0.762072 -0.647493 0.647493 -0.762072     4.897856 4.897856 4.781845
491.354919 259.248718     112.093750 -90.478516 150.026123     -0.785625 0.618703 -0.618703 -0.785625     23.683065 23.683065 1.384936
591.368042 327.663208     1118.828125 355.843750 369.253906     -0.926683 -0.375844 0.375844 -0.926683     22.920816 22.920816 1.573250
591.368042 327.663208     164.312500 -22.000000 330.210938     -0.926683 -0.375844 0.375844 -0.926683     22.920816 22.920816 5.098589
225.675446 139.932755     39.171875 -4.718750 27.171875     -0.988211 -0.153100 0.153100 -0.988211     18.019271 18.019271 0.904460
225.675446 139.932755     48.843750 2.156250 72.281250     -0.988211 -0.153100 0.153100 -0.988211     18.019271 18.019271 3.100991
579.717773 407.945068     44.281250 11.562500 20.789062     -0.486660 -0.873591 0.873591 -0.486660     26.193596 26.193596 1.320918
579.717773 407.945068     534.179688 481.703125 461.187500     -0.486660 -0.873591 0.873591 -0.486660     26.193596 26.193596 4.770303
578.938782 160.419495     134.500000 -47.789062 163.465210     0.228705 -0.973496 0.973496 0.228705     32.482071 32.482071 4.492343
578.938782 160.419495     167.277344 32.005859 46.603516     0.228705 -0.973496 0.973496 0.228705     32.482071 32.482071 5.027636
580.597168 362.872040     1167.687500 375.148438 377.281250     -0.920802 -0.390031 0.390031 -0.920802     23.746549 23.746549 2.046848
580.597168 362.872040     1202.343750 1010.625000 849.804688     -0.920802 -0.390031 0.390031 -0.920802     23.746549 23.746549 4.933282
448.443604 223.048935     16.166016 -8.898438 27.453125     -0.993379 -0.114887 0.114887 -0.993379     50.591077 50.591077 0.914044
590.988525 327.353455     59.015625 17.140625 24.039062     -0.909895 -0.414838 0.414838 -0.909895     23.333683 23.333683 1.534651
590.988525 327.353455     18.048828 -9.183594 31.765625     -0.909895 -0.414838 0.414838 -0.909895     23.333683 23.333683 2.045644
226.548615 139.708328     2176.843750 -354.703125 285.359375     -0.990911 -0.134522 0.134522 -0.990911     20.302123 20.302123 3.143079
552.417603 316.532562     26.062500 -8.396484 28.786316     -0.493799 -0.869576 0.869576 -0.493799     26.328820 26.328820 0.862427
552.417603 316.532562     1440.882812 1211.140625 1018.390625     -0.493799 -0.869576 0.869576 -0.493799     26.328820 26.328820 1.543576
330.879364 279.252930     1144.125000 417.046875 3856.890625     -0.762613 -0.646855 0.646855 -0.762613     2.132264 2.132264 4.710039
579.122864 408.086609     1306.390625 406.703125 392.796875     -0.490333 -0.871535 0.871535 -0.490333     29.309194 29.309194 1.221690
579.122864 408.086609     89.125000 -4.856445 20.655945     -0.490333 -0.871535 0.871535 -0.490333     29.309194 29.309194 4.342582
613.652466 325.222565     47.390625 -6.453125 13.781250     -0.592618 -0.805484 0.805484 -0.592618     22.181247 22.181247 3.167962
613.652466 325.222565     2409.671875 -323.375000 298.203125     -0.592618 -0.805484 0.805484 -0.592618     22.181247 22.181247 4.315009
362.213226 228.356079     30.281250 -6.054688 28.402771     -0.761172 -0.648550 0.648550 -0.761172     5.149679 5.149679 1.566964
362.213226 228.356079     88.750000 -45.218750 92.027344     -0.761172 -0.648550 0.648550 -0.761172     5.149679 5.149679 4.781606
590.009705 327.313873     31.730469 8.523438 72.953125     -0.921915 -0.387392 0.387392 -0.921915     23.862170 23.862170 1.769807
590.009705 327.313873     335.531250 73.613281 85.781250     -0.921915 -0.387392 0.387392 -0.921915     23.862170 23.862170 5.206242
572.100525 363.306519     59.050781 40.835938 116.687500     -0.999626 -0.027360 0.027360 -0.999626     29.115909 29.115909 1.469852
466.121429 420.567871     68.507812 43.027344 121.796875     0.204432 -0.978881 0.978881 0.204432     21.653628 21.653628 1.229066
491.833893 256.028809     53.359375 -22.062500 27.593750     -0.758208 0.652013 -0.652013 -0.758208     30.380779 30.380779 1.379888
226.680435 139.375229     385.402344 95.183594 112.728516     -0.986700 -0.162549 0.162549 -0.986700     22.903995 22.903995 3.075037
552.867249 316.147491     1424.312500 1186.414062 988.554688     -0.506601 -0.862181 0.862181 -0.506601     33.401076 33.401076 0.673970
552.867249 316.147491     81.384766 43.667969 123.390625     -0.506601 -0.862181 0.862181 -0.506601     33.401076 33.401076 1.337426
320.340698 270.309143     52.250000 -18.828125 26.335938     -0.762644 -0.646819 0.646819 -0.762644     2.144682 2.144682 4.714446
579.075867 407.865845     1164.625000 961.601562 794.312500     -0.492659 -0.870223 0.870223 -0.492659     30.697691 30.697691 1.263758
579.075867 407.865845     77.375000 -28.515625 26.546875     -0.492659 -0.870223 0.870223 -0.492659     30.697691 30.697691 4.390912
553.743469 318.163910     1073.812500 862.492188 760.121094     -0.425037 -0.905176 0.905176 -0.425037     31.777866 31.777866 0.630597
553.743469 318.163910     1370.984375 1131.796875 934.710938     -0.425037 -0.905176 0.905176 -0.425037     31.777866 31.777866 1.049243
458.665955 423.036163     41.609375 -18.156250 82.828125     -0.898976 0.437998 -0.437998 -0.898976     29.848435 29.848435 3.386015
579.632507 407.136505     202.435547 29.453125 140.781250     -0.474143 -0.880448 0.880448 -0.474143     33.195480 33.195480 1.280588
584.752502 64.495049     34.515625 13.687500 37.390625     -0.855190 -0.518315 0.518315 -0.855190     24.545644 24.545644 1.681243
584.752502 64.495049     240.205078 27.492188 146.609375     -0.855190 -0.518315 0.518315 -0.855190     24.545644 24.545644 4.940271
461.978180 232.711090     94.890625 -46.015625 41.906250     -0.923383 -0.383879 0.383879 -0.923383     66.737173 66.737173 2.476164
547.846130 317.186401     45.640625 14.343750 20.183594     -0.807196 -0.590283 0.590283 -0.807196     42.255287 42.255287 0.980106
547.846130 317.186401     46.925781 11.828125 34.312500     -0.807196 -0.590283 0.590283 -0.807196     42.255287 42.255287 1.580738
419.071655 269.387634     341.726562 76.890625 109.152344     -0.927929 -0.372758 0.372758 -0.927929     17.981772 17.981772 0.553191
419.071655 269.387634     50.949219 12.937500 34.500000     -0.927929 -0.372758 0.372758 -0.927929     17.981772 17.981772 6.297693
227.837906 139.372253     103.437500 -53.656250 48.406250     -0.976150 -0.217099 0.217099 -0.976150     25.423999 25.423999 2.953567
329.680511 274.087128     92.949219 43.046875 56.343750     -0.765742 -0.643148 0.643148 -0.765742     2.103735 2.103735 4.706442
472.098999 463.722778     367.521484 30.757812 163.312500     -0.913840 -0.406075 0.406075 -0.913840     14.201108 14.201108 5.635551
591.327209 54.730415     477.650391 -93.343750 258.312500     0.630412 -0.776261 0.776261 0.630412     27.963413 27.963413 1.398427
464.641235 233.337448     176.304688 110.523438 129.515625     -0.928762 -0.370677 0.370677 -0.928762     67.834177 67.834177 2.508817
550.396973 307.858551     622.697266 -116.367188 264.031250     0.129264 -0.991610 0.991610 0.129264     57.177388 57.177388 1.153632
492.529663 449.474579     215.523438 143.359375 160.531250     -0.944996 0.327082 -0.327082 -0.944996     22.741087 22.741087 0.947173
492.529663 449.474579     25.828125 17.218750 36.312500     -0.944996 0.327082 -0.327082 -0.944996     22.741087 22.741087 2.251284
532.043823 441.028351     218.804688 152.312500 184.203125     -0.090857 -0.995864 0.995864 -0.090857     31.386339 31.386339 1.603224
532.043823 441.028351     743.707031 -116.351562 269.125000     -0.090857 -0.995864 0.995864 -0.090857     31.386339 31.386339 2.443363
419.466064 269.280243     464.687500 371.617188 395.953125     -0.925379 -0.379042 0.379042 -0.925379     18.029777 18.029777 0.558768
419.466064 269.280243     37.546875 -7.398438 37.265625     -0.925379 -0.379042 0.379042 -0.925379     18.029777 18.029777 3.551758
358.475708 222.614288     40.101562 -8.117188 42.625000     -0.733331 -0.679872 0.679872 -0.733331     17.194411 17.194411 5.935519
228.698044 139.851898     63.906250 1.234375 53.515625     -0.970414 -0.241446 0.241446 -0.970414     27.972567 27.972567 2.903987
228.698044 139.851898     468.171875 -71.875000 12.750000     -0.970414 -0.241446 0.241446 -0.970414     27.972567 27.972567 6.071075
130.490005 450.434998     27.781250 -22.363281 76.328125     0.532468 -0.846450 0.846450 0.532468     13.989502 13.989502 0.543923
532.042786 441.221985     322.343750 275.351562 236.390625     -0.066927 -0.997758 0.997758 -0.066927     32.831997 32.831997 1.659148
532.042786 441.221985     225.468750 1.515625 46.851562     -0.066927 -0.997758 0.997758 -0.066927     32.831997 32.831997 5.459368
467.461273 234.524704     34.695312 1.832031 13.976562     -0.928781 -0.370628 0.370628 -0.928781     67.885749 67.885749 2.509025
326.703979 271.584839     497.453125 427.804688 369.343750     -0.765448 -0.643497 0.643497 -0.765448     1.973023 1.973023 4.710144
130.787613 450.814148     32.070312 26.218750 32.000000     0.481879 -0.876238 0.876238 0.481879     15.108480 15.108480 0.588864
420.722076 269.459045     67.359375 0.453125 61.000000     -0.925789 -0.378041 0.378041 -0.925789     18.575668 18.575668 0.603756
420.722076 269.459045     275.043945 -81.141602 232.849609     -0.925789 -0.378041 0.378041 -0.925789     18.575668 18.575668 3.635802
131.359848 451.147736     565.519531 -95.179688 18.703125     0.448128 -0.893969 0.893969 0.448128     16.500518 16.500518 0.621243
360.783722 220.153778     506.488281 70.570312 11.681641     -0.726945 -0.686696 0.686696 -0.726945     29.180684 29.180684 6.049562
229.603058 140.175568     44.835938 31.328125 37.171875     -0.967727 -0.252001 0.252001 -0.967727     29.824314 29.824314 2.865339
229.603058 140.175568     61.671875 10.855469 18.837891     -0.967727 -0.252001 0.252001 -0.967727     29.824314 29.824314 6.030856
322.146027 267.768250     217.382812 -131.187500 102.921875     -0.765449 -0.643496 0.643496 -0.765449     2.069198 2.069198 4.708721
230.504761 140.554886     1733.062500 -181.914062 97.596680     -0.966288 -0.257464 0.257464 -0.966288     30.900890 30.900890 2.846873
230.504761 140.554886     1926.539062 -71.507812 110.203125     -0.966288 -0.257464 0.257464 -0.966288     30.900890 30.900890 6.007290
472.114624 235.933807     57.429688 39.984375 46.234375     -0.934578 -0.355758 0.355758 -0.934578     69.419769 69.419769 2.511283
492.722473 400.138763     249.520020 -68.542969 69.625000     -0.983244 0.182297 -0.182297 -0.983244     15.963788 15.963788 2.879459
133.553696 454.479706     271.166992 -60.804688 14.765625     -0.146538 -0.989205 0.989205 -0.146538     23.158139 23.158139 1.095168
328.792694 269.349579     1132.140625 872.500000 684.273438     -0.768589 -0.639743 0.639743 -0.768589     2.012654 2.012654 4.712158
377.602478 233.840988     44.671875 -34.437500 54.921875     -0.763430 -0.645891 0.645891 -0.763430     27.882660 27.882660 4.772716
377.602478 233.840988     1736.539062 137.687500 580.531250     -0.763430 -0.645891 0.645891 -0.763430     27.882660 27.882660 6.313877
582.527649 210.112900     788.156250 -259.562500 88.312500     0.694185 -0.719797 0.719797 0.694185     30.233919 30.233919 0.299403
582.527649 210.112900     328.203125 6.996094 24.796875     0.694185 -0.719797 0.719797 0.694185     30.233919 30.233919 0.691216
236.876053 143.027206     1236.875000 961.929688 763.550781     -0.964743 -0.263193 0.263193 -0.964743     36.474641 36.474641 2.821227
236.876053 143.027206     27.312500 -15.000000 51.171875     -0.964743 -0.263193 0.263193 -0.964743     36.474641 36.474641 5.972441
83.714951 438.771027     60.562500 -96.074219 168.140625     -0.991561 0.129640 -0.129640 -0.991561     2.864456 2.864456 4.725873
452.398010 344.970154     57.890625 -40.593750 60.187500     -0.867252 0.497870 -0.497870 -0.867252     17.386641 17.386641 0.686102
452.398010 344.970154     821.593750 -265.875000 89.828125     -0.867252 0.497870 -0.497870 -0.867252     17.386641 17.386641 3.849751
238.705032 144.670654     374.640625 -379.125000 507.515625     -0.953925 -0.300047 0.300047 -0.953925     40.944942 40.944942 2.747170
238.705032 144.670654     118.850586 -17.117188 9.437500     -0.953925 -0.300047 0.300047 -0.953925     40.944942 40.944942 5.874119
324.039856 265.392029     1332.531250 707.570312 1050.554688     -0.768318 -0.640069 0.640069 -0.768318     1.905199 1.905199 4.711644
239.979065 146.072647     30.765625 -17.609375 66.593750     -0.945213 -0.326455 0.326455 -0.945213     44.279850 44.279850 5.798356
317.965820 260.330475     370.164062 12.187500 26.265625     -0.768300 -0.640090 0.640090 -0.768300     2.020204 2.020204 4.710952
463.369995 320.554993     1422.703125 -579.750000 2071.734375     -0.885129 0.465346 -0.465346 -0.885129     18.244307 18.244307 0.636889
463.369995 320.554993     4124.011719 259.843750 539.625000     -0.885129 0.465346 -0.465346 -0.885129     18.244307 18.244307 2.066799
331.121674 267.448669     852.703125 -271.234375 91.500000     -0.771063 -0.636759 0.636759 -0.771063     2.030065 2.030065 4.712147
439.980011 372.274994     69.218750 -44.281250 62.093750     -0.912508 0.409059 -0.409059 -0.912508     16.694865 16.694865 2.144693
439.980011 372.274994     6223.207031 -183.062500 545.406250     -0.912508 0.409059 -0.409059 -0.912508     16.694865 16.694865 4.696115
427.173279 398.633667     113.109375 -76.593750 84.820312     -0.902662 0.430350 -0.430350 -0.902662     16.121800 16.121800 2.088153
427.173279 398.633667     2160.019531 -853.718750 746.921875     -0.902662 0.430350 -0.430350 -0.902662     16.121800 16.121800 4.631088
352.143524 413.787048     3947.625000 601.539062 217.429688     -0.679502 -0.733674 0.733674 -0.679502     16.538154 16.538154 4.362355
352.143524 413.787048     72.296875 -31.718750 31.718750     -0.679502 -0.733674 0.733674 -0.679502     16.538154 16.538154 5.687710
333.852600 265.964142     1405.453125 -437.062500 4218.976562     -0.773912 -0.633293 0.633293 -0.773912     1.988690 1.988690 4.711389
379.404449 235.164810     2241.191406 -417.740234 510.828125     -0.767762 -0.640735 0.640735 -0.767762     28.577400 28.577400 1.892270
379.404449 235.164810     79.796875 -45.218750 63.343750     -0.767762 -0.640735 0.640735 -0.767762     28.577400 28.577400 4.752889
326.488953 263.605682     42.656250 -16.640625 21.250000     -0.771120 -0.636690 0.636690 -0.771120     2.116339 2.116339 4.708569
451.951111 345.186676     13489.312500 -5763.515625 5774.765625     -0.876448 0.481496 -0.481496 -0.876448     17.480382 17.480382 0.683525
451.951111 345.186676     95.640625 25.203125 23.816406     -0.876448 0.481496 -0.481496 -0.876448     17.480382 17.480382 2.356923
438.960876 372.721741     45.820312 -10.933594 21.937500     -0.898482 0.439010 -0.439010 -0.898482     18.134376 18.134376 2.197913
438.960876 372.721741     2393.532227 -297.012695 545.238281     -0.898482 0.439010 -0.439010 -0.898482     18.134376 18.134376 4.691677
462.781250 320.875000     13791.804688 -7850.171875 11371.734375     -0.888723 0.458444 -0.458444 -0.888723     18.126630 18.126630 2.055297
462.781250 320.875000     106.671875 -45.671875 75.812500     -0.888723 0.458444 -0.458444 -0.888723     18.126630 18.126630 5.186190
353.613739 408.452789     91.691406 79.125000 74.146484     0.250724 -0.968059 0.968059 0.250724     25.449660 25.449660 1.989319
353.613739 408.452789     119.140625 -56.796875 116.218750     0.250724 -0.968059 0.968059 0.250724     25.449660 25.449660 3.428020
456.295044 334.053467     2858.492188 -97.568359 562.267578     0.546143 -0.837692 0.837692 0.546143     25.818051 25.818051 1.125079
456.295044 334.053467     13708.296875 -7557.671875 11917.210938     0.546143 -0.837692 0.837692 0.546143     25.818051 25.818051 4.322022
426.174103 399.316956     3242.780273 63.828125 589.029297     -0.876062 0.482198 -0.482198 -0.876062     16.902539 16.902539 2.168012
426.174103 399.316956     128.921875 -61.984375 127.671875     -0.876062 0.482198 -0.482198 -0.876062     16.902539 16.902539 4.631676
353.282745 409.637573     18177.250000 -1416.429688 14237.734375     0.353304 -0.935508 0.935508 0.353304     26.528057 26.528057 1.896853
450.682617 345.991180     11.302734 -12.804199 82.735962     0.468300 -0.883569 0.883569 0.468300     28.439242 28.439242 1.419511
450.682617 345.991180     15.218750 -13.062500 136.885254     0.468300 -0.883569 0.883569 0.468300     28.439242 28.439242 4.688715
246.545868 417.279816     58.656250 -21.492188 29.206055     -0.669161 -0.743118 0.743118 -0.669161     21.197984 21.197984 2.063409
425.636719 399.742188     114.937500 -15.804688 52.595703     -0.865720 0.500529 -0.500529 -0.865720     17.602769 17.602769 2.130174
425.636719 399.742188     89.500000 -25.406250 32.500000     -0.865720 0.500529 -0.500529 -0.865720     17.602769 17.602769 5.300969
372.915497 183.450699     13.982422 -11.850830 94.440460     -0.912068 -0.410038 0.410038 -0.912068     16.677394 16.677394 4.678588
247.344696 417.257568     197.875000 9.078125 102.917969     -0.857464 -0.514544 0.514544 -0.857464     23.475482 23.475482 2.264924
247.344696 417.257568     56.937500 -21.312500 30.957031     -0.857464 -0.514544 0.514544 -0.857464     23.475482 23.475482 3.642051
352.964417 411.110046     51.968750 -18.968750 40.500000     0.342862 -0.939386 0.939386 0.342862     27.043290 27.043290 1.855902
450.775818 345.674805     18689.523438 -924.718750 14041.726562     0.473199 -0.880955 0.880955 0.473199     28.702795 28.702795 1.396479
450.775818 345.674805     37.468750 -12.898438 21.316406     0.473199 -0.880955 0.880955 0.473199     28.702795 28.702795 4.667845
361.824463 181.466400     93.000000 -47.191406 132.852051     -0.957639 -0.287972 0.287972 -0.957639     41.738679 41.738679 2.623099
247.501526 417.620056     345.375000 -32.843750 110.773438     -0.876495 -0.481410 0.481410 -0.876495     23.552738 23.552738 0.322751
247.501526 417.620056     89.156250 -30.203125 156.959961     -0.876495 -0.481410 0.481410 -0.876495     23.552738 23.552738 2.272884
425.053009 400.349823     140.031250 -32.945312 84.820312     -0.853320 0.521387 -0.521387 -0.853320     17.785973 17.785973 2.190813
425.053009 400.349823     98.937500 -70.250000 72.406250     -0.853320 0.521387 -0.521387 -0.853320     17.785973 17.785973 4.643011
250.597015 419.997864     49.812500 11.468750 25.187500     -0.834051 -0.551687 0.551687 -0.834051     23.756493 23.756493 5.200396
353.129700 411.980469     61.937500 -23.750000 40.980469     0.291848 -0.956465 0.956465 0.291848     27.703780 27.703780 1.871471
253.354843 422.218475     194.000000 -46.757812 84.609375     -0.814227 -0.580546 0.580546 -0.814227     22.978391 22.978391 5.125420
143.233185 420.179382     87.781250 4.242188 13.363281     -0.987505 0.157587 -0.157587 -0.987505     12.970219 12.970219 3.185482
143.233185 420.179382     17.052734 -11.766846 109.184052     -0.987505 0.157587 -0.157587 -0.987505     12.970219 12.970219 5.833915
254.047623 422.851837     33.218750 -7.023438 55.326172     -0.813889 -0.581021 0.581021 -0.813889     23.629475 23.629475 5.123338
353.215363 412.486145     35.125000 3.019531 28.670410     0.264349 -0.964427 0.964427 0.264349     28.394542 28.394542 1.826315
180.155106 428.522461     19.062500 -1.358398 104.539337     -0.980382 0.197109 -0.197109 -0.980382     10.838518 10.838518 3.235755
256.597137 426.204468     17.708984 -18.078613 201.630035     -0.800701 -0.599065 0.599065 -0.800701     27.625472 27.625472 5.097681
258.085144 427.944733     209.375000 -66.328125 76.718750     -0.776879 -0.629650 0.629650 -0.776879     28.438392 28.438392 5.092949
260.069275 430.001556     30.906250 6.421875 36.929688     -0.770832 -0.637038 0.637038 -0.770832     29.182398 29.182398 5.026059
260.801819 431.126953     76.250000 26.080078 37.442871     -0.745943 -0.666010 0.666010 -0.745943     31.245681 31.245681 5.019742
269.794647 439.582123     25.500000 -7.734375 28.234375     -0.738948 -0.673763 0.673763 -0.738948     34.009215 34.009215 4.916395
286.114929 425.471893     25314.031250 -3320.601562 14277.382812     -0.713794 0.700356 -0.700356 -0.713794     24.650175 24.650175 2.564757
286.114929 425.471893     59.656250 12.812500 35.343750     -0.713794 0.700356 -0.700356 -0.713794     24.650175 24.650175 4.730905
285.953949 425.236847     21.658203 -25.553467 262.472168     0.650541 -0.759471 0.759471 0.650541     25.908677 25.908677 1.673921
285.953949 425.236847     135.343750 -145.593750 248.515625     0.650541 -0.759471 0.759471 0.650541     25.908677 25.908677 5.811905
285.540741 424.827026     321.593750 -216.546875 301.609009     -0.798454 0.602056 -0.602056 -0.798454     29.034781 29.034781 2.469059
285.540741 424.827026     45.281250 52.429688 135.939453     -0.798454 0.602056 -0.602056 -0.798454     29.034781 29.034781 4.615151
108.453659 171.995117     60.656250 20.718750 46.132812     -0.834801 -0.550552 0.550552 -0.834801     16.567785 16.567785 1.024428
108.453659 171.995117     82.937500 24.515625 71.812500     -0.834801 -0.550552 0.550552 -0.834801     16.567785 16.567785 2.362127
109.946861 154.640091     141.343750 -79.734375 246.687500     -0.914438 0.404727 -0.404727 -0.914438     19.731789 19.731789 1.725377
109.946861 154.640091     29.562500 -11.699219 59.924133     -0.914438 0.404727 -0.404727 -0.914438     19.731789 19.731789 2.215915
108.406013 153.964279     23.152344 -27.886230 282.644714     -0.909924 0.414775 -0.414775 -0.909924     22.619619 22.619619 2.295907
101.219810 172.144928     51.687500 -8.968750 16.632812     -0.991762 -0.128095 0.128095 -0.991762     18.170445 18.170445 1.606375
101.219810 172.144928     46.625000 42.648438 132.308594     -0.991762 -0.128095 0.128095 -0.991762     18.170445 18.170445 2.945094
104.599998 463.557434     49.000000 -20.031250 222.039062     0.370193 -0.928955 0.928955 0.370193     11.158402 11.158402 1.464075
284.259247 423.829315     140.000000 -86.937500 324.765625     -0.993206 -0.116370 0.116370 -0.993206     32.874956 32.874956 1.750818
284.259247 423.829315     45.593750 -30.972656 57.884460     -0.993206 -0.116370 0.116370 -0.993206     32.874956 32.874956 3.920223
188.544586 418.859863     23.781250 -14.968750 31.078125     -0.988338 0.152277 -0.152277 -0.988338     5.825572 5.825572 1.555163
102.562790 159.689896     52.062500 5.607422 57.455688     0.669145 -0.743132 0.743132 0.669145     44.036803 44.036803 0.989021
538.331909 194.383621     71.440964 15.541351 59.230965     -0.155802 -0.987788 0.987788 -0.155802     22.276911 22.276911 5.020143
537.578613 194.979233     29.718750 21.156250 43.812500     -0.995783 -0.091739 0.091739 -0.995783     24.439071 24.439071 6.415346
189.719604 418.598022     166.093750 -238.062500 904.609375     -0.985889 0.167401 -0.167401 -0.985889     6.595860 6.595860 1.526680
373.004242 244.229782     48.468750 -14.937500 26.648438     -0.759675 -0.650303 0.650303 -0.759675     3.716081 3.716081 6.286316
524.099976 195.951691     37.906250 -3.234375 33.078125     -0.999964 -0.008484 0.008484 -0.999964     30.797463 30.797463 3.330852
331.995667 164.830429     84.687500 -3.984375 18.507812     -0.996173 -0.087407 0.087407 -0.996173     16.726334 16.726334 3.914788
366.305817 238.639145     27299.953125 -4817.015625 15675.523438     -0.757654 -0.652657 0.652657 -0.757654     4.087114 4.087114 6.186797
288.701508 466.885559     29.937500 -2.343750 23.984375     -0.707581 -0.706633 0.706633 -0.707581     10.852730 10.852730 1.959328
284.280518 423.242737     56.484375 12.301758 64.020325     -0.997496 -0.070717 0.070717 -0.997496     35.136868 35.136868 1.843383
284.280518 423.242737     52.453125 13.848633 175.031067     -0.997496 -0.070717 0.070717 -0.997496     35.136868 35.136868 3.939100
95.914284 156.848846     28.968750 -10.406250 45.171875     -0.791087 0.611703 -0.611703 -0.791087     58.691343 58.691343 4.027417
190.631012 418.454163     39.937500 10.500000 44.078125     -0.986005 0.166719 -0.166719 -0.986005     7.269493 7.269493 1.545045
148.665222 132.369568     12.226562 4.548828 38.414062     -0.785626 0.618702 -0.618702 -0.785626     15.598066 15.598066 1.300537
517.496765 196.558289     75.908173 6.333237 68.874298     -0.999443 -0.033373 0.033373 -0.999443     34.051370 34.051370 3.267698
222.865326 123.587395     68.687500 22.531250 35.312500     -0.990364 -0.138486 0.138486 -0.990364     6.060088 6.060088 1.554320
222.865326 123.587395     83.437500 -32.750000 46.703125     -0.990364 -0.138486 0.138486 -0.990364     6.060088 6.060088 6.386528
330.194183 163.271851     97.281250 71.096680 255.651611     -0.972616 -0.232416 0.232416 -0.972616     18.136658 18.136658 3.865359
382.333984 250.641068     146.937500 0.393555 11.496704     -0.788877 -0.614551 0.614551 -0.788877     11.305572 11.305572 0.657927
359.910797 384.070435     94.906250 -69.870117 179.591675     -0.836617 0.547788 -0.547788 -0.836617     18.567517 18.567517 5.246060
95.460289 155.394485     33.248047 -21.980957 311.081299     -0.812171 0.583420 -0.583420 -0.812171     63.839737 63.839737 3.999649
194.396851 126.789398     92.875000 3.812500 45.992188     -0.994016 0.109230 -0.109230 -0.994016     39.642569 39.642569 0.850944
251.947281 415.451080     44.889648 35.800171 121.654449     -0.999228 0.039278 -0.039278 -0.999228     46.633608 46.633608 5.762123
308.286835 422.523254     62.796875 6.757080 30.572304     0.297606 -0.954689 0.954689 0.297606     17.295008 17.295008 5.049996
381.428070 249.973999     146.906250 6.860352 14.458410     -0.789773 -0.613400 0.613400 -0.789773     11.882339 11.882339 0.649392
193.785446 127.069008     18.281250 -9.476562 43.019531     -0.993474 0.114060 -0.114060 -0.993474     40.643260 40.643260 0.851673
329.482849 161.781860     386.296875 -141.435547 364.498291     -0.956282 -0.292446 0.292446 -0.956282     20.778990 20.778990 1.697841
329.482849 161.781860     41.968750 2.500000 112.140625     -0.956282 -0.292446 0.292446 -0.956282     20.778990 20.778990 3.782140
93.144371 155.400330     40.595703 -26.194824 141.968872     -0.851538 0.524293 -0.524293 -0.851538     67.771611 67.771611 3.941061
83.554459 431.341583     108.850342 -11.423065 75.374817     -0.975583 0.219630 -0.219630 -0.975583     4.669660 4.669660 4.710206
418.017029 307.876587     52.485352 40.147339 123.284332     -0.893064 0.449930 -0.449930 -0.893064     14.818140 14.818140 3.160863
360.564392 383.378784     86.812500 2.699707 22.510883     -0.842400 0.538852 -0.538852 -0.842400     20.220219 20.220219 5.266709
381.612915 250.165894     20.484375 -11.359375 47.511719     -0.790127 -0.612944 0.612944 -0.790127     12.264625 12.264625 0.662979
475.562836 384.732971     15.115723 3.742188 39.351562     0.652993 -0.757364 0.757364 0.652993     17.416867 17.416867 0.925035
475.562836 384.732971     101.812500 13.296875 47.687500     0.652993 -0.757364 0.757364 0.652993     17.416867 17.416867 2.505568
83.157898 431.550598     39.125000 27.984375 53.742188     -0.974307 0.225223 -0.225223 -0.974307     5.211975 5.211975 4.145171
83.157898 431.550598     455.687500 -235.572266 291.884766     -0.974307 0.225223 -0.225223 -0.974307     5.211975 5.211975 4.665246
420.174561 307.272186     157.376984 -41.696243 93.989075     -0.971012 0.239029 -0.239029 -0.971012     17.926674 17.926674 2.572722
420.174561 307.272186     95.187500 21.877563 108.302979     -0.971012 0.239029 -0.239029 -0.971012     17.926674 17.926674 3.357264
404.262512 429.963745     32.843750 -6.765625 32.804688     -0.949516 0.313719 -0.313719 -0.949516     7.190554 7.190554 1.596052
335.545929 160.413269     34.281250 -2.734375 13.234375     -0.999735 -0.023040 0.023040 -0.999735     22.335437 22.335437 4.262869
91.409889 153.957108     28793.203125 -3589.710938 17122.101562     -0.859688 0.510819 -0.510819 -0.859688     75.352607 75.352607 3.878054
386.102753 253.953888     181.066406 -61.968262 292.739929     -0.787053 -0.616886 0.616886 -0.787053     13.941355 13.941355 0.573204
374.333344 412.923279     22.093750 -8.953125 47.792969     0.434479 -0.900682 0.900682 0.434479     20.163144 20.163144 3.129097
419.327484 307.192993     16.734375 4.109375 50.578125     -0.949125 0.314901 -0.314901 -0.949125     27.579292 27.579292 4.534785
116.577271 458.086365     123.265625 -5.549561 35.544815     0.505709 -0.862704 0.862704 0.505709     9.271213 9.271213 1.457530
82.561745 428.052704     60.062500 1.289062 36.248047     -0.982013 0.188813 -0.188813 -0.982013     16.984093 16.984093 0.209066
374.390900 412.393280     191.621094 -76.439941 302.772766     0.418067 -0.908416 0.908416 0.418067     20.379360 20.379360 1.653491
374.390900 412.393280     426.328125 -170.890625 496.719727     0.418067 -0.908416 0.908416 0.418067     20.379360 20.379360 3.070260
476.701904 384.452423     233.084167 1.494324 92.764923     0.697037 -0.717035 0.717035 0.697037     19.318092 19.318092 0.878979
476.701904 384.452423     63.031250 -1.824219 56.359375     0.697037 -0.717035 0.717035 0.697037     19.318092 19.318092 2.444654
403.475891 430.123505     481.718750 -10.708008 521.108276     -0.951044 0.309056 -0.309056 -0.951044     8.331831 8.331831 1.606787
380.704987 365.109528     29619.734375 -1613.765625 18507.007812     0.643192 -0.765705 0.765705 0.643192     33.727769 33.727769 1.629680
101.266212 443.375427     64.765625 1.714844 53.834961     -0.988528 0.151040 -0.151040 -0.988528     11.753627 11.753627 6.311935
408.534332 283.939636     67.609375 -3.667969 57.685547     -0.773116 -0.634265 0.634265 -0.773116     97.564206 97.564206 3.205870
469.054321 189.373047     35.281250 20.027344 35.125000     -0.995488 -0.094891 0.094891 -0.995488     47.762826 47.762826 3.074554
374.325378 411.776581     25.674561 -4.063965 47.981201     0.378718 -0.925512 0.925512 0.378718     21.842344 21.842344 1.658168
374.325378 411.776581     70.984375 -12.482422 48.252441     0.378718 -0.925512 0.925512 0.378718     21.842344 21.842344 3.165501
176.221786 140.892639     90.046875 -11.441406 311.607422     -0.907184 0.420733 -0.420733 -0.907184     85.691713 85.691713 0.950168
116.913933 458.118866     31.781250 9.554688 24.408203     0.504277 -0.863542 0.863542 0.504277     10.232779 10.232779 1.445676
336.085968 159.850677     33.884766 -10.415039 50.000000     -0.999374 -0.035373 0.035373 -0.999374     22.872332 22.872332 4.315357
90.090668 152.317596     14.285522 -16.659180 75.343750     -0.813725 0.581250 -0.581250 -0.813725     81.337771 81.337771 3.928393
406.353119 322.089844     37.578125 20.156250 35.183594     0.505748 -0.862681 0.862681 0.505748     148.078307 148.078307 1.714649
406.353119 322.089844     18.750000 -26.226562 104.148193     0.505748 -0.862681 0.862681 0.505748     148.078307 148.078307 4.734484
402.337738 430.327148     38.000000 20.539062 34.847656     -0.952461 0.304660 -0.304660 -0.952461     9.798514 9.798514 1.601030
477.860382 384.005646     16.187866 -17.222656 77.500000     -0.734912 0.678162 -0.678162 -0.734912     20.735152 20.735152 3.947402
477.860382 384.005646     11.669922 5.062500 84.332031     -0.734912 0.678162 -0.678162 -0.734912     20.735152 20.735152 5.542576
337.132263 159.456146     14.567383 -0.369141 46.921875     -0.999308 -0.037207 0.037207 -0.999308     23.304042 23.304042 4.337560
471.265442 325.604950     55.002686 -37.614258 99.796875     -0.768635 0.639688 -0.639688 -0.768635     20.658877 20.658877 0.972373
471.265442 325.604950     21.273438 -28.121094 106.632446     -0.768635 0.639688 -0.639688 -0.768635     20.658877 20.658877 4.132251
172.579453 142.313049     57.937500 -20.429688 24.884766     -0.904870 0.425688 -0.425688 -0.904870     83.619869 83.619869 0.947988
455.770020 185.832138     22.303223 30.613281 79.500000     -0.987857 -0.155364 0.155364 -0.987857     49.871627 49.871627 1.616739
455.770020 185.832138     70.718750 -24.550781 51.652344     -0.987857 -0.155364 0.155364 -0.987857     49.871627 49.871627 2.743993
450.951050 358.545441     53.085571 -39.660156 130.687500     -0.877168 0.480184 -0.480184 -0.877168     17.049669 17.049669 2.166388
450.951050 358.545441     12.343750 5.388672 98.089844     -0.877168 0.480184 -0.480184 -0.877168     17.049669 17.049669 4.691120
110.502617 148.551895     80.312500 -8.859375 25.775391     -0.974814 0.223020 -0.223020 -0.974814     91.700333 91.700333 0.754497
479.026367 383.853363     38.602051 32.527344 145.578125     -0.767786 0.640707 -0.640707 -0.767786     22.772549 22.772549 3.831904
479.026367 383.853363     17.133789 -58.621094 313.859375     -0.767786 0.640707 -0.640707 -0.767786     22.772549 22.772549 5.509125
434.764709 387.588226     19.945488 -1.282227 57.117188     -0.877769 0.479084 -0.479084 -0.877769     15.696935 15.696935 2.233540
434.764709 387.588226     86.437500 -3.304688 28.365234     -0.877769 0.479084 -0.479084 -0.877769     15.696935 15.696935 5.354630
337.472534 189.065933     17.625000 10.034180 96.168213     -0.953556 -0.301215 0.301215 -0.953556     17.918305 17.918305 2.749249
479.989716 383.333344     18.351562 0.843750 112.933594     -0.768833 0.639449 -0.639449 -0.768833     25.386946 25.386946 3.733104
479.989716 383.333344     111.150879 -126.908203 323.007812     -0.768833 0.639449 -0.639449 -0.768833     25.386946 25.386946 5.543788
354.095642 170.547821     19.812069 15.324463 293.625000     -0.932080 0.362254 -0.362254 -0.932080     18.925776 18.925776 2.252488
354.095642 170.547821     31.945312 -37.148438 132.695312     -0.932080 0.362254 -0.362254 -0.932080     18.925776 18.925776 3.931525
111.038727 146.088654     52.562500 -2.546875 33.305664     -0.987937 0.154857 -0.154857 -0.987937     100.490383 100.490383 0.634701
481.843475 382.660858     27.358276 4.601074 44.109375     -0.812424 0.583067 -0.583067 -0.812424     29.520258 29.520258 3.672196
481.843475 382.660858     145.770508 -139.109375 554.277344     -0.812424 0.583067 -0.583067 -0.812424     29.520258 29.520258 5.507049
227.802811 172.023468     29.289795 -1.110352 24.062500     -0.745048 -0.667011 0.667011 -0.745048     8.185964 8.185964 2.676070
227.802811 172.023468     10.486328 -21.785156 128.015625     -0.745048 -0.667011 0.667011 -0.745048     8.185964 8.185964 5.983224
483.661560 380.176880     20.441696 -12.525391 33.335938     -0.716140 0.697956 -0.697956 -0.716140     35.106930 35.106930 3.843470
116.160942 145.732697     55.690430 3.228516 210.351562     -0.999102 0.042376 -0.042376 -0.999102     106.311420 106.311420 0.438534
116.160942 145.732697     32.553955 -4.712891 32.132812     -0.999102 0.042376 -0.042376 -0.999102     106.311420 106.311420 1.635171
119.504311 146.221207     14.496094 -12.445312 58.765625     -0.999711 -0.024031 0.024031 -0.999711     109.072331 109.072331 0.286520
119.504311 146.221207     14.312500 -11.281250 50.453125     -0.999711 -0.024031 0.024031 -0.999711     109.072331 109.072331 1.592961
484.916504 379.344818     16.015625 -19.765625 89.171875     -0.710663 0.703533 -0.703533 -0.710663     36.643749 36.643749 3.874411
173.702133 16.587234     12.812500 -12.644531 61.806641     0.171262 -0.985225 0.985225 0.171262     13.557605 13.557605 6.289936
173.235687 16.131313     27.875000 19.945312 46.316406     0.161496 -0.986873 0.986873 0.161496     15.127086 15.127086 6.347410
557.730225 246.637207     21.625000 0.343750 26.133789     -0.941829 0.336093 -0.336093 -0.941829     20.167961 20.167961 0.621041
557.730225 246.637207     19.187500 -44.250000 165.367188     -0.941829 0.336093 -0.336093 -0.941829     20.167961 20.167961 3.737185
617.199341 208.710968     57.093750 -32.835938 29.470703     -0.934468 0.356048 -0.356048 -0.934468     21.496534 21.496534 0.481156
617.199341 208.710968     27.718750 9.976562 68.531128     -0.934468 0.356048 -0.356048 -0.934468     21.496534 21.496534 1.761689
173.151779 16.077381     1013.953125 -367.019531 413.921387     0.142751 -0.989759 0.989759 0.142751     15.764907 15.764907 6.409598
556.035217 247.165497     348.632812 -172.208984 297.694336     -0.802924 0.596082 -0.596082 -0.802924     23.129213 23.129213 1.113499
556.035217 247.165497     209.062500 4.093140 4.451281     -0.802924 0.596082 -0.596082 -0.802924     23.129213 23.129213 4.119541
621.002869 400.581665     1203.328125 124.775391 774.794678     -0.769921 0.638140 -0.638140 -0.769921     16.945558 16.945558 4.751429
536.220398 393.220398     104.468750 -55.529297 129.961914     -0.930520 -0.366242 0.366242 -0.930520     20.460672 20.460672 0.797259
536.220398 393.220398     64.976562 -111.132812 321.613281     -0.930520 -0.366242 0.366242 -0.930520     20.460672 20.460672 1.167998
554.988403 247.765213     278.625000 49.546875 188.076172     -0.837753 0.546050 -0.546050 -0.837753     22.723947 22.723947 1.096893
554.988403 247.765213     173.781250 -91.023438 171.179688     -0.837753 0.546050 -0.546050 -0.837753     22.723947 22.723947 5.207222
567.277527 38.753304     62.031250 -60.563477 212.528015     -0.930113 -0.367273 0.367273 -0.930113     23.588796 23.588796 2.045302
567.277527 38.753304     118.460938 -53.452148 148.076172     -0.930113 -0.367273 0.367273 -0.930113     23.588796 23.588796 4.682383
172.637833 21.259459     200.031250 -119.728516 205.835327     0.096905 -0.995294 0.995294 0.096905     17.971168 17.971168 0.327600
524.124023 398.920258     24.218750 -9.671875 32.748047     -0.923880 0.382683 -0.382683 -0.923880     31.578569 31.578569 1.338361
524.124023 398.920258     107.781250 113.746094 147.566406     -0.923880 0.382683 -0.382683 -0.923880     31.578569 31.578569 1.815912
566.861328 38.412407     28.078125 -20.886719 37.351562     -0.847972 -0.530041 0.530041 -0.847972     23.360059 23.360059 0.725080
566.861328 38.412407     52.250000 38.906250 62.113281     -0.847972 -0.530041 0.530041 -0.847972     23.360059 23.360059 1.645301
553.758972 52.003258     100.875000 -213.886719 1080.861328     -0.893564 -0.448935 0.448935 -0.893564     22.201010 22.201010 1.956521
553.758972 52.003258     44.171875 20.703125 46.060547     -0.893564 -0.448935 0.448935 -0.893564     22.201010 22.201010 2.395783
172.301132 21.780998     74.250000 -5.707031 24.774658     0.097662 -0.995220 0.995220 0.097662     19.175138 19.175138 0.303684
604.752197 390.305298     47.929688 1.601562 52.443359     0.642624 -0.766182 0.766182 0.642624     19.621705 19.621705 0.914050
604.752197 390.305298     26.765625 -13.531250 117.167969     0.642624 -0.766182 0.766182 0.642624     19.621705 19.621705 1.365761
171.920288 23.582609     209.792969 -245.328125 337.921875     0.104371 -0.994538 0.994538 0.104371     19.602918 19.602918 0.310541
597.050903 132.628494     125.890625 -76.484375 141.130859     -0.415918 -0.909402 0.909402 -0.415918     20.769509 20.769509 2.609330
597.050903 132.628494     24.437500 -54.562500 259.664062     -0.415918 -0.909402 0.909402 -0.415918     20.769509 20.769509 3.605317
171.582245 24.612272     24.125000 -9.312500 36.107422     0.105657 -0.994403 0.994403 0.105657     20.219674 20.219674 0.297982
531.004944 272.192108     190.921875 -146.195312 245.269531     -0.972168 0.234284 -0.234284 -0.972168     17.118595 17.118595 0.185922
531.004944 272.192108     59.468750 -58.214844 196.561096     -0.972168 0.234284 -0.234284 -0.972168     17.118595 17.118595 4.055900
596.529663 133.247879     157.109375 108.742188 540.504883     -0.381638 -0.924312 0.924312 -0.381638     24.239891 24.239891 2.577200
596.529663 133.247879     14.054688 -10.039062 74.221924     -0.381638 -0.924312 0.924312 -0.381638     24.239891 24.239891 3.908725
486.967743 25.838709     18.640625 11.031250 32.796875     0.634579 -0.772858 0.772858 0.634579     20.206291 20.206291 1.170006
486.967743 25.838709     526.375000 -493.790039 1284.216797     0.634579 -0.772858 0.772858 0.634579     20.206291 20.206291 4.512545
516.292664 324.375610     391.578125 225.911133 205.084503     0.617736 -0.786386 0.786386 0.617736     15.603209 15.603209 1.580605
516.292664 324.375610     76.437500 38.453125 60.792969     0.617736 -0.786386 0.786386 0.617736     15.603209 15.603209 3.593457
551.178772 434.193237     67.103516 -2.422119 48.392212     -0.584800 -0.811177 0.811177 -0.584800     17.115758 17.115758 2.081910
551.178772 434.193237     27.273438 -11.679688 113.246094     -0.584800 -0.811177 0.811177 -0.584800     17.115758 17.115758 5.810494
532.570801 292.488586     174.640625 -184.945312 373.546875     -0.891576 0.452871 -0.452871 -0.891576     19.646515 19.646515 1.070477
532.570801 292.488586     371.218750 28.921631 10.926514     -0.891576 0.452871 -0.452871 -0.891576     19.646515 19.646515 3.610362
576.877930 449.624420     601.906250 394.093750 622.597656     -0.893907 0.448252 -0.448252 -0.893907     25.238638 25.238638 0.630581
576.877930 449.624420     113.000000 8.296875 236.037598     -0.893907 0.448252 -0.448252 -0.893907     25.238638 25.238638 1.017046
584.609070 306.931824     211.285156 -252.339844 358.289062     -0.998206 0.059881 -0.059881 -0.998206     19.233905 19.233905 1.483287
584.609070 306.931824     268.875000 -99.031250 248.234375     -0.998206 0.059881 -0.059881 -0.998206     19.233905 19.233905 1.949880
474.024506 451.323517     40.707031 -28.732422 71.021393     -0.944900 0.327358 -0.327358 -0.944900     21.661969 21.661969 1.398632
474.024506 451.323517     45.859375 -47.531250 120.898438     -0.944900 0.327358 -0.327358 -0.944900     21.661969 21.661969 3.724395
596.810303 454.407104     141.578125 -104.660156 178.021484     0.439141 -0.898418 0.898418 0.439141     21.991255 21.991255 0.509171
596.810303 454.407104     55.171875 21.492188 24.632812     0.439141 -0.898418 0.898418 0.439141     21.991255 21.991255 6.386343
553.483215 433.322144     109.867188 -36.147461 196.256348     -0.635040 -0.772479 0.772479 -0.635040     25.178155 25.178155 5.857605
88.346153 355.447113     46.765625 -37.257812 46.027344     -0.166403 -0.986058 0.986058 -0.166403     15.232964 15.232964 1.581288
88.346153 355.447113     285.031250 16.007812 295.626953     -0.166403 -0.986058 0.986058 -0.166403     15.232964 15.232964 3.576261
479.311768 448.776459     43.722656 -39.154785 92.940063     -0.862889 0.505394 -0.505394 -0.862889     23.607406 23.607406 1.187203
479.311768 448.776459     47.250000 -38.828125 138.164062     -0.862889 0.505394 -0.505394 -0.862889     23.607406 23.607406 1.957824
446.542725 442.119659     47.437500 8.421875 33.824219     -0.623984 -0.781437 0.781437 -0.623984     27.915676 27.915676 1.853997
462.397949 37.701031     80.097656 -5.432617 28.377930     -0.570350 -0.821402 0.821402 -0.570350     31.137087 31.137087 2.197494
462.397949 37.701031     118.406250 109.039062 138.296875     -0.570350 -0.821402 0.821402 -0.570350     31.137087 31.137087 4.447214
170.412140 25.787008     45.949219 -29.460938 35.109863     0.078385 -0.996923 0.996923 0.078385     25.264108 25.264108 0.347550
574.578674 447.032990     31.343750 3.550781 71.536133     -0.068139 -0.997676 0.997676 -0.068139     27.832672 27.832672 0.917971
574.578674 447.032990     3214.312500 -137.578125 1104.367188     -0.068139 -0.997676 0.997676 -0.068139     27.832672 27.832672 1.429496
586.797668 307.054108     254.250000 -141.460938 136.781250     -0.996752 -0.080527 0.080527 -0.996752     30.415533 30.415533 1.647934
586.797668 307.054108     122.000000 -255.480469 1171.023438     -0.996752 -0.080527 0.080527 -0.996752     30.415533 30.415533 3.144185
554.032532 434.756104     151.562500 94.136719 594.865234     -0.461642 -0.887066 0.887066 -0.461642     25.600361 25.600361 1.268683
554.032532 434.756104     22.390625 -13.507812 24.267578     -0.461642 -0.887066 0.887066 -0.461642     25.600361 25.600361 1.614540
472.428558 245.585709     70.500000 14.359375 34.335938     0.321087 -0.947050 0.947050 0.321087     17.468071 17.468071 4.932216
574.800903 447.382355     69.039062 33.937500 134.382812     -0.035559 -0.999368 0.999368 -0.035559     29.121570 29.121570 0.813762
574.800903 447.382355     252.312500 -132.062500 1073.538086     -0.035559 -0.999368 0.999368 -0.035559     29.121570 29.121570 1.316961
146.841599 30.549618     65.234375 43.632812 42.916992     0.236244 -0.971694 0.971694 0.236244     26.326755 26.326755 1.542936
146.841599 30.549618     26.031250 7.656250 28.695312     0.236244 -0.971694 0.971694 0.236244     26.326755 26.326755 2.040544
471.811462 245.860657     129.025391 -68.874023 64.891602     0.342429 -0.939544 0.939544 0.342429     18.192639 18.192639 4.876637
87.923668 355.736633     110.687500 34.625000 44.011719     -0.149203 -0.988807 0.988807 -0.149203     17.165632 17.165632 3.780756
87.923668 355.736633     1224.140625 -10.326172 884.802002     -0.149203 -0.988807 0.988807 -0.149203     17.165632 17.165632 4.995802
585.699829 306.649109     15.718750 17.203125 85.734375     -0.974042 -0.226368 0.226368 -0.974042     30.051542 30.051542 1.838613
585.699829 306.649109     115.972656 -3.449219 25.991455     -0.974042 -0.226368 0.226368 -0.974042     30.051542 30.051542 2.457443
568.561340 407.938690     270.132812 -140.101562 134.960938     -0.797754 -0.602983 0.602983 -0.797754     19.744859 19.744859 0.369836
568.561340 407.938690     21.843750 21.964844 54.082031     -0.797754 -0.602983 0.602983 -0.797754     19.744859 19.744859 0.883236
562.031921 347.503540     177.331055 -56.814941 65.894043     -0.611273 -0.791420 0.791420 -0.611273     18.830540 18.830540 1.143586
562.031921 347.503540     95.375000 5.296875 16.101562     -0.611273 -0.791420 0.791420 -0.611273     18.830540 18.830540 1.863175
557.429688 308.261719     47.140625 -1.882812 24.738281     -0.708127 0.706085 -0.706085 -0.708127     22.971416 22.971416 0.428779
557.429688 308.261719     99.617188 -100.940918 154.554138     -0.708127 0.706085 -0.706085 -0.708127     22.971416 22.971416 0.766001
582.941772 339.461151     129.273438 57.886719 1025.406250     -0.991933 0.126766 -0.126766 -0.991933     16.153014 16.153014 0.235243
582.941772 339.461151     219.179688 -118.226562 215.984375     -0.991933 0.126766 -0.126766 -0.991933     16.153014 16.153014 0.997654
471.953888 245.943268     100.085938 -39.416016 56.090820     0.299601 -0.954064 0.954064 0.299601     19.760192 19.760192 4.902876
87.797424 354.408356     35.648438 -2.203125 38.632812     -0.118835 -0.992914 0.992914 -0.118835     18.135923 18.135923 1.410706
87.797424 354.408356     29.812500 12.328125 33.128906     -0.118835 -0.992914 0.992914 -0.118835     18.135923 18.135923 3.352884
569.409790 409.804504     2893.718750 -27.560547 893.660889     -0.633205 -0.773984 0.773984 -0.633205     20.085189 20.085189 0.707160
569.409790 409.804504     141.812500 -83.375000 138.726562     -0.633205 -0.773984 0.773984 -0.633205     20.085189 20.085189 1.438347
467.842926 113.026817     199.949219 31.663330 56.659271     -0.998547 -0.053893 0.053893 -0.998547     27.066845 27.066845 1.252559
467.842926 113.026817     25.656250 -45.046875 111.093750     -0.998547 -0.053893 0.053893 -0.998547     27.066845 27.066845 4.301861
467.574341 114.941689     59.609375 -49.437500 170.152344     -0.968861 0.247604 -0.247604 -0.968861     33.642782 33.642782 1.262215
467.574341 114.941689     298.593750 396.750000 678.783203     -0.968861 0.247604 -0.247604 -0.968861     33.642782 33.642782 1.578806
466.557404 114.645935     320.875000 -136.929688 131.921875     -0.988467 -0.151435 0.151435 -0.988467     32.936878 32.936878 1.120487
466.557404 114.645935     26.031250 13.640625 25.910156     -0.988467 -0.151435 0.151435 -0.988467     32.936878 32.936878 2.720462
466.929321 114.229118     113.812500 -39.070312 22.628906     -0.949774 0.312938 -0.312938 -0.949774     33.818031 33.818031 1.544812
466.929321 114.229118     248.390625 -112.390625 137.875000     -0.949774 0.312938 -0.312938 -0.949774     33.818031 33.818031 3.071968
397.063110 105.961166     141.390625 -94.664062 151.281250     -0.708485 -0.705726 0.705726 -0.708485     17.530159 17.530159 1.884428
397.063110 105.961166     300.156250 -110.203125 196.617188     -0.708485 -0.705726 0.705726 -0.708485     17.530159 17.530159 2.221689
89.681282 359.542999     31.062500 2.115234 69.531250     -0.281825 -0.959466 0.959466 -0.281825     21.914366 21.914366 0.201813
89.681282 359.542999     42.929688 5.515625 64.910156     -0.281825 -0.959466 0.959466 -0.281825     21.914366 21.914366 1.192022
39.222221 58.424244     62.531250 -65.945312 217.605469     0.173823 -0.984777 0.984777 0.173823     22.480745 22.480745 6.207064
365.521606 74.799385     72.500000 41.025391 91.842773     -0.914677 0.404187 -0.404187 -0.914677     29.417950 29.417950 1.596819
365.521606 74.799385     1209.359375 -1033.029297 2049.518555     -0.914677 0.404187 -0.404187 -0.914677     29.417950 29.417950 4.774269
472.128967 108.241577     329.804688 -498.328125 2368.171875     0.051435 -0.998676 0.998676 0.051435     42.561914 42.561914 4.783334
574.000000 146.376816     239.062500 145.875000 242.802734     -0.824612 -0.565699 0.565699 -0.824612     19.014037 19.014037 1.859423
574.000000 146.376816     233.375000 -3.421875 48.703125     -0.824612 -0.565699 0.565699 -0.824612     19.014037 19.014037 2.635336
101.437302 71.000000     69.115234 -51.855469 56.312988     0.440508 -0.897749 0.897749 0.440508     24.138759 24.138759 1.501409
101.437302 71.000000     136.890625 -100.945312 172.875000     0.440508 -0.897749 0.897749 0.440508     24.138759 24.138759 1.854841
36.211010 386.298157     39.406250 7.828125 18.660156     0.247172 -0.968972 0.968972 0.247172     14.255825 14.255825 1.526589
36.211010 386.298157     17.187500 -1.140625 76.742188     0.247172 -0.968972 0.968972 0.247172     14.255825 14.255825 1.967408
396.809509 105.917747     37.648438 -3.984375 42.710938     -0.727769 -0.685823 0.685823 -0.727769     18.106046 18.106046 2.149750
396.809509 105.917747     47.312500 17.507812 23.683594     -0.727769 -0.685823 0.685823 -0.727769     18.106046 18.106046 4.936944
303.216431 32.686565     70.562500 -23.375000 30.300781     0.271936 -0.962315 0.962315 0.271936     15.152887 15.152887 1.573488
89.597595 360.138153     68.601562 -112.441406 212.542969     -0.268859 -0.963180 0.963180 -0.268859     22.896457 22.896457 0.976285
396.673157 106.015564     53.437500 -32.757812 29.714844     -0.733660 -0.679516 0.679516 -0.733660     17.900939 17.900939 2.173699
396.673157 106.015564     83.007812 -53.230469 51.242188     -0.733660 -0.679516 0.679516 -0.733660     17.900939 17.900939 4.905762
36.284046 385.743195     25.343750 -9.531250 25.337891     0.253145 -0.967428 0.967428 0.253145     15.380029 15.380029 1.581662
36.284046 385.743195     34.468750 -22.617188 25.578125     0.253145 -0.967428 0.967428 0.253145     15.380029 15.380029 1.989365
94.086807 212.750000     390.056641 -115.351318 116.477173     -0.069171 -0.997605 0.997605 -0.069171     15.139611 15.139611 1.626321
416.944458 134.259262     16.640625 16.359375 83.421875     0.634057 -0.773286 0.773286 0.634057     23.887768 23.887768 4.297060
355.405090 107.243629     39.156250 39.433594 46.792480     -0.392442 -0.919777 0.919777 -0.392442     28.995063 28.995063 1.654497
355.405090 107.243629     294.562500 12.912109 640.791992     -0.392442 -0.919777 0.919777 -0.392442     28.995063 28.995063 3.869062
52.631580 313.688995     120.093750 -2.798828 28.255127     0.011407 -0.999935 0.999935 0.011407     17.172776 17.172776 2.477603
52.631580 313.688995     11.429688 -8.550781 228.996094     0.011407 -0.999935 0.999935 0.011407     17.172776 17.172776 4.859549
40.961040 381.476196     32.812500 -26.468750 44.039062     0.494159 -0.869371 0.869371 0.494159     26.093157 26.093157 5.469243
303.568817 32.137615     17.726562 -27.640625 139.648438     0.287197 -0.957871 0.957871 0.287197     16.126035 16.126035 1.555734
303.568817 32.137615     67.625000 -60.820312 204.007812     0.287197 -0.957871 0.957871 0.287197     16.126035 16.126035 1.994964
522.388916 144.632477     55.656250 2.062500 16.445312     -0.902475 0.430742 -0.430742 -0.902475     17.506041 17.506041 0.816029
522.388916 144.632477     2862.203125 -521.560547 1603.101562     -0.902475 0.430742 -0.430742 -0.902475     17.506041 17.506041 1.933661
57.350212 355.447266     815.625000 1058.015625 1521.207031     -0.398340 -0.917238 0.917238 -0.398340     13.506301 13.506301 0.897132
415.860107 134.750000     142.828125 -93.945312 150.609375     -0.825219 0.564812 -0.564812 -0.825219     26.564803 26.564803 0.932774
41.143364 379.484955     62.828125 -51.148438 61.976562     0.387736 -0.921770 0.921770 0.387736     27.150637 27.150637 2.082972
41.143364 379.484955     69.093750 -25.062500 33.335938     0.387736 -0.921770 0.921770 0.387736     27.150637 27.150637 5.617967
94.098839 213.840118     31.734375 -0.062500 17.255859     -0.062476 -0.998046 0.998046 -0.062476     15.592632 15.592632 1.620552
53.361622 315.195587     257.875000 -34.312500 67.984375     -0.167009 -0.985955 0.985955 -0.167009     18.541292 18.541292 1.239191
53.361622 315.195587     3980.656250 -106.093750 1049.292969     -0.167009 -0.985955 0.985955 -0.167009     18.541292 18.541292 1.871880
304.219910 31.463350     105.268555 -42.255859 57.889648     0.314716 -0.949186 0.949186 0.314716     17.454140 17.454140 1.499479
304.219910 31.463350     88.210938 96.671875 294.539062     0.314716 -0.949186 0.949186 0.314716     17.454140 17.454140 2.065999
519.712036 143.468353     76.618164 -47.762695 40.832031     -0.987690 0.156423 -0.156423 -0.987690     22.215744 22.215744 1.749290
519.712036 143.468353     51.117188 -30.960938 29.339844     -0.987690 0.156423 -0.156423 -0.987690     22.215744 22.215744 5.403160
89.564560 360.244293     766.812500 1013.796875 1520.375000     -0.269800 -0.962916 0.962916 -0.269800     24.436361 24.436361 0.941158
89.564560 360.244293     47.335938 -38.269043 41.951294     -0.269800 -0.962916 0.962916 -0.269800     24.436361 24.436361 6.352513
123.378983 366.292999     419.000000 27.233643 10.910772     0.187038 -0.982353 0.982353 0.187038     10.997362 10.997362 4.652338
519.264771 143.092957     49.453125 44.640625 101.601562     -0.998395 0.056632 -0.056632 -0.998395     23.887237 23.887237 1.502219
519.264771 143.092957     300.578125 -110.375000 142.312500     -0.998395 0.056632 -0.056632 -0.998395     23.887237 23.887237 4.719810
80.632187 242.206894     538.773438 -114.208984 76.141602     -0.684675 -0.728848 0.728848 -0.684675     22.812170 22.812170 0.693514
80.632187 242.206894     23.109375 -4.757812 71.539062     -0.684675 -0.728848 0.728848 -0.684675     22.812170 22.812170 3.169598
123.407104 365.838806     22.718750 -25.343750 79.765625     0.180267 -0.983618 0.983618 0.180267     11.618895 11.618895 4.653396
328.696167 36.642307     67.734375 -64.460938 218.429688     -0.124752 -0.992188 0.992188 -0.124752     18.203244 18.203244 1.504269
93.664368 215.089661     54.281250 -5.312500 24.218750     -0.008920 -0.999960 0.999960 -0.008920     19.273472 19.273472 1.607688
64.115211 341.497772     29.328125 -7.976562 27.564453     0.423794 -0.905759 0.905759 0.423794     32.378730 32.378730 1.988934
64.115211 341.497772     29.562500 -19.578125 50.953125     0.423794 -0.905759 0.905759 0.423794     32.378730 32.378730 5.203230
305.225494 29.598040     346.453125 -481.707031 2427.671875     0.312389 -0.949954 0.949954 0.312389     19.987905 19.987905 1.604280
305.225494 29.598040     297.859375 -108.796875 193.359375     0.312389 -0.949954 0.949954 0.312389     19.987905 19.987905 1.967580
546.476196 125.163269     452.226562 -313.500000 357.507812     -0.991653 0.128937 -0.128937 -0.991653     25.840548 25.840548 5.547295
123.314606 365.617981     243.273438 42.531250 437.113281     0.172319 -0.985041 0.985041 0.172319     12.250525 12.250525 4.647408
53.058975 315.076935     275.250000 -224.968750 1770.788086     -0.173000 -0.984922 0.984922 -0.173000     21.111072 21.111072 0.538558
53.058975 315.076935     40.921875 -6.296875 44.351562     -0.173000 -0.984922 0.984922 -0.173000     21.111072 21.111072 0.984354
24.922482 276.054260     67.578125 -51.226562 62.578125     -0.248538 -0.968622 0.968622 -0.248538     23.023862 23.023862 6.355170
83.926613 243.816544     332.203125 -57.562500 163.171875     0.294518 -0.955646 0.955646 0.294518     45.647549 45.647549 1.464544
39.257511 291.845490     42.218750 1.675781 17.957031     -0.979895 0.199515 -0.199515 -0.979895     21.970152 21.970152 1.157267
39.257511 291.845490     37.937500 -115.589844 544.792969     -0.979895 0.199515 -0.199515 -0.979895     21.970152 21.970152 1.505107
135.575653 281.867157     317.421875 -71.062500 433.835938     0.176575 -0.984287 0.984287 0.176575     11.541601 11.541601 6.050762
91.300087 358.093384     439.804688 -144.119629 134.980347     -0.020861 -0.999782 0.999782 -0.020861     33.561392 33.561392 4.651353
91.300087 358.093384     65.851562 -56.115234 54.712891     -0.020861 -0.999782 0.999782 -0.020861     33.561392 33.561392 5.745127
39.322147 292.953033     19.003906 -32.609375 151.757812     -0.722715 0.691146 -0.691146 -0.722715     23.652109 23.652109 2.234822
39.322147 292.953033     144.875000 -0.106201 21.187820     -0.722715 0.691146 -0.691146 -0.722715     23.652109 23.652109 2.667540
233.846497 368.995605     24.796875 -5.546875 73.148438     0.253310 -0.967385 0.967385 0.253310     15.084927 15.084927 4.517715
233.324509 370.711914     5505.078125 1663.781250 6540.386719     0.245183 -0.969477 0.969477 0.245183     14.936234 14.936234 4.552694
249.598480 64.912880     28.281250 3.750000 59.671875     0.236000 -0.971753 0.971753 0.236000     14.045222 14.045222 2.432330
175.617920 347.712250     133.177734 -67.526367 64.036133     -0.194890 -0.980825 0.980825 -0.194890     11.549267 11.549267 4.688856
