1.0
665
433.067566 241.315323     66.781250 -55.734375 93.472656     0.619327 -0.785133 0.785133 0.619327     21.495224 21.495224 4.377652
433.067566 241.315323     30.109375 -2.546875 15.985352     0.619327 -0.785133 0.785133 0.619327     21.495224 21.495224 5.384453
504.138336 90.707512     2350.687500 -296.359375 38.676758     -0.985062 0.172200 -0.172200 -0.985062     17.739436 17.739436 4.785228
414.135132 103.763115     122.796875 -23.007812 102.140625     -0.992138 0.125151 -0.125151 -0.992138     5.117219 5.117219 4.711055
429.357544 238.808136     29.937500 -3.812500 22.767578     -0.839502 0.543357 -0.543357 -0.839502     42.033257 42.033257 2.259361
504.348846 90.617943     2478.906250 -308.062500 40.496094     -0.917887 0.396842 -0.396842 -0.917887     20.680068 20.680068 5.053879
410.624359 104.022842     384.359375 -310.734375 379.318848     -0.992353 0.123432 -0.123432 -0.992353     6.641729 6.641729 4.713891
383.565857 84.165855     690.578125 -169.675781 66.816406     -0.709968 0.704233 -0.704233 -0.709968     37.942904 37.942904 1.258269
450.182495 87.164230     444.343750 -383.394531 515.252930     -0.969128 0.246559 -0.246559 -0.969128     21.883431 21.883431 4.787502
384.059235 81.926826     32.382812 -65.468750 148.000000     0.673765 -0.738946 0.738946 0.673765     43.806976 43.806976 4.423031
318.217773 450.693329     625.890625 -411.894531 485.893066     0.411162 -0.911562 0.911562 0.411162     7.600921 7.600921 4.827419
380.081238 83.781586     127.562500 -24.851562 116.953125     -0.764049 0.645158 -0.645158 -0.764049     52.880598 52.880598 1.111192
429.472717 238.277924     55.648438 -114.765625 335.015625     -0.777416 0.628986 -0.628986 -0.777416     44.284756 44.284756 2.332602
322.113922 440.169617     19.359375 -41.093750 164.479004     0.337152 -0.941450 0.941450 0.337152     17.164172 17.164172 1.483869
322.113922 440.169617     4420.093750 -1111.511719 455.686035     0.337152 -0.941450 0.941450 0.337152     17.164172 17.164172 3.760040
492.649994 67.547729     566.906250 -107.062500 145.736328     0.254811 -0.966991 0.966991 0.254811     13.143392 13.143392 6.134849
452.545746 89.015556     280.515625 26.296875 26.984375     -0.967530 0.252756 -0.252756 -0.967530     57.858935 57.858935 4.784988
441.819550 73.348267     74.632812 -136.531250 352.406250     -0.972474 0.233013 -0.233013 -0.972474     49.312129 49.312129 4.891591
401.152405 441.290100     434.859375 -278.125000 304.771484     -0.994775 -0.102094 0.102094 -0.994775     22.176157 22.176157 1.648706
321.524475 441.005859     9.046875 8.742188 89.144531     0.378729 -0.925507 0.925507 0.378729     19.492063 19.492063 1.471509
321.524475 441.005859     4206.500000 -1216.804688 620.648438     0.378729 -0.925507 0.925507 0.378729     19.492063 19.492063 4.970370
374.666870 82.596542     45.515625 -36.187500 47.805664     -0.783493 0.621401 -0.621401 -0.783493     41.288793 41.288793 0.989188
188.353989 245.902649     618.984375 -340.517578 328.858887     -0.107252 -0.994232 0.994232 -0.107252     12.810244 12.810244 1.620674
188.353989 245.902649     8.605469 8.640625 96.394531     -0.107252 -0.994232 0.994232 -0.107252     12.810244 12.810244 5.175749
460.229889 82.761414     9.769531 12.992188 79.457031     -0.955886 0.293736 -0.293736 -0.955886     70.684960 70.684960 4.811475
376.932800 46.703556     4247.937500 -1287.484375 738.755859     0.695836 -0.718201 0.718201 0.695836     14.550410 14.550410 1.577741
369.534943 80.936676     132.250000 -20.687500 132.089844     -0.834244 0.551396 -0.551396 -0.834244     45.845417 45.845417 0.968003
188.353851 245.223083     92.468750 -163.187500 388.812500     -0.097029 -0.995282 0.995282 -0.097029     12.538053 12.538053 1.611634
188.353851 245.223083     718.937500 -431.806641 509.255859     -0.097029 -0.995282 0.995282 -0.097029     12.538053 12.538053 5.141137
200.726944 248.568268     4252.234375 -1342.597656 886.190430     -0.177505 -0.984120 0.984120 -0.177505     12.262921 12.262921 5.104660
461.094971 81.424629     568.390625 -178.355469 425.355225     -0.950324 0.311261 -0.311261 -0.950324     80.128348 80.128348 4.828343
429.427216 237.431931     1037.078125 -34.546875 176.171875     -0.708474 0.705737 -0.705737 -0.708474     47.513323 47.513323 2.449700
323.137634 438.849182     14.218750 19.718750 91.027344     0.404830 -0.914392 0.914392 0.404830     20.235207 20.235207 1.475678
366.836639 72.419464     18.613281 26.640625 69.214844     -0.786111 0.618085 -0.618085 -0.786111     58.628770 58.628770 1.033973
201.453964 249.203171     913.515625 -518.957031 600.308105     -0.234958 -0.972005 0.972005 -0.234958     13.835018 13.835018 5.154815
215.309433 251.992447     581.578125 -201.468750 520.006592     -0.394565 -0.918868 0.918868 -0.394565     12.052714 12.052714 5.249807
188.366669 243.942429     1049.484375 -123.812500 477.750000     -0.084598 -0.996415 0.996415 -0.084598     12.540021 12.540021 1.616357
188.366669 243.942429     99.156250 -179.171875 434.515625     -0.084598 -0.996415 0.996415 -0.084598     12.540021 12.540021 5.113605
509.250336 399.679901     29.000000 -15.375000 44.000000     0.106664 -0.994295 0.994295 0.106664     30.706374 30.706374 1.474792
362.291992 69.829926     18.671875 25.925781 70.410156     -0.802776 0.596281 -0.596281 -0.802776     65.958505 65.958505 0.992621
324.025055 436.298157     593.468750 -229.013672 633.331787     0.397930 -0.917416 0.917416 0.397930     20.836633 20.836633 1.474872
324.025055 436.298157     136.281250 -12.453125 163.062500     0.397930 -0.917416 0.917416 0.397930     20.836633 20.836633 4.896741
380.603455 398.689667     4015.828125 -1286.269531 1201.582031     0.529895 -0.848064 0.848064 0.529895     19.817000 19.817000 3.784115
380.603455 398.689667     1251.132812 -634.289062 768.844727     0.529895 -0.848064 0.848064 0.529895     19.817000 19.817000 5.729619
215.573380 252.003418     129.628906 51.011719 103.648438     -0.383189 -0.923670 0.923670 -0.383189     12.661287 12.661287 5.256919
325.022400 433.204010     3006.500000 -870.875000 1032.765625     0.383514 -0.923535 0.923535 0.383514     20.854943 20.854943 1.476941
429.468353 236.016876     1404.773438 -628.169922 802.813232     0.365872 -0.930665 0.930665 0.365872     51.580594 51.580594 6.068814
195.124313 246.524597     3736.625000 -1024.640625 1183.437500     -0.417500 -0.908677 0.908677 -0.417500     28.624390 28.624390 0.725099
201.098862 248.098862     1550.367188 -570.466797 870.239014     -0.789549 -0.613687 0.613687 -0.789549     35.999701 35.999701 1.018320
201.098862 248.098862     153.625000 58.218750 110.519531     -0.789549 -0.613687 0.613687 -0.789549     35.999701 35.999701 3.692100
326.273193 429.786224     5060.421875 -1122.894531 1217.542969     0.377248 -0.926112 0.926112 0.377248     20.921036 20.921036 1.484305
394.233154 387.248566     6.000000 -48.281250 452.343750     -0.881337 0.472488 -0.472488 -0.881337     31.189982 31.189982 2.045229
394.233154 387.248566     9.812500 -68.781250 609.718750     -0.881337 0.472488 -0.472488 -0.881337     31.189982 31.189982 4.046902
316.894012 382.341003     162.460938 91.039062 199.417969     -0.798451 0.602060 -0.602060 -0.798451     38.109967 38.109967 2.062081
316.894012 382.341003     4303.781250 -1462.437500 2164.546875     -0.798451 0.602060 -0.602060 -0.798451     38.109967 38.109967 2.456307
202.731781 248.771820     140.265625 16.695312 271.269531     -0.820724 -0.571325 0.571325 -0.820724     37.647585 37.647585 1.049655
202.731781 248.771820     212.796875 0.943359 3.575684     -0.820724 -0.571325 0.571325 -0.820724     37.647585 37.647585 3.737544
315.248962 383.302917     11.125000 -56.937500 718.187500     -0.819020 0.573765 -0.573765 -0.819020     36.900680 36.900680 2.339191
315.248962 383.302917     366.429688 -233.375000 231.218750     -0.819020 0.573765 -0.573765 -0.819020     36.900680 36.900680 4.940029
429.929108 235.396545     17.437500 15.234375 63.707031     0.150543 -0.988603 0.988603 0.150543     53.012248 53.012248 3.023524
429.929108 235.396545     399.738281 353.125000 488.382812     0.150543 -0.988603 0.988603 0.150543     53.012248 53.012248 6.368561
309.820007 387.646667     205.886719 5.208984 9.203613     -0.799096 0.601203 -0.601203 -0.799096     33.682956 33.682956 4.975924
327.032013 428.052734     31.218750 36.835938 96.355469     0.383925 -0.923364 0.923364 0.383925     21.504506 21.504506 1.473766
635.493591 407.940430     144.968750 9.140625 449.546875     0.106327 -0.994331 0.994331 0.106327     4.117217 4.117217 6.392923
204.105698 251.748642     11.968750 2.726562 39.125000     -0.632883 -0.774247 0.774247 -0.632883     42.224292 42.224292 0.889001
204.105698 251.748642     22.312500 22.382812 127.664062     -0.632883 -0.774247 0.774247 -0.632883     42.224292 42.224292 3.173514
243.297867 72.000000     102.437500 180.929688 388.886719     -0.999886 -0.015075 0.015075 -0.999886     7.348674 7.348674 1.591772
430.309937 232.561172     157.343750 291.453125 612.445312     -0.124461 -0.992225 0.992225 -0.124461     52.895855 52.895855 0.510362
243.107285 72.118774     206.062500 70.093750 582.765625     -0.999990 -0.004509 0.004509 -0.999990     8.504203 8.504203 1.591340
310.107452 387.268646     433.937500 84.937500 763.503906     -0.799452 0.600730 -0.600730 -0.799452     33.631075 33.631075 4.950966
205.566101 254.061295     423.691406 379.449219 518.601562     -0.603291 -0.797521 0.797521 -0.603291     42.729845 42.729845 5.587260
242.830444 72.027679     555.875000 126.843750 780.527344     -0.999950 -0.010028 0.010028 -0.999950     9.395685 9.395685 1.599137
430.841187 229.689560     250.968750 11.968750 547.035156     -0.095194 -0.995459 0.995459 -0.095194     52.296363 52.296363 0.567727
430.841187 229.689560     17.640625 -18.593750 107.484375     -0.095194 -0.995459 0.995459 -0.095194     52.296363 52.296363 4.846045
553.704346 191.455078     60.382812 -19.855469 13.914062     -0.287069 -0.957910 0.957910 -0.287069     16.144919 16.144919 1.000149
553.704346 191.455078     36.171875 49.859375 251.664062     -0.287069 -0.957910 0.957910 -0.287069     16.144919 16.144919 2.727146
209.581696 258.203156     6176.750000 1111.761719 3618.860352     -0.661613 -0.749846 0.749846 -0.661613     42.253269 42.253269 5.572709
242.343170 71.319038     413.921875 -254.367188 236.234375     -0.999650 -0.026456 0.026456 -0.999650     13.549226 13.549226 1.651650
554.875854 193.878159     108.421875 74.421875 291.578125     -0.367321 -0.930094 0.930094 -0.367321     16.784902 16.784902 1.048611
554.875854 193.878159     7823.484375 3467.605469 5870.060547     -0.367321 -0.930094 0.930094 -0.367321     16.784902 16.784902 2.895959
555.668701 195.222229     11.250000 -48.031250 857.468750     -0.410867 -0.911695 0.911695 -0.410867     17.205174 17.205174 1.108992
555.668701 195.222229     7877.859375 6576.960938 22937.289062     -0.410867 -0.911695 0.911695 -0.410867     17.205174 17.205174 3.049666
432.434235 227.362289     134.546875 47.359375 27.328125     -0.029970 -0.999551 0.999551 -0.029970     54.130096 54.130096 0.470219
432.434235 227.362289     63.773438 -21.851562 14.984375     -0.029970 -0.999551 0.999551 -0.029970     54.130096 54.130096 4.828017
556.366943 197.159637     28.015625 2.164062 12.046875     -0.397244 -0.917713 0.917713 -0.397244     17.284033 17.284033 1.126786
556.366943 197.159637     132.578125 42.304688 27.718750     -0.397244 -0.917713 0.917713 -0.397244     17.284033 17.284033 2.979669
548.018616 218.213959     244.937500 35.562500 9.796875     -0.098923 -0.995095 0.995095 -0.098923     15.390856 15.390856 5.533422
546.681519 216.699799     448.812500 70.593750 20.843750     -0.199551 -0.979887 0.979887 -0.199551     18.961135 18.961135 1.006026
559.682251 204.188248     58.898438 39.380859 48.515625     -0.423878 -0.905719 0.905719 -0.423878     17.399368 17.399368 3.096607
433.597534 226.112747     133.580078 -84.207031 128.953125     0.019896 -0.999802 0.999802 0.019896     55.703328 55.703328 0.577213
433.597534 226.112747     111.558594 6.570312 113.656250     0.019896 -0.999802 0.999802 0.019896     55.703328 55.703328 4.796556
561.110840 207.123825     637.578125 106.296875 33.734375     -0.430248 -0.902711 0.902711 -0.430248     17.403736 17.403736 3.130306
563.451538 211.933334     199.566406 -26.895752 80.276337     -0.435504 -0.900187 0.900187 -0.435504     17.373151 17.373151 3.167032
565.084229 215.498184     542.632812 487.945312 617.523438     -0.428849 -0.903376 0.903376 -0.428849     17.480270 17.480270 3.114590
565.084229 215.498184     135.343750 43.937500 28.648438     -0.428849 -0.903376 0.903376 -0.428849     17.480270 17.480270 4.665265
435.795532 223.251938     48.048340 -5.896057 13.684731     0.121600 -0.992579 0.992579 0.121600     57.886813 57.886813 4.725525
567.641235 220.367538     51.352173 51.448242 155.445312     -0.438522 -0.898721 0.898721 -0.438522     17.504979 17.504979 3.190707
567.641235 220.367538     211.794922 -38.322510 92.552582     -0.438522 -0.898721 0.898721 -0.438522     17.504979 17.504979 4.678789
547.312744 251.101669     760.906250 132.078125 46.281250     -0.177191 -0.984176 0.984176 -0.177191     62.587674 62.587674 2.669844
310.221619 387.127014     804.984375 -99.796875 189.796875     -0.800069 0.599908 -0.599908 -0.800069     33.701307 33.701307 4.970275
437.512848 224.238876     63.871094 -9.585938 35.515625     0.056681 -0.998392 0.998392 0.056681     59.764785 59.764785 4.782066
211.167801 259.815552     43.576172 18.862305 48.645020     -0.661779 -0.749699 0.749699 -0.661779     42.391180 42.391180 5.540650
440.422607 226.063461     78.481445 25.251953 22.250000     -0.025654 -0.999671 0.999671 -0.025654     65.855817 65.855817 0.464246
440.422607 226.063461     235.683594 -49.523438 110.070099     -0.025654 -0.999671 0.999671 -0.025654     65.855817 65.855817 4.815439
327.178619 427.529907     772.250000 134.812500 53.859375     0.384488 -0.923130 0.923130 0.384488     22.689828 22.689828 1.455160
442.948822 226.455887     60.757324 22.420898 52.469727     -0.040327 -0.999187 0.999187 -0.040327     71.220329 71.220329 0.498734
442.948822 226.455887     126.480469 -47.750000 86.265625     -0.040327 -0.999187 0.999187 -0.040327     71.220329 71.220329 4.835010
505.258057 312.637085     50.700684 55.487305 195.601562     0.194965 -0.980810 0.980810 0.194965     16.804098 16.804098 5.256204
216.951538 178.140976     75.618286 -32.769287 181.000977     -0.938142 0.346251 -0.346251 -0.938142     11.548252 11.548252 2.231418
502.291565 304.361450     236.089600 23.394531 31.250000     -0.215010 -0.976612 0.976612 -0.215010     22.587514 22.587514 0.919564
311.262909 386.751831     58.210938 -6.347656 22.484375     -0.815395 0.578904 -0.578904 -0.815395     33.567075 33.567075 1.928257
311.262909 386.751831     16.777344 -12.515625 42.187500     -0.815395 0.578904 -0.578904 -0.815395     33.567075 33.567075 4.902213
494.481812 295.586731     72.769531 -26.167969 17.044922     -0.334624 -0.942352 0.942352 -0.334624     40.748003 40.748003 0.802848
494.481812 295.586731     370.109863 -58.800842 87.536667     -0.334624 -0.942352 0.942352 -0.334624     40.748003 40.748003 5.737994
394.526215 387.187073     793.203125 144.156250 69.710938     -0.879309 0.476252 -0.476252 -0.879309     32.893610 32.893610 2.051848
394.526215 387.187073     614.790527 202.895020 392.599609     -0.879309 0.476252 -0.476252 -0.879309     32.893610 32.893610 4.039444
212.102417 260.732758     709.267578 -90.859375 800.000000     -0.658124 -0.752909 0.752909 -0.658124     43.008317 43.008317 5.547703
301.409210 331.976959     694.642578 13.929688 1015.375000     -0.935265 -0.353947 0.353947 -0.935265     13.800526 13.800526 0.520153
217.547623 177.884918     83.253906 -52.000000 91.980469     -0.934041 0.357167 -0.357167 -0.934041     11.585712 11.585712 2.208441
371.679810 194.009857     25.252930 -2.962891 103.484375     -0.991256 -0.131953 0.131953 -0.991256     15.430999 15.430999 1.213426
371.679810 194.009857     136.130554 67.169922 297.750000     -0.991256 -0.131953 0.131953 -0.991256     15.430999 15.430999 4.884335
302.143219 331.590454     597.468750 218.207520 764.003906     -0.942934 -0.332980 0.332980 -0.942934     16.086862 16.086862 0.504587
412.460175 368.067841     313.931152 22.486328 40.968750     -0.989235 -0.146337 0.146337 -0.989235     9.584182 9.584182 1.449263
419.071533 366.917480     439.630859 -110.396729 169.915100     -0.987334 -0.158656 0.158656 -0.987334     13.869889 13.869889 1.522707
34.968037 367.470306     92.730469 -56.861328 121.591797     -0.751896 -0.659282 0.659282 -0.751896     16.828716 16.828716 4.398401
145.082138 408.796417     19.453796 -10.631836 47.812500     -0.716751 0.697329 -0.697329 -0.716751     30.859567 30.859567 1.559444
145.082138 408.796417     132.937500 44.148438 30.031250     -0.716751 0.697329 -0.697329 -0.716751     30.859567 30.859567 1.960963
199.680222 401.507111     40.588379 3.773438 22.832031     -0.648986 -0.760801 0.760801 -0.648986     46.320265 46.320265 3.869910
423.693756 365.850006     804.625000 167.546875 103.546875     -0.985710 -0.168451 0.168451 -0.985710     17.755910 17.755910 1.591242
215.698196 264.150513     16.244873 14.300781 90.718750     -0.679516 -0.733661 0.733661 -0.679516     42.856005 42.856005 5.554011
302.338623 331.627258     52.906250 -16.250000 74.968750     -0.941249 -0.337712 0.337712 -0.941249     16.152454 16.152454 0.491917
302.338623 331.627258     32.554688 -0.414062 47.234375     -0.941249 -0.337712 0.337712 -0.941249     16.152454 16.152454 3.849598
33.010735 360.007141     7.015625 0.835938 104.015625     -0.380011 -0.924982 0.924982 -0.380011     24.735938 24.735938 1.437288
33.010735 360.007141     138.673096 65.701172 366.234375     -0.380011 -0.924982 0.924982 -0.380011     24.735938 24.735938 3.120588
426.908173 364.731873     9.968750 4.085938 62.812500     -0.984371 -0.176110 0.176110 -0.984371     21.417206 21.417206 1.608083
176.098785 404.461212     12.968750 -54.468750 1104.343750     -0.987722 0.156222 -0.156222 -0.987722     59.361230 59.361230 1.730267
176.098785 404.461212     137.187500 -263.609375 654.656250     -0.987722 0.156222 -0.156222 -0.987722     59.361230 59.361230 4.788930
310.691803 386.991119     85.101562 69.836914 151.577148     -0.816395 0.577494 -0.577494 -0.816395     32.771633 32.771633 1.868598
310.691803 386.991119     21.877930 14.977539 61.382812     -0.816395 0.577494 -0.577494 -0.816395     32.771633 32.771633 4.923752
85.133331 86.281815     31.916992 -0.806641 33.828125     -0.658343 -0.752718 0.752718 -0.658343     23.416776 23.416776 1.613095
85.133331 86.281815     1710.978516 -401.271484 3054.937500     -0.658343 -0.752718 0.752718 -0.658343     23.416776 23.416776 4.207377
427.902863 363.740234     239.066406 -85.609375 221.015625     -0.983929 -0.178562 0.178562 -0.983929     24.397219 24.397219 1.609726
88.698555 81.133575     133.748047 4.884766 98.164062     0.449366 -0.893348 0.893348 0.449366     34.051175 34.051175 1.721985
88.698555 81.133575     152.328125 46.142578 136.320312     0.449366 -0.893348 0.893348 0.449366     34.051175 34.051175 2.365981
80.187180 112.530769     182.272583 179.268555 680.078125     -0.768681 -0.639632 0.639632 -0.768681     26.166994 26.166994 1.535113
80.187180 112.530769     815.867188 -137.226562 1378.953125     -0.768681 -0.639632 0.639632 -0.768681     26.166994 26.166994 4.229650
32.908859 361.753174     34.997070 -13.398438 53.976562     -0.321004 -0.947078 0.947078 -0.321004     25.413550 25.413550 1.299172
32.908859 361.753174     761.449219 628.718750 678.968750     -0.321004 -0.947078 0.947078 -0.321004     25.413550 25.413550 2.763775
43.887974 78.502472     43.699219 -18.066406 43.984375     0.274613 -0.961555 0.961555 0.274613     36.630005 36.630005 0.423478
43.887974 78.502472     606.382324 179.126953 522.328125     0.274613 -0.961555 0.961555 0.274613     36.630005 36.630005 1.524873
157.577560 360.795380     255.890625 -112.578125 126.078125     -0.985464 0.169887 -0.169887 -0.985464     20.812237 20.812237 1.574056
157.577560 360.795380     691.867188 8.257812 731.234375     -0.985464 0.169887 -0.169887 -0.985464     20.812237 20.812237 3.316466
233.419083 402.373444     2302.934570 -494.947266 3378.762695     0.379211 -0.925310 0.925310 0.379211     15.358249 15.358249 0.183246
233.419083 402.373444     1417.253906 274.117188 1615.109375     0.379211 -0.925310 0.925310 0.379211     15.358249 15.358249 2.305935
217.870972 177.827957     1084.760010 -1006.640625 5367.929688     -0.929764 0.368156 -0.368156 -0.929764     11.633412 11.633412 2.182136
429.114716 361.972260     51.755859 24.566406 41.761719     -0.982078 -0.188473 0.188473 -0.982078     29.179161 29.179161 1.602580
123.827751 148.188995     48.769531 -13.015625 429.500000     0.609348 -0.792903 0.792903 0.609348     24.840956 24.840956 2.557021
123.827751 148.188995     135.132812 47.156250 33.179688     0.609348 -0.792903 0.792903 0.609348     24.840956 24.840956 4.683133
220.247971 267.918335     730.437500 59.335938 718.843750     -0.708269 -0.705943 0.705943 -0.708269     42.810728 42.810728 5.522898
352.231812 334.268188     15.125000 -66.375000 1202.281250     0.031186 -0.999514 0.999514 0.031186     9.632704 9.632704 1.412815
352.231812 334.268188     4474.123047 1880.632812 23019.234375     0.031186 -0.999514 0.999514 0.031186     9.632704 9.632704 2.883180
125.631752 146.034363     70.066406 18.492188 22.673828     0.676899 -0.736076 0.736076 0.676899     26.787079 26.787079 2.286466
125.631752 146.034363     816.449219 662.140625 688.765625     0.676899 -0.736076 0.736076 0.676899     26.787079 26.787079 5.450448
100.752548 316.448975     184.875000 79.218750 52.921875     0.037792 -0.999286 0.999286 0.037792     22.563305 22.563305 1.610657
100.752548 316.448975     21.710938 -16.062500 149.390625     0.037792 -0.999286 0.999286 0.037792     22.563305 22.563305 1.991095
126.270020 147.189926     80.078125 -34.195312 27.027344     0.614008 -0.789300 0.789300 0.614008     31.337975 31.337975 2.392015
28.920187 434.309845     705.976562 9.648438 745.250000     0.316170 -0.948702 0.948702 0.316170     17.949622 17.949622 0.913110
28.920187 434.309845     82.734375 55.802734 78.544922     0.316170 -0.948702 0.948702 0.316170     17.949622 17.949622 1.500357
302.401611 331.572021     74.976562 19.796875 38.078125     -0.937796 -0.347187 0.347187 -0.937796     16.648065 16.648065 0.453062
78.916260 251.487686     65.265625 -85.296875 623.640625     -0.979878 -0.199596 0.199596 -0.979878     21.137263 21.137263 1.878165
429.157104 359.314606     249.617188 -220.335938 656.234375     -0.975253 -0.221092 0.221092 -0.975253     36.437115 36.437115 1.598751
59.996552 203.596558     97.585938 52.562500 232.992188     -0.182314 -0.983240 0.983240 -0.182314     16.591026 16.591026 1.247246
59.996552 203.596558     39.312500 -9.898438 13.601562     -0.182314 -0.983240 0.983240 -0.182314     16.591026 16.591026 4.029241
256.125000 430.846771     50.718750 -19.476562 20.304688     0.028173 -0.999603 0.999603 0.028173     25.670919 25.670919 0.219072
256.125000 430.846771     8.375000 -17.218750 215.625000     0.028173 -0.999603 0.999603 0.028173     25.670919 25.670919 0.619311
266.154419 453.117645     37.203125 1.031250 18.515625     0.055930 -0.998435 0.998435 0.055930     20.999082 20.999082 1.563198
266.154419 453.117645     24.656250 -74.875000 1199.140625     0.055930 -0.998435 0.998435 0.055930     20.999082 20.999082 2.461963
351.958679 333.314056     100.828125 52.242188 208.695312     -0.008617 -0.999963 0.999963 -0.008617     11.913041 11.913041 1.407514
351.958679 333.314056     15.625000 -22.062500 241.046875     -0.008617 -0.999963 0.999963 -0.008617     11.913041 11.913041 3.089968
265.769775 402.982025     91.820312 13.335083 23.667511     -0.076638 -0.997059 0.997059 -0.076638     13.982397 13.982397 0.846905
327.518402 426.340485     31.843750 -82.906250 740.562500     0.386990 -0.922084 0.922084 0.386990     23.188313 23.188313 1.458152
52.331985 327.481781     30.031250 -100.343750 1632.953125     0.072998 -0.997332 0.997332 0.072998     16.189872 16.189872 2.408177
52.331985 327.481781     1584.597656 1232.531250 1096.984375     0.072998 -0.997332 0.997332 0.072998     16.189872 16.189872 4.622492
170.469635 79.577599     45.375000 49.078125 74.789062     -0.533973 -0.845501 0.845501 -0.533973     28.812765 28.812765 4.617341
52.231758 292.304718     59.125000 62.796875 91.195312     -0.318725 -0.947847 0.947847 -0.318725     18.467306 18.467306 0.989208
52.231758 292.304718     19.031250 12.646484 23.575439     -0.318725 -0.947847 0.947847 -0.318725     18.467306 18.467306 2.436267
51.131149 413.173767     22.906250 -11.984375 46.912109     0.343409 -0.939186 0.939186 0.343409     25.305068 25.305068 2.293896
241.924713 395.060822     32.093750 1.632812 14.324219     -0.018371 -0.999831 0.999831 -0.018371     30.911626 30.911626 0.837889
44.500000 225.986603     22.093750 21.148438 49.076538     -0.233940 -0.972251 0.972251 -0.233940     20.366781 20.366781 0.293587
44.500000 225.986603     22.718750 22.582031 54.397095     -0.233940 -0.972251 0.972251 -0.233940     20.366781 20.366781 2.283267
95.293015 317.404602     25.093750 27.820312 75.315918     -0.991039 -0.133573 0.133573 -0.991039     44.435236 44.435236 1.668562
95.293015 317.404602     62.812500 2.929688 73.680664     -0.991039 -0.133573 0.133573 -0.991039     44.435236 44.435236 5.097256
80.588615 258.708923     35.562500 58.412109 190.854004     -0.765150 -0.643852 0.643852 -0.765150     44.432255 44.432255 0.775428
80.588615 258.708923     80.812500 0.562500 94.134766     -0.765150 -0.643852 0.643852 -0.765150     44.432255 44.432255 1.144744
112.322037 241.328812     37.906250 55.136719 186.072021     0.459356 -0.888252 0.888252 0.459356     23.840712 23.840712 2.248869
112.322037 241.328812     41.921875 -3.289062 220.921875     0.459356 -0.888252 0.888252 0.459356     23.840712 23.840712 2.669505
224.154083 270.864441     24.109375 -5.234375 20.753906     -0.729881 -0.683574 0.683574 -0.729881     42.723733 42.723733 5.574503
156.924850 305.221283     249.359375 14.945312 5.742188     -0.857475 -0.514526 0.514526 -0.857475     20.637407 20.637407 1.212012
156.924850 305.221283     442.546875 -19.578125 9.875000     -0.857475 -0.514526 0.514526 -0.857475     20.637407 20.637407 1.569767
391.256378 388.776398     80.718750 32.270508 120.514847     -0.865874 0.500262 -0.500262 -0.865874     35.156409 35.156409 2.047930
391.256378 388.776398     82.953125 20.515625 47.390625     -0.865874 0.500262 -0.500262 -0.865874     35.156409 35.156409 6.314331
160.864822 304.265106     83.718750 -35.429688 675.314453     -0.979888 -0.199550 0.199550 -0.979888     33.516642 33.516642 4.085225
159.238510 238.143677     563.796875 52.007812 179.437500     -0.774380 -0.632721 0.632721 -0.774380     20.957300 20.957300 1.035647
159.238510 238.143677     32.382812 -21.808594 40.785156     -0.774380 -0.632721 0.632721 -0.774380     20.957300 20.957300 4.132346
103.126190 210.000000     82.843750 -153.554688 550.906250     -0.857631 0.514266 -0.514266 -0.857631     28.415912 28.415912 2.121666
103.126190 210.000000     30.570312 15.250000 61.328125     -0.857631 0.514266 -0.514266 -0.857631     28.415912 28.415912 2.491442
85.500000 418.146271     24.234375 -12.320312 92.238281     -0.251871 -0.967761 0.967761 -0.251871     18.529010 18.529010 1.491743
85.500000 418.146271     801.753906 -50.558594 262.792969     -0.251871 -0.967761 0.967761 -0.251871     18.529010 18.529010 1.956589
242.594040 392.339447     1913.296875 94.398438 231.226562     0.034126 -0.999418 0.999418 0.034126     31.282315 31.282315 0.949892
242.594040 392.339447     107.890625 -159.640625 578.828125     0.034126 -0.999418 0.999418 0.034126     31.282315 31.282315 1.616017
302.656250 331.621338     7.187500 -3.812500 52.527344     -0.931149 -0.364638 0.364638 -0.931149     17.261070 17.261070 0.393899
351.701111 332.841339     259.406250 -220.832031 1044.956299     -0.030416 -0.999537 0.999537 -0.030416     13.339117 13.339117 1.398668
351.701111 332.841339     44.867188 4.429688 91.851562     -0.030416 -0.999537 0.999537 -0.030416     13.339117 13.339117 3.159462
371.738953 194.119476     96.375000 69.515625 106.343750     -0.986099 -0.166161 0.166161 -0.986099     16.221784 16.221784 1.182601
371.738953 194.119476     49.312500 7.222656 109.302734     -0.986099 -0.166161 0.166161 -0.986099     16.221784 16.221784 2.463243
218.346283 177.566345     67.421875 64.953125 102.773438     -0.922845 0.385171 -0.385171 -0.922845     12.466734 12.466734 2.217973
227.474747 133.225586     38.500000 -12.570312 121.386719     -0.945610 -0.325303 0.325303 -0.945610     18.174794 18.174794 0.819146
227.202942 273.160858     96.718750 14.531250 85.609375     -0.740261 -0.672320 0.672320 -0.740261     42.068668 42.068668 5.576941
305.255554 333.230164     153.617188 81.234375 63.492188     -0.905528 -0.424287 0.424287 -0.905528     17.889262 17.889262 0.192260
350.475067 336.375366     329.093750 -195.718750 1418.983398     0.122933 -0.992415 0.992415 0.122933     19.983867 19.983867 1.267137
350.475067 336.375366     70.640625 62.718750 99.109375     0.122933 -0.992415 0.992415 0.122933     19.983867 19.983867 2.671358
178.895905 188.593063     4354.359375 712.828125 1783.535156     0.544908 -0.838496 0.838496 0.544908     20.766848 20.766848 3.189481
243.246887 389.070618     39.890625 29.812500 61.656250     0.079659 -0.996822 0.996822 0.079659     31.375723 31.375723 1.659692
389.334198 389.328339     18.656250 -21.824219 66.334961     -0.863125 0.504990 -0.504990 -0.863125     37.369221 37.369221 2.065817
219.234604 176.645157     441.750000 -253.031250 1530.074707     -0.898031 0.439933 -0.439933 -0.898031     14.424966 14.424966 0.479387
219.234604 176.645157     178.031250 293.000000 580.828125     -0.898031 0.439933 -0.439933 -0.898031     14.424966 14.424966 2.301720
212.487183 144.212814     11.429688 16.500000 77.109375     -0.720247 -0.693718 0.693718 -0.720247     22.408740 22.408740 4.843636
276.279999 354.170013     175.156250 282.703125 564.960938     -0.916997 -0.398894 0.398894 -0.916997     24.427369 24.427369 3.535122
244.670502 384.976501     523.093750 -227.101562 1644.299805     0.147713 -0.989030 0.989030 0.147713     32.613792 32.613792 1.674351
251.517685 378.308990     16.132812 -11.921875 39.593750     0.401162 -0.916007 0.916007 0.401162     55.684113 55.684113 1.691630
251.517685 378.308990     13.937500 22.765625 97.218750     0.401162 -0.916007 0.916007 0.401162     55.684113 55.684113 4.795530
214.016281 159.026215     11.312500 -34.375000 1600.140625     -0.324121 -0.946016 0.946016 -0.324121     40.142715 40.142715 4.673307
614.814331 192.848099     565.250000 -41.792969 1986.945312     -0.946662 0.322229 -0.322229 -0.946662     14.394580 14.394580 1.763383
284.446014 373.995300     29.156250 -19.890625 40.453125     -0.999924 -0.012353 0.012353 -0.999924     19.098684 19.098684 1.243284
284.446014 373.995300     172.640625 274.812500 564.500000     -0.999924 -0.012353 0.012353 -0.999924     19.098684 19.098684 2.378188
613.247437 193.786942     651.531250 665.078125 5570.218750     -0.898726 0.438511 -0.438511 -0.898726     14.789600 14.789600 1.812790
600.691956 454.731049     47.796875 -52.328125 265.210938     0.082237 -0.996613 0.996613 0.082237     11.866844 11.866844 1.558555
284.456787 373.633759     36.273438 -19.937500 162.093750     -0.998490 -0.054934 0.054934 -0.998490     19.333714 19.333714 1.137855
284.456787 373.633759     19.906250 8.812500 50.673828     -0.998490 -0.054934 0.054934 -0.998490     19.333714 19.333714 2.341592
214.249451 158.425385     727.343750 986.273438 8064.406250     -0.375313 -0.926898 0.926898 -0.375313     40.167278 40.167278 4.723832
602.500793 452.940338     12.843750 -50.515625 273.151550     0.096500 -0.995333 0.995333 0.096500     16.525477 16.525477 1.554676
306.958160 334.043243     757.375000 1172.578125 10585.850586     -0.907623 -0.419787 0.419787 -0.907623     18.817167 18.817167 0.202447
306.958160 334.043243     5328.195312 1243.218750 2897.304688     -0.907623 -0.419787 0.419787 -0.907623     18.817167 18.817167 4.430334
604.365845 446.316071     92.507812 -21.984375 211.531250     0.087468 -0.996167 0.996167 0.087468     19.291095 19.291095 1.560825
284.524445 373.074921     90.070312 -14.320312 232.281250     -0.998014 -0.062999 0.062999 -0.998014     20.044783 20.044783 1.170296
284.524445 373.074921     94.226562 -154.578125 278.703125     -0.998014 -0.062999 0.062999 -0.998014     20.044783 20.044783 2.365719
606.663818 433.858002     33.343750 -19.250000 43.265625     0.114661 -0.993405 0.993405 0.114661     21.238161 21.238161 1.561965
475.769501 333.735596     228.867188 -194.343750 438.968750     -0.585554 -0.810634 0.810634 -0.585554     12.781988 12.781988 2.663767
240.533981 283.397217     56.578125 63.566162 95.090149     -0.772674 -0.634803 0.634803 -0.772674     41.335748 41.335748 1.458973
474.500000 332.426971     989.156250 1597.234375 14378.205078     -0.597054 -0.802201 0.802201 -0.597054     13.385270 13.385270 2.687989
472.661499 330.511047     255.046875 -135.062500 74.046875     -0.613429 -0.789750 0.789750 -0.613429     14.475964 14.475964 2.738340
598.990112 44.846535     196.132812 93.282715 134.075714     -0.641549 -0.767082 0.767082 -0.641549     13.084385 13.084385 5.883847
574.143250 134.621780     150.835938 -215.562500 346.093750     0.382326 -0.924027 0.924027 0.382326     19.064068 19.064068 2.171641
470.969696 328.392059     5645.914062 1568.570312 3719.835938     -0.616993 -0.786968 0.786968 -0.616993     14.793678 14.793678 1.434708
470.969696 328.392059     91.625000 -9.664062 250.187500     -0.616993 -0.786968 0.786968 -0.616993     14.793678 14.793678 2.717170
371.428009 194.503998     58.835938 -4.937500 46.625000     -0.995874 -0.090749 0.090749 -0.995874     16.942621 16.942621 4.909547
598.918640 43.213558     10.484375 -19.968750 101.531250     -0.480718 -0.876875 0.876875 -0.480718     14.581533 14.581533 1.854715
598.918640 43.213558     230.281250 54.853516 171.489288     -0.480718 -0.876875 0.876875 -0.480718     14.581533 14.581533 5.468514
599.146362 43.143291     1017.750000 1740.171875 16776.035156     -0.461392 -0.887196 0.887196 -0.461392     14.907720 14.907720 1.866472
599.146362 43.143291     255.867188 54.487305 179.795227     -0.461392 -0.887196 0.887196 -0.461392     14.907720 14.907720 5.451380
599.945740 44.214470     25.636719 -5.730469 76.742188     -0.406179 -0.913794 0.913794 -0.406179     16.054150 16.054150 1.805916
599.945740 44.214470     43.804688 19.041016 39.144531     -0.406179 -0.913794 0.913794 -0.406179     16.054150 16.054150 4.256680
602.615234 50.745762     34.953125 7.957031 19.726562     -0.316922 -0.948452 0.948452 -0.316922     18.024891 18.024891 1.636144
602.615234 50.745762     5815.546875 1417.015625 6376.281250     -0.316922 -0.948452 0.948452 -0.316922     18.024891 18.024891 4.310503
371.299988 194.664291     92.363281 -128.808594 334.929688     -0.996571 -0.082740 0.082740 -0.996571     18.008301 18.008301 2.909229
371.299988 194.664291     12.384766 5.669922 94.667969     -0.996571 -0.082740 0.082740 -0.996571     18.008301 18.008301 4.917994
397.444061 251.006989     6.508789 3.871094 113.375000     -0.149028 -0.988833 0.988833 -0.149028     20.235603 20.235603 1.455955
397.444061 251.006989     46.066406 14.503906 116.568359     -0.149028 -0.988833 0.988833 -0.149028     20.235603 20.235603 6.215104
603.268677 50.856716     582.414062 74.250488 193.153229     -0.314479 -0.949264 0.949264 -0.314479     19.942753 19.942753 1.385110
603.268677 50.856716     93.888672 -141.660156 480.500000     -0.314479 -0.949264 0.949264 -0.314479     19.942753 19.942753 1.757613
395.409760 243.541458     31.737556 -23.182404 83.120605     0.018365 -0.999831 0.999831 0.018365     29.115195 29.115195 0.688076
395.409760 243.541458     983.687500 1731.671875 17318.943359     0.018365 -0.999831 0.999831 0.018365     29.115195 29.115195 4.824219
399.111115 186.747131     27.123489 1.375488 25.714844     -0.807845 0.589395 -0.589395 -0.807845     18.518450 18.518450 0.925890
399.111115 186.747131     63.243164 -25.914062 115.312500     -0.807845 0.589395 -0.589395 -0.807845     18.518450 18.518450 2.422872
371.070068 194.805725     53.140625 3.689453 77.259766     -0.997706 -0.067695 0.067695 -0.997706     19.470709 19.470709 1.229684
371.070068 194.805725     688.519531 3.008301 234.608978     -0.997706 -0.067695 0.067695 -0.997706     19.470709 19.470709 2.409337
274.104218 264.740845     89.455078 -130.613281 921.375000     -0.998137 -0.061005 0.061005 -0.998137     9.888492 9.888492 4.598810
301.057983 252.710037     39.098633 -58.148438 117.019531     -0.998982 0.045111 -0.045111 -0.998982     13.493180 13.493180 4.639972
271.520172 274.847534     127.885254 -28.087891 18.687500     -0.999981 -0.006132 0.006132 -0.999981     12.701740 12.701740 4.198366
304.462128 285.358582     74.769531 27.558594 51.296875     -0.730363 -0.683060 0.683060 -0.730363     21.518217 21.518217 1.636676
407.203491 292.937378     29.242531 -27.398560 59.777344     -0.909657 -0.415360 0.415360 -0.909657     27.748241 27.748241 2.552959
366.785431 269.854248     6680.953125 2107.335938 7376.312500     -0.998401 -0.056529 0.056529 -0.998401     6.752112 6.752112 1.441323
588.772705 66.937302     407.851562 -162.878906 1153.578125     0.104334 -0.994542 0.994542 0.104334     24.721978 24.721978 5.067370
370.136353 346.459076     29.251465 -31.134766 127.156250     0.091539 -0.995802 0.995802 0.091539     13.867204 13.867204 1.552921
359.920288 289.779297     91.644531 -131.724609 246.207031     -0.989230 -0.146371 0.146371 -0.989230     45.082751 45.082751 1.673256
359.920288 289.779297     36.815552 27.921997 36.239624     -0.989230 -0.146371 0.146371 -0.989230     45.082751 45.082751 2.871737
631.460388 36.693069     41.939453 -18.269531 33.890625     0.161233 -0.986916 0.986916 0.161233     6.919407 6.919407 4.695989
271.222229 289.796753     19.611816 7.397461 36.691406     -0.762827 -0.646602 0.646602 -0.762827     8.957307 8.957307 4.266943
593.713745 63.664932     54.909004 -60.107239 548.798340     0.059569 -0.998224 0.998224 0.059569     40.650839 40.650839 4.706074
365.972626 285.537781     14.013672 0.927734 35.472656     -0.991282 -0.131761 0.131761 -0.991282     59.106885 59.106885 1.674768
365.972626 285.537781     20.256477 14.617188 32.207031     -0.991282 -0.131761 0.131761 -0.991282     59.106885 59.106885 2.976447
261.665131 191.839447     1300.614258 -1254.398438 3401.539062     0.636726 -0.771090 0.771090 0.636726     17.061127 17.061127 4.247034
261.665131 191.839447     7310.335938 3227.757812 10994.078125     0.636726 -0.771090 0.771090 0.636726     17.061127 17.061127 4.691298
368.948059 341.229034     83.335831 8.664795 86.472656     0.286274 -0.958148 0.958148 0.286274     27.359442 27.359442 1.475754
368.948059 341.229034     16.490662 9.314453 117.675781     0.286274 -0.958148 0.958148 0.286274     27.359442 27.359442 2.254297
335.691284 332.379944     102.723328 26.083984 156.328125     -0.380738 -0.924683 0.924683 -0.380738     22.178710 22.178710 1.607875
335.691284 332.379944     29.299805 -26.043701 64.296875     -0.380738 -0.924683 0.924683 -0.380738     22.178710 22.178710 2.298288
429.450989 226.252106     38.408691 -27.011719 120.710938     0.172940 -0.984932 0.984932 0.172940     21.140956 21.140956 1.408144
429.450989 226.252106     97.029404 -118.912842 608.185059     0.172940 -0.984932 0.984932 0.172940     21.140956 21.140956 4.642628
232.508301 207.253723     11.939091 -12.090332 69.859375     -0.995704 0.092597 -0.092597 -0.995704     72.293478 72.293478 4.290762
348.610077 283.134491     48.108398 -15.886719 36.046875     -0.998439 -0.055857 0.055857 -0.998439     67.641671 67.641671 4.397155
368.418030 341.930023     11217.023438 185.187500 11415.851562     0.293507 -0.955957 0.955957 0.293507     34.528881 34.528881 1.465395
368.418030 341.930023     56.257202 82.173828 241.035156     0.293507 -0.955957 0.955957 0.293507     34.528881 34.528881 2.321099
598.123169 142.635468     177.421265 -61.117188 228.304688     0.083211 -0.996532 0.996532 0.083211     11.794081 11.794081 2.300321
335.875214 328.948730     26.644531 4.758789 40.854004     -0.093051 -0.995661 0.995661 -0.093051     30.002956 30.002956 2.312694
335.875214 328.948730     59.366745 7.346436 20.835228     -0.093051 -0.995661 0.995661 -0.093051     30.002956 30.002956 5.030969
444.896790 274.405518     80.829758 38.991455 335.003906     -0.681352 -0.731956 0.731956 -0.681352     25.322362 25.322362 5.199375
442.944183 274.953125     81.904907 98.379883 244.787109     -0.672004 -0.740547 0.740547 -0.672004     32.616279 32.616279 5.295487
442.944183 274.953125     58.072266 -2.374023 14.414795     -0.672004 -0.740547 0.740547 -0.672004     32.616279 32.616279 6.331631
245.444901 316.285706     15.191833 -2.419434 214.421875     -0.832028 -0.554734 0.554734 -0.832028     9.550402 9.550402 3.475973
378.201324 339.526001     12.898438 1.414062 31.937500     -0.767355 0.641222 -0.641222 -0.767355     76.645129 76.645129 2.261778
309.325500 237.190399     25.113342 -10.821289 37.898438     -0.961534 -0.274687 0.274687 -0.961534     164.286983 164.286983 1.584810
309.325500 237.190399     61.814835 39.303711 61.375000     -0.961534 -0.274687 0.274687 -0.961534     164.286983 164.286983 5.761179
471.950165 308.387909     22.576172 17.858398 85.167969     -0.607214 -0.794538 0.794538 -0.607214     18.976140 18.976140 0.159645
471.950165 308.387909     25.499023 8.451172 39.329102     -0.607214 -0.794538 0.794538 -0.607214     18.976140 18.976140 1.436925
428.440063 226.261826     119.263931 116.905762 323.734375     0.146715 -0.989179 0.989179 0.146715     27.237295 27.237295 1.349953
428.440063 226.261826     33.425415 -7.767578 43.429688     0.146715 -0.989179 0.989179 0.146715     27.237295 27.237295 3.191437
333.376099 328.096863     16.683594 1.687500 34.187500     -0.823729 -0.566983 0.566983 -0.823729     39.128615 39.128615 3.160386
333.376099 328.096863     68.365662 7.545898 205.593750     -0.823729 -0.566983 0.566983 -0.823729     39.128615 39.128615 4.096837
286.369568 341.450317     15487.851562 1906.273438 12543.210938     -0.861709 -0.507402 0.507402 -0.861709     17.807020 17.807020 6.121559
472.795135 308.816711     25.551758 0.787109 158.293945     -0.623968 -0.781450 0.781450 -0.623968     20.405029 20.405029 0.261023
316.222778 242.650574     16302.800781 1441.304688 13433.445312     -0.968124 -0.250470 0.250470 -0.968124     179.950186 179.950186 1.689604
316.222778 242.650574     20.710938 -6.107666 27.518799     -0.968124 -0.250470 0.250470 -0.968124     179.950186 179.950186 3.870943
495.673645 354.403259     101.000000 69.296875 50.789062     -0.573189 -0.819423 0.819423 -0.573189     19.633978 19.633978 1.199443
378.960114 339.325897     78.150391 2.132812 42.684586     -0.767678 0.640836 -0.640836 -0.767678     76.584737 76.584737 2.249894
378.960114 339.325897     56.708984 14.575439 123.515869     -0.767678 0.640836 -0.640836 -0.767678     76.584737 76.584737 4.296503
556.211426 83.991188     135.906250 91.351562 64.632812     0.362220 -0.932093 0.932093 0.362220     14.354335 14.354335 1.482178
556.211426 83.991188     89.875000 51.015625 89.546875     0.362220 -0.932093 0.932093 0.362220     14.354335 14.354335 2.561708
484.936462 332.806030     132.835938 94.640625 71.125000     -0.465589 -0.885001 0.885001 -0.465589     21.993624 21.993624 1.473027
305.678741 438.723969     190.582031 133.195312 96.656250     -0.230701 -0.973025 0.973025 -0.230701     12.338199 12.338199 1.460822
485.249237 332.630188     75.927734 -33.218750 178.500000     -0.464971 -0.885326 0.885326 -0.464971     23.244266 23.244266 1.443174
305.475647 437.382019     57.468750 -13.539062 67.859375     -0.247558 -0.968873 0.968873 -0.247558     12.823511 12.823511 1.451246
428.871460 223.976868     58.062500 -218.142578 894.644043     0.188651 -0.982044 0.982044 0.188651     27.317800 27.317800 1.328424
428.871460 223.976868     88.781250 -102.945312 123.691406     0.188651 -0.982044 0.982044 0.188651     27.317800 27.317800 3.098529
484.754639 332.174744     55.703125 -207.658203 851.676758     -0.457973 -0.888966 0.888966 -0.457973     25.080884 25.080884 1.422479
320.828033 252.553177     55.109375 -206.314453 845.460205     -0.929872 -0.367882 0.367882 -0.929872     210.157361 210.157361 5.711255
430.418121 217.715393     514.710938 -77.355469 12.950195     0.222439 -0.974947 0.974947 0.222439     26.946672 26.946672 4.691241
308.900970 430.873779     983.437500 -755.500000 1035.319092     0.152852 -0.988249 0.988249 0.152852     25.924733 25.924733 5.338669
583.385620 158.869949     518.906250 -77.535156 13.172852     -0.257183 -0.966363 0.966363 -0.257183     18.857596 18.857596 3.075936
431.055023 214.956329     1761.875000 -332.460938 76.637695     0.221800 -0.975092 0.975092 0.221800     26.802609 26.802609 4.710443
539.874512 27.854902     1047.609375 -797.283203 1045.538574     0.184057 -0.982916 0.982916 0.184057     8.278504 8.278504 4.691883
328.786896 255.768707     1077.078125 -967.714844 1330.455078     -0.921703 -0.387895 0.387895 -0.921703     219.261365 219.261365 5.662875
306.715393 428.044861     39.796875 -5.640625 88.671875     0.176010 -0.984388 0.984388 0.176010     42.351905 42.351905 0.544787
306.715393 428.044861     4695.839844 442.322266 1459.647461     0.176010 -0.984388 0.984388 0.176010     42.351905 42.351905 3.640279
276.469543 371.247314     25.984375 2.304688 28.875000     -0.998344 -0.057535 0.057535 -0.998344     29.997156 29.997156 1.603888
422.757141 385.666656     947.211426 686.408203 5887.321289     -0.888136 0.459581 -0.459581 -0.888136     5.573809 5.573809 1.466080
422.757141 385.666656     135.125000 -355.046875 1026.625000     -0.888136 0.459581 -0.459581 -0.888136     5.573809 5.573809 6.208695
306.503143 426.205261     770.480347 16.126953 48.500000     0.099205 -0.995067 0.995067 0.099205     42.367595 42.367595 0.726012
306.503143 426.205261     584.671875 87.578125 165.695312     0.099205 -0.995067 0.995067 0.099205     42.367595 42.367595 3.746192
344.824280 448.912140     27.750000 -60.203125 378.961487     0.493753 -0.869602 0.869602 0.493753     11.436077 11.436077 1.511392
344.824280 448.912140     24.394531 14.777344 120.921875     0.493753 -0.869602 0.869602 0.493753     11.436077 11.436077 5.282897
269.119385 385.712341     25.664062 17.449219 73.093750     0.512095 -0.858929 0.858929 0.512095     47.835459 47.835459 1.596454
269.119385 385.712341     303.425781 16.648438 244.589844     0.512095 -0.858929 0.858929 0.512095     47.835459 47.835459 4.683405
431.366150 213.129135     14.125000 8.171875 47.757812     0.220708 -0.975340 0.975340 0.220708     27.040490 27.040490 4.714522
256.332062 14.961832     27.656250 -59.776367 397.494629     -0.595853 -0.803093 0.803093 -0.595853     13.808023 13.808023 4.934527
418.139191 388.208801     32.316406 -0.710938 167.949219     -0.882227 0.470824 -0.470824 -0.882227     6.311668 6.311668 1.543515
418.139191 388.208801     1898.968750 187.750000 63.468750     -0.882227 0.470824 -0.470824 -0.882227     6.311668 6.311668 5.230216
347.661255 446.368561     2611.754883 -614.722656 1019.515625     0.541958 -0.840405 0.840405 0.541958     15.474126 15.474126 1.490432
347.661255 446.368561     604.843750 92.640625 183.292969     0.541958 -0.840405 0.840405 0.541958     15.474126 15.474126 5.260281
306.314362 424.444336     131.070312 53.148438 99.941406     0.060612 -0.998161 0.998161 0.060612     42.936265 42.936265 0.666059
306.314362 424.444336     944.520630 427.090820 6370.121094     0.060612 -0.998161 0.998161 0.060612     42.936265 42.936265 3.816535
328.227478 461.440765     1320.359375 161.655273 294.530334     0.205218 -0.978716 0.978716 0.205218     11.292496 11.292496 3.972850
139.025711 253.965714     635.109375 102.695312 202.738281     0.110082 -0.993923 0.993923 0.110082     22.500919 22.500919 0.406555
139.025711 253.965714     44.718750 -143.796875 477.914062     0.110082 -0.993923 0.993923 0.110082     22.500919 22.500919 1.244384
224.996567 118.615120     1987.875000 184.453125 70.140625     -0.748821 -0.662772 0.662772 -0.748821     21.246270 21.246270 0.563146
224.996567 118.615120     990.373901 110.597168 6862.566406     -0.748821 -0.662772 0.662772 -0.748821     21.246270 21.246270 1.275868
248.090637 91.498489     228.898438 70.648438 193.507812     0.428294 -0.903639 0.903639 0.428294     33.314504 33.314504 6.284985
178.503815 328.385498     102.265625 -5.796875 38.460938     -0.919600 -0.392857 0.392857 -0.919600     18.183167 18.183167 0.822291
178.503815 328.385498     908.207031 -9.425781 484.917969     -0.919600 -0.392857 0.392857 -0.919600     18.183167 18.183167 2.056434
132.087738 269.339630     1011.562500 154.328125 207.574219     0.396535 -0.918019 0.918019 0.396535     27.270459 27.270459 1.777738
175.119125 159.768021     9.015625 4.390625 74.042969     -0.068423 -0.997656 0.997656 -0.068423     15.585796 15.585796 4.727373
225.120789 113.896980     17.906250 -41.296875 140.742188     -0.193931 -0.981015 0.981015 -0.193931     29.576750 29.576750 4.827198
225.120789 113.896980     6563.296875 -3855.296875 4162.281250     -0.193931 -0.981015 0.981015 -0.193931     29.576750 29.576750 5.507353
247.736603 93.334824     19.937500 -32.093750 114.628906     -0.048871 -0.998805 0.998805 -0.048871     32.728022 32.728022 0.580886
247.736603 93.334824     212.798889 13.331543 6.320312     -0.048871 -0.998805 0.998805 -0.048871     32.728022 32.728022 4.802093
131.633926 269.708099     18182.816406 -351.353516 3159.639648     0.310967 -0.950421 0.950421 0.310967     31.026839 31.026839 1.886581
103.762833 394.245483     54.718750 94.914062 457.214844     0.381611 -0.924323 0.924323 0.381611     32.619393 32.619393 2.152370
103.762833 394.245483     262.843750 25.265625 625.511719     0.381611 -0.924323 0.924323 0.381611     32.619393 32.619393 5.045877
118.780952 359.490479     93.921875 -0.640625 16.476562     -0.212744 -0.977108 0.977108 -0.212744     11.561828 11.561828 0.777529
118.780952 359.490479     6273.656250 -3608.140625 4702.062500     -0.212744 -0.977108 0.977108 -0.212744     11.561828 11.561828 4.709882
64.271538 395.754578     6120.742188 959.429688 965.250000     -0.076466 -0.997072 0.997072 -0.076466     20.480398 20.480398 2.169907
64.271538 395.754578     2159.416016 -541.449219 1931.515625     -0.076466 -0.997072 0.997072 -0.076466     20.480398 20.480398 4.713128
247.632614 93.982315     20.468750 -83.695312 438.007935     -0.147902 -0.989002 0.989002 -0.147902     32.633186 32.633186 0.696111
131.579178 280.195648     1564.656250 152.679688 301.221558     0.151541 -0.988451 0.988451 0.151541     37.496235 37.496235 1.685092
131.579178 280.195648     549.250000 -105.062500 602.062500     0.151541 -0.988451 0.988451 0.151541     37.496235 37.496235 2.024096
92.358566 198.561752     279.343750 11.187500 14.703125     0.470837 -0.882220 0.882220 0.470837     12.779605 12.779605 4.931115
60.373665 438.348755     211.297852 4.765625 4.164062     -0.971913 0.235338 -0.235338 -0.971913     15.514444 15.514444 4.751576
177.267258 330.214172     6062.968750 -3554.062500 5041.906250     -0.834211 -0.551445 0.551445 -0.834211     25.881696 25.881696 2.368257
177.267258 330.214172     150.015625 62.875000 800.238281     -0.834211 -0.551445 0.551445 -0.834211     25.881696 25.881696 5.613619
82.007416 356.227905     6627.781250 1236.101562 1128.425781     -0.450409 -0.892822 0.892822 -0.450409     45.269305 45.269305 4.666012
82.007416 356.227905     120.234375 8.710938 13.796875     -0.450409 -0.892822 0.892822 -0.450409     45.269305 45.269305 5.357699
131.792328 282.154419     508.763672 35.611328 7.070312     0.126264 -0.991997 0.991997 0.126264     39.174459 39.174459 2.024773
131.792328 282.154419     603.062500 39.546875 1429.039062     0.126264 -0.991997 0.991997 0.126264     39.174459 39.174459 4.858701
26.581966 277.161896     26.437500 -50.026367 416.346191     -0.114076 -0.993472 0.993472 -0.114076     20.790297 20.790297 0.259109
26.581966 277.161896     170.046875 4.976562 922.066406     -0.114076 -0.993472 0.993472 -0.114076     20.790297 20.790297 1.485301
73.061287 284.461304     3300.062500 -2539.203125 10090.820312     0.279471 -0.960154 0.960154 0.279471     20.219534 20.219534 2.134656
73.061287 284.461304     6.812500 -20.601562 168.273438     0.279471 -0.960154 0.960154 0.279471     20.219534 20.219534 4.889395
88.516380 206.618500     21480.765625 2101.265625 5462.894531     0.496977 -0.867764 0.867764 0.496977     18.114713 18.114713 4.795384
29.172728 40.845455     79.533203 -25.300781 37.191406     -0.710743 -0.703451 0.703451 -0.710743     13.199740 13.199740 0.880596
29.172728 40.845455     45.765625 -88.639648 457.034912     -0.710743 -0.703451 0.703451 -0.710743     13.199740 13.199740 1.588337
120.350212 449.949371     4292.398438 245.828125 116.617188     -0.779462 0.626449 -0.626449 -0.779462     19.721867 19.721867 1.103838
120.350212 449.949371     32225.148438 8066.750000 10171.517578     -0.779462 0.626449 -0.626449 -0.779462     19.721867 19.721867 1.558256
37.776192 183.690475     101.085938 -23.037109 36.781250     -0.349392 -0.936977 0.936977 -0.349392     18.473779 18.473779 1.593640
175.217941 53.743591     32417.984375 6421.320312 10905.220703     -0.043112 -0.999070 0.999070 -0.043112     16.821598 16.821598 1.346603
175.217941 53.743591     105.847656 -14.162109 44.796875     -0.043112 -0.999070 0.999070 -0.043112     16.821598 16.821598 3.085694
26.926828 158.593491     2369.747070 -413.230469 1837.890625     -0.090908 -0.995859 0.995859 -0.090908     17.796563 17.796563 5.554795
71.702881 284.352539     4436.398438 127.460938 183.750000     0.286366 -0.958120 0.958120 0.286366     24.784891 24.784891 5.084030
121.146065 449.775269     195.768372 15.568359 4.062500     -0.823073 0.567935 -0.567935 -0.823073     22.538109 22.538109 1.131130
121.146065 449.775269     213.851562 15.410156 4.523438     -0.823073 0.567935 -0.567935 -0.823073     22.538109 22.538109 1.580773
31.405622 168.277115     201.248413 14.841797 4.593750     -0.355523 -0.934668 0.934668 -0.355523     22.500212 22.500212 1.211338
31.405622 168.277115     9802.789062 -3085.375000 2678.218750     -0.355523 -0.934668 0.934668 -0.355523     22.500212 22.500212 1.540921
139.652771 59.412037     212.206848 12.766602 4.609375     -0.993808 0.111115 -0.111115 -0.993808     15.545764 15.545764 0.355689
139.652771 59.412037     173.281250 10.546875 3.921875     -0.993808 0.111115 -0.111115 -0.993808     15.545764 15.545764 0.997347
174.801147 52.466858     168.152893 -50.909180 210.929688     -0.290822 -0.956777 0.956777 -0.290822     22.588946 22.588946 3.650919
174.801147 52.466858     173.156250 8.812500 3.968750     -0.290822 -0.956777 0.956777 -0.290822     22.588946 22.588946 4.165347
30.186735 167.831635     170.085938 -61.054688 28.406250     -0.425631 -0.904897 0.904897 -0.425631     26.861075 26.861075 4.036936
140.274429 59.624062     179.164062 -67.757812 33.656250     -0.998533 0.054139 -0.054139 -0.998533     17.008618 17.008618 5.495398
220.288895 375.142212     537.656250 -1.863281 35.791504     -0.073666 -0.997283 0.997283 -0.073666     16.095907 16.095907 3.899493
26.326460 317.505157     145.896484 -46.237549 138.679688     0.495671 -0.868510 0.868510 0.495671     19.582746 19.582746 0.157596
26.326460 317.505157     715.515625 -381.164062 205.406250     0.495671 -0.868510 0.868510 0.495671     19.582746 19.582746 0.595213
150.071426 85.204079     38.562500 5.500000 46.149841     -0.256377 -0.966577 0.966577 -0.256377     19.006504 19.006504 1.561145
150.071426 85.204079     3843.718750 -7.333984 482.583130     -0.256377 -0.966577 0.966577 -0.256377     19.006504 19.006504 5.040427
127.164513 95.396774     363.187500 -152.101562 74.531250     -0.428216 -0.903676 0.903676 -0.428216     20.862901 20.862901 0.888871
127.164513 95.396774     161.937500 -83.500000 55.441406     -0.428216 -0.903676 0.903676 -0.428216     20.862901 20.862901 1.958197
26.000000 317.762421     287.593750 -93.507812 43.792969     0.478841 -0.877902 0.877902 0.478841     24.311949 24.311949 0.399362
26.000000 317.762421     88.681152 -32.164062 32.472656     0.478841 -0.877902 0.877902 0.478841     24.311949 24.311949 1.607384
219.851852 375.607422     490.199402 -172.845703 186.519531     -0.095094 -0.995468 0.995468 -0.095094     18.291485 18.291485 3.907397
126.865829 100.876564     605.125000 -341.625000 196.195312     -0.005929 -0.999982 0.999982 -0.005929     22.744858 22.744858 1.621610
77.053398 48.199028     377.250000 -144.328125 56.960938     0.506547 -0.862213 0.862213 0.506547     18.620816 18.620816 2.620281
77.053398 48.199028     68.953125 -2.312500 35.781250     0.506547 -0.862213 0.862213 0.506547     18.620816 18.620816 2.956789
265.688110 297.331696     217.718750 -98.562500 46.070312     -0.818726 -0.574185 0.574185 -0.818726     6.659562 6.659562 2.193245
265.688110 297.331696     572.250000 -201.437500 88.400391     -0.818726 -0.574185 0.574185 -0.818726     6.659562 6.659562 3.433280
72.802971 54.542751     323.781250 -124.140625 51.623047     -0.204272 -0.978914 0.978914 -0.204272     32.966144 32.966144 4.093732
250.551025 295.244904     216.218750 -72.773438 43.593750     -0.825660 -0.564167 0.564167 -0.825660     6.694267 6.694267 2.139712
250.551025 295.244904     243.312500 -103.968750 49.433594     -0.825660 -0.564167 0.564167 -0.825660     6.694267 6.694267 4.265738
516.663818 285.857758     840.531250 -237.953125 71.394531     -0.708243 -0.705969 0.705969 -0.708243     27.992405 27.992405 0.504357
516.663818 285.857758     514.406250 -259.250000 205.257812     -0.708243 -0.705969 0.705969 -0.708243     27.992405 27.992405 1.072422
175.602890 434.007233     685.250000 -295.484375 218.507812     0.198515 -0.980098 0.980098 0.198515     14.380706 14.380706 1.453316
175.602890 434.007233     877.937500 -513.859375 430.519531     0.198515 -0.980098 0.980098 0.198515     14.380706 14.380706 3.901638
262.494293 294.923950     1803.562500 -583.195312 212.312500     -0.809311 -0.587380 0.587380 -0.809311     7.024861 7.024861 4.316032
173.893570 436.707916     216.093750 -96.859375 45.445312     0.301086 -0.953597 0.953597 0.301086     18.391835 18.391835 1.427643
247.371704 292.763153     461.281250 -183.320312 107.439453     -0.816248 -0.577701 0.577701 -0.816248     6.952532 6.952532 2.067980
247.371704 292.763153     1560.203125 -545.539062 193.652344     -0.816248 -0.577701 0.577701 -0.816248     6.952532 6.952532 4.429994
175.958542 437.735748     6159.468750 -1821.625000 579.128906     0.283444 -0.958989 0.958989 0.283444     36.588466 36.588466 1.344855
245.502823 291.183624     5928.843750 -1862.015625 6826.851562     -0.807354 -0.590068 0.590068 -0.807354     7.413604 7.413604 2.028255
245.502823 291.183624     354.687500 -167.789062 81.222656     -0.807354 -0.590068 0.590068 -0.807354     7.413604 7.413604 4.518869
480.287781 268.075592     59.460938 -28.285156 29.143555     0.624155 -0.781300 0.781300 0.624155     30.217320 30.217320 4.980752
480.207062 267.532837     82.718750 -28.671875 23.351562     0.566455 -0.824093 0.824093 0.566455     31.229619 31.229619 5.030560
488.843079 50.489052     68.882812 -27.546875 31.285156     0.238046 -0.971254 0.971254 0.238046     9.648973 9.648973 2.915595
488.843079 50.489052     465.265625 -220.945312 107.394531     0.238046 -0.971254 0.971254 0.238046     9.648973 9.648973 6.085886
513.839783 226.315536     177.828125 -53.664062 21.992188     0.645302 -0.763928 0.763928 0.645302     6.073646 6.073646 0.767309
513.839783 226.315536     214.140625 -36.820312 15.605469     0.645302 -0.763928 0.763928 0.645302     6.073646 6.073646 3.406929
481.104645 264.114349     17.718750 -0.781250 27.921875     0.398339 -0.917238 0.917238 0.398339     30.693894 30.693894 5.134170
478.540558 265.061401     21.031250 -0.625000 26.921875     -0.144262 -0.989540 0.989540 -0.144262     35.717558 35.717558 5.509865
473.114288 237.566666     713.781250 -267.359375 100.687500     -0.464094 -0.885786 0.885786 -0.464094     11.373884 11.373884 2.813772
472.145050 219.511444     391.093750 -106.953125 238.210938     -0.585640 -0.810571 0.810571 -0.585640     8.292194 8.292194 4.616000
488.695068 50.649181     395.718750 -155.687500 68.515625     0.238146 -0.971229 0.971229 0.238146     9.843831 9.843831 2.920082
488.695068 50.649181     31469.058594 -2585.835938 19667.675781     0.238146 -0.971229 0.971229 0.238146     9.843831 9.843831 6.090254
488.591705 50.710060     622.625000 -159.875000 126.703125     0.238265 -0.971200 0.971200 0.238265     9.539773 9.539773 2.915472
488.591705 50.710060     264.093750 -60.523438 20.234375     0.238265 -0.971200 0.971200 0.238265     9.539773 9.539773 6.083948
481.321838 57.241379     778.593750 -359.250000 188.906250     0.476727 -0.879051 0.879051 0.476727     51.523072 51.523072 2.357441
294.205353 113.776787     1421.031250 -515.421875 198.843750     -0.988839 0.148987 -0.148987 -0.988839     5.121269 5.121269 1.602395
295.281586 113.653427     182.375000 18.187500 10.763672     -0.988955 0.148214 -0.148214 -0.988955     5.607422 5.607422 0.263664
295.281586 113.653427     339.139648 -51.468750 10.375000     -0.988955 0.148214 -0.148214 -0.988955     5.607422 5.607422 1.595281
321.965149 108.840958     140.601562 -27.460449 12.610870     -0.982148 0.188109 -0.188109 -0.982148     17.001548 17.001548 0.597466
321.965149 108.840958     1582.582031 -561.593750 200.500000     -0.982148 0.188109 -0.188109 -0.982148     17.001548 17.001548 1.597183
321.224854 109.124260     1684.187500 203.335938 1043.046875     -0.982398 0.186799 -0.186799 -0.982398     16.486017 16.486017 0.617635
321.224854 109.124260     166.296875 -131.687500 326.484375     -0.982398 0.186799 -0.186799 -0.982398     16.486017 16.486017 1.601985
375.895447 16.995455     706.812500 -268.171875 103.046875     0.381448 -0.924390 0.924390 0.381448     11.336294 11.336294 1.480924
375.895447 16.995455     44.800781 -29.859375 32.843750     0.381448 -0.924390 0.924390 0.381448     11.336294 11.336294 2.748059
488.721222 429.190918     1029.000000 -203.500000 220.562500     0.113180 -0.993575 0.993575 0.113180     28.158044 28.158044 1.558183
488.721222 429.190918     936.781250 -429.875000 264.468750     0.113180 -0.993575 0.993575 0.113180     28.158044 28.158044 2.359640
