1.0
399
154.491150 397.398224     12.011719 -12.675781 85.625000     0.165074 -0.986281 0.986281 0.165074     14.151886 14.151886 2.395452
154.052078 397.864594     15.099609 -9.214844 93.515625     0.115162 -0.993347 0.993347 0.115162     16.856273 16.856273 2.510025
152.927277 397.093506     19.431641 -2.347656 99.562500     0.029260 -0.999572 0.999572 0.029260     19.801492 19.801492 2.763148
152.927277 397.093506     25.728516 -13.136719 118.125000     0.029260 -0.999572 0.999572 0.029260     19.801492 19.801492 4.589108
151.646942 398.469421     30.968750 -12.035156 132.703125     0.138079 -0.990421 0.990421 0.138079     21.998083 21.998083 2.564598
151.646942 398.469421     34.488281 -14.792969 142.078125     0.138079 -0.990421 0.990421 0.138079     21.998083 21.998083 4.573702
150.552597 398.010986     38.539062 -14.683594 144.453125     0.115903 -0.993261 0.993261 0.115903     24.467911 24.467911 4.623979
149.945206 397.489044     49.226562 -11.750000 153.046875     0.133775 -0.991012 0.991012 0.133775     25.650552 25.650552 4.620737
149.423172 397.263428     79.501953 -14.238281 63.468750     0.134828 -0.990869 0.990869 0.134828     27.202143 27.202143 2.490768
149.423172 397.263428     72.580078 -12.066406 42.648438     0.134828 -0.990869 0.990869 0.134828     27.202143 27.202143 4.644679
149.100204 396.284088     77.576172 -5.480469 151.109375     0.111071 -0.993812 0.993812 0.111071     31.148762 31.148762 4.604442
149.100204 396.284088     282.980469 18.921875 331.101562     0.111071 -0.993812 0.993812 0.111071     31.148762 31.148762 6.282463
162.399399 279.408417     362.019531 47.218750 391.476562     -0.863311 0.504672 -0.504672 -0.863311     33.416972 33.416972 2.254082
162.399399 279.408417     41.253906 16.976562 47.453125     -0.863311 0.504672 -0.504672 -0.863311     33.416972 33.416972 4.320568
162.825089 298.623566     113.300781 9.296875 170.609375     -0.942996 0.332803 -0.332803 -0.942996     27.881831 27.881831 1.570893
162.825089 298.623566     800.085938 81.941406 592.890625     -0.942996 0.332803 -0.332803 -0.942996     27.881831 27.881831 2.242302
150.049484 396.460083     5234.835938 -997.296875 2513.367188     0.073918 -0.997264 0.997264 0.073918     39.530894 39.530894 6.272397
167.962509 291.110077     119.156250 2.296875 8.375000     -0.327073 -0.944999 0.944999 -0.327073     74.818021 74.818021 0.301354
167.962509 291.110077     5933.843750 -430.523438 3958.109375     -0.327073 -0.944999 0.944999 -0.327073     74.818021 74.818021 3.502256
170.954727 289.036743     80.984375 -7.203125 11.515625     -0.592549 -0.805534 0.805534 -0.592549     81.409657 81.409657 3.847171
186.113876 386.939514     597.625000 -17.921875 9.671875     -0.640464 -0.767988 0.767988 -0.640464     23.424351 23.424351 4.675900
151.320801 396.288147     8454.406250 51.171875 4568.460938     -0.156224 -0.987722 0.987722 -0.156224     47.587437 47.587437 0.254737
180.227982 292.548676     1335.750000 -67.125000 15.750000     -0.944541 -0.328393 0.328393 -0.944541     106.907129 106.907129 4.377091
318.818176 456.639282     2899.781250 56.828125 42.140625     -0.994778 0.102062 -0.102062 -0.994778     14.772482 14.772482 3.188697
318.818176 456.639282     1910.765625 -161.242188 28.203125     -0.994778 0.102062 -0.102062 -0.994778     14.772482 14.772482 6.367429
277.581604 459.700867     2479.597656 -207.039062 32.437500     -0.995993 0.089429 -0.089429 -0.995993     16.533337 16.533337 3.160921
277.581604 459.700867     482.226562 -22.156250 5.656250     -0.995993 0.089429 -0.089429 -0.995993     16.533337 16.533337 6.381478
447.614349 293.802704     684.773438 -31.437500 6.062500     0.493713 -0.869625 0.869625 0.493713     10.112070 10.112070 1.526620
447.614349 293.802704     5169.656250 -135.218750 62.437500     0.493713 -0.869625 0.869625 0.493713     10.112070 10.112070 4.672783
259.637085 461.012268     39.921875 5.578125 8.437500     -0.996404 0.084725 -0.084725 -0.996404     17.131072 17.131072 3.119853
259.637085 461.012268     18058.812500 -127.750000 56.406250     -0.996404 0.084725 -0.084725 -0.996404     17.131072 17.131072 6.372202
447.685486 293.758057     21557.000000 -296.984375 63.359375     0.494006 -0.869458 0.869458 0.494006     10.322295 10.322295 1.535038
447.685486 293.758057     76.527344 54.875000 45.812500     0.494006 -0.869458 0.869458 0.494006     10.322295 10.322295 4.681344
248.980545 461.834595     110.718750 -29.156250 134.109375     -0.996490 0.083712 -0.083712 -0.996490     17.454445 17.454445 3.107104
248.980545 461.834595     89.210938 62.078125 50.656250     -0.996490 0.083712 -0.083712 -0.996490     17.454445 17.454445 6.379804
447.666656 293.802185     2257.234375 -220.921875 23.609375     0.492517 -0.870303 0.870303 0.492517     10.564543 10.564543 1.539123
447.666656 293.802185     110.343750 16.171875 12.791016     0.492517 -0.870303 0.870303 0.492517     10.564543 10.564543 4.685181
413.882843 444.008362     43.781250 -7.437500 18.234375     -0.991727 0.128364 -0.128364 -0.991727     4.964899 4.964899 1.705904
413.882843 444.008362     61.320312 -11.914062 17.460938     -0.991727 0.128364 -0.128364 -0.991727     4.964899 4.964899 4.614364
254.811325 365.330200     16.007812 16.875000 61.078125     -0.796714 -0.604356 0.604356 -0.796714     9.207368 9.207368 4.713608
254.839081 365.712646     1229.632812 48.759766 2.299561     -0.805160 -0.593058 0.593058 -0.805160     9.992850 9.992850 4.719489
436.567352 443.358856     10.006275 38.195923 392.320312     -0.991173 0.132576 -0.132576 -0.991173     12.675290 12.675290 3.526624
436.567352 443.358856     15.214937 63.871826 597.250000     -0.991173 0.132576 -0.132576 -0.991173     12.675290 12.675290 4.541391
489.718109 155.875839     261.656250 28.037354 17.971127     -0.998346 -0.057489 0.057489 -0.998346     11.311614 11.311614 3.366524
489.718109 155.875839     25.639278 87.835938 1082.718750     -0.998346 -0.057489 0.057489 -0.998346     11.311614 11.311614 6.165140
474.163055 439.432434     15.888672 -8.688477 76.149414     -0.993560 0.113305 -0.113305 -0.993560     13.580979 13.580979 4.607660
479.502380 439.019409     440.718750 11.716309 20.915390     -0.994123 0.108254 -0.108254 -0.994123     14.403059 14.403059 4.579599
409.945465 153.524246     66.721680 -23.392090 42.608398     -0.988952 -0.148239 0.148239 -0.988952     13.840757 13.840757 1.210230
409.945465 153.524246     16.605469 -8.318359 75.928711     -0.988952 -0.148239 0.148239 -0.988952     13.840757 13.840757 5.916784
251.882355 261.330872     6.782227 7.175781 194.130859     -0.981564 0.191136 -0.191136 -0.981564     14.558642 14.558642 1.717268
470.492004 418.874420     46.937500 -46.026367 194.836670     -0.995236 0.097492 -0.097492 -0.995236     6.313260 6.313260 4.799418
410.515869 153.843918     875.562500 130.052734 124.741104     -0.987216 -0.159390 0.159390 -0.987216     14.357748 14.357748 1.218771
410.515869 153.843918     59.201904 -23.712402 65.254883     -0.987216 -0.159390 0.159390 -0.987216     14.357748 14.357748 5.922249
251.476669 261.630005     1244.937500 174.519531 155.358490     -0.975627 0.219436 -0.219436 -0.975627     15.384381 15.384381 1.737880
494.138123 157.668503     1618.156250 249.435547 169.961792     -0.998786 -0.049263 0.049263 -0.998786     12.678837 12.678837 1.507059
494.138123 157.668503     2090.812500 694.099609 232.972260     -0.998786 -0.049263 0.049263 -0.998786     12.678837 12.678837 3.462635
475.096161 418.179871     3724.250000 1086.166992 327.486877     -0.995509 0.094664 -0.094664 -0.995509     7.847975 7.847975 4.813588
250.900604 262.033142     57.700439 -6.815186 200.230469     -0.972411 0.233275 -0.233275 -0.972411     15.917798 15.917798 1.745535
484.603790 438.701691     8.156250 -15.357422 69.101074     -0.994644 0.103356 -0.103356 -0.994644     16.612974 16.612974 4.561395
485.710358 438.696472     9.654602 -36.177734 242.234375     -0.994775 0.102087 -0.102087 -0.994775     18.789861 18.789861 4.531118
485.710358 438.696472     11.343750 -8.791992 108.790253     -0.994775 0.102087 -0.102087 -0.994775     18.789861 18.789861 6.144220
250.216583 262.419800     11.470703 -35.879883 255.843750     -0.969200 0.246276 -0.246276 -0.969200     17.096175 17.096175 1.787905
92.172249 411.066986     4320.812500 1173.920898 341.985046     -0.315872 -0.948802 0.948802 -0.315872     14.504971 14.504971 1.682118
92.119835 410.281006     15.089844 5.378906 44.828125     -0.289115 -0.957294 0.957294 -0.289115     15.256851 15.256851 1.662683
300.647064 63.403362     946.552246 -126.139648 415.781250     -0.999214 -0.039635 0.039635 -0.999214     2.720434 2.720434 1.570827
300.647064 63.403362     5512.625000 954.843750 306.754517     -0.999214 -0.039635 0.039635 -0.999214     2.720434 2.720434 3.937449
124.618378 18.946997     1246.325684 -26.643555 435.910156     -0.999434 -0.033627 0.033627 -0.999434     17.322701 17.322701 3.045564
142.301041 113.387543     65.276398 196.474609 1209.515625     0.133947 -0.990988 0.990988 0.133947     17.054472 17.054472 4.683777
142.197495 113.658310     7166.593750 848.333008 316.702698     0.139913 -0.990164 0.990164 0.139913     17.230339 17.230339 4.684389
127.054184 141.009857     14.584961 6.769531 27.351562     0.028435 -0.999596 0.999596 0.028435     9.709430 9.709430 1.566497
50.380951 119.680954     128.876892 406.924316 5098.843750     -0.853857 0.520508 -0.520508 -0.853857     23.959552 23.959552 5.157872
142.011200 113.728294     18996.546875 1536.400391 362.125427     0.136284 -0.990670 0.990670 0.136284     17.694292 17.694292 4.684811
50.766800 118.011856     16.773438 16.023438 66.953125     0.657360 -0.753577 0.753577 0.657360     27.436885 27.436885 2.229391
111.243988 131.676971     132.344391 453.984375 6179.312500     -0.038218 -0.999269 0.999269 -0.038218     11.479661 11.479661 1.576822
50.675957 118.059235     21.066895 22.019531 46.921875     0.660830 -0.750535 0.750535 0.660830     27.857737 27.857737 2.253737
513.804993 20.689548     22.633301 23.257812 52.125000     -0.948965 -0.315380 0.315380 -0.948965     6.816670 6.816670 4.813743
528.807007 25.641148     63.707031 33.656250 53.000000     -0.959805 -0.280668 0.280668 -0.959805     14.135859 14.135859 1.575339
528.807007 25.641148     133.351410 492.979980 6911.484375     -0.959805 -0.280668 0.280668 -0.959805     14.135859 14.135859 4.909338
528.660095 25.845556     35715.671875 1732.135742 497.201538     -0.960355 -0.278780 0.278780 -0.960355     14.579501 14.579501 1.572515
528.660095 25.845556     56.600586 41.212891 112.226562     -0.960355 -0.278780 0.278780 -0.960355     14.579501 14.579501 4.915487
521.039429 24.268534     1437.729980 75.756836 452.165039     -0.962527 -0.271187 0.271187 -0.962527     18.537329 18.537329 1.571985
521.039429 24.268534     39.156250 -6.234375 49.779297     -0.962527 -0.271187 0.271187 -0.962527     18.537329 18.537329 4.977452
25.101065 397.882965     65.594727 73.527344 300.953125     0.150233 -0.988651 0.988651 0.150233     9.175044 9.175044 5.135961
25.697342 398.501038     600.375000 400.906250 273.914062     0.142325 -0.989820 0.989820 0.142325     11.305290 11.305290 5.228353
518.617432 24.115032     584.960938 389.296875 266.179688     -0.964686 -0.263403 0.263403 -0.964686     20.842005 20.842005 1.568417
518.617432 24.115032     34481.015625 660.025391 552.453857     -0.964686 -0.263403 0.263403 -0.964686     20.842005 20.842005 5.029283
136.461182 135.981735     74.513184 35.464844 627.375000     -0.172682 -0.984978 0.984978 -0.172682     16.925527 16.925527 0.452869
136.461182 135.981735     2262.468750 -223.875000 22.312500     -0.172682 -0.984978 0.984978 -0.172682     16.925527 16.925527 3.472368
27.305210 401.825073     40.210938 9.257812 20.746094     0.083273 -0.996527 0.996527 0.083273     18.428507 18.428507 5.533896
27.342888 402.822723     497.843750 -92.390625 60.716797     0.044244 -0.999021 0.999021 0.044244     21.816887 21.816887 5.683308
92.913879 355.516754     179.605469 -36.300781 181.976562     -0.396203 -0.918163 0.918163 -0.396203     15.368535 15.368535 4.996094
93.558220 358.969177     6182.312500 -467.203125 51.046875     -0.280365 -0.959893 0.959893 -0.280365     15.648951 15.648951 4.841576
85.100456 419.593597     1449.555664 69.035156 447.902344     -0.496846 -0.867839 0.867839 -0.496846     13.089115 13.089115 1.809531
559.356873 174.364914     846.843750 -63.828125 5.343750     0.476705 -0.879064 0.879064 0.476705     26.487189 26.487189 1.095542
93.311172 361.404266     1385.875000 -40.953125 40.943359     -0.203972 -0.978977 0.978977 -0.203972     17.268651 17.268651 4.798733
84.722893 418.590363     690.375000 46.687500 3.865234     -0.481942 -0.876203 0.876203 -0.481942     14.116455 14.116455 1.800681
87.848663 419.059357     30.593750 -6.000000 29.953125     -0.760621 -0.649196 0.649196 -0.760621     22.170961 22.170961 4.130313
90.175674 360.575287     1720.182617 -144.105469 19.562500     -0.469365 -0.883005 0.883005 -0.469365     26.505616 26.505616 5.013551
86.852463 413.473358     190.453125 -3.695312 215.660156     -0.417314 -0.908762 0.908762 -0.417314     27.548305 27.548305 1.760218
87.320213 413.207520     6829.156250 -559.062500 137.859375     -0.431240 -0.902237 0.902237 -0.431240     29.313640 29.313640 1.773724
87.320213 413.207520     1527.183594 -121.289062 10.203125     -0.431240 -0.902237 0.902237 -0.431240     29.313640 29.313640 3.765028
91.806755 369.129730     2075.539062 -165.929688 21.218750     -0.264793 -0.964305 0.964305 -0.264793     26.216510 26.216510 4.814505
559.187256 174.389084     138.686096 519.751465 7314.562500     0.419213 -0.907888 0.907888 0.419213     27.103882 27.103882 1.179728
90.608170 369.599335     4747.097656 -390.031250 39.671875     -0.275617 -0.961267 0.961267 -0.275617     30.023044 30.023044 4.834277
275.197235 356.408264     99.343750 -42.671875 56.945312     -0.830459 -0.557080 0.557080 -0.830459     9.521722 9.521722 0.394907
275.197235 356.408264     110.497070 44.304688 626.890625     -0.830459 -0.557080 0.557080 -0.830459     9.521722 9.521722 4.737170
89.261208 387.123718     6745.250000 -520.656250 151.250000     -0.056380 -0.998409 0.998409 -0.056380     37.706398 37.706398 4.741499
493.630493 356.516144     2798.535156 -230.585938 19.718750     -0.771940 0.635695 -0.635695 -0.771940     21.250839 21.250839 1.985937
493.630493 356.516144     700.437500 46.015625 3.933594     -0.771940 0.635695 -0.635695 -0.771940     21.250839 21.250839 3.165070
275.576141 356.707825     202.468750 12.437500 227.343750     -0.829788 -0.558079 0.558079 -0.829788     9.311802 9.311802 0.386400
275.576141 356.707825     34598.453125 -2375.015625 252.015625     -0.829788 -0.558079 0.558079 -0.829788     9.311802 9.311802 4.731579
508.786621 445.569031     547.453125 373.390625 322.171875     -0.993963 0.109712 -0.109712 -0.993963     1.944158 1.944158 4.430072
275.923645 357.112732     3554.859375 179.328125 64.960938     -0.830332 -0.557269 0.557269 -0.830332     9.968522 9.968522 0.376515
275.923645 357.112732     215.519531 6.394531 232.707031     -0.830332 -0.557269 0.557269 -0.830332     9.968522 9.968522 4.729907
89.516479 387.584961     4625.484375 -233.164062 22.171875     -0.063756 -0.997966 0.997966 -0.063756     38.249333 38.249333 4.751302
550.466370 418.432770     514.250000 348.890625 306.921875     -0.995139 0.098478 -0.098478 -0.995139     1.789576 1.789576 1.579290
550.568848 177.367340     3550.703125 91.234375 86.652344     -0.962279 0.272065 -0.272065 -0.962279     29.367955 29.367955 1.622251
550.568848 177.367340     31269.046875 -2221.218750 265.140625     -0.962279 0.272065 -0.272065 -0.962279     29.367955 29.367955 3.871662
430.935211 290.078888     234.371094 0.140625 244.972656     -0.712502 0.701670 -0.701670 -0.712502     23.184131 23.184131 1.290543
430.935211 290.078888     39.531250 -4.656250 7.390625     -0.712502 0.701670 -0.701670 -0.712502     23.184131 23.184131 4.331181
505.693146 445.880859     104.234375 -44.789062 60.757812     -0.994173 0.107794 -0.107794 -0.994173     2.116930 2.116930 1.567894
505.693146 445.880859     30115.984375 -2202.531250 277.859375     -0.994173 0.107794 -0.107794 -0.994173     2.116930 2.116930 4.662770
535.909851 420.095642     4663.968750 -220.820312 21.750000     -0.995466 0.095121 -0.095121 -0.995466     2.892442 2.892442 1.579433
276.384857 357.517365     42576.195312 -4417.148438 24058.507812     -0.828481 -0.560017 0.560017 -0.828481     9.789034 9.789034 0.333194
276.384857 357.517365     755.343750 -143.375000 38.062500     -0.828481 -0.560017 0.560017 -0.828481     9.789034 9.789034 4.720174
507.368073 445.693817     3568.437500 105.281250 99.494141     -0.994038 0.109036 -0.109036 -0.994038     2.028535 2.028535 1.568159
507.368073 445.693817     512.945312 349.570312 314.312500     -0.994038 0.109036 -0.109036 -0.994038     2.028535 2.028535 4.659975
253.495102 238.102936     243.117188 -4.406250 249.773438     -0.928588 -0.371111 0.371111 -0.928588     18.579169 18.579169 5.731934
71.413330 460.236664     8.680664 -13.531250 133.750000     -0.988741 0.149639 -0.149639 -0.988741     9.609034 9.609034 0.697355
71.413330 460.236664     135.839844 47.929688 603.093750     -0.988741 0.149639 -0.149639 -0.988741     9.609034 9.609034 1.569953
548.763428 420.443207     32.328125 -6.421875 34.601562     -0.996974 0.077733 -0.077733 -0.996974     13.364624 13.364624 1.615677
545.169556 178.288620     4673.320312 -207.476562 21.375000     -0.980073 0.198638 -0.198638 -0.980073     29.160339 29.160339 1.628633
545.169556 178.288620     502.296875 342.656250 312.953125     -0.980073 0.198638 -0.198638 -0.980073     29.160339 29.160339 3.853062
89.464188 388.353943     3430.484375 85.593750 110.507812     -0.066921 -0.997758 0.997758 -0.066921     38.611887 38.611887 4.753254
429.451080 290.229126     242.136719 -2.804688 251.398438     -0.802307 0.596911 -0.596911 -0.802307     24.454331 24.454331 1.192735
429.451080 290.229126     769.375000 -142.531250 39.640625     -0.802307 0.596911 -0.596911 -0.802307     24.454331 24.454331 4.230871
507.184662 445.661926     10.497070 -15.156250 138.734375     -0.994033 0.109078 -0.109078 -0.994033     2.482117 2.482117 1.557298
507.184662 445.661926     112.843750 -45.820312 62.187500     -0.994033 0.109078 -0.109078 -0.994033     2.482117 2.482117 4.672484
276.641449 357.820740     575.789062 334.687500 293.046875     -0.825797 -0.563967 0.563967 -0.825797     9.728289 9.728289 0.276032
276.641449 357.820740     79.890625 -7.031250 8.304688     -0.825797 -0.563967 0.563967 -0.825797     9.728289 9.728289 4.716102
249.151932 243.736969     212.880859 55.890625 545.046875     -0.944559 0.328341 -0.328341 -0.944559     31.237755 31.237755 0.602241
249.151932 243.736969     45873.171875 -3020.125000 25808.384766     -0.944559 0.328341 -0.328341 -0.944559     31.237755 31.237755 1.826253
543.166809 421.113281     549.390625 297.828125 280.796875     -0.996816 0.079732 -0.079732 -0.996816     13.031311 13.031311 1.623564
243.495239 242.966660     247.925781 -3.996094 246.648438     -0.990380 0.138376 -0.138376 -0.990380     39.129947 39.129947 0.303365
80.537521 460.349030     4628.773438 -195.554688 20.812500     -0.994527 0.104480 -0.104480 -0.994527     11.299951 11.299951 1.564530
538.389343 178.483109     781.875000 -139.125000 41.203125     -0.991723 0.128395 -0.128395 -0.991723     29.289320 29.289320 1.611315
508.825317 445.486084     3321.234375 90.242188 124.667969     -0.993963 0.109715 -0.109715 -0.993963     2.327056 2.327056 1.555336
508.825317 445.486084     157.937500 -68.351562 71.484375     -0.993963 0.109715 -0.109715 -0.993963     2.327056 2.327056 4.663393
541.123535 421.481506     535.226562 290.257812 277.343750     -0.996799 0.079954 -0.079954 -0.996799     13.070743 13.070743 1.623813
281.801453 365.702179     47131.015625 -4415.570312 27076.150391     -0.767205 -0.641402 0.641402 -0.767205     23.898016 23.898016 1.598652
281.801453 365.702179     92.406250 -24.234375 145.093750     -0.767205 -0.641402 0.641402 -0.767205     23.898016 23.898016 5.869473
242.058456 247.097015     257.371094 0.511719 239.382812     0.695470 -0.718555 0.718555 0.695470     54.088218 54.088218 4.059456
427.461853 290.865967     46951.718750 -4457.734375 24571.632812     -0.855907 0.517131 -0.517131 -0.855907     24.272119 24.272119 1.140022
427.461853 290.865967     123.125000 -30.609375 138.531250     -0.855907 0.517131 -0.517131 -0.855907     24.272119 24.272119 4.242848
530.973328 154.386673     517.804688 279.070312 271.062500     -0.997686 -0.067996 0.067996 -0.997686     3.394751 3.394751 1.548492
88.252350 459.915436     45376.195312 -3963.902344 23992.335938     -0.995964 0.089758 -0.089758 -0.995964     11.683495 11.683495 1.561461
533.755920 422.924164     234.875000 -66.843750 142.406250     -0.997142 0.075546 -0.075546 -0.997142     17.802203 17.802203 1.655952
181.874435 476.425995     167.109375 -62.250000 88.382812     -0.997287 0.073609 -0.073609 -0.997287     3.233722 3.233722 4.292682
278.752472 364.729523     306.328125 -47.781250 151.546875     -0.809935 -0.586519 0.586519 -0.809935     31.068232 31.068232 4.789323
278.752472 364.729523     35.703125 -6.734375 39.132812     -0.809935 -0.586519 0.586519 -0.809935     31.068232 31.068232 6.252530
242.535828 248.503860     416.859375 -14.984375 152.859375     0.215003 -0.976613 0.976613 0.215003     61.785640 61.785640 4.510596
520.671021 178.409531     190.031250 -53.625000 92.859375     -0.999264 0.038349 -0.038349 -0.999264     28.459950 28.459950 1.609642
89.638756 388.094910     502.343750 -61.078125 168.937500     -0.086050 -0.996291 0.996291 -0.086050     41.862067 41.862067 4.772643
189.814041 475.845612     284.113281 -14.332031 254.921875     -0.997168 0.075205 -0.075205 -0.997168     3.275735 3.275735 4.346237
100.269936 459.036804     533.257812 279.304688 278.031250     -0.996158 0.087580 -0.087580 -0.996158     11.985200 11.985200 1.570236
100.269936 459.036804     196.544922 -45.001953 213.718750     -0.996158 0.087580 -0.087580 -0.996158     11.985200 11.985200 4.720424
517.970764 178.204208     18.727783 -47.953125 387.812500     -0.999538 0.030408 -0.030408 -0.999538     28.352676 28.352676 1.613759
522.896118 428.613403     13.245117 -5.887207 41.798828     -0.996590 0.082517 -0.082517 -0.996590     40.691681 40.691681 3.060170
522.896118 428.613403     13.570312 -18.730469 127.089844     -0.996590 0.082517 -0.082517 -0.996590     40.691681 40.691681 6.005175
530.263550 154.286819     268.242188 -44.451172 142.125000     -0.997717 -0.067541 0.067541 -0.997717     3.777604 3.777604 1.546630
493.517242 356.310333     25.386719 -41.476562 101.414062     -0.725710 0.688001 -0.688001 -0.725710     22.166734 22.166734 2.059685
493.517242 356.310333     30.738693 -62.867920 154.195312     -0.725710 0.688001 -0.688001 -0.725710     22.166734 22.166734 3.380829
278.770844 364.927094     156.423828 -60.210938 145.109375     -0.810041 -0.586373 0.586373 -0.810041     30.882497 30.882497 4.785439
278.770844 364.927094     13.664795 -13.261719 187.992188     -0.810041 -0.586373 0.586373 -0.810041     30.882497 30.882497 6.254645
202.225067 474.915588     19.403564 -60.069824 431.756836     -0.996902 0.078654 -0.078654 -0.996902     3.395423 3.395423 4.407027
111.715691 458.211182     25.747772 86.387451 493.492188     -0.996479 0.083841 -0.083841 -0.996479     12.272611 12.272611 1.574574
111.715691 458.211182     244.896484 49.142090 160.164062     -0.996479 0.083841 -0.083841 -0.996479     12.272611 12.272611 4.713692
242.388000 248.491104     12.703552 -8.312500 227.406250     0.142119 -0.989850 0.989850 0.142119     62.015578 62.015578 4.601938
516.741577 429.708588     13.253906 -19.078125 123.859375     -0.996575 0.082691 -0.082691 -0.996575     43.038192 43.038192 3.069887
516.741577 429.708588     13.037109 -24.658569 163.131775     -0.996575 0.082691 -0.082691 -0.996575     43.038192 43.038192 5.988932
208.376389 474.458801     18.295166 -71.321289 754.656250     -0.996859 0.079200 -0.079200 -0.996859     3.387757 3.387757 4.432901
118.777061 457.769897     171.830078 -28.941406 22.492188     -0.996795 0.079994 -0.079994 -0.996795     12.650317 12.650317 4.720994
504.164703 177.042343     14.187500 -17.472656 127.222656     -0.999986 0.005345 -0.005345 -0.999986     28.770154 28.770154 1.615929
279.217743 365.353485     16.992188 -42.585938 382.062500     -0.807755 -0.589518 0.589518 -0.807755     30.251149 30.251149 4.780482
279.217743 365.353485     22.123779 2.793579 1074.488281     -0.807755 -0.589518 0.589518 -0.807755     30.251149 30.251149 6.232930
145.281372 455.709412     198.355469 -19.463867 219.404297     -0.996631 0.082016 -0.082016 -0.996631     12.385136 12.385136 4.712920
427.387146 290.385315     167.960938 38.009766 134.301270     -0.849975 0.526822 -0.526822 -0.849975     24.850803 24.850803 1.141998
427.387146 290.385315     13.136719 -7.908691 76.238220     -0.849975 0.526822 -0.526822 -0.849975     24.850803 24.850803 4.243074
90.636101 387.764191     29.007812 -48.636719 120.324219     -0.084867 -0.996392 0.996392 -0.084867     46.488172 46.488172 4.769267
519.693176 430.628632     163.017578 -30.363281 174.742188     -0.996935 0.078232 -0.078232 -0.996935     47.280550 47.280550 3.017484
519.693176 430.628632     15.906250 -157.539062 1604.765625     -0.996935 0.078232 -0.078232 -0.996935     47.280550 47.280550 5.957436
230.662964 472.661377     204.803711 1.201172 132.453125     -0.996621 0.082138 -0.082138 -0.996621     3.804340 3.804340 4.532437
529.833923 154.189835     121.003906 -10.275391 91.816406     -0.997843 -0.065639 0.065639 -0.997843     4.284827 4.284827 1.544079
242.905411 249.721786     13.592651 -11.508789 249.468750     -0.382683 -0.923880 0.923880 -0.382683     63.211301 63.211301 5.116526
279.456055 365.846802     15.393555 -12.822266 195.513672     -0.802750 -0.596316 0.596316 -0.802750     30.120313 30.120313 6.194207
479.082550 174.210449     20.677734 -58.947754 427.261719     -0.998689 -0.051183 0.051183 -0.998689     33.605806 33.605806 1.601585
479.082550 174.210449     168.240234 18.671875 129.732422     -0.998689 -0.051183 0.051183 -0.998689     33.605806 33.605806 4.683844
242.413605 250.353394     207.368164 -41.144531 225.406250     -0.314428 -0.949281 0.949281 -0.314428     65.737205 65.737205 5.076390
279.576843 366.519470     270.691406 -43.716797 145.546875     -0.801504 -0.597989 0.597989 -0.801504     30.725613 30.725613 6.193347
478.578522 172.391449     19.790894 -68.599609 769.843750     -0.999654 -0.026310 0.026310 -0.999654     41.304785 41.304785 1.591830
478.578522 172.391449     32.945312 -342.292969 3635.093750     -0.999654 -0.026310 0.026310 -0.999654     41.304785 41.304785 4.658839
241.665085 251.129349     17.041992 10.333740 25.408447     -0.013261 -0.999912 0.999912 -0.013261     68.891051 68.891051 3.168926
241.665085 251.129349     15.843750 -18.636719 132.160156     -0.013261 -0.999912 0.999912 -0.013261     68.891051 68.891051 4.751815
417.985229 350.078827     50.662109 -535.484375 5757.500000     -0.990075 0.140543 -0.140543 -0.990075     11.673716 11.673716 1.537481
417.985229 350.078827     16.273804 -12.827148 253.312500     -0.990075 0.140543 -0.140543 -0.990075     11.673716 11.673716 5.294210
427.354828 289.753235     178.259766 -29.414062 25.953125     -0.847537 0.530737 -0.530737 -0.847537     25.736862 25.736862 1.124818
427.354828 289.753235     165.345703 -63.972656 151.546875     -0.847537 0.530737 -0.530737 -0.847537     25.736862 25.736862 4.247518
472.690125 171.172653     48.644058 -40.493652 1145.734375     -0.999541 -0.030308 0.030308 -0.999541     44.160073 44.160073 1.603753
472.690125 171.172653     17.062500 -20.265625 128.781250     -0.999541 -0.030308 0.030308 -0.999541     44.160073 44.160073 4.642283
275.461151 365.306488     213.618164 -2.281250 137.156250     -0.797902 -0.602788 0.602788 -0.797902     31.890990 31.890990 6.161456
241.310532 251.800797     14.699219 -7.495361 79.862976     0.445694 -0.895185 0.895185 0.445694     69.847684 69.847684 1.006938
241.310532 251.800797     21.721802 -67.594727 786.078125     0.445694 -0.895185 0.895185 0.445694     69.847684 69.847684 4.240745
122.109314 392.056671     22.842285 -58.330078 427.960938     0.106346 -0.994329 0.994329 0.106346     12.102795 12.102795 1.387742
122.109314 392.056671     172.541016 37.356445 138.962646     0.106346 -0.994329 0.994329 0.106346     12.102795 12.102795 4.816423
91.418236 387.879395     276.349609 -43.707031 149.945312     -0.101001 -0.994886 0.994886 -0.101001     51.499745 51.499745 4.797768
493.645081 356.002411     166.328125 -28.921875 176.230469     0.642535 -0.766256 0.766256 0.642535     23.358052 23.358052 0.779274
493.645081 356.002411     3.366943 -40.019531 593.507812     0.642535 -0.766256 0.766256 0.642535     23.358052 23.358052 2.196203
274.581268 365.360840     126.699219 -9.433594 98.285156     -0.795711 -0.605677 0.605677 -0.795711     32.490773 32.490773 4.776042
274.581268 365.360840     211.744141 -29.605469 238.371094     -0.795711 -0.605677 0.605677 -0.795711     32.490773 32.490773 6.144984
472.879639 169.659012     26.941406 -55.805176 317.999512     -0.999668 -0.025756 0.025756 -0.999668     46.830830 46.830830 1.606129
472.879639 169.659012     20.436035 -19.486328 288.667969     -0.999668 -0.025756 0.025756 -0.999668     46.830830 46.830830 4.636756
241.364639 252.594360     2.858887 -29.632812 447.359375     0.268930 -0.963160 0.963160 0.268930     69.910017 69.910017 1.186723
241.364639 252.594360     18.977966 -13.315430 257.843750     0.268930 -0.963160 0.963160 0.268930     69.910017 69.910017 2.846808
122.333336 391.957458     188.775391 -33.296875 31.367188     0.115798 -0.993273 0.993273 0.115798     13.296044 13.296044 4.801908
426.779724 289.678253     258.993164 48.316895 171.047363     -0.861330 0.508046 -0.508046 -0.861330     26.683490 26.683490 1.107361
426.779724 289.678253     31.447510 -434.505859 6303.476562     -0.861330 0.508046 -0.508046 -0.861330     26.683490 26.683490 4.221850
270.318024 364.783203     50.777634 -37.880371 1142.718750     -0.833399 -0.552671 0.552671 -0.833399     37.943793 37.943793 6.416911
416.025421 350.491516     211.184570 -6.058594 244.845703     -0.995301 0.096834 -0.096834 -0.995301     12.422451 12.422451 1.543443
416.025421 350.491516     18.070312 -17.839844 141.566406     -0.995301 0.096834 -0.096834 -0.995301     12.422451 12.422451 5.171271
94.644943 388.366211     279.728516 -48.861328 159.476562     -0.161597 -0.986857 0.986857 -0.161597     64.230120 64.230120 4.847940
94.644943 388.366211     25.952515 -55.036133 548.281250     -0.161597 -0.986857 0.986857 -0.161597     64.230120 64.230120 6.386844
268.714661 365.845734     176.861328 36.139648 142.220947     -0.839959 -0.542650 0.542650 -0.839959     42.306483 42.306483 0.154496
241.560730 253.526901     16.687500 -6.145020 82.130157     -0.760862 0.648914 -0.648914 -0.760862     70.182733 70.182733 0.745670
241.560730 253.526901     168.597656 -27.503906 179.785156     -0.760862 0.648914 -0.648914 -0.760862     70.182733 70.182733 3.903224
471.531555 168.240341     25.382568 -64.949219 810.156250     -0.999602 -0.028197 0.028197 -0.999602     49.729046 49.729046 1.608577
471.531555 168.240341     67.030029 -857.523438 11424.617188     -0.999602 -0.028197 0.028197 -0.999602     49.729046 49.729046 4.638213
428.340729 288.737610     176.949219 18.123047 143.509766     -0.875928 0.482443 -0.482443 -0.875928     26.176603 26.176603 1.143966
268.110168 366.262512     221.057617 -25.519531 248.613281     -0.838444 -0.544988 0.544988 -0.838444     42.375605 42.375605 3.270994
268.110168 366.262512     23.780396 -12.524414 262.578125     -0.838444 -0.544988 0.544988 -0.838444     42.375605 42.375605 6.426088
409.605194 367.613525     93.526367 -1145.008789 14544.921875     0.363348 -0.931654 0.931654 0.363348     40.985781 40.985781 1.070882
409.605194 367.613525     264.547852 48.066406 176.852539     0.363348 -0.931654 0.931654 0.363348     40.985781 40.985781 4.231491
242.659241 254.080475     11.351562 0.969482 22.395050     -0.999596 -0.028413 0.028413 -0.999596     69.621889 69.621889 3.137833
242.659241 254.080475     29.090210 -54.978516 561.125000     -0.999596 -0.028413 0.028413 -0.999596     69.621889 69.621889 4.675780
407.007660 367.770691     29.145142 -64.762695 826.734375     0.614797 -0.788685 0.788685 0.614797     44.834173 44.834173 0.823262
407.007660 367.770691     118.687500 -1404.410156 17242.156250     0.614797 -0.788685 0.788685 0.614797     44.834173 44.834173 3.940777
267.285217 366.434845     179.412109 37.288086 149.630127     -0.837953 -0.545742 0.545742 -0.837953     42.526685 42.526685 0.150909
267.285217 366.434845     28.522095 -12.857422 271.453125     -0.837953 -0.545742 0.545742 -0.837953     42.526685 42.526685 3.255566
401.136444 369.219727     228.668945 -19.675781 257.949219     -0.885681 0.464295 -0.464295 -0.885681     46.627718 46.627718 0.602899
401.136444 369.219727     31.681152 -53.718506 317.194336     -0.885681 0.464295 -0.464295 -0.885681     46.627718 46.627718 3.817313
429.078522 289.200928     27.895264 -18.835938 312.882812     -0.875915 0.482466 -0.482466 -0.875915     33.097089 33.097089 1.067552
397.777069 368.815094     122.895508 -1441.051758 17618.351562     -0.962001 0.273047 -0.273047 -0.962001     52.860158 52.860158 0.249573
397.777069 368.815094     244.264404 -1718.063477 15369.117188     -0.962001 0.273047 -0.273047 -0.962001     52.860158 52.860158 1.595350
493.663086 355.476410     267.720703 48.533203 184.292480     0.613691 -0.789546 0.789546 0.613691     24.839302 24.839302 0.746655
493.663086 355.476410     56.955811 -35.286377 1162.742188     0.613691 -0.789546 0.789546 0.613691     24.839302 24.839302 2.261632
391.386871 367.913208     227.095703 3.785156 268.962891     -0.998403 0.056487 -0.056487 -0.998403     55.481843 55.481843 1.632510
391.386871 367.913208     35.079346 -53.594971 326.941650     -0.998403 0.056487 -0.056487 -0.998403     55.481843 55.481843 4.796983
430.748474 289.547485     144.690491 -77.960297 138.549240     -0.914175 0.405321 -0.405321 -0.914175     37.402414 37.402414 0.938361
430.748474 289.547485     223.638123 -98.974121 1877.477539     -0.914175 0.405321 -0.405321 -0.914175     37.402414 37.402414 3.443686
386.931152 369.127380     18.173399 20.851562 177.609375     -0.984622 0.174699 -0.174699 -0.984622     56.582123 56.582123 1.637328
386.931152 369.127380     735.202148 -1066.403320 4168.094238     -0.984622 0.174699 -0.174699 -0.984622     56.582123 56.582123 4.803284
493.943512 354.902069     29.372803 -13.546875 876.296875     0.570361 -0.821394 0.821394 0.570361     25.928160 25.928160 0.793609
493.943512 354.902069     1463.397461 -1400.052734 6646.219727     0.570361 -0.821394 0.821394 0.570361     25.928160 25.928160 2.282759
382.396790 369.382202     325.950256 -1015.603760 20105.214844     -0.993352 0.115113 -0.115113 -0.993352     57.256082 57.256082 1.555583
382.396790 369.382202     9.843750 -26.870605 307.865967     -0.993352 0.115113 -0.115113 -0.993352     57.256082 57.256082 3.170897
242.979980 253.455185     1698.187500 -3235.357422 19484.019531     -0.925614 0.378469 -0.378469 -0.925614     71.017604 71.017604 0.480467
242.979980 253.455185     46.238281 -420.917969 4603.783203     -0.925614 0.378469 -0.378469 -0.925614     71.017604 71.017604 5.124188
266.873993 365.931519     135.902344 -187.416016 4028.595703     -0.841301 -0.540567 0.540567 -0.841301     44.676542 44.676542 3.258852
266.873993 365.931519     33.218750 -45.941406 531.526123     -0.841301 -0.540567 0.540567 -0.841301     44.676542 44.676542 6.427009
