1.0
352
258.486969 212.517395     16.851562 1.996094 21.898438     -0.328411 -0.944535 0.944535 -0.328411     18.088392 18.088392 1.578148
258.486969 212.517395     18.765625 1.042969 24.269531     -0.328411 -0.944535 0.944535 -0.328411     18.088392 18.088392 3.147665
258.396149 212.715378     20.968750 1.066406 27.972656     -0.180144 -0.983640 0.983640 -0.180144     19.394225 19.394225 0.848010
258.396149 212.715378     24.968750 0.074219 34.003906     -0.180144 -0.983640 0.983640 -0.180144     19.394225 19.394225 1.559949
258.234680 212.931976     30.164062 -0.503906 36.500000     -0.147261 -0.989098 0.989098 -0.147261     20.528080 20.528080 0.820628
258.234680 212.931976     32.843750 -2.078125 40.570312     -0.147261 -0.989098 0.989098 -0.147261     20.528080 20.528080 1.404900
257.927368 213.539108     36.054688 -2.921875 47.210938     -0.008214 -0.999966 0.999966 -0.008214     22.485659 22.485659 0.659862
257.927368 213.539108     37.570312 -1.976562 53.460938     -0.008214 -0.999966 0.999966 -0.008214     22.485659 22.485659 1.278233
257.586029 213.361603     42.484375 -0.128906 63.050781     0.078789 -0.996891 0.996891 0.078789     24.698498 24.698498 3.560746
257.352936 213.653839     116.820312 -15.611328 8.102051     0.244263 -0.969709 0.969709 0.244263     25.582919 25.582919 3.347042
257.352936 213.653839     145.789062 -18.732422 10.774414     0.244263 -0.969709 0.969709 0.244263     25.582919 25.582919 5.057372
257.265045 213.989960     48.242188 -0.980469 74.125000     0.238923 -0.971038 0.971038 0.238923     26.749751 26.749751 3.384866
257.265045 213.989960     184.968750 -19.271484 15.545898     0.238923 -0.971038 0.971038 0.238923     26.749751 26.749751 4.923678
257.040070 214.422592     113.921875 -4.203125 7.483887     0.121609 -0.992578 0.992578 0.121609     27.493544 27.493544 3.520005
257.040070 214.422592     212.875000 -24.191406 19.073730     0.121609 -0.992578 0.992578 0.121609     27.493544 27.493544 5.017800
257.141052 214.564270     202.195312 -20.796875 54.629883     0.006267 -0.999980 0.999980 0.006267     29.330739 29.330739 3.698732
257.141052 214.564270     224.437500 -23.308594 60.862305     0.006267 -0.999980 0.999980 0.006267     29.330739 29.330739 5.269650
279.475098 68.687706     60.312500 -1.238281 114.464844     -0.990240 0.139376 -0.139376 -0.990240     10.934872 10.934872 1.574444
279.475098 68.687706     78.179688 6.329590 14.710449     -0.990240 0.139376 -0.139376 -0.990240     10.934872 10.934872 4.722037
279.948792 68.377357     87.203613 4.564453 19.380371     -0.990856 0.134926 -0.134926 -0.990856     12.904571 12.904571 4.720402
257.418396 214.471878     265.515625 -23.460938 76.789062     0.037800 -0.999285 0.999285 0.037800     31.243452 31.243452 0.983203
257.418396 214.471878     91.367188 -2.062500 10.194336     0.037800 -0.999285 0.999285 0.037800     31.243452 31.243452 3.638429
279.815826 67.584160     65.109375 19.152344 194.601562     -0.993752 0.111611 -0.111611 -0.993752     16.461305 16.461305 4.739155
279.346008 78.273766     467.015625 0.992188 2.601562     -0.999224 0.039397 -0.039397 -0.999224     12.173450 12.173450 4.777358
279.346008 78.273766     107.132812 -5.074219 14.930664     -0.999224 0.039397 -0.039397 -0.999224     12.173450 12.173450 6.068957
280.950409 66.803307     156.975098 19.059570 24.206543     -0.992528 0.122021 -0.122021 -0.992528     18.055971 18.055971 4.729678
280.355652 71.214485     293.023438 -20.638672 94.898438     -0.990580 0.136938 -0.136938 -0.990580     32.373403 32.373403 0.295658
281.290680 71.454979     141.671875 -1.085938 18.601562     -0.990381 0.138369 -0.138369 -0.990381     34.154314 34.154314 0.285921
257.736237 213.270126     93.507812 30.500000 232.101562     0.022849 -0.999739 0.999739 0.022849     34.939305 34.939305 5.263866
72.895683 78.708633     157.343750 1.109375 21.816406     -0.995159 -0.098276 0.098276 -0.995159     16.888719 16.888719 1.533357
71.937004 79.086617     2627.734375 31.179688 8.523438     -0.997763 -0.066847 0.066847 -0.997763     19.653497 19.653497 1.539619
281.977417 71.817459     147.718750 41.414062 243.957031     -0.992587 0.121540 -0.121540 -0.992587     38.688570 38.688570 0.231232
281.977417 71.817459     191.338379 21.295410 35.493164     -0.992587 0.121540 -0.121540 -0.992587     38.688570 38.688570 4.977849
272.200562 121.768799     335.210938 -14.830078 118.799316     -0.999678 0.025384 -0.025384 -0.999678     14.330903 14.330903 1.579604
272.200562 121.768799     174.398438 4.156250 25.675781     -0.999678 0.025384 -0.025384 -0.999678     14.330903 14.330903 4.737683
257.720367 211.665268     3724.562500 29.648438 10.867188     -0.143308 -0.989678 0.989678 -0.143308     35.528938 35.528938 1.245490
257.720367 211.665268     188.609375 39.921875 265.179688     -0.143308 -0.989678 0.989678 -0.143308     35.528938 35.528938 5.269092
264.276703 327.161652     142.070312 3.156250 35.873047     -0.999998 -0.002136 0.002136 -0.999998     7.255254 7.255254 6.216654
272.941925 121.329033     118.306641 3.648438 10.523438     -0.998498 0.054786 -0.054786 -0.998498     17.225217 17.225217 3.149676
272.941925 121.329033     207.843750 -24.046875 123.127930     -0.998498 0.054786 -0.054786 -0.998498     17.225217 17.225217 3.431825
75.275291 79.525703     387.117188 -24.789062 179.717773     -0.990245 -0.139340 0.139340 -0.990245     20.877587 20.877587 1.523452
281.544678 71.757362     214.758301 28.721680 45.380859     -0.994731 0.102520 -0.102520 -0.994731     43.343047 43.343047 0.241450
281.544678 71.757362     30.779297 -4.742188 29.656250     -0.994731 0.102520 -0.102520 -0.994731     43.343047 43.343047 3.176544
271.020081 121.040131     889.960938 -132.269531 3322.716797     -0.999961 0.008823 -0.008823 -0.999961     19.403289 19.403289 3.181874
259.203522 211.963364     6422.472656 268.476562 151.304688     -0.205828 -0.978588 0.978588 -0.205828     41.995558 41.995558 1.271178
259.203522 211.963364     76.828125 -8.625000 8.929688     -0.205828 -0.978588 0.978588 -0.205828     41.995558 41.995558 4.036410
271.395355 121.045059     43.134766 -6.347656 14.171875     -0.999967 -0.008185 0.008185 -0.999967     21.014242 21.014242 3.139692
271.395355 121.045059     237.085449 31.194824 52.459961     -0.999967 -0.008185 0.008185 -0.999967     21.014242 21.014242 6.186244
261.138275 325.707733     1685.781250 -6.125000 0.273438     -0.999929 -0.011902 0.011902 -0.999929     12.848520 12.848520 5.823833
260.962494 211.857224     584.367188 70.164062 18.453125     -0.347894 -0.937534 0.937534 -0.347894     51.769771 51.769771 1.353269
260.962494 211.857224     279.460938 4.421875 9.929688     -0.347894 -0.937534 0.937534 -0.347894     51.769771 51.769771 4.184814
75.784142 79.677315     15.752441 6.497070 77.429688     -0.991117 -0.132992 0.132992 -0.991117     25.707431 25.707431 1.523665
281.068237 71.795677     23.349609 -15.521484 39.289062     -0.997682 0.068050 -0.068050 -0.997682     48.838536 48.838536 0.200236
281.068237 71.795677     299.386719 72.519531 89.554688     -0.997682 0.068050 -0.068050 -0.997682     48.838536 48.838536 3.226574
271.703888 121.046753     69.343750 -7.265625 14.571289     -0.999610 -0.027914 0.027914 -0.999610     22.750480 22.750480 3.131612
253.678207 325.269653     2157.625000 -207.925781 3917.822266     -0.999968 -0.007983 0.007983 -0.999968     14.672004 14.672004 1.598609
261.488281 211.405212     34.269531 -25.939453 59.452393     -0.392328 -0.919825 0.919825 -0.392328     58.945139 58.945139 1.349386
261.488281 211.405212     79.437500 -6.574219 23.069336     -0.392328 -0.919825 0.919825 -0.392328     58.945139 58.945139 4.094463
269.860748 171.335449     28.873047 -42.267578 238.156250     -0.999559 -0.029681 0.029681 -0.999559     26.917119 26.917119 3.107970
90.144279 325.216431     46.554688 3.818359 48.982422     -0.999429 -0.033792 0.033792 -0.999429     14.512120 14.512120 6.153099
270.651520 123.495392     17.324219 -5.527344 29.988281     -0.966859 0.255310 -0.255310 -0.966859     48.628761 48.628761 0.445081
280.949829 72.170792     6964.722656 -1722.078125 7535.457031     -0.993126 0.117053 -0.117053 -0.993126     59.834106 59.834106 0.257858
280.949829 72.170792     122.968750 -18.554688 17.521973     -0.993126 0.117053 -0.117053 -0.993126     59.834106 59.834106 3.317294
76.751808 79.901627     45.968750 24.484375 50.207031     -0.986666 -0.162758 0.162758 -0.986666     28.688336 28.688336 1.514264
170.666672 286.204315     120.578125 -5.328125 34.702148     -0.747525 0.664233 -0.664233 -0.747525     22.698232 22.698232 1.582599
170.666672 286.204315     2011.179688 -9.914062 0.406250     -0.747525 0.664233 -0.664233 -0.747525     22.698232 22.698232 4.752207
270.176666 148.061905     277.354980 29.237305 69.024902     0.054131 -0.998534 0.998534 0.054131     133.703061 133.703061 1.547321
270.176666 148.061905     132.843750 -20.832031 22.065430     0.054131 -0.998534 0.998534 0.054131     133.703061 133.703061 4.687387
207.863632 318.603363     232.843750 -195.757812 508.847656     -0.999088 -0.042694 0.042694 -0.999088     53.212735 53.212735 5.895509
306.080963 278.376190     8796.128906 -1013.980469 7902.972656     -0.992273 0.124076 -0.124076 -0.992273     12.608998 12.608998 4.732559
306.080963 278.376190     2351.046875 -10.148438 0.382812     -0.992273 0.124076 -0.124076 -0.992273     12.608998 12.608998 6.313774
135.818176 302.938019     13.924316 14.437500 63.157227     -0.978744 0.205088 -0.205088 -0.978744     16.125939 16.125939 1.571142
77.691643 80.346214     172.000000 -24.574219 24.047852     -0.986755 -0.162219 0.162219 -0.986755     30.959100 30.959100 1.522630
263.625458 336.549103     2596.179688 -8.328125 0.523438     -0.999993 0.003634 -0.003634 -0.999993     2.255304 2.255304 1.550381
281.154785 311.537170     17.087296 -12.081909 40.964844     -0.992624 -0.121233 0.121233 -0.992624     14.147255 14.147255 2.365091
281.154785 311.537170     25.250000 -20.023438 35.863281     -0.992624 -0.121233 0.121233 -0.992624     14.147255 14.147255 2.645632
321.766113 261.892609     2594.250000 -8.976562 0.609375     -0.999866 -0.016399 0.016399 -0.999866     14.128253 14.128253 1.566272
321.766113 261.892609     183.781250 -8.546875 13.886719     -0.999866 -0.016399 0.016399 -0.999866     14.128253 14.128253 6.312428
57.233608 229.831970     12273.941406 83.046875 8197.972656     -0.103635 -0.994615 0.994615 -0.103635     17.472215 17.472215 0.239817
105.744591 273.142853     217.843750 -28.480469 30.135254     0.521167 -0.853455 0.853455 0.521167     16.759904 16.759904 1.572614
210.638428 295.087250     15.530815 -13.887817 65.687500     -0.954624 -0.297815 0.297815 -0.954624     36.815033 36.815033 2.447170
210.638428 295.087250     2709.960938 -10.359375 0.648438     -0.954624 -0.297815 0.297815 -0.954624     36.815033 36.815033 5.633375
408.975220 123.256195     237.000000 -32.023438 34.095215     -0.991605 0.129301 -0.129301 -0.991605     16.609745 16.609745 0.833946
408.975220 123.256195     2865.843750 -10.375000 0.828125     -0.991605 0.129301 -0.129301 -0.991605     16.609745 16.609745 1.539401
214.919418 61.355312     14575.976562 647.804688 8497.302734     0.530713 -0.847551 0.847551 0.530713     19.106178 19.106178 0.796896
214.919418 61.355312     2945.281250 -11.101562 1.085938     0.530713 -0.847551 0.847551 0.530713     19.106178 19.106178 3.793933
407.971558 123.518295     18.332863 -31.489868 434.050781     -0.993443 0.114331 -0.114331 -0.993443     21.256363 21.256363 0.898987
407.971558 123.518295     298.531250 -43.652344 45.970215     -0.993443 0.114331 -0.114331 -0.993443     21.256363 21.256363 3.139442
173.308472 167.304428     17.478630 -27.050049 443.101562     0.190767 -0.981635 0.981635 0.190767     20.453444 20.453444 1.553522
141.598190 169.042297     27.343750 -16.382812 73.566406     -0.590355 -0.807144 0.807144 -0.590355     29.768747 29.768747 1.261926
141.598190 169.042297     17471.359375 1451.507812 8794.996094     -0.590355 -0.807144 0.807144 -0.590355     29.768747 29.768747 1.549864
139.049500 201.366333     331.031250 -51.339844 53.610352     0.351174 -0.936310 0.936310 0.351174     17.573709 17.573709 1.568536
139.049500 201.366333     698.945312 4.008789 0.504237     0.351174 -0.936310 0.936310 0.351174     17.573709 17.573709 4.716022
543.070984 79.182793     832.117188 5.398788 0.605521     -0.985721 0.168388 -0.168388 -0.985721     17.048005 17.048005 2.074408
543.070984 79.182793     101.162109 -0.962891 3.710938     -0.985721 0.168388 -0.168388 -0.985721     17.048005 17.048005 3.834316
376.111786 174.247742     20.250069 1.086304 522.250000     -0.675933 -0.736963 0.736963 -0.675933     21.820119 21.820119 1.603911
376.111786 174.247742     26.015625 -2.343750 12.140625     -0.675933 -0.736963 0.736963 -0.675933     21.820119 21.820119 2.324731
406.052917 123.188019     495.671875 -9.640625 1.140625     -0.998095 0.061690 -0.061690 -0.998095     26.382756 26.382756 3.176108
406.052917 123.188019     91.161316 52.394043 475.625000     -0.998095 0.061690 -0.061690 -0.998095     26.382756 26.382756 5.211417
273.100952 336.194702     28.968750 -2.781250 18.781250     -0.999988 0.004930 -0.004930 -0.999988     2.690120 2.690120 1.556747
78.868538 80.998756     29.375000 -6.078125 74.656250     -0.990655 -0.136394 0.136394 -0.990655     36.280016 36.280016 1.518079
542.965881 79.087975     114.037445 -154.000000 2284.460938     -0.983867 0.178900 -0.178900 -0.983867     19.238466 19.238466 2.149407
542.965881 79.087975     384.773438 8.976562 20.562500     -0.983867 0.178900 -0.178900 -0.983867     19.238466 19.238466 2.611510
393.087585 148.524261     3270.398438 -28.554688 0.625000     0.460336 -0.887745 0.887745 0.460336     51.570551 51.570551 1.537358
277.658997 336.077393     5547.421875 -45.859375 0.828125     -0.999991 0.004317 -0.004317 -0.999991     2.620066 2.620066 1.547642
69.625000 124.820000     17795.710938 -330.367188 604.812500     -0.262118 -0.965036 0.965036 -0.262118     14.232298 14.232298 0.712421
69.625000 124.820000     21563.875000 -280.796875 631.703125     -0.262118 -0.965036 0.965036 -0.262118     14.232298 14.232298 3.930074
544.589722 78.911766     26510.226562 -408.234375 649.234375     -0.987170 0.159675 -0.159675 -0.987170     20.161290 20.161290 2.329550
544.589722 78.911766     31700.382812 -227.500000 666.156250     -0.987170 0.159675 -0.159675 -0.987170     20.161290 20.161290 3.883003
279.077759 335.954803     52.477539 71.312500 129.046875     -0.999995 0.003208 -0.003208 -0.999995     3.171517 3.171517 1.551729
450.333344 247.069656     104.578278 85.301270 247.531250     0.609845 -0.792521 0.792521 0.609845     14.117346 14.117346 0.829226
450.333344 247.069656     1519.179688 -7.453125 1.484375     0.609845 -0.792521 0.792521 0.609845     14.117346 14.117346 1.564096
279.721527 335.806976     7575.421875 -29.531250 2.562500     -0.999994 0.003461 -0.003461 -0.999994     3.422094 3.422094 1.560769
423.854156 184.598480     33790.437500 -79.031250 786.015625     -0.998743 0.050117 -0.050117 -0.998743     16.508214 16.508214 4.696430
544.557983 79.195015     6506.281250 -153.906250 6.515625     -0.989169 0.146779 -0.146779 -0.989169     22.905461 22.905461 3.985620
279.600006 335.714081     39304.828125 -208.046875 12.937500     -0.999993 0.003824 -0.003824 -0.999993     3.511234 3.511234 1.555794
545.117676 78.905640     24.375000 -9.968750 82.125000     -0.988337 0.152281 -0.152281 -0.988337     24.300459 24.300459 4.001092
277.064545 335.602539     36231.023438 -427.296875 28.500000     -0.999993 0.003621 -0.003621 -0.999993     4.001092 4.001092 1.568138
490.711945 247.170776     24.656250 -10.078125 82.343750     -0.870962 -0.491350 0.491350 -0.870962     29.092276 29.092276 3.158164
545.268555 78.982727     34202.640625 -430.875000 30.546875     -0.987718 0.156250 -0.156250 -0.987718     25.933895 25.933895 3.961672
278.437775 335.431000     95.312500 -6.093750 5.265625     -0.999993 0.003771 -0.003771 -0.999993     4.598106 4.598106 1.568539
545.190857 79.275452     94.949219 0.179688 5.078125     -0.986186 0.165642 -0.165642 -0.986186     27.971852 27.971852 3.976348
545.658936 216.064606     25.562500 -8.203125 82.703125     0.303463 -0.952843 0.952843 0.303463     21.167283 21.167283 1.594731
544.479248 79.549110     34389.007812 -458.375000 37.921875     -0.984333 0.176317 -0.176317 -0.984333     29.989784 29.989784 4.004476
88.252174 335.995667     1333.250000 -20.046875 1.679688     -0.999951 0.009879 -0.009879 -0.999951     8.657589 8.657589 4.727759
88.252174 335.995667     25.906250 -6.984375 81.640625     -0.999951 0.009879 -0.009879 -0.999951     8.657589 8.657589 6.376998
317.858490 438.886780     116.781250 -2.921875 6.546875     -0.986761 0.162180 -0.162180 -0.986761     15.428777 15.428777 0.287129
317.858490 438.886780     3415.156250 10.453125 5.890625     -0.986761 0.162180 -0.162180 -0.986761     15.428777 15.428777 3.439450
448.184875 334.344543     3035.062500 -32.031250 26.500000     -0.999810 0.019483 -0.019483 -0.999810     4.392418 4.392418 1.398958
448.184875 334.344543     26.406250 -5.781250 76.937500     -0.999810 0.019483 -0.019483 -0.999810     4.392418 4.392418 4.831387
318.248230 437.656036     923.881836 6.082031 1.125000     -0.968940 0.247296 -0.247296 -0.968940     19.129717 19.129717 0.438533
318.248230 437.656036     34745.375000 -469.062500 44.343750     -0.968940 0.247296 -0.247296 -0.968940     19.129717 19.129717 3.569354
318.126221 439.398071     6896.718750 -75.500000 26.554688     0.130763 -0.991414 0.991414 0.130763     24.054309 24.054309 1.472683
318.126221 439.398071     1345.873047 10.808594 1.250000     0.130763 -0.991414 0.991414 0.130763     24.054309 24.054309 4.684295
222.504486 403.411011     1232.312500 67.401367 4.035660     -0.999697 -0.024624 0.024624 -0.999697     20.295645 20.295645 3.011010
291.185699 367.162506     32343.890625 -214.296875 23.125000     -0.999962 0.008732 -0.008732 -0.999962     2.758074 2.758074 0.748642
291.185699 367.162506     180.477112 282.195312 445.109375     -0.999962 0.008732 -0.008732 -0.999962     2.758074 2.758074 5.020890
296.882019 366.768677     1663.500000 87.520996 5.369995     -0.999966 0.008267 -0.008267 -0.999966     3.015284 3.015284 5.046706
25.369305 463.290161     26.194767 16.196533 44.265625     -0.513321 -0.858197 0.858197 -0.513321     14.103602 14.103602 1.703699
204.914337 386.247131     1788.812500 -17.105957 24.929520     -0.999988 0.004911 -0.004911 -0.999988     5.414558 5.414558 0.318205
204.914337 386.247131     35342.343750 -326.578125 30.117188     -0.999988 0.004911 -0.004911 -0.999988     5.414558 5.414558 3.187262
221.466003 385.349243     89.442032 70.481934 337.500000     -0.999992 0.003900 -0.003900 -0.999992     7.039791 7.039791 4.711316
523.669434 442.138062     42.687500 -20.375000 46.296875     0.178624 -0.983917 0.983917 0.178624     21.275292 21.275292 1.422491
523.669434 442.138062     94.643814 77.271484 326.062500     0.178624 -0.983917 0.983917 0.178624     21.275292 21.275292 2.912821
516.369019 373.102844     55.468750 55.296875 189.296875     -0.999720 0.023659 -0.023659 -0.999720     7.627945 7.627945 1.570544
112.186119 377.256317     2027.812500 14.200684 22.475830     -1.000000 -0.000116 0.000116 -1.000000     6.363831 6.363831 4.713573
369.451843 377.031891     32180.406250 -341.851562 38.648438     -0.999986 0.005295 -0.005295 -0.999986     15.481532 15.481532 1.576576
369.451843 377.031891     96.125000 -66.312500 181.656250     -0.999986 0.005295 -0.005295 -0.999986     15.481532 15.481532 4.712658
523.557617 441.959106     57.906250 62.093750 207.703125     0.165449 -0.986218 0.986218 0.165449     21.441276 21.441276 1.441888
523.557617 441.959106     34673.109375 -420.726562 50.968750     0.165449 -0.986218 0.986218 0.165449     21.441276 21.441276 2.949147
324.255524 379.928619     2310.750000 33.595215 22.605743     -0.999930 0.011800 -0.011800 -0.999930     21.794748 21.794748 1.578130
324.255524 379.928619     154.750000 -83.625000 202.078125     -0.999930 0.011800 -0.011800 -0.999930     21.794748 21.794748 4.708971
523.751648 441.887421     118.575745 105.071289 350.500000     0.167282 -0.985909 0.985909 0.167282     21.556019 21.556019 1.442190
523.751648 441.887421     115.461914 0.136719 6.195312     0.167282 -0.985909 0.985909 0.167282     21.556019 21.556019 2.947652
317.187500 380.226715     77.923309 -25.873341 31.252438     -0.999921 0.012606 -0.012606 -0.999921     22.551622 22.551622 1.579515
317.187500 380.226715     38199.125000 1738.984375 1073.937500     -0.999921 0.012606 -0.012606 -0.999921     22.551622 22.551622 4.711223
124.508850 334.840698     105.988129 -37.688408 50.229149     -0.999962 -0.008759 0.008759 -0.999962     9.036251 9.036251 4.724939
124.508850 334.840698     2870.968750 59.428711 22.730507     -0.999962 -0.008759 0.008759 -0.999962     9.036251 9.036251 6.252349
592.665222 329.185028     37732.421875 2495.093750 1356.515625     -0.997739 0.067214 -0.067214 -0.997739     9.915445 9.915445 0.265867
523.730774 441.964508     135.888977 -44.727402 83.347336     0.154262 -0.988030 0.988030 0.154262     21.765398 21.765398 1.451838
523.730774 441.964508     43030.046875 1288.843750 1627.796875     0.154262 -0.988030 0.988030 0.154262     21.765398 21.765398 2.968517
125.033585 334.567169     152.334534 -51.610367 139.178894     -0.999998 -0.001999 0.001999 -0.999998     10.140254 10.140254 6.281697
592.861511 329.526917     3508.843750 88.189453 23.592999     -0.999598 0.028369 -0.028369 -0.999598     10.939450 10.939450 6.354682
523.862244 442.267853     23.906250 8.566406 24.756104     0.139345 -0.990244 0.990244 0.139345     22.232084 22.232084 1.442812
523.862244 442.267853     152.385223 -44.913544 210.038086     0.139345 -0.990244 0.990244 0.139345     22.232084 22.232084 3.011497
608.816406 337.292969     68.703125 -6.718750 63.281250     -0.999877 0.015675 -0.015675 -0.999877     4.789428 4.789428 1.576091
320.760406 379.397247     4029.375000 445.614746 172.288849     -0.999911 0.013340 -0.013340 -0.999911     25.378758 25.378758 1.580558
320.760406 379.397247     156.096191 -47.063965 297.245178     -0.999911 0.013340 -0.013340 -0.999911     25.378758 25.378758 4.704626
600.061768 337.526459     4064.750000 587.768555 268.014587     -0.999899 0.014236 -0.014236 -0.999899     4.735857 4.735857 1.578233
592.586426 329.742371     43233.828125 764.671875 1838.156250     -0.999784 0.020797 -0.020797 -0.999784     11.271430 11.271430 6.310949
589.686523 337.832947     106.078125 20.796875 58.062500     -0.999849 0.017386 -0.017386 -0.999849     4.982074 4.982074 1.576596
581.881592 338.084595     153.906525 -38.148499 406.490967     -0.999887 0.015050 -0.015050 -0.999887     5.282373 5.282373 1.579668
524.023132 442.576385     3984.687500 785.088867 471.620483     0.122478 -0.992471 0.992471 0.122478     22.519940 22.519940 1.480320
524.023132 442.576385     103.757812 2.921875 67.046875     0.122478 -0.992471 0.992471 0.122478     22.519940 22.519940 3.042175
573.952026 338.491760     26.210449 -26.268555 81.359375     -0.999891 0.014736 -0.014736 -0.999891     6.021064 6.021064 1.582101
592.585388 329.905487     43251.234375 120.687500 1902.937500     -0.999649 0.026478 -0.026478 -0.999649     11.445829 11.445829 6.340939
564.234619 339.938568     154.655212 -22.437744 559.665771     -0.999995 -0.003066 0.003066 -0.999995     10.892022 10.892022 1.589988
568.846375 338.539673     3770.281250 948.846680 709.356812     -0.999943 0.010645 -0.010645 -0.999943     23.015647 23.015647 1.599013
524.155396 442.648254     41736.507812 29.000000 1997.703125     0.112236 -0.993682 0.993682 0.112236     22.836451 22.836451 1.498998
524.155396 442.648254     30.099770 9.359375 42.484375     0.112236 -0.993682 0.993682 0.112236     22.836451 22.836451 3.062761
550.022644 339.189545     3246.593750 1156.875000 1273.730469     -0.999928 0.012012 -0.012012 -0.999928     22.410967 22.410967 1.600471
550.022644 339.189545     170.321381 -50.028198 1280.665039     -0.999928 0.012012 -0.012012 -0.999928     22.410967 22.410967 6.070499
101.344826 342.598511     32.220688 -46.134033 630.250000     -0.999978 -0.006591 0.006591 -0.999978     4.687165 4.687165 4.695671
320.642761 378.909668     769.112305 -329.865112 1771.801270     -0.999909 0.013514 -0.013514 -0.999909     27.741496 27.741496 1.577404
320.642761 378.909668     2933.687500 1272.167969 1746.294678     -0.999909 0.013514 -0.013514 -0.999909     27.741496 27.741496 4.706430
540.962891 339.838837     36817.304688 284.625000 2064.843750     -0.999940 0.010988 -0.010988 -0.999940     22.823952 22.823952 1.584946
111.339622 342.860382     2851.375000 1457.199219 2335.901123     -0.999968 -0.008038 0.008038 -0.999968     4.853166 4.853166 4.695351
125.443710 334.758270     39846.296875 7403.539062 9787.578125     -0.999998 0.001834 -0.001834 -0.999998     10.687188 10.687188 6.294251
581.071411 15.133928     2839.343750 1704.652344 3241.333984     -0.998507 -0.054629 0.054629 -0.998507     2.654994 2.654994 1.567976
434.986694 341.579803     2858.250000 2131.953125 5099.104492     -0.999978 0.006630 -0.006630 -0.999978     20.964498 20.964498 1.588345
19.538095 442.000000     2805.812500 2207.417969 5743.008789     -0.536409 -0.843958 0.843958 -0.536409     4.757089 4.757089 1.662180
19.538095 442.000000     2878.937500 2427.410156 7426.158203     -0.536409 -0.843958 0.843958 -0.536409     4.757089 4.757089 4.617736
575.401855 14.576324     46842.164062 -5719.773438 21835.171875     -0.998634 -0.052248 0.052248 -0.998634     3.414300 3.414300 1.556404
572.599487 14.248062     31.312500 25.898438 117.191406     -0.998618 -0.052564 0.052564 -0.998618     3.931202 3.931202 1.556278
18.978632 441.260681     138.906250 53.742188 434.355469     -0.535429 -0.844581 0.844581 -0.535429     5.127169 5.127169 1.663832
18.978632 441.260681     63.646484 -10.337891 16.384766     -0.535429 -0.844581 0.844581 -0.535429     5.127169 5.127169 4.611252
525.667786 444.903381     65.685059 -9.380859 15.613281     -0.319201 -0.947687 0.947687 -0.319201     27.515022 27.515022 1.755546
525.667786 444.903381     83.781250 -2.953125 10.265625     -0.319201 -0.947687 0.947687 -0.319201     27.515022 27.515022 3.849657
570.750549 13.916142     43.084961 13.000000 107.117188     -0.998716 -0.050651 0.050651 -0.998716     4.751341 4.751341 1.554629
430.242950 342.414825     66.703125 -8.007812 17.048828     -0.999985 0.005442 -0.005442 -0.999985     22.489700 22.489700 1.599700
570.112976 13.511628     358.335938 1.985352 13.709961     -0.998806 -0.048853 0.048853 -0.998806     5.873354 5.873354 1.552077
387.925507 344.547668     178.238281 -127.402344 151.081055     -0.999957 0.009247 -0.009247 -0.999957     23.424717 23.424717 1.592738
526.368347 446.449707     97.437500 9.929688 20.054688     -0.360863 -0.932619 0.932619 -0.360863     27.382042 27.382042 1.792873
526.368347 446.449707     49.753906 5.175781 238.078125     -0.360863 -0.932619 0.932619 -0.360863     27.382042 27.382042 3.922741
527.214539 448.114441     57.792969 4.319336 19.145935     -0.338490 -0.940970 0.940970 -0.338490     26.840934 26.840934 1.747117
527.214539 448.114441     84.437500 -20.535156 20.269531     -0.338490 -0.940970 0.940970 -0.338490     26.840934 26.840934 3.956082
371.028625 346.469879     66.894531 -10.522949 41.543945     -0.999943 0.010634 -0.010634 -0.999943     26.627304 26.627304 1.585400
527.659607 449.341553     119.062500 3.906250 87.859375     -0.339231 -0.940703 0.940703 -0.339231     26.817263 26.817263 1.762779
317.753693 378.954620     80.837860 -17.771484 16.242188     -0.999926 0.012149 -0.012149 -0.999926     30.472961 30.472961 1.579035
317.753693 378.954620     112.812500 6.824219 24.562500     -0.999926 0.012149 -0.012149 -0.999926     30.472961 30.472961 4.706677
125.601799 334.967072     117.187500 4.531250 89.460938     -0.999999 -0.001251 0.001251 -0.999999     11.200518 11.200518 6.284764
49.036495 313.744537     424.812500 112.582031 32.249512     0.371454 -0.928451 0.928451 0.371454     17.830992 17.830992 4.534221
468.648651 210.558563     2044.529785 581.701172 3566.328125     -0.268044 -0.963407 0.963407 -0.268044     22.094453 22.094453 0.530450
468.648651 210.558563     141.421875 60.406250 52.546875     -0.268044 -0.963407 0.963407 -0.268044     22.094453 22.094453 4.702033
464.660675 216.750351     14621.765625 3046.656250 6279.242188     -0.173574 -0.984821 0.984821 -0.173574     51.196123 51.196123 2.058373
464.660675 216.750351     25404.859375 1212.532227 553.823608     -0.173574 -0.984821 0.984821 -0.173574     51.196123 51.196123 2.351780
89.556053 177.843048     26.373367 4.960304 30.414520     -0.978817 0.204736 -0.204736 -0.978817     16.970680 16.970680 1.161048
89.556053 177.843048     36.281799 -7.600586 24.562500     -0.978817 0.204736 -0.204736 -0.978817     16.970680 16.970680 3.751588
89.785713 177.714279     28.125000 8.390625 37.875000     -0.983977 0.178294 -0.178294 -0.983977     16.785360 16.785360 0.693270
89.785713 177.714279     27.140625 0.406250 13.296875     -0.983977 0.178294 -0.178294 -0.983977     16.785360 16.785360 0.979586
471.069641 285.422882     118.328125 -72.031250 515.156250     -0.999197 0.040073 -0.040073 -0.999197     14.334593 14.334593 1.455404
471.069641 285.422882     29.640625 29.031250 81.234375     -0.999197 0.040073 -0.040073 -0.999197     14.334593 14.334593 3.208541
110.695404 206.060349     33.596161 7.751549 34.233780     -0.191660 -0.981461 0.981461 -0.191660     28.654194 28.654194 0.275870
110.695404 206.060349     30.453125 1.015625 14.968750     -0.191660 -0.981461 0.981461 -0.191660     28.654194 28.654194 1.042815
89.953018 177.755035     152.015625 -63.109375 524.671875     -0.987856 0.155372 -0.155372 -0.987856     17.881114 17.881114 0.669688
89.953018 177.755035     45.372269 -25.901855 94.781250     -0.987856 0.155372 -0.155372 -0.987856     17.881114 17.881114 1.655266
394.456299 99.519417     92.140625 27.687500 50.625000     -0.998413 -0.056313 0.056313 -0.998413     12.778973 12.778973 2.640456
394.456299 99.519417     38.609375 22.625000 115.843750     -0.998413 -0.056313 0.056313 -0.998413     12.778973 12.778973 3.174752
447.370178 294.706726     675.721191 312.843506 146.123291     -0.879920 -0.475121 0.475121 -0.879920     18.178947 18.178947 2.362471
447.370178 294.706726     37974.085938 5107.562500 6174.101562     -0.879920 -0.475121 0.475121 -0.879920     18.178947 18.178947 5.300199
98.986771 106.420631     24397.015625 1003.672852 578.087891     -0.999983 -0.005761 0.005761 -0.999983     16.655183 16.655183 1.575895
74.745003 152.585007     51.326370 -14.583496 109.421875     -0.998641 0.052123 -0.052123 -0.998641     18.026564 18.026564 1.588135
403.333344 293.009674     231.570312 106.406250 100.343750     -0.996778 0.080205 -0.080205 -0.996778     21.638347 21.638347 3.115060
403.333344 293.009674     356.953125 -120.562500 495.953125     -0.996778 0.080205 -0.080205 -0.996778     21.638347 21.638347 6.300826
97.643463 199.618927     175.373718 17.922714 53.560410     -0.404209 -0.914667 0.914667 -0.404209     67.403458 67.403458 0.580384
221.210724 262.045990     32.618607 3.170410 50.953125     -0.991650 0.128961 -0.128961 -0.991650     25.562748 25.562748 1.557849
221.210724 262.045990     38.015625 -0.062500 17.437500     -0.991650 0.128961 -0.128961 -0.991650     25.562748 25.562748 4.687607
250.022995 278.754791     57.023666 -8.189453 112.687500     -0.996168 0.087465 -0.087465 -0.996168     23.723953 23.723953 0.901516
250.022995 278.754791     67.601562 -8.757812 11.875000     -0.996168 0.087465 -0.087465 -0.996168     23.723953 23.723953 3.079704
222.408676 73.351601     1370.437500 -252.625000 467.828125     -0.743633 0.668588 -0.668588 -0.743633     27.200168 27.200168 1.529069
243.421051 279.221039     249.281250 250.906250 259.192383     -0.999682 0.025221 -0.025221 -0.999682     23.626721 23.626721 4.714538
309.216827 181.606201     26439.601562 1224.747070 586.768311     -0.999065 -0.043240 0.043240 -0.999065     19.895525 19.895525 3.168186
337.028168 171.985916     161.468750 46.304688 43.656250     -0.992122 -0.125278 0.125278 -0.992122     19.511969 19.511969 2.570779
337.028168 171.985916     36109.312500 4691.320312 7026.031250     -0.992122 -0.125278 0.125278 -0.992122     19.511969 19.511969 4.790086
211.187653 222.388367     73.250229 9.297363 123.250000     -0.027452 -0.999623 0.999623 -0.027452     31.696029 31.696029 4.699805
236.110657 164.158951     94.165039 47.726562 45.703125     0.013687 -0.999906 0.999906 0.013687     33.298266 33.298266 1.229944
236.110657 164.158951     112.243179 57.776855 196.937500     0.013687 -0.999906 0.999906 0.013687     33.298266 33.298266 1.525222
