1.0
874
313.562836 251.299225     50.976562 58.781250 218.917969     -0.300646 -0.953736 0.953736 -0.300646     25.633002 25.633002 1.402495
313.562836 251.299225     8.992188 -1.994141 60.245483     -0.300646 -0.953736 0.953736 -0.300646     25.633002 25.633002 5.787536
338.326172 37.613735     109.609375 65.091797 290.965820     0.038820 -0.999246 0.999246 0.038820     13.435886 13.435886 3.117439
302.522980 106.711777     54.429688 60.500000 220.105469     -0.306294 -0.951937 0.951937 -0.306294     42.373073 42.373073 4.946467
314.206848 251.657928     17.257812 1.312500 73.265625     -0.310197 -0.950672 0.950672 -0.310197     26.503813 26.503813 1.402765
314.206848 251.657928     303.851562 -119.396484 1386.965332     -0.310197 -0.950672 0.950672 -0.310197     26.503813 26.503813 5.817373
327.248596 224.329605     11.531250 6.531250 52.953125     -0.023415 -0.999726 0.999726 -0.023415     18.677479 18.677479 1.109798
315.117340 252.367325     404.117188 -204.654297 1450.028809     -0.320610 -0.947211 0.947211 -0.320610     27.250088 27.250088 1.407099
327.697723 224.949615     22.781250 -23.562500 111.750000     -0.053028 -0.998593 0.998593 -0.053028     19.404852 19.404852 1.141579
287.783905 460.116516     31.482422 -4.210938 226.078125     0.241154 -0.970487 0.970487 0.241154     18.513695 18.513695 0.841101
328.887512 225.010223     25.578125 -24.468750 113.359375     -0.015340 -0.999882 0.999882 -0.015340     21.598176 21.598176 1.116083
68.245239 337.947357     64.218750 74.007812 256.039062     0.021624 -0.999766 0.999766 0.021624     25.212590 25.212590 4.665604
288.521423 459.791443     486.257812 -220.978516 1445.316406     0.251558 -0.967842 0.967842 0.251558     19.727412 19.727412 0.802639
316.020447 253.562546     7.113770 14.279297 139.164062     -0.322721 -0.946494 0.946494 -0.322721     28.096984 28.096984 1.410578
83.779922 345.227814     25.851562 0.851562 127.433594     -0.106294 -0.994335 0.994335 -0.106294     10.636880 10.636880 4.724159
65.179817 338.778442     103.565430 6.658203 226.453125     0.040898 -0.999163 0.999163 0.040898     34.320444 34.320444 4.631981
329.675476 225.477951     8.157837 40.930664 684.687500     -0.008382 -0.999965 0.999965 -0.008382     22.876835 22.876835 1.166730
68.629822 339.256195     30.523438 -33.390625 135.515625     -0.053944 -0.998544 0.998544 -0.053944     45.715600 45.715600 4.687997
39.295799 322.273956     95.820312 -25.648438 418.128906     -0.060172 -0.998188 0.998188 -0.060172     10.734639 10.734639 4.701202
289.362732 458.710480     65.695801 -5.337891 12.156250     0.279484 -0.960150 0.960150 0.279484     20.525126 20.525126 0.795625
320.916412 245.444443     356.933838 290.297852 990.617188     0.078834 -0.996888 0.996888 0.078834     43.580832 43.580832 1.065046
320.916412 245.444443     112.962402 -5.337891 16.500000     0.078834 -0.996888 0.996888 0.078834     43.580832 43.580832 5.390545
70.150002 432.875000     25.269592 -98.838501 420.987793     -0.995162 0.098250 -0.098250 -0.995162     15.345759 15.345759 3.118717
74.245094 433.839203     298.023926 -14.128906 15.703125     -0.998482 0.055084 -0.055084 -0.998482     18.115235 18.115235 3.005460
25.527536 80.188408     35.304688 -40.781250 153.296875     0.229574 -0.973291 0.973291 0.229574     6.293885 6.293885 4.695956
32.064606 81.643257     115.006439 -324.981750 979.244141     0.201682 -0.979451 0.979451 0.201682     6.718235 6.718235 4.700907
64.212822 434.501282     414.009644 339.593750 1356.203125     -0.998756 0.049859 -0.049859 -0.998756     17.427146 17.427146 2.862116
64.212822 434.501282     33.826843 -120.864502 463.178223     -0.998756 0.049859 -0.049859 -0.998756     17.427146 17.427146 4.633891
290.061829 457.990936     21.946899 -92.941162 444.814453     0.297827 -0.954620 0.954620 0.297827     21.384017 21.384017 0.785071
17.902584 61.411530     370.846924 -16.226562 18.250000     0.316854 -0.948474 0.948474 0.316854     11.420329 11.420329 1.587754
17.902584 61.411530     19.971069 -96.124756 518.281738     0.316854 -0.948474 0.948474 0.316854     11.420329 11.420329 4.682534
18.869791 78.559898     28.280396 -109.753296 464.502930     0.253589 -0.967312 0.967312 0.253589     6.584862 6.584862 4.690347
32.471031 80.035263     58.787643 -185.039032 601.338623     0.205599 -0.978636 0.978636 0.205599     7.002024 7.002024 4.699601
60.551392 434.950745     394.783691 -7.152344 22.500000     -0.998947 0.045875 -0.045875 -0.998947     18.827446 18.827446 4.638351
39.522728 78.744316     115.952942 -324.934814 976.899902     0.183066 -0.983101 0.983101 0.183066     6.476637 6.476637 4.707288
322.239532 245.508499     48.882248 -161.198120 613.619629     0.086030 -0.996293 0.996293 0.086030     45.466020 45.466020 1.103111
322.239532 245.508499     36.784668 -130.676147 499.425293     0.086030 -0.996293 0.996293 0.086030     45.466020 45.466020 5.359828
25.984694 78.451530     297.600586 -10.671875 36.875000     0.230996 -0.972955 0.972955 0.230996     6.709455 6.709455 4.694269
11.875648 56.748703     126.510437 -239.057190 816.806641     0.294859 -0.955541 0.955541 0.294859     5.847575 5.847575 1.570094
11.875648 56.748703     536.167480 34.806641 39.390625     0.294859 -0.955541 0.955541 0.294859     5.847575 5.847575 4.858231
61.092892 435.660675     129.835938 2.437500 477.085938     -0.999816 0.019201 -0.019201 -0.999816     21.280119 21.280119 4.641447
18.395760 60.031803     24.191467 1.585693 42.394531     0.317691 -0.948194 0.948194 0.317691     11.977258 11.977258 4.704415
12.439926 50.072090     580.437500 -212.312500 1456.770996     0.256467 -0.966553 0.966553 0.256467     11.122892 11.122892 1.561427
19.320843 77.056206     519.865845 286.857422 1731.773438     0.254287 -0.967129 0.967129 0.254287     7.008971 7.008971 4.685496
55.422989 435.129211     23.956787 -100.894043 480.933105     -0.997578 -0.069555 0.069555 -0.997578     27.359021 27.359021 2.510742
55.422989 435.129211     577.632935 531.127930 3428.101562     -0.997578 -0.069555 0.069555 -0.997578     27.359021 27.359021 4.606096
324.399994 247.483704     125.477905 -149.468903 880.150513     -0.007019 -0.999975 0.999975 -0.007019     51.272130 51.272130 1.120099
324.399994 247.483704     20.981445 52.487305 183.296875     -0.007019 -0.999975 0.999975 -0.007019     51.272130 51.272130 5.497128
32.865295 78.394974     155.609375 82.562500 646.824219     0.206417 -0.978464 0.978464 0.206417     7.356029 7.356029 4.699483
74.984711 217.238525     29.328125 -10.953125 64.851562     -0.283112 -0.959087 0.959087 -0.283112     10.541692 10.541692 0.836513
74.984711 217.238525     45.408203 128.142578 617.500000     -0.283112 -0.959087 0.959087 -0.283112     10.541692 10.541692 2.042204
42.974705 70.826309     28.974609 126.292969 730.820312     0.232583 -0.972576 0.972576 0.232583     12.832341 12.832341 4.687815
76.244659 223.741745     10.010742 8.248047 70.695312     -0.230764 -0.973010 0.973010 -0.230764     13.713670 13.713670 1.801850
333.266663 337.620819     688.544189 831.215820 5654.023438     -0.828269 0.560331 -0.560331 -0.828269     19.016567 19.016567 0.725728
333.266663 337.620819     45.957672 -6.733398 48.285156     -0.828269 0.560331 -0.560331 -0.828269     19.016567 19.016567 2.336392
29.756395 77.279198     10.758301 -9.502441 92.394531     0.222021 -0.975042 0.975042 0.222021     16.653318 16.653318 4.667430
326.949005 252.396149     45.125000 -22.523438 67.066406     -0.161435 -0.986883 0.986883 -0.161435     53.643274 53.643274 1.255991
77.849548 231.802856     24.523438 23.660156 78.167969     -0.221966 -0.975054 0.975054 -0.221966     15.798521 15.798521 1.852641
35.122143 74.393204     547.992065 -216.164307 958.820557     0.273631 -0.961835 0.961835 0.273631     28.980376 28.980376 4.627276
64.478363 58.416855     11.156250 -17.591797 168.155273     -0.485861 -0.874036 0.874036 -0.485861     24.535256 24.535256 5.215841
333.417694 334.368896     1278.386230 -182.517578 7055.734375     0.272792 -0.962073 0.962073 0.272792     23.043522 23.043522 4.467212
79.863510 239.320328     34.062500 -7.687500 17.875000     -0.209033 -0.977909 0.977909 -0.209033     19.100931 19.100931 1.684399
94.463264 193.975510     45.375000 -22.546875 65.230469     -0.171871 -0.985120 0.985120 -0.171871     11.855325 11.855325 1.518442
329.169678 264.492096     25.289062 23.699219 75.969727     -0.146466 -0.989216 0.989216 -0.146466     52.745579 52.745579 1.381912
329.169678 264.492096     183.640625 205.945312 1449.117188     -0.146466 -0.989216 0.989216 -0.146466     52.745579 52.745579 4.738828
130.536392 322.647522     60.179688 -22.578125 179.140625     -0.204063 -0.978958 0.978958 -0.204063     25.267539 25.267539 4.548089
91.142204 316.766052     42.031250 -10.406250 20.390625     -0.132321 -0.991207 0.991207 -0.132321     13.432084 13.432084 3.180787
89.738518 62.862190     14.117188 -13.449219 172.128906     0.114114 -0.993468 0.993468 0.114114     13.991174 13.991174 4.722445
366.109924 246.099289     15.183594 19.474609 52.735840     0.530143 -0.847908 0.847908 0.530143     25.072120 25.072120 1.913548
366.109924 246.099289     34.714844 22.492188 77.370117     0.530143 -0.847908 0.847908 0.530143     25.072120 25.072120 2.284746
87.335312 241.647278     51.093750 -34.140625 162.578125     -0.029492 -0.999565 0.999565 -0.029492     40.455075 40.455075 1.534711
87.335312 241.647278     31.859375 -32.775391 221.664062     -0.029492 -0.999565 0.999565 -0.029492     40.455075 40.455075 4.691681
350.206757 410.286926     9.582031 -3.044922 184.563965     -0.267710 -0.963500 0.963500 -0.267710     14.100293 14.100293 1.609443
241.424484 113.048981     24.843750 20.156250 63.328125     -0.353604 -0.935395 0.935395 -0.353604     17.761769 17.761769 4.960347
265.275665 108.155426     25.179688 15.281250 71.484375     0.110006 -0.993931 0.993931 0.110006     13.656020 13.656020 4.714625
365.867645 246.350006     24.125000 16.359375 71.062500     0.546361 -0.837550 0.837550 0.546361     24.919990 24.919990 1.777072
365.867645 246.350006     26.115234 32.179688 275.392578     0.546361 -0.837550 0.837550 0.546361     24.919990 24.919990 2.357141
241.428101 112.816055     27.734375 10.359375 83.921875     -0.367178 -0.930151 0.930151 -0.367178     17.962715 17.962715 4.988273
331.660004 269.320007     76.320312 -17.984375 178.921875     -0.156686 -0.987648 0.987648 -0.156686     55.291131 55.291131 1.392001
331.660004 269.320007     388.554688 -12.171875 1497.289062     -0.156686 -0.987648 0.987648 -0.156686     55.291131 55.291131 4.734269
189.300858 105.518623     1387.574463 -290.417969 7226.343750     0.139343 -0.990244 0.990244 0.139343     23.125689 23.125689 4.640465
370.061310 438.594330     1012.011719 180.109375 818.018555     -0.306832 -0.951764 0.951764 -0.306832     18.370057 18.370057 0.588867
370.061310 438.594330     29.500000 39.789062 174.109375     -0.306832 -0.951764 0.951764 -0.306832     18.370057 18.370057 4.244305
367.390259 242.254059     428.781250 -61.609375 1506.132812     0.364904 -0.931045 0.931045 0.364904     29.121267 29.121267 1.772945
367.390259 242.254059     33.281250 -4.648438 34.015625     0.364904 -0.931045 0.931045 0.364904     29.121267 29.121267 2.328175
264.645599 106.686234     18.953125 10.210938 122.695312     0.084207 -0.996448 0.996448 0.084207     16.212887 16.212887 4.716436
252.243118 74.949539     136.359375 26.171875 273.765625     -0.391102 -0.920347 0.920347 -0.391102     11.827260 11.827260 1.368837
252.243118 74.949539     595.812500 -236.468750 539.828125     -0.391102 -0.920347 0.920347 -0.391102     11.827260 11.827260 4.798074
240.253098 112.610420     1059.664062 139.505859 809.932617     -0.394923 -0.918714 0.918714 -0.394923     22.520801 22.520801 5.087792
347.252533 416.903015     18.910156 15.843750 64.956055     0.271326 -0.962488 0.962488 0.271326     28.978561 28.978561 1.331758
191.279190 97.611313     20.578125 -8.109375 48.812500     0.165502 -0.986209 0.986209 0.165502     23.103512 23.103512 4.660545
169.403839 88.819229     36.277344 -28.485962 43.095711     0.017393 -0.999849 0.999849 0.017393     13.891130 13.891130 4.708314
375.182587 411.900421     564.789062 95.226562 1643.203125     -0.393373 -0.919379 0.919379 -0.393373     18.123070 18.123070 1.728665
192.666260 89.940094     23.281250 8.602539 57.289062     0.125122 -0.992141 0.992141 0.125122     27.138383 27.138383 4.684416
253.960739 101.217148     53.375000 -0.531250 63.773438     0.195017 -0.980800 0.980800 0.195017     52.864322 52.864322 4.649261
370.403564 439.507141     653.820312 182.570312 1660.617188     -0.299700 -0.954033 0.954033 -0.299700     19.607745 19.607745 0.693389
370.403564 439.507141     60.437500 -46.656250 129.015625     -0.299700 -0.954033 0.954033 -0.299700     19.607745 19.607745 3.848992
167.866318 87.461678     1127.207031 288.093750 1082.083984     -0.125997 -0.992031 0.992031 -0.125997     21.120351 21.120351 4.771011
375.209442 409.345123     62.781250 16.648438 84.453125     -0.175720 -0.984440 0.984440 -0.175720     22.894899 22.894899 1.604836
340.287262 265.213318     71.671875 5.625000 68.570312     0.010976 -0.999940 0.999940 0.010976     88.687805 88.687805 4.669926
343.845245 431.038879     1368.210938 -495.265625 585.437500     0.029124 -0.999576 0.999576 0.029124     36.979997 36.979997 1.504527
405.489716 399.353912     42.312500 -1.171875 42.032227     0.355278 -0.934761 0.934761 0.355278     18.306788 18.306788 1.181383
373.391998 424.400757     24.457031 -0.349609 46.958374     0.075053 -0.997180 0.997180 0.075053     26.004090 26.004090 1.496968
388.406067 302.019348     141.375000 -13.503906 40.815918     -0.248892 -0.968531 0.968531 -0.248892     19.756524 19.756524 4.761084
342.846069 264.367096     191.859375 -24.585938 771.179688     0.056908 -0.998379 0.998379 0.056908     92.799286 92.799286 4.651782
426.937500 222.682693     743.289062 214.960938 1707.703125     0.678695 -0.734420 0.734420 0.678695     24.227191 24.227191 1.880230
426.937500 222.682693     46.234375 -12.273438 42.646484     0.678695 -0.734420 0.734420 0.678695     24.227191 24.227191 2.364980
381.073242 326.671967     1642.382812 -303.718750 586.750000     -0.097031 -0.995281 0.995281 -0.097031     19.069413 19.069413 4.728682
379.393829 426.703827     1151.718750 266.419922 1164.481445     -0.180982 -0.983486 0.983486 -0.180982     51.611529 51.611529 1.615860
132.227676 109.513390     32.562500 21.500000 69.312500     -0.296830 -0.954930 0.954930 -0.296830     16.828608 16.828608 4.888549
405.568115 400.501648     1316.906250 -54.218750 1627.289062     0.257761 -0.966209 0.966209 0.257761     19.310581 19.310581 1.285710
348.962738 267.977295     29.503906 10.718750 79.927979     -0.087290 -0.996183 0.996183 -0.087290     106.150879 106.150879 4.730346
429.076447 224.506363     66.187500 -51.531250 146.093750     -0.834268 -0.551360 0.551360 -0.834268     25.772661 25.772661 4.222942
133.647415 108.243164     1517.085938 155.413086 1131.245117     -0.232050 -0.972704 0.972704 -0.232050     20.733730 20.733730 4.914188
419.947723 270.401947     41.359375 1.859375 63.562500     0.050891 -0.998704 0.998704 0.050891     32.867850 32.867850 0.482288
419.947723 270.401947     63.343750 4.226562 20.203125     0.050891 -0.998704 0.998704 0.050891     32.867850 32.867850 1.014976
419.841187 458.575104     78.390625 -40.687500 66.179688     -0.068680 -0.997639 0.997639 -0.068680     11.536049 11.536049 4.713123
409.218842 407.503052     76.312500 3.734375 95.945312     -0.705471 -0.708739 0.708739 -0.705471     43.000866 43.000866 2.222433
353.005249 270.404297     315.125000 -0.484375 123.820312     -0.173085 -0.984907 0.984907 -0.173085     112.205844 112.205844 4.790674
429.515381 221.806152     421.968750 -96.144531 131.164551     -0.476708 -0.879062 0.879062 -0.476708     32.992381 32.992381 2.035251
134.967590 106.168983     30.937500 -5.644531 50.535156     0.193374 -0.981125 0.981125 0.193374     25.413436 25.413436 4.624016
421.718262 271.510162     84.656250 -9.972656 65.367188     -0.795543 -0.605897 0.605897 -0.795543     36.080414 36.080414 4.374548
421.718262 271.510162     10.894531 11.953125 138.468750     -0.795543 -0.605897 0.605897 -0.795543     36.080414 36.080414 6.290980
532.492859 126.453575     281.968750 67.640625 110.263672     -0.747910 0.663801 -0.663801 -0.747910     28.811297 28.811297 0.821574
532.492859 126.453575     2762.468750 -32.796875 1575.296875     -0.747910 0.663801 -0.663801 -0.747910     28.811297 28.811297 1.147242
142.051620 58.638710     1436.997070 -443.634766 7624.742188     -0.337583 -0.941296 0.941296 -0.337583     19.118469 19.118469 0.517714
428.211761 216.862442     1623.746094 34.266602 1185.521484     -0.271922 -0.962319 0.962319 -0.271922     34.553696 34.553696 1.805429
250.241928 27.213709     111.875000 -4.933594 66.111328     0.015532 -0.999879 0.999879 0.015532     22.251852 22.251852 0.787521
250.241928 27.213709     1704.140625 -256.468750 584.718750     0.015532 -0.999879 0.999879 0.015532     22.251852 22.251852 4.058654
136.021835 99.417755     68.687500 5.562500 114.000000     0.149826 -0.988712 0.988712 0.149826     24.159453 24.159453 4.679470
550.300476 88.688339     12.222656 5.523438 133.640625     -0.991407 0.130816 -0.130816 -0.991407     28.114765 28.114765 1.561817
425.169861 246.848267     48.375000 9.179688 22.512695     0.042325 -0.999104 0.999104 0.042325     62.161574 62.161574 1.571533
356.640991 270.896454     73.000000 27.164062 273.493164     -0.208139 -0.978099 0.978099 -0.208139     118.849890 118.849890 4.817273
408.123230 131.601898     137.046875 -1.390625 29.281250     -0.756514 0.653977 -0.653977 -0.756514     25.470389 25.470389 0.911002
468.421051 227.642853     77.015625 20.046875 165.359375     0.490444 -0.871473 0.871473 0.490444     21.960459 21.960459 1.432013
468.421051 227.642853     128.968750 -8.156250 37.625000     0.490444 -0.871473 0.871473 0.490444     21.960459 21.960459 4.403077
532.292908 129.830811     1384.640625 -10.042969 1522.410156     0.159894 -0.987134 0.987134 0.159894     28.057460 28.057460 4.692234
587.308533 75.695038     68.750000 -55.281250 170.140625     -0.926688 -0.375831 0.375831 -0.926688     28.154970 28.154970 2.310193
587.308533 75.695038     12.941406 -1.414062 32.187500     -0.926688 -0.375831 0.375831 -0.926688     28.154970 28.154970 5.097455
493.062927 262.083923     12.214844 1.367188 134.453125     -0.418510 -0.908212 0.908212 -0.418510     21.418848 21.418848 4.617320
369.438629 266.931122     45.750000 6.195312 35.853516     0.167265 -0.985912 0.985912 0.167265     162.730088 162.730088 1.425316
369.438629 266.931122     1466.937500 -156.609375 653.625977     0.167265 -0.985912 0.985912 0.167265     162.730088 162.730088 4.498958
251.339432 27.712793     19.480469 1.226562 40.562500     -0.199646 -0.979868 0.979868 -0.199646     23.520836 23.520836 1.015918
251.339432 27.712793     117.125000 -44.937500 74.247070     -0.199646 -0.979868 0.979868 -0.199646     23.520836 23.520836 4.372845
473.176758 308.330231     1727.402344 8.091797 1227.040039     -0.949822 -0.312790 0.312790 -0.949822     20.358514 20.358514 1.941409
473.176758 308.330231     22.640625 0.427734 31.848999     -0.949822 -0.312790 0.312790 -0.949822     20.358514 20.358514 2.569054
408.089874 128.028091     2485.812500 -312.328125 648.671875     0.670984 -0.741472 0.741472 0.670984     29.621040 29.621040 4.169840
442.080414 402.083923     94.730469 -14.804688 17.273438     -0.082879 -0.996560 0.996560 -0.082879     28.885914 28.885914 1.559861
476.476624 138.775696     3274.984375 -61.718750 1623.109375     -0.995324 -0.096595 0.096595 -0.995324     20.020166 20.020166 6.226354
472.675415 225.052505     18.875000 0.500000 51.234375     -0.757759 0.652535 -0.652535 -0.757759     25.112306 25.112306 4.178425
475.192627 299.784851     30.093750 16.359375 44.328125     -0.180759 -0.983527 0.983527 -0.180759     39.133490 39.133490 4.275471
475.192627 299.784851     38.281250 6.062500 55.343750     -0.180759 -0.983527 0.983527 -0.180759     39.133490 39.133490 4.990654
479.971100 264.385284     2854.484375 -371.718750 667.296875     -0.999997 0.002532 -0.002532 -0.999997     50.073311 50.073311 5.000366
498.144928 310.927551     73.343750 -57.687500 177.296875     0.166898 -0.985974 0.985974 0.166898     15.323331 15.323331 4.733019
531.965210 132.175262     30.316406 -5.835938 19.812500     -0.749082 -0.662478 0.662478 -0.749082     38.526257 38.526257 5.482465
562.181458 85.973335     17403.257812 1770.603516 1490.529297     -0.957637 0.287979 -0.287979 -0.957637     45.503915 45.503915 1.609420
562.181458 85.973335     60.437500 -5.195312 15.113281     -0.957637 0.287979 -0.287979 -0.957637     45.503915 45.503915 4.984421
490.869232 73.584618     47.980469 5.195312 54.734375     0.258345 -0.966053 0.966053 0.258345     24.411421 24.411421 1.341031
409.760590 128.673721     27.250000 -27.575195 60.855362     -0.920647 0.390396 -0.390396 -0.920647     35.185952 35.185952 0.598569
181.930908 464.392731     105.718750 -92.859375 142.656250     -0.092489 -0.995714 0.995714 -0.092489     14.075897 14.075897 0.371936
477.283752 133.991730     295.437500 74.265625 135.421875     0.480409 -0.877045 0.877045 0.480409     31.543496 31.543496 4.395736
562.225037 87.703568     24.312500 -6.890625 67.328125     -0.945987 0.324204 -0.324204 -0.945987     54.700045 54.700045 1.746435
562.225037 87.703568     55.937500 22.812500 82.984375     -0.945987 0.324204 -0.324204 -0.945987     54.700045 54.700045 4.856637
441.378265 107.930435     54.156250 8.390625 19.259766     0.143930 -0.989588 0.989588 0.143930     21.990056 21.990056 2.049783
441.378265 107.930435     211.687500 -73.593750 183.484375     0.143930 -0.989588 0.989588 0.143930     21.990056 21.990056 4.360995
531.560242 130.812332     134.683594 -18.851562 110.703125     -0.944853 -0.327494 0.327494 -0.944853     41.929486 41.929486 5.774052
392.310455 266.454071     53.015625 -8.082031 80.164093     -0.999619 0.027594 -0.027594 -0.999619     178.553712 178.553712 3.239247
392.310455 266.454071     664.156250 196.625000 397.789062     -0.999619 0.027594 -0.027594 -0.999619     178.553712 178.553712 6.300080
411.718140 128.859879     3224.453125 -425.812500 684.640625     -0.994368 0.105981 -0.105981 -0.994368     36.443194 36.443194 0.275614
446.604309 403.321198     62.078125 -15.031250 82.416656     -0.120087 -0.992763 0.992763 -0.120087     37.111947 37.111947 1.583224
182.634567 463.178467     755.250000 280.750000 489.773438     -0.045351 -0.998971 0.998971 -0.045351     15.570200 15.570200 0.173201
583.952576 122.620552     28.718750 -5.421875 29.453125     -0.952740 -0.303788 0.303788 -0.952740     19.915072 19.915072 0.417525
583.952576 122.620552     227.437500 -69.812500 193.578125     -0.952740 -0.303788 0.303788 -0.952740     19.915072 19.915072 1.676346
489.641907 86.495499     38.125000 5.671875 78.015625     -0.131923 -0.991260 0.991260 -0.131923     37.483901 37.483901 1.594065
489.641907 86.495499     18902.437500 1938.091797 1551.819336     -0.131923 -0.991260 0.991260 -0.131923     37.483901 37.483901 4.879570
552.117371 104.490959     836.250854 -191.795288 849.056641     -0.723136 0.690706 -0.690706 -0.723136     74.897138 74.897138 1.072929
439.841858 97.558487     34.871094 -2.382812 26.906250     0.156140 -0.987735 0.987735 0.156140     35.471810 35.471810 4.664953
442.101074 58.873646     581.093750 171.296875 1965.203125     0.547840 -0.836583 0.836583 0.547840     25.161899 25.161899 0.835990
448.408447 406.383789     3881.390625 -185.164062 1676.875000     -0.211413 -0.977397 0.977397 -0.211413     38.363507 38.363507 1.651705
197.323532 455.848724     48.906250 5.421875 41.734375     0.072886 -0.997340 0.997340 0.072886     16.123611 16.123611 4.509728
182.903076 460.982391     32.875000 10.687500 59.656250     -0.011183 -0.999937 0.999937 -0.011183     15.717537 15.717537 6.318152
584.713440 122.088417     52.109375 -3.933594 26.601562     -0.901132 -0.433544 0.433544 -0.901132     25.800697 25.800697 1.886630
584.713440 122.088417     3753.281250 -387.250000 707.656250     -0.901132 -0.433544 0.433544 -0.901132     25.800697 25.800697 3.045933
399.241699 266.368530     21.687500 -0.812500 67.062500     -0.999891 0.014747 -0.014747 -0.999891     180.843358 180.843358 3.224370
399.241699 266.368530     139.058594 -19.320312 15.390625     -0.999891 0.014747 -0.014747 -0.999891     180.843358 180.843358 6.290937
198.268372 454.961670     54.273438 -1.660156 32.257812     -0.057888 -0.998323 0.998323 -0.057888     19.825218 19.825218 4.589580
588.674255 121.878098     17.839844 -0.405762 20.732422     -0.845751 0.533577 -0.533577 -0.845751     30.486096 30.486096 5.162147
448.665161 33.719456     112.644531 -2.800781 45.640625     -0.046301 -0.998928 0.998928 -0.046301     21.402598 21.402598 0.765233
448.665161 33.719456     111.906250 -61.234375 49.152344     -0.046301 -0.998928 0.998928 -0.046301     21.402598 21.402598 2.789088
526.760010 237.476929     18.176514 -0.046387 21.750977     0.540356 -0.841437 0.841437 0.540356     23.117698 23.117698 1.405349
182.693878 458.259735     24218.578125 9476.656250 22462.156250     -0.033187 -0.999449 0.999449 -0.033187     16.116451 16.116451 1.639489
182.693878 458.259735     113.859375 23.105469 902.089844     -0.033187 -0.999449 0.999449 -0.033187     16.116451 16.116451 6.400260
199.724380 453.943054     131.593750 -20.796875 14.250000     -0.239204 -0.970969 0.970969 -0.239204     23.681520 23.681520 1.978428
199.724380 453.943054     99.039062 -9.570312 16.351562     -0.239204 -0.970969 0.970969 -0.239204     23.681520 23.681520 4.714776
228.542984 353.868774     131.953125 35.914062 870.824219     -0.983381 0.181551 -0.181551 -0.983381     17.159228 17.159228 6.306259
407.858124 265.911407     141.226562 -19.546875 15.515625     -0.999305 0.037285 -0.037285 -0.999305     181.166591 181.166591 3.302739
407.858124 265.911407     172.500488 17.133789 26.574219     -0.999305 0.037285 -0.037285 -0.999305     181.166591 181.166591 6.338608
603.017883 414.281250     52.722656 92.414062 196.531250     -0.015446 -0.999881 0.999881 -0.015446     19.546415 19.546415 2.246629
603.017883 414.281250     1588.997559 -121.609375 8492.625000     -0.015446 -0.999881 0.999881 -0.015446     19.546415 19.546415 2.542609
586.611389 385.445496     86.757812 149.140625 288.464844     -0.548209 -0.836342 0.836342 -0.548209     19.805336 19.805336 0.665201
586.611389 385.445496     129.472656 215.800781 415.076172     -0.548209 -0.836342 0.836342 -0.548209     19.805336 19.805336 2.161688
198.701752 286.421051     119.406250 -71.433594 125.101562     -0.913493 0.406855 -0.406855 -0.913493     18.669992 18.669992 1.237393
530.404663 204.544189     13.830444 -2.024414 36.767578     -0.993658 0.112440 -0.112440 -0.993658     17.150486 17.150486 3.488480
569.088013 282.281677     44.951469 -9.237305 48.746094     0.634402 -0.773003 0.773003 0.634402     24.445116 24.445116 1.622570
602.929199 414.743378     99.339844 -15.359375 18.375000     0.154403 -0.988008 0.988008 0.154403     21.691520 21.691520 2.294588
602.929199 414.743378     37.648438 -133.773438 486.890625     0.154403 -0.988008 0.988008 0.154403     21.691520 21.691520 2.960496
589.133545 383.779297     138.175781 -22.570312 15.468750     -0.495005 -0.868890 0.868890 -0.495005     29.488310 29.488310 0.589520
589.133545 383.779297     175.976562 -29.015625 121.406250     -0.495005 -0.868890 0.868890 -0.495005     29.488310 29.488310 1.094567
608.072815 163.553391     36.742188 -129.750000 474.656250     -0.974990 -0.222249 0.222249 -0.974990     18.742447 18.742447 0.722732
602.022034 415.735291     33.476562 1.289062 48.562500     0.264961 -0.964259 0.964259 0.264961     23.606015 23.606015 1.874994
602.022034 415.735291     596.726562 2.828125 23.289062     0.264961 -0.964259 0.964259 0.264961     23.606015 23.606015 4.665578
550.089539 430.542297     141.750000 -19.664062 16.484375     -0.359387 -0.933189 0.933189 -0.359387     17.603145 17.603145 0.698371
550.089539 430.542297     34.617188 -1.062500 49.671875     -0.359387 -0.933189 0.933189 -0.359387     17.603145 17.603145 1.276597
596.932495 353.276062     132.765625 -20.523438 16.296875     -0.524872 -0.851181 0.851181 -0.524872     19.078109 19.078109 0.173284
596.932495 353.276062     45.716797 114.144531 400.085938     -0.524872 -0.851181 0.851181 -0.524872     19.078109 19.078109 0.986061
585.424927 387.630035     670.183594 530.941406 1063.992188     0.078625 -0.996904 0.996904 0.078625     51.374762 51.374762 0.538649
585.424927 387.630035     131.816406 -21.742188 18.125000     0.078625 -0.996904 0.996904 0.078625     51.374762 51.374762 1.857396
518.579651 429.305298     53.269531 93.867188 210.093750     0.682800 -0.730605 0.730605 0.682800     21.884830 21.884830 1.076655
553.504272 428.117493     46.390625 -3.750000 14.570312     -0.138086 -0.990420 0.990420 -0.138086     27.495780 27.495780 1.555816
553.504272 428.117493     75.152344 142.453125 291.156250     -0.138086 -0.990420 0.990420 -0.138086     27.495780 27.495780 2.114053
233.057144 334.119049     53.890625 -4.304688 15.919922     -0.990919 0.134461 -0.134461 -0.990919     17.582895 17.582895 1.019076
233.057144 334.119049     170.226562 6.625000 6.031250     -0.990919 0.134461 -0.134461 -0.990919     17.582895 17.582895 4.611232
200.221329 286.189331     652.847656 41.291016 6.718750     -0.963879 0.266342 -0.266342 -0.963879     23.054683 23.054683 0.791402
419.415405 264.839233     103.843750 8.367188 31.382812     -0.996540 0.083120 -0.083120 -0.996540     183.422931 183.422931 3.396826
519.037415 430.951874     61.515625 -5.417969 18.396484     0.421109 -0.907010 0.907010 0.421109     25.621125 25.621125 1.466472
519.037415 430.951874     149.890625 -33.562500 66.843750     0.421109 -0.907010 0.907010 0.421109     25.621125 25.621125 4.761974
551.475708 423.236176     834.232422 46.359375 7.628906     -0.281384 -0.959595 0.959595 -0.281384     31.243931 31.243931 2.032153
551.475708 423.236176     12.492188 -24.976562 87.023438     -0.281384 -0.959595 0.959595 -0.281384     31.243931 31.243931 4.707622
556.670593 345.929413     52.273438 -3.125000 116.421875     -0.330469 -0.943817 0.943817 -0.330469     24.288691 24.288691 1.776909
556.670593 345.929413     291.191406 -6.308594 7.718750     -0.330469 -0.943817 0.943817 -0.330469     24.288691 24.288691 4.218301
201.988480 286.029968     35.929688 -45.945312 127.390625     -0.988833 0.149026 -0.149026 -0.988833     22.949442 22.949442 0.907688
201.988480 286.029968     146.191406 -34.656250 94.750000     -0.988833 0.149026 -0.149026 -0.988833     22.949442 22.949442 1.525334
535.135559 446.080597     292.898438 -70.828125 25.835938     0.017898 -0.999840 0.999840 0.017898     20.949400 20.949400 1.568461
535.135559 446.080597     59.781250 1.781250 6.718750     0.017898 -0.999840 0.999840 0.017898     20.949400 20.949400 3.433085
224.700974 374.941162     413.843750 -182.820312 163.937500     -0.988558 0.150844 -0.150844 -0.988558     15.873295 15.873295 1.688067
224.700974 374.941162     1565.318359 -213.330078 108.294922     -0.988558 0.150844 -0.150844 -0.988558     15.873295 15.873295 4.836685
202.489716 285.773651     1897.089844 -224.117188 44.609375     -0.997200 0.074774 -0.074774 -0.997200     25.508820 25.508820 0.705986
202.489716 285.773651     4213.289062 459.984375 1457.796875     -0.997200 0.074774 -0.074774 -0.997200     25.508820 25.508820 1.419210
61.108910 107.861389     78.796875 -9.222656 26.650391     0.136335 -0.990663 0.990663 0.136335     18.976988 18.976988 4.586577
61.108910 107.861389     92.337646 0.979492 125.871094     0.136335 -0.990663 0.990663 0.136335     18.976988 18.976988 6.230452
206.346024 218.306290     301.394531 170.613281 188.914062     -0.999131 0.041691 -0.041691 -0.999131     30.362082 30.362082 6.360389
606.722839 203.003738     199.289062 18.203125 485.089844     -0.853237 0.521524 -0.521524 -0.853237     15.408181 15.408181 0.784949
606.722839 203.003738     89.187500 -11.503906 29.603516     -0.853237 0.521524 -0.521524 -0.853237     15.408181 15.408181 1.733466
200.613770 247.284409     4320.640625 165.671875 94.408203     -0.003400 -0.999994 0.999994 -0.003400     45.826126 45.826126 4.695129
228.967606 353.651825     596.541016 9.734375 848.373047     -0.982278 0.187430 -0.187430 -0.982278     17.379280 17.379280 6.298445
61.097343 107.933632     100.945312 -11.027344 35.873047     0.012974 -0.999916 0.999916 0.012974     19.184948 19.184948 4.726056
61.097343 107.933632     54.662109 8.166748 9.464294     0.012974 -0.999916 0.999916 0.012974     19.184948 19.184948 6.373350
199.756012 247.502304     8116.421875 2593.406250 7573.289062     -0.029275 -0.999571 0.999571 -0.029275     47.874303 47.874303 4.701781
220.794998 395.420013     211.119141 -50.171875 82.031250     -0.985530 0.169499 -0.169499 -0.985530     14.701431 14.701431 4.843744
232.798279 334.055786     384.062500 -42.402344 40.621094     -0.993539 0.113492 -0.113492 -0.993539     17.577867 17.577867 1.467064
232.798279 334.055786     6528.187500 -365.679688 238.123047     -0.993539 0.113492 -0.113492 -0.993539     17.577867 17.577867 4.600139
198.120224 247.401184     15.572998 11.831055 90.781250     -0.048435 -0.998826 0.998826 -0.048435     51.349627 51.349627 4.713402
224.564438 374.973328     8000.835938 2562.179688 7654.882812     -0.988659 0.150180 -0.150180 -0.988659     15.939404 15.939404 1.675953
224.564438 374.973328     399.469238 -161.562012 318.496094     -0.988659 0.150180 -0.150180 -0.988659     15.939404 15.939404 4.829752
72.242836 107.782463     76.616699 11.449707 11.478485     -0.993357 -0.115069 0.115069 -0.993357     22.314495 22.314495 4.681066
247.570953 172.010132     242.952148 -51.062500 82.843750     -0.439271 -0.898355 0.898355 -0.439271     12.352265 12.352265 4.811134
250.512955 176.927460     9753.046875 4449.226562 9242.921875     -0.468949 -0.883225 0.883225 -0.468949     12.382321 12.382321 4.795286
249.916061 175.522430     117.751953 -21.486328 11.718750     -0.473367 -0.880865 0.880865 -0.473367     16.536278 16.536278 4.815399
308.342529 165.505524     19.109863 13.708008 120.000000     -0.846891 0.531766 -0.531766 -0.846891     14.509478 14.509478 1.112217
197.531433 247.274612     136.185059 -23.558594 12.609375     -0.056635 -0.998395 0.998395 -0.056635     52.982246 52.982246 4.719531
249.524200 174.837067     19.950928 -13.366211 292.195312     -0.496008 -0.868318 0.868318 -0.496008     17.936600 17.936600 4.818371
307.983765 167.458481     8016.468750 -164.476562 319.291016     -0.796401 0.604769 -0.604769 -0.796401     27.368770 27.368770 1.003357
220.386368 395.463623     269.537109 -70.628906 108.687500     -0.985742 0.168266 -0.168266 -0.985742     14.829569 14.829569 4.838522
229.018250 353.507294     155.515137 -17.843750 13.453125     -0.983887 0.178791 -0.178791 -0.983887     17.496842 17.496842 6.313356
305.576569 171.031326     19.701172 -7.496094 372.875000     0.692881 -0.721052 0.721052 0.692881     32.061853 32.061853 4.240913
232.752899 334.139008     79.769531 10.542847 16.793304     -0.992253 0.124233 -0.124233 -0.992253     17.709611 17.709611 1.042523
232.752899 334.139008     187.280273 -15.986328 13.296875     -0.992253 0.124233 -0.124233 -0.992253     17.709611 17.709611 1.388206
252.142334 179.878708     9955.546875 4388.890625 9466.820312     -0.445283 -0.895390 0.895390 -0.445283     30.486238 30.486238 4.886126
224.173386 375.149200     15657.289062 -618.171875 10649.023438     -0.987112 0.160029 -0.160029 -0.987112     15.970828 15.970828 4.810674
203.760666 233.772629     38.957275 -6.441406 346.968750     0.178061 -0.984019 0.984019 0.178061     71.127134 71.127134 4.647088
228.761597 353.668884     15660.609375 -470.414062 10776.960938     -0.983607 0.180323 -0.180323 -0.983607     17.750313 17.750313 6.292982
283.046295 360.833344     82.976562 9.203369 24.450775     0.265354 -0.964151 0.964151 0.265354     4.102812 4.102812 4.722037
219.895996 395.696014     239.136230 -10.472656 17.312500     -0.984507 0.175343 -0.175343 -0.984507     15.226321 15.226321 4.818692
282.921173 361.497925     316.541748 -57.253906 146.968750     0.264296 -0.964442 0.964442 0.264296     4.899585 4.899585 4.718284
285.726196 363.708344     57.587402 26.503906 508.656250     0.237191 -0.971463 0.971463 0.237191     28.512548 28.512548 4.715130
285.726196 363.708344     289.234375 -17.955078 20.453125     0.237191 -0.971463 0.971463 0.237191     28.512548 28.512548 6.395753
232.878891 334.217987     49.562500 -2.503418 22.143005     -0.992236 0.124372 -0.124372 -0.992236     18.183594 18.183594 1.006829
232.878891 334.217987     102.062500 22.578125 18.949219     -0.992236 0.124372 -0.124372 -0.992236     18.183594 18.183594 3.956322
263.488251 319.450714     29.062500 6.281250 31.320312     -0.995607 0.093629 -0.093629 -0.995607     3.719112 3.719112 1.576664
286.253143 364.147858     27.906250 2.937500 59.574219     0.232309 -0.972642 0.972642 0.232309     31.198120 31.198120 4.730699
286.253143 364.147858     123.553711 88.428467 213.803223     0.232309 -0.972642 0.972642 0.232309     31.198120 31.198120 6.404806
311.084686 343.052429     53.750000 -22.975586 93.151489     0.309993 -0.950739 0.950739 0.309993     12.837762 12.837762 0.159499
284.844452 403.875549     17332.128906 -289.101562 11667.257812     -0.084529 -0.996421 0.996421 -0.084529     25.993960 25.993960 0.838236
219.169724 312.266052     204.294312 20.993759 5.937065     -0.999988 -0.004932 0.004932 -0.999988     21.709930 21.709930 4.680786
224.505295 375.247345     122.152344 81.400391 214.900879     -0.988454 0.151520 -0.151520 -0.988454     16.515715 16.515715 4.836548
284.525177 403.312958     168.187500 -92.406250 88.574219     0.070055 -0.997543 0.997543 0.070055     26.447817 26.447817 0.706328
191.474609 286.215881     56.375000 -20.729492 92.271790     -0.700906 -0.713254 0.713254 -0.700906     66.324764 66.324764 4.067906
277.099457 347.278503     49.718750 -0.218750 19.000000     -0.462332 -0.886707 0.886707 -0.462332     75.617808 75.617808 1.253215
219.710342 395.989655     68.009277 33.861328 509.109375     -0.985683 0.168609 -0.168609 -0.985683     16.090995 16.090995 4.831965
160.874481 279.970703     140.000000 -104.796875 243.417969     -0.282259 -0.959338 0.959338 -0.282259     15.674542 15.674542 3.122350
177.488251 274.487305     41.406250 17.859375 30.015625     -0.571088 -0.820889 0.820889 -0.571088     78.047503 78.047503 3.777200
219.759033 396.147583     40.187500 -18.203125 73.890625     -0.983365 0.181641 -0.181641 -0.983365     16.902829 16.902829 4.831427
285.371490 402.899536     126.237305 60.223877 250.081116     0.237260 -0.971446 0.971446 0.237260     26.152419 26.152419 0.549735
256.759766 435.474854     86.625000 -17.593750 30.828125     -0.376427 -0.926446 0.926446 -0.376427     13.949546 13.949546 1.630239
166.705307 331.589386     101.312500 -31.545898 84.182312     -0.969799 0.243905 -0.243905 -0.969799     10.232291 10.232291 5.031916
372.582306 366.152344     208.885742 20.721359 6.655674     -0.992374 0.123261 -0.123261 -0.992374     11.136972 11.136972 0.642713
372.582306 366.152344     36.562500 -21.937500 132.500000     -0.992374 0.123261 -0.123261 -0.992374     11.136972 11.136972 1.450322
226.879593 443.832764     122.437500 -24.639648 80.761688     -0.423617 -0.905842 0.905842 -0.423617     13.776597 13.776597 1.631069
240.343277 455.994019     433.437500 -78.281250 383.042969     -0.451756 -0.892142 0.892142 -0.451756     8.058709 8.058709 1.611355
265.622131 162.801529     99.843750 -20.687500 42.000000     -0.993310 0.115479 -0.115479 -0.993310     16.918056 16.918056 2.418382
265.622131 162.801529     27.500000 7.128906 26.059570     -0.993310 0.115479 -0.115479 -0.993310     16.918056 16.918056 4.459527
240.016281 453.932556     75.000000 24.914062 126.002441     -0.444886 -0.895587 0.895587 -0.444886     9.426622 9.426622 1.616213
150.182083 129.430634     308.798584 -20.160156 22.578125     -0.998791 -0.049162 0.049162 -0.998791     6.636666 6.636666 1.564093
240.148651 452.855225     179.343750 -57.676758 95.071808     -0.442890 -0.896576 0.896576 -0.442890     10.864492 10.864492 1.622870
265.834473 162.562073     21.562500 -6.765625 34.421875     -0.993792 0.111253 -0.111253 -0.993792     17.681061 17.681061 2.400893
265.834473 162.562073     131.115234 54.431396 270.600464     -0.993792 0.111253 -0.111253 -0.993792     17.681061 17.681061 4.463243
241.088959 452.071747     235.125000 -34.548828 98.783859     -0.448373 -0.893847 0.893847 -0.448373     14.355982 14.355982 1.643087
122.414635 375.551208     38.531250 -26.359375 291.343750     -0.997969 0.063694 -0.063694 -0.997969     11.661547 11.661547 4.810403
553.770508 180.060379     31.875000 -1.082031 31.781250     -0.976304 -0.216404 0.216404 -0.976304     18.409477 18.409477 2.336458
136.428574 423.357147     22447.296875 -116.359375 12120.289062     -0.981505 -0.191435 0.191435 -0.981505     8.762776 8.762776 4.339644
153.424286 130.370667     89.531250 -20.890625 67.250000     -0.997981 -0.063518 0.063518 -0.997981     9.101496 9.101496 1.576641
153.424286 130.370667     44.500000 -15.296875 308.765625     -0.997981 -0.063518 0.063518 -0.997981     9.101496 9.101496 6.349978
241.623062 451.880829     141.968750 5.750000 116.890625     -0.455458 -0.890257 0.890257 -0.455458     16.182808 16.182808 1.651699
552.256470 181.199310     36.218750 7.671875 23.195312     -0.993568 -0.113239 0.113239 -0.993568     24.823196 24.823196 2.499486
552.256470 181.199310     91.265625 15.546875 41.671875     -0.993568 -0.113239 0.113239 -0.993568     24.823196 24.823196 3.047201
118.007660 379.566620     70.468750 38.207031 458.056641     -0.975801 0.218660 -0.218660 -0.975801     32.978365 32.978365 5.191900
266.253784 162.262833     405.562500 -62.786133 110.769928     -0.992433 0.122791 -0.122791 -0.992433     18.946086 18.946086 2.402986
266.253784 162.262833     215.453491 20.364655 7.240635     -0.992433 0.122791 -0.122791 -0.992433     18.946086 18.946086 4.493955
186.410583 419.600006     28.250000 1.406250 31.203125     -0.995752 0.092071 -0.092071 -0.995752     15.089416 15.089416 4.633972
276.838501 430.388184     69.437500 3.906250 21.375000     0.669551 -0.742766 0.742766 0.669551     19.113463 19.113463 6.141214
149.641190 130.497406     10.093750 2.218750 68.085938     -0.998441 -0.055822 0.055822 -0.998441     10.099474 10.099474 1.563133
149.641190 130.497406     46.593750 1.812500 23.968750     -0.998441 -0.055822 0.055822 -0.998441     10.099474 10.099474 6.421962
296.864746 331.774597     192.968750 -33.078125 144.812500     0.290963 -0.956734 0.956734 0.290963     9.957411 9.957411 1.528943
296.864746 331.774597     90.000000 58.250488 96.666061     0.290963 -0.956734 0.956734 0.290963     9.957411 9.957411 3.102932
50.222221 157.288895     431.937500 -95.114258 134.490936     -0.862940 0.505306 -0.505306 -0.862940     20.333069 20.333069 2.148123
531.413940 181.201126     33.187500 -1.500000 47.953125     -0.997535 -0.070170 0.070170 -0.997535     36.049342 36.049342 3.129680
275.054535 431.254547     79.820801 16.200195 526.828125     0.048543 -0.998821 0.998821 0.048543     32.487869 32.487869 0.796279
187.632812 320.917969     166.078125 33.953125 64.296875     -0.999753 0.022238 -0.022238 -0.999753     12.388022 12.388022 4.706846
302.516449 407.717102     104.531250 105.207031 572.902832     0.383766 -0.923430 0.923430 0.383766     18.463940 18.463940 0.693552
209.883621 299.366394     58.625000 -13.730469 138.857483     -0.999977 0.006744 -0.006744 -0.999977     15.432883 15.432883 0.792878
209.883621 299.366394     34.062500 -4.812500 61.703125     -0.999977 0.006744 -0.006744 -0.999977     15.432883 15.432883 5.477488
266.596436 161.281723     17.500000 -4.203125 27.132812     -0.992119 0.125296 -0.125296 -0.992119     21.323378 21.323378 2.436163
266.596436 161.281723     26.968750 10.890625 33.703125     -0.992119 0.125296 -0.125296 -0.992119     21.323378 21.323378 4.480666
45.672241 159.266449     235.687500 -39.497070 160.455841     -0.105952 -0.994371 0.994371 -0.105952     37.392092 37.392092 1.686263
263.007294 311.164246     36.968750 -1.546875 71.554688     -0.970417 0.241435 -0.241435 -0.970417     12.897211 12.897211 1.496730
478.450714 370.389679     171.140625 36.625000 64.031250     -0.999438 -0.033512 0.033512 -0.999438     11.612287 11.612287 2.642081
348.002075 368.188538     453.562500 -100.602539 153.212708     -0.884384 0.466760 -0.466760 -0.884384     36.957206 36.957206 0.860731
136.082458 134.369675     110.359375 16.227051 45.841125     -0.989874 0.141952 -0.141952 -0.989874     39.667068 39.667068 0.764104
136.082458 134.369675     23.937500 -18.531250 53.300781     -0.989874 0.141952 -0.141952 -0.989874     39.667068 39.667068 4.684209
298.674255 331.583344     12.906250 -10.000000 80.351562     0.231182 -0.972911 0.972911 0.231182     15.632590 15.632590 1.424852
298.674255 331.583344     110.562500 146.449219 939.079102     0.231182 -0.972911 0.972911 0.231182     15.632590 15.632590 3.411310
524.018188 181.298416     66.312500 9.515625 32.804688     -0.999937 -0.011237 0.011237 -0.999937     37.473428 37.473428 3.275961
223.208191 316.588318     74.890625 14.277344 11.968628     -0.992963 0.118422 -0.118422 -0.992963     19.028581 19.028581 1.539256
223.208191 316.588318     207.843750 -237.484375 1037.031250     -0.992963 0.118422 -0.118422 -0.992963     19.028581 19.028581 4.809399
267.315094 160.361053     1407.531250 -112.867188 163.919983     -0.985586 0.169175 -0.169175 -0.985586     22.530276 22.530276 4.506735
43.639286 158.237503     139.609375 50.847168 77.574829     -0.029172 -0.999574 0.999574 -0.029172     43.234922 43.234922 1.630463
461.812439 367.710388     43.953125 -15.283203 36.709717     -0.999789 0.020562 -0.020562 -0.999789     26.327880 26.327880 2.706350
136.124146 135.037415     15.414062 -5.212646 29.348724     -0.987893 0.155138 -0.155138 -0.987893     41.567364 41.567364 0.770689
136.124146 135.037415     63.593750 10.500000 37.453125     -0.987893 0.155138 -0.155138 -0.987893     41.567364 41.567364 4.688909
206.537338 293.714020     23.250000 -21.640625 105.656250     -0.810267 -0.586061 0.586061 -0.810267     36.422380 36.422380 1.012574
206.537338 293.714020     32.218750 7.828125 24.343750     -0.810267 -0.586061 0.586061 -0.810267     36.422380 36.422380 5.025899
144.372482 172.612885     32.625000 -15.160156 52.469727     -0.063308 -0.997994 0.997994 -0.063308     63.342090 63.342090 2.816670
144.372482 172.612885     19.601562 -6.742188 29.378448     -0.063308 -0.997994 0.997994 -0.063308     63.342090 63.342090 4.807063
267.864075 159.512619     242.609375 133.276367 324.306519     -0.983074 0.183210 -0.183210 -0.983074     23.580856 23.580856 4.519322
209.862106 287.127502     34.687500 3.984375 15.984375     -0.691931 -0.721963 0.721963 -0.691931     59.683914 59.683914 4.055884
460.864227 177.192078     2058.281250 877.064453 1484.176514     -0.999235 -0.039111 0.039111 -0.999235     42.195431 42.195431 3.200690
143.974548 164.427094     11.351562 -37.942383 278.826416     -0.038568 -0.999256 0.999256 -0.038568     109.874234 109.874234 2.850639
220.779587 289.521423     4015.593750 1123.109375 1357.518311     -0.834771 -0.550598 0.550598 -0.834771     72.878980 72.878980 4.181251
268.059113 158.351395     38.656250 17.828125 53.437500     -0.986682 0.162662 -0.162662 -0.986682     26.260540 26.260540 4.519057
92.469482 20.845070     31200.804688 3179.398438 12757.296875     -0.985006 -0.172520 0.172520 -0.985006     12.754877 12.754877 4.709320
442.279083 178.165039     70.734375 1.921875 27.921875     -0.999713 0.023949 -0.023949 -0.999713     57.367096 57.367096 3.587595
65.373680 411.813507     33888.578125 -676.093750 15859.156250     -0.945919 0.324404 -0.324404 -0.945919     36.231214 36.231214 3.589772
275.449585 156.251450     53.820312 8.940430 795.323608     -0.992683 0.120746 -0.120746 -0.992683     26.798029 26.798029 4.598817
435.802399 179.283890     65.437500 -55.273438 208.814453     -0.998326 0.057844 -0.057844 -0.998326     66.279246 66.279246 3.697507
56.439026 256.117065     100.406250 -15.898438 36.000000     -0.151819 -0.988408 0.988408 -0.151819     16.689940 16.689940 3.128899
56.439026 256.117065     66.265625 -0.224609 55.699829     -0.151819 -0.988408 0.988408 -0.151819     16.689940 16.689940 3.477405
90.363914 20.529053     77.125000 -34.476562 50.141602     -0.985749 -0.168224 0.168224 -0.985749     13.887819 13.887819 4.717767
65.473480 411.815979     223.896484 20.862686 8.243065     -0.959972 0.280095 -0.280095 -0.959972     37.092953 37.092953 3.520713
56.725662 256.486725     26.203125 -9.910156 31.489258     -0.167312 -0.985904 0.985904 -0.167312     17.416117 17.416117 3.163811
56.725662 256.486725     20.031250 -4.578125 63.437500     -0.167312 -0.985904 0.985904 -0.167312     17.416117 17.416117 3.475504
422.416260 177.507736     22.750000 22.765625 49.250000     -0.999862 0.016604 -0.016604 -0.999862     75.539204 75.539204 0.515261
422.416260 177.507736     78.203125 -60.453125 79.835938     -0.999862 0.016604 -0.016604 -0.999862     75.539204 75.539204 1.977011
74.502396 374.660278     24.812500 8.519531 25.614258     -0.981525 0.191336 -0.191336 -0.981525     12.348595 12.348595 1.568452
74.502396 374.660278     269.812500 -213.687500 216.928711     -0.981525 0.191336 -0.191336 -0.981525     12.348595 12.348595 4.934378
57.211269 258.380280     96.828125 2.343750 62.539062     -0.132278 -0.991213 0.991213 -0.132278     18.706429 18.706429 3.053853
57.211269 258.380280     20.593750 1.359375 119.203125     -0.132278 -0.991213 0.991213 -0.132278     18.706429 18.706429 3.350782
73.232475 374.638367     24.828125 17.843750 50.343750     -0.983460 0.181128 -0.181128 -0.983460     12.941302 12.941302 1.562198
73.232475 374.638367     32.953125 -11.488281 77.955078     -0.983460 0.181128 -0.181128 -0.983460     12.941302 12.941302 4.929162
56.524887 266.669678     96.671875 -19.210938 114.226562     0.048920 -0.998803 0.998803 0.048920     19.767384 19.767384 1.506190
56.524887 266.669678     29.296875 5.281250 111.812500     0.048920 -0.998803 0.998803 0.048920     19.767384 19.767384 2.832326
424.011963 175.928238     17.937500 -12.976562 58.433594     -0.999772 0.021354 -0.021354 -0.999772     79.965648 79.965648 0.559112
424.011963 175.928238     27.949219 -17.602173 36.447121     -0.999772 0.021354 -0.021354 -0.999772     79.965648 79.965648 3.526459
65.725197 410.260864     98.812500 25.804688 22.804688     -0.935784 0.352573 -0.352573 -0.935784     40.768320 40.768320 3.663305
73.095238 374.940491     28.406250 -6.058838 19.173450     -0.992438 0.122749 -0.122749 -0.992438     15.090870 15.090870 1.543312
73.095238 374.940491     68.671875 -19.867188 68.316406     -0.992438 0.122749 -0.122749 -0.992438     15.090870 15.090870 4.921660
57.032669 270.435577     33.781250 11.382812 41.359375     0.021211 -0.999775 0.999775 0.021211     19.892921 19.892921 1.498719
90.091789 19.690821     39.625000 2.000000 103.218750     -0.986980 -0.160842 0.160842 -0.986980     17.472058 17.472058 4.710337
71.523079 375.087189     6.757812 7.481445 78.551270     -0.995874 0.090745 -0.090745 -0.995874     15.484303 15.484303 4.903724
57.779457 271.297577     42.597656 -32.349854 64.927948     0.027328 -0.999627 0.999627 0.027328     22.652699 22.652699 1.497785
70.477875 375.427002     167.640625 -25.718750 75.082031     -0.996500 0.083594 -0.083594 -0.996500     16.198677 16.198677 4.908107
58.800243 271.976715     38.656250 0.156250 21.175781     0.033271 -0.999446 0.999446 0.033271     26.189950 26.189950 1.479364
59.494858 272.946503     54.964844 41.630859 113.293457     0.032274 -0.999479 0.999479 0.032274     27.304428 27.304428 1.488905
90.103668 19.101511     120.156250 -16.703125 103.890625     -0.986702 -0.162541 0.162541 -0.986702     19.076024 19.076024 4.706446
65.057793 408.215546     17.671875 -12.437500 169.937500     -0.928801 0.370578 -0.370578 -0.928801     47.369629 47.369629 3.616908
69.021278 375.159576     14.660156 14.793945 118.835449     -0.998106 0.061521 -0.061521 -0.998106     17.905328 17.905328 4.900601
60.135746 273.907684     40.218750 -43.460938 145.679688     0.020899 -0.999782 0.999782 0.020899     28.038512 28.038512 1.496347
61.051079 275.007996     22.890625 -9.375000 52.906250     -0.018122 -0.999836 0.999836 -0.018122     30.274884 30.274884 1.476403
67.948029 375.012604     57.328125 -17.953125 156.085938     -0.998892 0.047055 -0.047055 -0.998892     18.455030 18.455030 4.906144
62.108871 275.870972     74.242188 -64.515625 125.843750     -0.052685 -0.998611 0.998611 -0.052685     32.755951 32.755951 1.482899
65.248024 90.390205     32.000000 -8.914062 42.500000     -0.842431 0.538804 -0.538804 -0.842431     31.479131 31.479131 0.982254
65.248024 90.390205     20.601562 -31.687500 269.953125     -0.842431 0.538804 -0.538804 -0.842431     31.479131 31.479131 5.110606
63.757412 407.358246     88.915039 -2.969727 616.445312     -0.956228 0.292622 -0.292622 -0.956228     51.198860 51.198860 3.473248
67.483147 374.742981     138.351562 -68.875000 115.812500     -0.998971 0.045352 -0.045352 -0.998971     19.607277 19.607277 4.907591
67.483147 374.742981     139.671875 83.482422 236.425293     -0.998971 0.045352 -0.045352 -0.998971     19.607277 19.607277 6.179660
61.999428 272.934204     51.682281 43.117676 152.640625     -0.058456 -0.998290 0.998290 -0.058456     33.685566 33.685566 1.504368
65.573792 374.791351     232.178711 21.241974 9.371437     -0.997796 0.066360 -0.066360 -0.997796     19.748284 19.748284 4.917395
65.573792 374.791351     73.658112 62.047852 198.453125     -0.997796 0.066360 -0.066360 -0.997796     19.748284 19.748284 6.273475
610.274353 237.809738     29.497192 4.145508 31.765625     -0.969197 -0.246286 0.246286 -0.969197     16.356631 16.356631 1.494125
610.274353 237.809738     193.024231 152.276855 770.078125     -0.969197 -0.246286 0.246286 -0.969197     16.356631 16.356631 1.871845
579.384644 234.144226     264.061157 27.054291 11.375938     -0.641525 -0.767102 0.767102 -0.641525     21.957748 21.957748 1.884553
579.384644 234.144226     31.544922 -7.380859 40.515625     -0.641525 -0.767102 0.767102 -0.641525     21.957748 21.957748 2.315088
587.826782 227.173233     348.632812 -172.208984 297.694336     -0.835354 0.549713 -0.549713 -0.835354     23.711770 23.711770 4.073616
587.826782 227.173233     209.062500 4.093140 4.451281     -0.835354 0.549713 -0.549713 -0.835354     23.711770 23.711770 4.356471
61.134094 272.167358     104.406250 111.019531 144.238281     -0.076097 -0.997100 0.997100 -0.076097     36.398584 36.398584 1.506474
558.026672 380.839996     34.906250 8.070312 47.086548     -0.807410 -0.589990 0.589990 -0.807410     18.535103 18.535103 0.335859
558.026672 380.839996     159.093750 -146.890625 250.724609     -0.807410 -0.589990 0.589990 -0.807410     18.535103 18.535103 1.450652
63.663021 374.689270     166.109375 -80.757812 160.695312     -0.997553 0.069918 -0.069918 -0.997553     20.702497 20.702497 4.923360
63.663021 374.689270     24.218750 -9.671875 32.748047     -0.997553 0.069918 -0.069918 -0.997553     20.702497 20.702497 6.236014
534.052124 386.625580     14.984375 12.062500 76.074219     0.394410 -0.918935 0.918935 0.394410     19.438057 19.438057 1.190079
529.919922 327.739014     146.343750 -109.468750 225.710938     -0.784897 -0.619627 0.619627 -0.784897     22.789408 22.789408 5.134509
554.807312 259.513763     21.937500 -0.937500 28.898438     -0.907499 -0.420055 0.420055 -0.907499     19.944811 19.944811 2.442569
554.807312 259.513763     85.023438 -50.867188 49.968750     -0.907499 -0.420055 0.420055 -0.907499     19.944811 19.944811 3.104660
497.130585 426.580750     48.039062 -38.082031 45.833984     -0.961053 -0.276362 0.276362 -0.961053     27.446749 27.446749 1.221800
497.130585 426.580750     255.312500 69.833984 530.714355     -0.961053 -0.276362 0.276362 -0.961053     27.446749 27.446749 3.931955
614.597168 448.848328     22.171875 5.687500 29.710938     -0.371391 -0.928477 0.928477 -0.371391     23.678511 23.678511 0.987058
554.816162 277.076233     197.703125 -49.062500 148.914062     -0.996756 -0.080483 0.080483 -0.996756     20.650829 20.650829 1.099322
554.816162 277.076233     70.250000 -67.402344 160.946289     -0.996756 -0.080483 0.080483 -0.996756     20.650829 20.650829 1.842545
553.671631 259.716431     59.468750 -58.214844 196.561096     -0.996847 -0.079352 0.079352 -0.996847     21.964642 21.964642 2.145940
553.671631 259.716431     157.109375 108.742188 540.504883     -0.996847 -0.079352 0.079352 -0.996847     21.964642 21.964642 3.656896
613.993225 448.797302     48.125000 43.351562 101.734131     0.100055 -0.994982 0.994982 0.100055     25.864887 25.864887 0.689079
59.964138 272.958679     212.046875 125.398438 236.736328     -0.036170 -0.999346 0.999346 -0.036170     40.056181 40.056181 1.483264
496.909882 423.681305     82.263672 -9.583008 26.268555     -0.957041 -0.289954 0.289954 -0.957041     33.071214 33.071214 4.583682
528.138062 292.003723     371.218750 28.921631 10.926514     0.166761 -0.985997 0.985997 0.166761     25.947706 25.947706 2.154068
528.138062 292.003723     601.906250 394.093750 622.597656     0.166761 -0.985997 0.985997 0.166761     25.947706 25.947706 2.734281
540.233032 312.412628     268.875000 -99.031250 248.234375     0.351108 -0.936335 0.936335 0.351108     17.957147 17.957147 1.585045
540.233032 312.412628     36.500000 40.070312 106.226562     0.351108 -0.936335 0.936335 0.351108     17.957147 17.957147 4.174854
592.264832 442.525116     140.500000 -4.426514 20.548393     -0.593555 -0.804794 0.804794 -0.593555     19.582320 19.582320 0.637097
592.264832 442.525116     40.707031 -28.732422 71.021393     -0.593555 -0.804794 0.804794 -0.593555     19.582320 19.582320 1.675581
527.838806 291.848694     65.320312 -116.125000 368.156250     0.044592 -0.999005 0.999005 0.044592     27.335307 27.335307 2.277860
527.838806 291.848694     25.343750 9.312500 29.109375     0.044592 -0.999005 0.999005 0.044592     27.335307 27.335307 4.344563
496.241791 423.270782     22.988281 -17.480469 56.011719     -0.955362 -0.295437 0.295437 -0.955362     32.669292 32.669292 4.432735
496.241791 423.270782     141.578125 -104.660156 178.021484     -0.955362 -0.295437 0.295437 -0.955362     32.669292 32.669292 5.330996
514.300476 220.843048     61.609375 34.500000 28.455566     0.435321 -0.900275 0.900275 0.435321     17.414972 17.414972 1.346753
587.407227 267.918549     68.460938 -58.398438 150.967773     0.143640 -0.989630 0.989630 0.143640     15.230225 15.230225 1.555799
587.407227 267.918549     33.179688 -2.250000 36.117188     0.143640 -0.989630 0.989630 0.143640     15.230225 15.230225 2.209858
602.549072 301.171783     120.328125 -43.726562 64.127197     -0.966834 -0.255404 0.255404 -0.966834     24.766764 24.766764 1.923825
487.443939 38.467289     184.343750 161.078125 204.022461     -0.977399 -0.211402 0.211402 -0.977399     13.410132 13.410132 1.905865
487.443939 38.467289     43.722656 -39.154785 92.940063     -0.977399 -0.211402 0.211402 -0.977399     13.410132 13.410132 2.348020
469.709991 52.490002     80.097656 -5.432617 28.377930     -0.784406 0.620247 -0.620247 -0.784406     22.330592 22.330592 1.372332
469.709991 52.490002     118.406250 109.039062 138.296875     -0.784406 0.620247 -0.620247 -0.784406     22.330592 22.330592 3.138905
602.183838 300.576599     56.406250 -48.046875 139.539062     -0.943291 -0.331968 0.331968 -0.943291     26.145699 26.145699 1.909702
514.214966 221.186920     45.949219 -29.460938 35.109863     0.239459 -0.970906 0.970906 0.239459     19.045512 19.045512 1.492622
587.705872 399.843140     31.343750 3.550781 71.536133     -0.851279 -0.524713 0.524713 -0.851279     19.880954 19.880954 0.695872
587.705872 399.843140     3214.312500 -137.578125 1104.367188     -0.851279 -0.524713 0.524713 -0.851279     19.880954 19.880954 3.826171
518.215271 89.775787     254.250000 -141.460938 136.781250     0.475587 -0.879669 0.879669 0.475587     22.241458 22.241458 0.753950
518.215271 89.775787     122.000000 -255.480469 1171.023438     0.475587 -0.879669 0.879669 0.475587     22.241458 22.241458 3.455346
604.103394 300.829224     151.562500 94.136719 594.865234     -0.961226 -0.275762 0.275762 -0.961226     24.884077 24.884077 1.906337
601.611389 333.398102     22.390625 -13.507812 24.267578     -0.979790 -0.200028 0.200028 -0.979790     17.527457 17.527457 1.465609
601.611389 333.398102     164.230469 -79.376953 52.958618     -0.979790 -0.200028 0.200028 -0.979790     17.527457 17.527457 1.970879
284.895142 53.202045     70.500000 14.359375 34.335938     0.137782 -0.990463 0.990463 0.137782     11.089955 11.089955 6.351231
518.861389 221.874008     144.206055 -49.580566 64.477783     0.586496 -0.809952 0.809952 0.586496     37.288218 37.288218 1.056187
519.019043 82.711960     80.812500 9.843750 17.257812     0.175859 -0.984415 0.984415 0.175859     22.678997 22.678997 1.557090
589.626953 402.137939     113.531250 -41.460938 23.072266     -0.555451 -0.831549 0.831549 -0.555451     23.273122 23.273122 0.612869
589.626953 402.137939     69.039062 33.937500 134.382812     -0.555451 -0.831549 0.831549 -0.555451     23.273122 23.273122 1.177586
285.394318 39.920891     26.031250 7.656250 28.695312     0.095250 -0.995453 0.995453 0.095250     17.493272 17.493272 4.699907
452.837219 444.949615     13.031250 9.203125 62.882812     -0.998998 -0.044756 0.044756 -0.998998     23.741829 23.741829 4.610196
520.113525 81.304779     177.812500 -121.238281 184.664062     0.284144 -0.958782 0.958782 0.284144     24.814240 24.814240 1.369410
601.681824 333.239655     9.453125 -6.484375 81.464844     -0.970782 -0.239963 0.239963 -0.970782     18.588974 18.588974 1.510772
601.681824 333.239655     463.515625 -145.352539 228.816833     -0.970782 -0.239963 0.239963 -0.970782     18.588974 18.588974 1.919639
282.980133 35.146122     129.025391 -68.874023 64.891602     -0.012055 -0.999927 0.999927 -0.012055     32.979975 32.979975 0.555294
518.465271 80.615387     110.687500 34.625000 44.011719     0.322539 -0.946556 0.946556 0.322539     30.719910 30.719910 1.180897
518.465271 80.615387     1224.140625 -10.326172 884.802002     0.322539 -0.946556 0.946556 0.322539     30.719910 30.719910 1.593671
461.489807 111.017494     15.718750 17.203125 85.734375     -0.973827 0.227290 -0.227290 -0.973827     25.570660 25.570660 1.214546
461.489807 111.017494     115.972656 -3.449219 25.991455     -0.973827 0.227290 -0.227290 -0.973827     25.570660 25.570660 1.754930
431.716370 40.892422     3334.218750 -91.859375 1145.894531     -0.999774 0.021244 -0.021244 -0.999774     33.583104 33.583104 4.596854
553.333313 126.474182     270.132812 -140.101562 134.960938     -0.772374 0.635168 -0.635168 -0.772374     21.895358 21.895358 0.732307
553.333313 126.474182     21.843750 21.964844 54.082031     -0.772374 0.635168 -0.635168 -0.772374     21.895358 21.895358 3.742675
397.782410 113.509262     177.331055 -56.814941 65.894043     0.567677 -0.823251 0.823251 0.567677     17.629836 17.629836 0.895152
397.782410 113.509262     95.375000 5.296875 16.101562     0.567677 -0.823251 0.823251 0.567677     17.629836 17.629836 1.364009
463.860046 109.613998     42.519531 -33.553223 36.890930     -0.939504 0.342537 -0.342537 -0.939504     27.197026 27.197026 1.334477
463.860046 109.613998     57.187500 -49.062500 141.265625     -0.939504 0.342537 -0.342537 -0.939504     27.197026 27.197026 1.782045
556.262878 124.317146     131.199219 26.038269 9.060720     -0.825960 0.563729 -0.563729 -0.825960     23.213582 23.213582 1.126815
556.262878 124.317146     22.828125 -10.269531 23.977539     -0.825960 0.563729 -0.563729 -0.825960     23.213582 23.213582 4.697448
397.544708 113.430893     47.140625 -1.882812 24.738281     0.609223 -0.792999 0.792999 0.609223     19.402063 19.402063 0.989112
397.544708 113.430893     99.617188 -100.940918 154.554138     0.609223 -0.792999 0.792999 0.609223     19.402063 19.402063 1.333091
458.322723 288.927277     219.179688 -118.226562 215.984375     -0.498486 -0.866897 0.866897 -0.498486     13.985686 13.985686 1.423219
458.322723 288.927277     258.718750 -231.007812 1747.776367     -0.498486 -0.866897 0.866897 -0.498486     13.985686 13.985686 1.872806
421.031860 90.286621     3869.843750 -187.406250 1092.113281     0.702316 -0.711865 0.711865 0.702316     19.387060 19.387060 1.369707
421.031860 90.286621     68.570312 -52.652344 149.145508     0.702316 -0.711865 0.711865 0.702316     19.387060 19.387060 1.725391
59.743034 272.107788     29.812500 12.328125 33.128906     -0.005606 -0.999984 0.999984 -0.005606     41.607074 41.607074 1.474327
428.075836 114.464455     2893.718750 -27.560547 893.660889     -0.690289 -0.723534 0.723534 -0.690289     18.380956 18.380956 2.286756
428.075836 114.464455     141.812500 -83.375000 138.726562     -0.690289 -0.723534 0.723534 -0.690289     18.380956 18.380956 4.731282
406.486572 104.089851     23.312500 -47.953125 172.460938     -0.749268 0.662267 -0.662267 -0.749268     23.834435 23.834435 1.226333
449.750000 292.393829     199.949219 31.663330 56.659271     -0.997694 -0.067879 0.067879 -0.997694     35.541341 35.541341 1.304837
449.750000 292.393829     25.656250 -45.046875 111.093750     -0.997694 -0.067879 0.067879 -0.997694     35.541341 35.541341 4.353467
395.791992 85.684212     299.703125 -211.875000 253.103516     0.233848 -0.972273 0.972273 0.233848     24.725445 24.725445 4.586855
450.633606 290.271362     118.281250 106.843750 137.657227     0.540568 -0.841300 0.841300 0.540568     41.323648 41.323648 1.806225
450.633606 290.271362     59.609375 -49.437500 170.152344     0.540568 -0.841300 0.841300 0.540568     41.323648 41.323648 2.283822
419.605927 247.586212     126.068359 24.826721 8.975060     0.281127 -0.959671 0.959671 0.281127     16.919119 16.919119 0.985860
419.605927 247.586212     238.062500 0.812500 47.257812     0.281127 -0.959671 0.959671 0.281127     16.919119 16.919119 1.874901
474.622131 258.133636     320.875000 -136.929688 131.921875     -0.955853 -0.293845 0.293845 -0.955853     17.353853 17.353853 0.708419
474.622131 258.133636     26.031250 13.640625 25.910156     -0.955853 -0.293845 0.293845 -0.955853     17.353853 17.353853 1.282513
422.955811 245.160217     248.390625 -112.390625 137.875000     -0.710263 0.703937 -0.703937 -0.710263     31.379606 31.379606 1.294605
422.955811 245.160217     141.390625 -94.664062 151.281250     -0.710263 0.703937 -0.703937 -0.710263     31.379606 31.379606 1.771127
414.713684 305.257263     300.156250 -110.203125 196.617188     -0.584877 -0.811122 0.811122 -0.584877     22.756576 22.756576 1.528766
414.713684 305.257263     31.062500 2.115234 69.531250     -0.584877 -0.811122 0.811122 -0.584877     22.756576 22.756576 3.856429
182.524658 65.152466     62.531250 -65.945312 217.605469     -0.102557 -0.994727 0.994727 -0.102557     11.010272 11.010272 1.176606
182.524658 65.152466     72.500000 41.025391 91.842773     -0.102557 -0.994727 0.994727 -0.102557     11.010272 11.010272 1.595076
412.532990 302.519775     1209.359375 -1033.029297 2049.518555     -0.506297 -0.862359 0.862359 -0.506297     30.217075 30.217075 3.647176
238.419556 80.820190     329.804688 -498.328125 2368.171875     0.303051 -0.952974 0.952974 0.303051     18.977679 18.977679 1.872712
238.419556 80.820190     239.062500 145.875000 242.802734     0.303051 -0.952974 0.952974 0.303051     18.977679 18.977679 5.432046
427.661407 243.960449     136.890625 -100.945312 172.875000     -0.968012 0.250905 -0.250905 -0.968012     37.221234 37.221234 1.291149
427.661407 243.960449     39.406250 7.828125 18.660156     -0.968012 0.250905 -0.250905 -0.968012     37.221234 37.221234 2.263246
408.882355 289.803925     17.187500 -1.140625 76.742188     -0.310061 -0.950717 0.950717 -0.310061     28.247499 28.247499 4.838025
181.704544 63.058441     37.648438 -3.984375 42.710938     -0.147250 -0.989099 0.989099 -0.147250     13.793360 13.793360 0.453117
181.704544 63.058441     47.312500 17.507812 23.683594     -0.147250 -0.989099 0.989099 -0.147250     13.793360 13.793360 1.438056
396.488464 250.617508     70.562500 -23.375000 30.300781     -0.999960 -0.008937 0.008937 -0.999960     20.707035 20.707035 5.393292
242.156021 86.815788     68.601562 -112.441406 212.542969     -0.461648 -0.887063 0.887063 -0.461648     25.967451 25.967451 0.456896
242.156021 86.815788     53.437500 -32.757812 29.714844     -0.461648 -0.887063 0.887063 -0.461648     25.967451 25.967451 4.042499
412.591644 431.552216     25.343750 -9.531250 25.337891     0.080879 -0.996724 0.996724 0.080879     18.368950 18.368950 1.508345
181.465240 62.553474     34.468750 -22.617188 25.578125     -0.137925 -0.990443 0.990443 -0.137925     15.973420 15.973420 0.311330
181.465240 62.553474     390.056641 -115.351318 116.477173     -0.137925 -0.990443 0.990443 -0.137925     15.973420 15.973420 1.181263
372.851013 313.326660     16.640625 16.359375 83.421875     0.337881 -0.941189 0.941189 0.337881     22.326775 22.326775 4.519589
313.883270 443.653687     39.156250 39.433594 46.792480     0.275570 -0.961281 0.961281 0.275570     20.226535 20.226535 0.650985
313.883270 443.653687     294.562500 12.912109 640.791992     0.275570 -0.961281 0.961281 0.275570     20.226535 20.226535 2.646028
239.437653 84.341179     11.429688 -8.550781 228.996094     -0.527298 -0.849680 0.849680 -0.527298     32.328399 32.328399 4.063139
239.437653 84.341179     32.812500 -26.468750 44.039062     -0.527298 -0.849680 0.849680 -0.527298     32.328399 32.328399 5.134466
375.476410 273.759430     17.726562 -27.640625 139.648438     0.477557 -0.878601 0.878601 0.477557     21.314831 21.314831 0.253168
375.476410 273.759430     67.625000 -60.820312 204.007812     0.477557 -0.878601 0.878601 0.477557     21.314831 21.314831 1.635410
371.524078 310.227783     2862.203125 -521.560547 1603.101562     0.173478 -0.984838 0.984838 0.173478     33.118809 33.118809 4.548691
312.752747 448.824188     815.625000 1058.015625 1521.207031     0.560659 -0.828047 0.828047 0.560659     24.876310 24.876310 2.223662
375.410706 274.664276     142.828125 -93.945312 150.609375     0.496245 -0.868183 0.868183 0.496245     23.341430 23.341430 2.468704
361.141174 427.258820     62.828125 -51.148438 61.976562     0.124124 -0.992267 0.992267 0.124124     18.355223 18.355223 1.499837
60.014069 270.843750     69.093750 -25.062500 33.335938     0.005629 -0.999984 0.999984 0.005629     42.428658 42.428658 1.469655
237.875702 83.058380     3980.656250 -106.093750 1049.292969     -0.573831 -0.818974 0.818974 -0.573831     32.797415 32.797415 4.219767
235.841324 85.042801     76.618164 -47.762695 40.832031     -0.499308 -0.866425 0.866425 -0.499308     43.059665 43.059665 5.158052
350.639465 24.200680     37.937500 -115.589844 544.792969     0.101504 -0.994835 0.994835 0.101504     13.311929 13.311929 1.551402
