1.0
473
413.379639 414.248138     1135.937500 -1057.453125 1065.781250     -0.718733 0.695286 -0.695286 -0.718733     29.448228 29.448228 6.363918
425.280090 397.688660     2241.875000 -2080.796875 2072.843750     -0.721313 0.692610 -0.692610 -0.721313     38.931326 38.931326 6.267093
431.681702 390.856110     2855.578125 -2606.109375 2533.312500     -0.728598 0.684941 -0.684941 -0.728598     41.085606 41.085606 1.483207
431.681702 390.856110     3332.750000 -3087.296875 3077.859375     -0.728598 0.684941 -0.684941 -0.728598     41.085606 41.085606 6.177743
439.555573 381.143494     513.468750 260.234375 919.681152     -0.721542 0.692371 -0.692371 -0.721542     48.336458 48.336458 1.499440
439.555573 381.143494     3678.484375 -3459.906250 3531.093750     -0.721542 0.692371 -0.692371 -0.721542     48.336458 48.336458 6.200601
447.044525 372.006989     4153.765625 -3922.640625 4313.984375     -0.714596 0.699537 -0.699537 -0.714596     54.018382 54.018382 1.517099
447.044525 372.006989     529.875000 238.984375 1507.730225     -0.714596 0.699537 -0.699537 -0.714596     54.018382 54.018382 6.245321
451.712463 364.374908     47.656250 -19.632812 18.992188     0.705350 -0.708859 0.708859 0.705350     66.769833 66.769833 3.201992
458.849335 354.369781     5317.968750 -4784.812500 5369.296875     0.699851 -0.714289 0.714289 0.699851     79.283877 79.283877 3.218797
458.849335 354.369781     5518.718750 -4781.468750 5486.429688     0.699851 -0.714289 0.714289 0.699851     79.283877 79.283877 4.667644
601.009888 235.940598     532.062500 169.859375 1752.891113     0.679048 -0.734094 0.734094 0.679048     20.036445 20.036445 3.182430
605.683960 221.589630     105.640625 -30.782471 32.927956     -0.984446 0.175690 -0.175690 -0.984446     12.768878 12.768878 5.171541
578.699524 218.363235     6205.765625 -4865.546875 5927.359375     -0.891519 0.452983 -0.452983 -0.891519     13.512535 13.512535 3.120621
476.893433 329.026062     151.429688 -54.847412 63.199402     0.705208 -0.709001 0.709001 0.705208     106.370661 106.370661 3.166616
476.893433 329.026062     36.781250 -20.890625 24.132812     0.705208 -0.709001 0.709001 0.705208     106.370661 106.370661 4.644864
479.709442 321.703949     250.625000 -40.975586 111.588821     -0.708300 0.705912 -0.705912 -0.708300     120.838048 120.838048 1.487550
479.709442 321.703949     7091.468750 -4443.390625 5711.585938     -0.708300 0.705912 -0.705912 -0.708300     120.838048 120.838048 6.289709
485.746826 312.364594     351.859375 -40.376953 111.744095     0.705901 -0.708310 0.708310 0.705901     125.481490 125.481490 3.163625
485.746826 312.364594     581.742188 -38.538086 116.429413     0.705901 -0.708310 0.708310 0.705901     125.481490 125.481490 4.638919
329.955658 280.862061     1030.617188 -52.165527 137.387543     -0.803039 0.595926 -0.595926 -0.803039     13.219681 13.219681 0.316695
145.397095 422.299377     46.128906 -26.390625 66.171875     0.315461 -0.948939 0.948939 0.315461     19.924800 19.924800 4.135711
168.628098 395.950409     1575.812500 -149.716797 217.193298     -0.711062 0.703129 -0.703129 -0.711062     12.891138 12.891138 6.425182
143.250000 423.184509     36.917969 23.328125 26.015625     0.446150 -0.894958 0.894958 0.446150     22.455574 22.455574 3.983144
140.882629 423.945923     48.656250 36.203125 230.640625     0.486923 -0.873445 0.873445 0.486923     26.851840 26.851840 3.862939
136.226028 427.791901     790.581055 -247.777344 1001.156250     0.505883 -0.862602 0.862602 0.505883     28.881027 28.881027 3.942224
169.603577 392.994873     41.585938 -16.394531 119.140625     -0.715446 0.698668 -0.698668 -0.715446     17.746235 17.746235 4.739917
169.603577 392.994873     93.750000 -42.589844 24.013184     -0.715446 0.698668 -0.698668 -0.715446     17.746235 17.746235 6.370932
126.197968 428.073456     1264.791504 -428.125000 1089.593750     0.458500 -0.888695 0.888695 0.458500     50.543410 50.543410 3.866418
169.740509 391.559082     562.218750 -125.484375 846.539062     0.660984 -0.750400 0.750400 0.660984     19.734153 19.734153 1.627862
169.330933 390.097137     288.828125 -167.119141 121.392090     0.567890 -0.823105 0.823105 0.567890     23.778171 23.778171 3.564750
169.064163 388.424103     2191.500000 969.714844 1863.318604     0.428854 -0.903374 0.903374 0.428854     26.368218 26.368218 3.776059
168.742065 386.158630     222.679688 352.296875 759.095703     0.198666 -0.980067 0.980067 0.198666     27.835565 27.835565 4.034451
392.493988 83.148598     3243.250000 1117.976562 1751.344238     -0.903736 0.428089 -0.428089 -0.903736     8.816871 8.816871 1.578182
396.804169 81.166176     12.156250 -2.062500 21.535156     -0.899670 0.436571 -0.436571 -0.899670     9.318397 9.318397 1.558148
403.099792 78.128899     599.921875 516.761719 1646.990234     -0.891187 0.453637 -0.453637 -0.891187     10.477843 10.477843 1.540637
403.099792 78.128899     11401.578125 -1416.960938 6119.210938     -0.891187 0.453637 -0.453637 -0.891187     10.477843 10.477843 4.770022
267.789246 128.979340     193.578125 -48.085938 167.667969     -0.510531 -0.859859 0.859859 -0.510531     12.529897 12.529897 1.872513
405.335205 77.746475     7806.976562 2489.169922 2066.014648     -0.850850 0.525409 -0.525409 -0.850850     19.194657 19.194657 1.571534
405.335205 77.746475     8543.265625 3674.250000 3339.626953     -0.850850 0.525409 -0.525409 -0.850850     19.194657 19.194657 4.801942
517.618103 22.919094     1292.218750 419.265625 137.906250     -0.887664 0.460492 -0.460492 -0.887664     10.175360 10.175360 1.592973
167.347641 381.592285     38.468750 23.328125 26.796875     -0.071557 -0.997437 0.997437 -0.071557     29.797744 29.797744 4.277721
522.477478 20.165983     19736.531250 2054.042969 2851.802734     -0.854484 0.519477 -0.519477 -0.854484     13.803462 13.803462 1.622048
405.416473 79.638428     1312.656250 458.484375 183.250000     -0.778832 0.627233 -0.627233 -0.778832     33.341909 33.341909 0.520521
405.416473 79.638428     103.230469 201.910156 398.132812     -0.778832 0.627233 -0.627233 -0.778832     33.341909 33.341909 1.680796
406.192383 83.373863     28.578125 52.250000 160.249023     0.647565 -0.762010 0.762010 0.647565     47.953586 47.953586 3.825603
265.590424 141.767838     142.660156 279.222656 549.720703     -0.537693 -0.843141 0.843141 -0.537693     29.195555 29.195555 3.725784
269.765503 152.346527     163.609375 233.453125 557.914062     -0.475756 -0.879577 0.879577 -0.475756     30.236127 30.236127 1.787058
269.765503 152.346527     168.789062 333.050781 661.820312     -0.475756 -0.879577 0.879577 -0.475756     30.236127 30.236127 4.919738
411.485535 89.617371     24.289062 25.898438 38.421875     0.171800 -0.985132 0.985132 0.171800     70.314587 70.314587 1.071374
411.485535 89.617371     10978.484375 -1451.390625 6783.328125     0.171800 -0.985132 0.985132 0.171800     70.314587 70.314587 1.502377
417.828644 153.002350     1300.156250 421.890625 138.875000     -0.787695 0.616065 -0.616065 -0.787695     18.671129 18.671129 1.709195
410.238434 87.504944     189.250000 245.691406 544.341797     -0.022858 -0.999739 0.999739 -0.022858     74.170626 74.170626 1.199246
410.238434 87.504944     76.089844 -33.172852 23.410156     -0.022858 -0.999739 0.999739 -0.022858     74.170626 74.170626 1.648415
271.491730 157.463058     15368.453125 1096.242188 15516.908203     -0.443990 -0.896032 0.896032 -0.443990     31.213886 31.213886 1.751720
271.491730 157.463058     208.171875 242.617188 516.867188     -0.443990 -0.896032 0.896032 -0.443990     31.213886 31.213886 4.902163
409.000946 100.429253     1020.389648 -604.057617 376.023438     -0.214252 -0.976778 0.976778 -0.214252     78.907010 78.907010 1.731268
409.000946 100.429253     243.800781 496.093750 1022.105469     -0.214252 -0.976778 0.976778 -0.214252     78.907010 78.907010 4.486873
448.470001 195.449997     214.781250 232.695312 490.193359     0.205698 -0.978616 0.978616 0.205698     15.407311 15.407311 0.779287
408.723419 103.683281     1358.562500 479.578125 192.718750     -0.379674 -0.925120 0.925120 -0.379674     88.621463 88.621463 1.546264
408.723419 103.683281     1052.076172 -629.922852 398.845703     -0.379674 -0.925120 0.925120 -0.379674     88.621463 88.621463 4.641233
433.830841 201.205826     44.996094 25.281250 27.406250     -0.991076 -0.133296 0.133296 -0.991076     42.506912 42.506912 1.110003
436.607697 198.765671     176.867188 -147.828125 130.593750     0.696532 -0.717526 0.717526 0.696532     47.429818 47.429818 5.096008
440.257294 198.293045     631.296875 270.671875 143.199219     -0.793769 0.608219 -0.608219 -0.793769     51.469955 51.469955 1.802349
440.257294 198.293045     52.453125 -25.914062 29.343750     -0.793769 0.608219 -0.608219 -0.793769     51.469955 51.469955 5.066155
579.382080 369.325470     1674.631836 -1065.892578 755.671875     -0.951068 -0.308983 0.308983 -0.951068     5.858876 5.858876 4.728587
578.196777 379.526093     180.695312 -154.062500 142.468750     -0.942428 -0.334409 0.334409 -0.942428     20.405508 20.405508 1.554744
578.196777 379.526093     2057.576172 -1295.447266 894.951172     -0.942428 -0.334409 0.334409 -0.942428     20.405508 20.405508 4.775976
239.848343 141.990524     1271.687500 411.296875 135.000000     -0.452902 -0.891560 0.891560 -0.452902     3.662798 3.662798 1.567973
239.848343 141.990524     71.949219 40.195312 54.015625     -0.452902 -0.891560 0.891560 -0.452902     3.662798 3.662798 4.736835
463.511108 107.207405     1364.750000 484.609375 195.468750     -0.408637 -0.912697 0.912697 -0.408637     12.258521 12.258521 3.898965
579.924988 369.575012     22.031250 -1.250000 26.781250     -0.951487 -0.307690 0.307690 -0.951487     5.739675 5.739675 4.726311
463.924408 110.895348     616.734375 200.460938 143.093750     -0.329172 -0.944270 0.944270 -0.329172     14.486767 14.486767 3.633282
242.548782 147.223572     140.468750 -113.109375 103.078125     -0.453299 -0.891359 0.891359 -0.453299     3.661479 3.661479 1.568202
242.548782 147.223572     148.296875 -112.453125 104.218750     -0.453299 -0.891359 0.891359 -0.453299     3.661479 3.661479 4.728899
464.225220 113.615128     33.320312 -13.257812 30.468750     -0.277698 -0.960669 0.960669 -0.277698     15.181721 15.181721 2.252362
464.225220 113.615128     1180.121094 -808.609375 554.523438     -0.277698 -0.960669 0.960669 -0.277698     15.181721 15.181721 3.423553
243.975006 149.964279     214.078125 -174.523438 155.156250     -0.452226 -0.891903 0.891903 -0.452226     3.901626 3.901626 1.567936
243.975006 149.964279     51.472656 9.405396 27.921318     -0.452226 -0.891903 0.891903 -0.452226     3.901626 3.901626 4.732365
578.259094 379.427002     679.449219 -588.890625 599.562500     -0.942442 -0.334369 0.334369 -0.942442     20.608468 20.608468 1.554377
578.259094 379.427002     16767.890625 1414.539062 16129.796875     -0.942442 -0.334369 0.334369 -0.942442     20.608468 20.608468 4.776509
346.507904 163.445984     666.250000 56.531250 106.125000     -0.421184 -0.906975 0.906975 -0.421184     33.432800 33.432800 1.699543
346.507904 163.445984     1447.902344 -991.925781 680.015625     -0.421184 -0.906975 0.906975 -0.421184     33.432800 33.432800 1.992077
243.974365 149.592941     56.351562 -1.484375 8.000000     -0.450037 -0.893010 0.893010 -0.450037     4.377779 4.377779 1.573058
243.974365 149.592941     1318.968750 442.375000 188.531250     -0.450037 -0.893010 0.893010 -0.450037     4.377779 4.377779 4.740380
182.235001 371.364990     24.582031 27.710938 44.656250     -0.606948 -0.794742 0.794742 -0.606948     9.556859 9.556859 2.378737
182.235001 371.364990     238.250000 199.222656 428.804688     -0.606948 -0.794742 0.794742 -0.606948     9.556859 9.556859 3.922701
579.327087 369.308258     58.953125 -2.093750 8.000000     -0.951051 -0.309033 0.309033 -0.951051     6.014539 6.014539 4.727221
344.203827 162.198654     242.668945 33.595703 27.179779     -0.455131 -0.890425 0.890425 -0.455131     35.906369 35.906369 1.678319
344.203827 162.198654     1545.031250 -22.703125 211.515625     -0.455131 -0.890425 0.890425 -0.455131     35.906369 35.906369 1.970755
60.359814 194.803741     23.257812 -10.789062 81.875000     -0.900509 0.434837 -0.434837 -0.900509     12.234458 12.234458 2.893643
60.359814 194.803741     35.355469 3.554688 12.640625     -0.900509 0.434837 -0.434837 -0.900509     12.234458 12.234458 5.997477
342.119019 161.897049     31.667969 -3.203125 15.921875     -0.481267 -0.876574 0.876574 -0.481267     38.962641 38.962641 1.613397
342.119019 161.897049     296.082031 177.275391 408.733887     -0.481267 -0.876574 0.876574 -0.481267     38.962641 38.962641 2.098681
246.717072 154.395126     119.750000 -30.828125 106.406250     -0.444987 -0.895537 0.895537 -0.444987     5.200390 5.200390 1.576479
246.717072 154.395126     84.269531 -16.945312 53.906250     -0.444987 -0.895537 0.895537 -0.444987     5.200390 5.200390 4.741814
77.183502 186.301559     16942.640625 -817.289062 17636.398438     -0.845092 0.534622 -0.534622 -0.845092     17.621887 17.621887 4.737507
93.133392 177.024246     111.687500 26.703125 21.546875     -0.857499 0.514485 -0.514485 -0.857499     16.594539 16.594539 4.738350
246.436859 152.944092     48.140625 -36.921875 87.171875     -0.437494 -0.899221 0.899221 -0.437494     7.027220 7.027220 1.573635
246.436859 152.944092     175.343750 -27.046875 122.250000     -0.437494 -0.899221 0.899221 -0.437494     7.027220 7.027220 4.746476
340.878876 161.925919     75.585938 9.406250 12.421875     -0.495334 -0.868703 0.868703 -0.495334     40.773718 40.773718 1.649601
340.878876 161.925919     1343.656250 408.531250 170.843750     -0.495334 -0.868703 0.868703 -0.495334     40.773718 40.773718 2.079061
576.784790 378.864227     34.101562 -4.132812 16.921875     -0.941339 -0.337462 0.337462 -0.941339     20.520307 20.520307 4.774799
93.936523 176.810394     2217.359375 -14.312500 249.500000     -0.854489 0.519469 -0.519469 -0.854489     17.942236 17.942236 4.742007
383.780396 243.640884     36.667969 -6.500000 20.296875     -0.931511 -0.363714 0.363714 -0.931511     17.439552 17.439552 1.721008
383.780396 243.640884     308.929688 202.640625 497.088867     -0.931511 -0.363714 0.363714 -0.931511     17.439552 17.439552 3.400322
323.794739 443.952271     37.687500 2.546875 86.390625     -0.759812 0.650143 -0.650143 -0.759812     9.114831 9.114831 4.641098
102.581520 171.957886     40.168945 69.724731 177.744141     -0.854807 0.518946 -0.518946 -0.854807     18.865298 18.865298 4.740875
464.271759 114.790840     904.823975 162.297363 1703.602539     -0.257588 -0.966255 0.966255 -0.257588     15.929571 15.929571 3.327900
374.314301 237.683273     97.505585 78.894775 592.031250     -0.913684 -0.406425 0.406425 -0.913684     21.486743 21.486743 1.675281
436.280640 250.612900     232.194336 -19.695557 70.615921     -0.838820 0.544409 -0.544409 -0.838820     15.925833 15.925833 1.700046
436.280640 250.612900     41.878906 -13.328125 16.914062     -0.838820 0.544409 -0.544409 -0.838820     15.925833 15.925833 4.765726
184.378372 312.229736     102.871094 2.707031 68.238281     -0.824640 0.565657 -0.565657 -0.824640     2.425005 2.425005 4.709323
339.262360 162.171631     25.503906 20.246094 43.718750     -0.510096 -0.860117 0.860117 -0.510096     44.045288 44.045288 2.186103
103.961578 173.218079     31.816406 53.414062 100.734375     -0.835422 0.549609 -0.549609 -0.835422     33.202977 33.202977 4.786714
375.265167 235.546967     49.249878 -23.571289 23.171875     -0.933664 -0.358150 0.358150 -0.933664     29.413554 29.413554 1.744980
375.265167 235.546967     34.644531 56.876953 108.734375     -0.933664 -0.358150 0.358150 -0.933664     29.413554 29.413554 3.386555
166.872391 383.202728     209.872437 -115.692871 117.453125     0.036423 -0.999336 0.999336 0.036423     30.930418 30.930418 4.244476
324.208801 443.732605     54.771484 6.671875 41.546875     -0.749372 0.662149 -0.662149 -0.749372     11.329320 11.329320 4.607097
110.331993 169.699646     1807.539062 -1213.734375 1890.812500     -0.839466 0.543413 -0.543413 -0.839466     33.784946 33.784946 4.788069
579.445923 369.381744     44.612305 -23.886719 57.113281     -0.951346 -0.308124 0.308124 -0.951346     6.018104 6.018104 4.725237
190.112778 308.293243     9.244141 -2.523438 53.687500     -0.824638 0.565660 -0.565660 -0.824638     2.528114 2.528114 4.709200
576.398193 378.736542     293.300354 -97.805176 207.578125     -0.940717 -0.339193 0.339193 -0.940717     20.490588 20.490588 4.772387
363.138245 376.995392     188.337891 198.223633 363.987305     0.239877 -0.970803 0.970803 0.239877     20.973276 20.973276 0.631894
363.138245 376.995392     13.906250 0.835938 60.156250     0.239877 -0.970803 0.970803 0.239877     20.973276 20.973276 3.457137
375.742828 233.033707     44.988281 -26.035156 43.617188     -0.938954 -0.344044 0.344044 -0.938954     37.553435 37.553435 3.399714
321.549713 389.672516     255.460449 397.011719 652.757812     -0.762585 0.646888 -0.646888 -0.762585     12.015458 12.015458 0.199598
321.549713 389.672516     310.727783 -132.609863 404.656250     -0.762585 0.646888 -0.646888 -0.762585     12.015458 12.015458 3.028627
239.038376 435.557556     23.273438 8.328125 62.265625     -0.772116 0.635482 -0.635482 -0.772116     15.369579 15.369579 4.690037
312.064636 376.102661     104.625000 -39.789062 106.296875     -0.743951 0.668234 -0.668234 -0.743951     19.386736 19.386736 3.091136
312.064636 376.102661     116.601562 225.476562 613.742188     -0.743951 0.668234 -0.668234 -0.743951     19.386736 19.386736 6.388140
196.153595 304.199341     649.554443 -150.255859 713.101562     -0.824858 0.565340 -0.565340 -0.824858     2.547190 2.547190 4.709270
266.754181 435.875885     174.710938 -90.781250 169.609375     -0.763693 0.645580 -0.645580 -0.763693     12.425703 12.425703 4.697686
241.694122 437.969910     2513.583984 -444.320312 2247.460938     -0.730641 0.682762 -0.682762 -0.730641     31.584149 31.584149 4.636577
201.355881 300.655884     296.960938 -132.093750 175.625000     -0.824916 0.565256 -0.565256 -0.824916     2.543022 2.543022 4.707485
577.667664 374.220062     1099.800781 824.420898 1857.415527     -0.945379 -0.325972 0.325972 -0.945379     26.999265 26.999265 4.795790
181.866074 370.361603     333.566406 -145.843750 183.406250     -0.574214 -0.818705 0.818705 -0.574214     10.208603 10.208603 2.334385
337.584198 162.283661     2.468750 7.828125 157.140625     -0.533177 -0.846004 0.846004 -0.533177     47.770808 47.770808 2.150544
337.584198 162.283661     109.218750 35.296875 63.796875     -0.533177 -0.846004 0.846004 -0.533177     47.770808 47.770808 3.591586
348.391998 317.130676     744.797607 -117.583008 2513.531250     -0.335728 -0.941959 0.941959 -0.335728     30.495961 30.495961 5.523388
326.986053 330.302338     2.531250 12.968750 263.257812     0.175450 -0.984488 0.984488 0.175450     20.785447 20.785447 1.577910
326.986053 330.302338     359.242188 -324.617188 335.328125     0.175450 -0.984488 0.984488 0.175450     20.785447 20.785447 3.050334
574.255127 372.692596     16.277344 -1.828125 42.703125     -0.942945 -0.332948 0.332948 -0.942945     26.902621 26.902621 4.795793
473.498627 402.138519     539.148438 -275.375000 270.531250     0.505493 -0.862831 0.862831 0.505493     23.250250 23.250250 3.611290
191.693069 437.480194     5171.231445 -1600.166016 6974.652344     -0.981395 0.191998 -0.191998 -0.981395     17.599099 17.599099 2.444363
191.693069 437.480194     728.531250 37.734375 118.703125     -0.981395 0.191998 -0.191998 -0.981395     17.599099 17.599099 5.624406
144.777832 76.046257     67.218750 143.390625 360.878906     -0.590418 -0.807098 0.807098 -0.590418     58.048156 58.048156 0.441609
144.777832 76.046257     20.296875 37.429688 143.503906     -0.590418 -0.807098 0.807098 -0.590418     58.048156 58.048156 5.277749
526.556641 401.160919     89.365295 -9.222824 79.360916     -0.778307 0.627883 -0.627883 -0.778307     40.633852 40.633852 1.400885
526.556641 401.160919     18.870850 25.935303 86.343628     -0.778307 0.627883 -0.627883 -0.778307     40.633852 40.633852 4.154901
253.570724 398.555817     95.539062 -44.148438 44.859375     -0.913040 0.407870 -0.407870 -0.913040     30.631913 30.631913 2.724549
253.570724 398.555817     1203.734375 376.808594 995.949219     -0.913040 0.407870 -0.407870 -0.913040     30.631913 30.631913 3.033367
608.996094 427.237366     397.634766 19.414062 117.828125     -0.964452 -0.264258 0.264258 -0.964452     16.975359 16.975359 1.474735
474.183472 401.864929     1376.656250 -1319.593750 1266.843750     0.516090 -0.856535 0.856535 0.516090     22.898772 22.898772 3.650339
523.934692 399.956482     53.140625 -4.156250 26.500000     -0.922084 0.386989 -0.386989 -0.922084     47.388808 47.388808 0.927090
523.934692 399.956482     93.136719 -54.929688 220.437500     -0.922084 0.386989 -0.386989 -0.922084     47.388808 47.388808 4.086705
565.413208 371.092133     298.375000 58.359375 23.000000     -0.954074 -0.299572 0.299572 -0.954074     29.359940 29.359940 4.808311
191.281509 437.441162     80.390625 156.460938 1052.320312     -0.974968 0.222344 -0.222344 -0.974968     17.988395 17.988395 2.379129
191.281509 437.441162     428.845703 37.617188 121.078125     -0.974968 0.222344 -0.222344 -0.974968     17.988395 17.988395 2.885851
197.621628 368.501923     5984.322266 1769.968750 10723.718750     -0.854682 0.519152 -0.519152 -0.854682     19.644976 19.644976 4.601448
191.217239 437.603455     131.437500 217.515625 1272.986328     -0.944226 0.329299 -0.329299 -0.944226     19.107785 19.107785 2.845585
191.217239 437.603455     44.250000 12.203125 12.875000     -0.944226 0.329299 -0.329299 -0.944226     19.107785 19.107785 4.386429
143.927063 72.938889     462.542969 58.148438 124.218750     -0.538006 -0.842941 0.842941 -0.538006     60.305782 60.305782 0.357406
143.927063 72.938889     2805.031250 628.203125 845.031250     -0.538006 -0.842941 0.842941 -0.538006     60.305782 60.305782 5.190229
20.124638 50.898552     514.933594 37.031250 132.953125     -0.517421 -0.855731 0.855731 -0.517421     16.614599 16.614599 4.228799
18.997261 88.375343     1624.742188 779.996094 1381.820312     -0.403668 -0.914905 0.914905 -0.403668     14.555633 14.555633 4.259023
193.911270 437.737518     114.843750 1.093750 19.656250     -0.052081 -0.998643 0.998643 -0.052081     27.576842 27.576842 1.169286
193.911270 437.737518     152.445312 -106.281250 111.640625     -0.052081 -0.998643 0.998643 -0.052081     27.576842 27.576842 1.643291
197.702133 365.035461     90.687500 15.350586 14.421753     -0.979399 -0.201934 0.201934 -0.979399     27.977612 27.977612 3.830168
217.728394 323.168732     564.875000 165.171875 62.515625     -0.917489 0.397762 -0.397762 -0.917489     15.016708 15.016708 2.380738
217.728394 323.168732     121.710938 -88.031250 76.406250     -0.917489 0.397762 -0.397762 -0.917489     15.016708 15.016708 5.788714
111.000000 244.451263     212.406250 9.500000 26.750000     -0.996996 -0.077459 0.077459 -0.996996     37.115581 37.115581 4.190240
182.013336 187.848892     3016.562500 201.156250 1319.937500     -0.543028 -0.839714 0.839714 -0.543028     15.853236 15.853236 1.566289
182.013336 187.848892     109.718750 -78.093750 67.984375     -0.543028 -0.839714 0.839714 -0.543028     15.853236 15.853236 3.140605
74.135002 266.665009     10484.744141 1744.023438 12834.390625     -0.478483 -0.878097 0.878097 -0.478483     7.408743 7.408743 1.545769
74.135002 266.665009     582.359375 -153.992188 229.093750     -0.478483 -0.878097 0.878097 -0.478483     7.408743 7.408743 5.950725
34.488281 248.378906     124.144531 -89.226562 79.046875     -0.861408 0.507913 -0.507913 -0.861408     13.703604 13.703604 1.571565
34.488281 248.378906     122.062500 15.546875 39.703125     -0.861408 0.507913 -0.507913 -0.861408     13.703604 13.703604 6.222766
73.943321 266.032379     3127.531250 -40.406250 1436.343750     -0.476569 -0.879137 0.879137 -0.476569     8.786248 8.786248 5.970726
130.226624 24.104317     406.226562 202.210938 104.792969     -0.956648 0.291245 -0.291245 -0.956648     12.626063 12.626063 1.551562
167.375473 268.877380     1169.187500 1324.492188 3028.574219     -0.923019 -0.384754 0.384754 -0.923019     28.017967 28.017967 4.713329
204.394836 254.053696     11585.484375 3188.023438 14353.484375     0.694880 -0.719126 0.719126 0.694880     113.372090 113.372090 4.870797
123.711761 198.841171     32.015625 22.734375 94.496094     0.611086 -0.791565 0.791565 0.611086     23.021282 23.021282 0.786354
123.711761 198.841171     480.562500 91.265625 21.029297     0.611086 -0.791565 0.791565 0.611086     23.021282 23.021282 1.572614
74.218834 265.637115     3745.437500 -584.734375 1586.593750     -0.457845 -0.889032 0.889032 -0.457845     12.392826 12.392826 5.911905
124.755760 26.781105     490.562500 93.351562 22.726562     -0.924970 0.380039 -0.380039 -0.924970     13.322714 13.322714 1.572041
161.286301 451.232361     87.000000 -50.656250 49.816406     0.056506 -0.998402 0.998402 0.056506     13.575779 13.575779 1.677169
161.286301 451.232361     37.281250 16.179688 41.298828     0.056506 -0.998402 0.998402 0.056506     13.575779 13.575779 4.744813
132.441116 111.557884     511.625000 90.039062 25.173828     -0.545399 -0.838177 0.838177 -0.545399     34.668818 34.668818 1.600972
132.441116 111.557884     179.125000 96.156250 170.748047     -0.545399 -0.838177 0.838177 -0.545399     34.668818 34.668818 4.738726
161.208588 452.134979     55.593750 -56.210938 64.664062     -0.018065 -0.999837 0.999837 -0.018065     16.771872 16.771872 1.785103
161.208588 452.134979     2.687500 13.734375 325.171875     -0.018065 -0.999837 0.999837 -0.018065     16.771872 16.771872 4.763884
193.845886 329.917816     168.562500 -93.351562 61.511719     -0.716353 0.697738 -0.697738 -0.716353     19.228513 19.228513 0.401757
73.093468 263.280396     18427.648438 1550.761719 14966.226562     -0.525609 -0.850726 0.850726 -0.525609     14.352563 14.352563 1.586419
160.197556 451.660980     162.781250 -137.460938 125.937500     -0.200485 -0.979697 0.979697 -0.200485     20.899179 20.899179 2.029700
160.197556 451.660980     153.750000 -107.128906 85.429565     -0.200485 -0.979697 0.979697 -0.200485     20.899179 20.899179 4.700319
200.922745 331.030029     267.875000 -147.457031 104.225586     0.699641 -0.714494 0.714494 0.699641     36.464746 36.464746 1.518179
200.922745 331.030029     44.015625 25.468750 24.828125     0.699641 -0.714494 0.714494 0.699641     36.464746 36.464746 3.489726
299.608063 154.579575     156.125000 -101.873047 79.218506     -0.360086 -0.932919 0.932919 -0.360086     24.471308 24.471308 1.773204
299.608063 154.579575     41.859375 3.312500 9.992188     -0.360086 -0.932919 0.932919 -0.360086     24.471308 24.471308 3.194109
205.949997 329.527283     49.203125 28.390625 28.992188     -0.716968 0.697106 -0.697106 -0.716968     40.585679 40.585679 4.654931
123.061325 74.953926     125.640625 9.984375 69.031250     -0.426744 -0.904373 0.904373 -0.426744     70.829535 70.829535 4.884546
292.869446 144.738876     163.406250 -95.029297 75.082642     -0.515290 -0.857016 0.857016 -0.515290     43.968082 43.968082 1.934099
292.869446 144.738876     135.046875 13.312500 70.523438     -0.515290 -0.857016 0.857016 -0.515290     43.968082 43.968082 3.753059
197.560471 97.300888     160.593750 -87.601562 73.919067     -0.992810 -0.119704 0.119704 -0.992810     11.965089 11.965089 4.545327
197.560471 97.300888     277.953125 -150.359375 107.063477     -0.992810 -0.119704 0.119704 -0.992810     11.965089 11.965089 6.417269
213.537216 327.352570     141.687500 16.375000 71.015625     -0.841833 0.539738 -0.539738 -0.841833     42.911588 42.911588 1.296362
213.537216 327.352570     158.500000 -83.488281 77.568481     -0.841833 0.539738 -0.539738 -0.841833     42.911588 42.911588 4.525909
296.924744 137.438309     262.765625 -133.304688 107.007812     -0.514118 -0.857719 0.857719 -0.514118     78.902707 78.902707 3.518290
216.217773 326.541016     168.812500 -93.884766 90.918823     -0.853730 0.520717 -0.520717 -0.853730     43.733778 43.733778 1.294319
216.217773 326.541016     148.343750 23.265625 74.960938     -0.853730 0.520717 -0.520717 -0.853730     43.733778 43.733778 4.520075
90.222221 148.617966     33.370682 25.125732 148.218750     -0.432183 -0.901786 0.901786 -0.432183     36.573850 36.573850 1.524158
233.357666 343.530426     21.437500 3.718750 16.401638     -0.810630 0.585559 -0.585559 -0.810630     10.869009 10.869009 4.700514
228.777985 352.617828     1052.984375 -661.500000 949.968750     -0.720003 0.693971 -0.693971 -0.720003     21.320613 21.320613 1.538855
215.343323 327.093048     219.843750 49.640625 13615.015625     -0.848047 0.529920 -0.529920 -0.848047     44.651571 44.651571 1.392882
215.343323 327.093048     119.070312 -19.666992 77.687500     -0.848047 0.529920 -0.529920 -0.848047     44.651571 44.651571 4.559276
471.409668 112.370964     14.468750 -11.160156 745.134399     -0.377202 -0.926131 0.926131 -0.377202     13.362341 13.362341 2.253457
471.409668 112.370964     135.000000 -23.294922 85.387695     -0.377202 -0.926131 0.926131 -0.377202     13.362341 13.362341 4.121569
475.752014 175.048523     1.257812 59.746094 4358.953125     -0.269613 -0.962969 0.962969 -0.269613     14.099644 14.099644 1.718348
59.666668 42.346848     15.156250 -21.449219 1743.720947     -0.321867 -0.946785 0.946785 -0.321867     14.268571 14.268571 2.685040
59.666668 42.346848     6.718750 -7.234375 246.265625     -0.321867 -0.946785 0.946785 -0.321867     14.268571 14.268571 4.741968
274.709259 328.385468     461.500000 -38.359375 7451.031250     -0.865390 0.501099 -0.501099 -0.865390     19.766971 19.766971 1.510983
274.709259 328.385468     25.000000 -1.966309 15.207733     -0.865390 0.501099 -0.501099 -0.865390     19.766971 19.766971 6.239974
315.758850 129.031342     8.765625 -16.875000 291.046875     -0.795550 -0.605888 0.605888 -0.795550     119.819465 119.819465 0.661131
315.758850 129.031342     5721.375000 -2921.703125 16898.507812     -0.795550 -0.605888 0.605888 -0.795550     119.819465 119.819465 3.902053
593.519043 382.114410     61.156250 -7.656250 66.781250     -0.986562 -0.163388 0.163388 -0.986562     14.797508 14.797508 0.828038
593.519043 382.114410     636.968750 -1549.140625 22593.335938     -0.986562 -0.163388 0.163388 -0.986562     14.797508 14.797508 3.909598
225.286118 336.442200     1.367188 61.675781 4825.593750     -0.859629 0.510918 -0.510918 -0.859629     81.182835 81.182835 1.259045
225.286118 336.442200     10440.070312 -669.132812 18327.757812     -0.859629 0.510918 -0.510918 -0.859629     81.182835 81.182835 4.505741
459.118530 403.330872     7.062500 -1.367188 87.968750     -0.721655 0.692253 -0.692253 -0.721655     4.532423 4.532423 4.690750
509.973694 375.601959     128.210938 3.306641 16.240234     -0.988587 0.150650 -0.150650 -0.988587     22.886663 22.886663 5.468026
186.471359 427.356781     11183.234375 -188.781250 18143.867188     0.348522 -0.937301 0.937301 0.348522     38.372070 38.372070 1.513018
186.471359 427.356781     1.550781 0.906250 18742.609375     0.348522 -0.937301 0.937301 0.348522     38.372070 38.372070 3.890123
593.364624 381.555542     1.705078 5.664062 19069.710938     -0.979977 -0.199110 0.199110 -0.979977     15.021269 15.021269 0.813399
593.364624 381.555542     27.656250 10.901855 33.790234     -0.979977 -0.199110 0.199110 -0.979977     15.021269 15.021269 3.894296
477.993256 144.196579     82.656250 11.724121 69.477478     -0.155111 -0.987897 0.987897 -0.155111     33.622112 33.622112 1.637265
577.548584 358.785156     63.031250 2.089844 14.224609     -0.934545 -0.355844 0.355844 -0.934545     19.140521 19.140521 4.767536
493.332214 410.302002     3.314453 9.628906 19833.000000     0.574827 -0.818275 0.818275 0.574827     19.889630 19.889630 1.588731
493.332214 410.302002     20.075195 14.015625 50.187500     0.574827 -0.818275 0.818275 0.574827     19.889630 19.889630 1.939755
479.991943 136.036804     39.406250 21.140625 58.183594     -0.181045 -0.983475 0.983475 -0.181045     43.020488 43.020488 1.652385
325.840668 136.086823     105.280426 -37.266891 77.848679     -0.759561 -0.650436 0.650436 -0.759561     120.233807 120.233807 0.739100
325.840668 136.086823     40.272713 15.292969 85.687500     -0.759561 -0.650436 0.650436 -0.759561     120.233807 120.233807 5.489583
253.198486 456.796478     68.799057 55.545410 194.468750     -0.770884 0.636976 -0.636976 -0.770884     21.963117 21.963117 4.651679
249.296158 439.399994     180.683197 -67.740448 138.875488     -0.771839 0.635817 -0.635817 -0.771839     13.498814 13.498814 4.684114
375.834656 35.695538     121.004791 42.590332 213.984375     -0.981748 -0.190188 0.190188 -0.981748     15.225687 15.225687 4.598627
288.039276 227.407852     208.661072 -124.448822 393.227539     -0.375375 -0.926873 0.926873 -0.375375     11.271870 11.271870 1.554726
360.757965 326.784576     166.800232 52.113281 485.843750     -0.835252 0.549868 -0.549868 -0.835252     20.606721 20.606721 1.386802
481.586792 121.644638     203.451416 134.756836 858.109375     -0.284937 -0.958546 0.958546 -0.284937     61.695718 61.695718 1.652964
584.750000 378.121277     154.562500 -342.484375 1152.355469     -0.958002 -0.286761 0.286761 -0.958002     16.271290 16.271290 1.522221
584.750000 378.121277     1453.207031 858.972656 3726.593750     -0.958002 -0.286761 0.286761 -0.958002     16.271290 16.271290 2.371453
252.671829 436.978333     2428.488281 -148.195312 1338.406250     -0.790317 0.612698 -0.612698 -0.790317     12.854245 12.854245 4.689152
289.182800 406.802856     158.421875 36.328125 18.187500     -0.793142 0.609036 -0.609036 -0.793142     12.742191 12.742191 4.706385
252.730560 436.641663     165.421875 35.546875 18.937500     -0.788990 0.614406 -0.614406 -0.788990     13.916594 13.916594 4.680925
338.902344 232.057236     62.156250 31.937500 77.703125     -0.893758 -0.448549 0.448549 -0.893758     8.186801 8.186801 4.636237
343.750000 391.618408     13.064453 50.075195 259.380859     -0.362046 -0.932160 0.932160 -0.362046     23.256089 23.256089 1.400860
473.509979 110.055023     120.453125 -8.265625 67.578125     -0.461238 -0.887276 0.887276 -0.461238     98.658752 98.658752 1.553566
424.244354 230.579193     1.750000 6.937500 198.467285     -0.309386 -0.950937 0.950937 -0.309386     22.327908 22.327908 1.494727
600.251892 161.027435     13.156250 -0.656250 34.765625     -0.982183 -0.187925 0.187925 -0.982183     8.498981 8.498981 1.550498
598.928223 160.670410     207.539062 -28.628906 7631.718750     -0.982031 -0.188717 0.188717 -0.982031     9.845821 9.845821 1.556734
598.928223 160.670410     190.328125 37.812500 20.531250     -0.982031 -0.188717 0.188717 -0.982031     9.845821 9.845821 2.981262
552.535706 183.010712     1.906250 6.705078 229.871338     -0.819923 0.572474 -0.572474 -0.819923     17.104697 17.104697 1.659997
552.535706 183.010712     14.399902 52.309570 274.539062     -0.819923 0.572474 -0.572474 -0.819923     17.104697 17.104697 4.918601
531.432068 164.832748     150.609375 -31.109375 83.203125     -0.662114 -0.749403 0.749403 -0.662114     21.574733 21.574733 0.727793
531.432068 164.832748     1609.750000 982.796875 4304.962891     -0.662114 -0.749403 0.749403 -0.662114     21.574733 21.574733 3.881542
597.540955 160.185791     2.140625 5.039062 248.749268     -0.984328 -0.176345 0.176345 -0.984328     13.532256 13.532256 1.532704
597.540955 160.185791     215.859375 42.296875 22.546875     -0.984328 -0.176345 0.176345 -0.984328     13.532256 13.532256 3.123899
541.210693 172.390549     15.166016 53.207031 281.259766     -0.722329 -0.691550 0.691550 -0.722329     39.918093 39.918093 1.628919
567.043091 184.311005     379.031250 59.718750 27.828125     0.678078 -0.734990 0.734990 0.678078     8.697133 8.697133 4.832928
407.542938 91.131905     259.750000 -12.906250 58.687500     -0.865278 0.501293 -0.501293 -0.865278     12.265377 12.265377 1.601398
407.542938 91.131905     22.031250 22.781250 89.718750     -0.865278 0.501293 -0.501293 -0.865278     12.265377 12.265377 4.811702
560.344177 167.648132     18.890625 -15.507812 43.226562     -0.997999 0.063230 -0.063230 -0.997999     55.777356 55.777356 1.533061
559.513916 190.605560     96.062500 -3.625000 76.296875     -0.752605 0.658473 -0.658473 -0.752605     10.714843 10.714843 1.647125
559.513916 190.605560     19.650879 59.866211 311.433594     -0.752605 0.658473 -0.658473 -0.752605     10.714843 10.714843 4.550154
527.596863 37.181252     35.953125 10.125000 106.359375     -0.807403 0.590000 -0.590000 -0.807403     12.029706 12.029706 1.666506
413.625305 90.565216     141.140625 -38.656250 159.328125     -0.861745 0.507342 -0.507342 -0.861745     18.777484 18.777484 1.612703
413.625305 90.565216     3.828125 8.986328 245.182617     -0.861745 0.507342 -0.507342 -0.861745     18.777484 18.777484 4.813111
455.025848 306.943970     5.281250 10.126953 230.979980     -0.822346 -0.568987 0.568987 -0.822346     12.079899 12.079899 2.751759
455.025848 306.943970     1633.515625 961.380859 5063.154297     -0.822346 -0.568987 0.568987 -0.822346     12.079899 12.079899 4.787506
527.632202 36.641380     24.972656 72.291016 521.404297     -0.822539 0.568708 -0.568708 -0.822539     13.336224 13.336224 1.671727
465.912445 292.815674     295.390625 -35.750000 78.312500     -0.994753 -0.102308 0.102308 -0.994753     13.980092 13.980092 0.810601
414.405243 90.482880     6.828125 12.568359 241.967041     -0.861781 0.507281 -0.507281 -0.861781     19.118513 19.118513 1.606221
414.405243 90.482880     15.718750 -28.984375 197.265625     -0.861781 0.507281 -0.507281 -0.861781     19.118513 19.118513 4.807371
455.907135 307.085724     61.437500 -121.015625 309.609375     -0.817109 -0.576483 0.576483 -0.817109     13.471591 13.471591 2.748431
455.907135 307.085724     218.203125 7.843750 7559.005859     -0.817109 -0.576483 0.576483 -0.817109     13.471591 13.471591 4.783885
527.022949 35.803886     131.937500 -5.218750 81.500000     -0.835514 0.549469 -0.549469 -0.835514     15.858591 15.858591 1.689218
464.179230 302.298706     9.875000 14.826172 235.974121     -0.985659 -0.168748 0.168748 -0.985659     36.922463 36.922463 3.559921
527.067993 35.336941     368.390625 60.046875 34.000000     -0.843040 0.537851 -0.537851 -0.843040     17.108867 17.108867 1.689411
465.345184 302.855499     35.692383 77.899414 507.144531     -0.980916 -0.194432 0.194432 -0.980916     37.076480 37.076480 3.538337
527.622070 35.666206     39.578125 5.968750 109.859375     -0.849534 0.527534 -0.527534 -0.849534     19.882292 19.882292 1.709989
414.958862 90.502060     159.796875 -67.062500 188.265625     -0.864311 0.502957 -0.502957 -0.864311     19.905474 19.905474 1.608042
414.958862 90.502060     2845.808594 -160.046875 1389.812500     -0.864311 0.502957 -0.502957 -0.864311     19.905474 19.905474 4.804884
465.906921 303.252319     348.156250 -41.671875 82.093750     -0.976553 -0.215276 0.215276 -0.976553     36.945478 36.945478 3.533866
528.230347 36.547592     47.890625 1.937500 39.742188     -0.847395 0.530963 -0.530963 -0.847395     22.614982 22.614982 1.736869
416.034790 91.764008     12.515625 16.347656 235.002930     -0.867306 0.497775 -0.497775 -0.867306     24.852056 24.852056 1.618941
416.034790 91.764008     270.132812 -191.760742 150.561523     -0.867306 0.497775 -0.497775 -0.867306     24.852056 24.852056 4.800628
418.595337 133.827911     64.085938 -124.906250 314.812500     -0.890003 0.455954 -0.455954 -0.890003     8.488060 8.488060 1.582141
419.711853 134.027115     16.359375 16.937500 236.572021     -0.893103 0.449851 -0.449851 -0.893103     10.067146 10.067146 1.586950
528.875244 36.189217     2122.097656 790.667969 14809.062500     -0.831617 0.555349 -0.555349 -0.831617     23.906448 23.906448 1.750040
465.785248 302.848969     4.031250 -6.109375 249.578125     -0.960346 -0.278810 0.278810 -0.960346     37.164229 37.164229 3.430439
529.790161 35.536674     20.187500 -32.687500 187.734375     -0.819036 0.573742 -0.573742 -0.819036     26.457465 26.457465 1.768178
554.315613 248.464539     454.781250 90.656250 173.390625     -0.958787 0.284125 -0.284125 -0.958787     10.429961 10.429961 5.009471
