1.0
985
332.438934 164.750107     1799.476562 450.812500 721.201172     -0.939986 -0.341212 0.341212 -0.939986     106.256969 106.256969 4.531298
333.701904 168.411850     2006.125000 639.695312 1032.291016     -0.896012 -0.444031 0.444031 -0.896012     120.351340 120.351340 4.450491
319.701172 97.705917     2250.843750 1021.101562 2147.523438     -0.996052 -0.088777 0.088777 -0.996052     51.600220 51.600220 1.516977
319.701172 97.705917     2930.414062 264.953125 190.277344     -0.996052 -0.088777 0.088777 -0.996052     51.600220 51.600220 4.743332
336.921204 180.228683     2257.445312 945.468750 3639.121094     -0.724751 -0.689011 0.689011 -0.724751     154.368763 154.368763 4.205267
319.434265 96.866951     2509.226562 1058.570312 5367.707031     -0.995442 -0.095369 0.095369 -0.995442     57.784850 57.784850 1.512593
319.434265 96.866951     2625.976562 1003.605469 6134.554688     -0.995442 -0.095369 0.095369 -0.995442     57.784850 57.784850 4.738391
336.552368 196.668243     1308.632812 83.395508 380.671143     -0.452785 -0.891620 0.891620 -0.452785     189.711926 189.711926 3.934880
262.527557 194.716537     156.671875 -47.756958 27.368824     -0.642002 -0.766703 0.766703 -0.642002     17.088171 17.088171 1.453686
262.527557 194.716537     30.234375 -21.234375 47.234375     -0.642002 -0.766703 0.766703 -0.642002     17.088171 17.088171 5.493762
262.196442 194.496429     181.550781 -49.787598 26.067493     -0.662202 -0.749325 0.749325 -0.662202     17.474238 17.474238 1.460749
262.196442 194.496429     32.820312 -25.421875 62.078125     -0.662202 -0.749325 0.749325 -0.662202     17.474238 17.474238 5.499647
359.688965 447.260864     48.078125 -43.062500 101.812500     0.587255 -0.809402 0.809402 0.587255     16.606537 16.606537 4.071273
360.337952 446.326874     2931.601562 270.945312 16319.441406     0.560524 -0.828138 0.828138 0.560524     17.922168 17.922168 4.107034
360.906464 445.194244     68.859375 21.375000 26.171875     0.500619 -0.865668 0.865668 0.500619     19.154754 19.154754 4.151713
361.725952 444.085785     58.601562 26.101562 32.734375     0.501224 -0.865317 0.865317 0.501224     20.204377 20.204377 4.153200
362.724091 442.427063     44.072266 24.898438 47.843750     0.488764 -0.872416 0.872416 0.488764     21.402026 21.402026 4.194157
261.877808 194.205795     21.566406 4.937500 55.890625     -0.667472 -0.744635 0.744635 -0.667472     18.190961 18.190961 1.471644
261.877808 194.205795     80.320312 58.937500 94.109375     -0.667472 -0.744635 0.744635 -0.667472     18.190961 18.190961 5.532327
363.239685 441.558716     57.906250 50.437500 64.312500     0.485111 -0.874453 0.874453 0.485111     22.131945 22.131945 4.199075
266.680450 222.725571     65.484375 -13.234375 53.734375     -0.914136 -0.405407 0.405407 -0.914136     13.107240 13.107240 1.390821
266.680450 222.725571     15.615234 8.546875 52.882812     -0.914136 -0.405407 0.405407 -0.914136     13.107240 13.107240 4.516467
211.272278 451.331696     57.156250 -14.203125 96.296875     -0.849704 -0.527261 0.527261 -0.849704     18.299987 18.299987 1.049239
211.272278 451.331696     40.250000 -32.781250 51.453125     -0.849704 -0.527261 0.527261 -0.849704     18.299987 18.299987 1.634888
144.781555 447.354370     18.366211 12.097656 76.625000     -0.679882 -0.733322 0.733322 -0.679882     20.615827 20.615827 0.963339
144.781555 447.354370     42.437500 52.207031 89.703125     -0.679882 -0.733322 0.733322 -0.679882     20.615827 20.615827 1.614124
182.833328 337.018524     128.781250 5.250000 13.078125     -0.139609 -0.990207 0.990207 -0.139609     20.557796 20.557796 2.774287
182.833328 337.018524     57.421875 52.296875 116.187500     -0.139609 -0.990207 0.990207 -0.139609     20.557796 20.557796 5.546654
207.441269 447.444458     77.863281 54.359375 106.906250     -0.664760 -0.747057 0.747057 -0.664760     23.758744 23.758744 1.523361
207.441269 447.444458     48.093750 29.718750 30.781250     -0.664760 -0.747057 0.747057 -0.664760     23.758744 23.758744 2.256579
429.888336 324.713593     19.738281 -9.921875 129.531250     -0.684332 -0.729170 0.729170 -0.684332     14.630376 14.630376 4.481179
444.291840 379.560303     249.359375 168.546875 191.062500     -0.934741 -0.355330 0.355330 -0.934741     23.096912 23.096912 0.842711
444.291840 379.560303     54.406250 22.507812 76.343750     -0.934741 -0.355330 0.355330 -0.934741     23.096912 23.096912 1.186796
408.397858 413.924744     68.875000 30.125000 58.828125     -0.838373 0.545097 -0.545097 -0.838373     30.230351 30.230351 5.230263
161.801880 313.863220     35.140625 17.718750 42.304688     -0.213370 -0.976972 0.976972 -0.213370     16.685600 16.685600 0.284954
161.801880 313.863220     108.328125 9.390625 87.843750     -0.213370 -0.976972 0.976972 -0.213370     16.685600 16.685600 1.966014
212.630981 454.843201     41.781250 -29.593750 51.664062     -0.593204 -0.805052 0.805052 -0.593204     24.559352 24.559352 1.707630
200.163940 329.437164     31.239990 7.492188 26.375000     -0.623533 -0.781797 0.781797 -0.623533     15.644322 15.644322 1.266596
200.163940 329.437164     31.982422 18.160156 64.078125     -0.623533 -0.781797 0.781797 -0.623533     15.644322 15.644322 1.712553
408.866058 408.470978     121.386719 37.679688 61.781250     0.308770 -0.951137 0.951137 0.308770     32.619710 32.619710 2.782874
456.736359 319.331818     51.232422 22.507812 57.765625     0.644812 -0.764341 0.764341 0.644812     15.970352 15.970352 1.714940
146.445419 287.615723     17.095703 10.117188 53.804688     -0.542038 -0.840354 0.840354 -0.542038     13.321357 13.321357 1.634871
399.848694 454.190796     131.437500 75.093750 52.406250     -0.998976 -0.045235 0.045235 -0.998976     16.125074 16.125074 1.555929
399.848694 454.190796     22.328125 13.390625 108.882812     -0.998976 -0.045235 0.045235 -0.998976     16.125074 16.125074 4.829489
214.478775 417.070740     37.015625 4.484375 29.750000     -0.505060 -0.863084 0.863084 -0.505060     23.304070 23.304070 1.085735
214.478775 417.070740     24.121094 31.496094 82.906250     -0.505060 -0.863084 0.863084 -0.505060     23.304070 23.304070 3.927871
185.570328 336.608704     48.510742 64.324219 158.359375     -0.609061 -0.793123 0.793123 -0.609061     27.044659 27.044659 1.651857
185.570328 336.608704     59.882812 44.273438 56.789062     -0.609061 -0.793123 0.793123 -0.609061     27.044659 27.044659 2.574844
530.679443 447.511963     18.812500 7.265625 120.703125     -0.799891 -0.600145 0.600145 -0.799891     13.107093 13.107093 2.291022
530.679443 447.511963     87.500000 37.078125 96.265625     -0.799891 -0.600145 0.600145 -0.799891     13.107093 13.107093 5.068355
175.687714 417.495026     50.710938 38.351562 48.171875     -0.714897 0.699229 -0.699229 -0.714897     17.369771 17.369771 1.235857
175.687714 417.495026     297.474609 100.132812 78.453125     -0.714897 0.699229 -0.699229 -0.714897     17.369771 17.369771 1.778040
430.557373 324.643433     107.138672 -13.449219 166.125000     -0.702925 -0.711264 0.711264 -0.702925     16.424029 16.424029 4.458781
178.490860 386.301819     86.031250 31.921875 72.203125     -0.530057 -0.847962 0.847962 -0.530057     28.580041 28.580041 1.561748
178.490860 386.301819     28.902344 14.937500 33.609375     -0.530057 -0.847962 0.847962 -0.530057     28.580041 28.580041 2.079110
443.000000 377.589111     49.718750 13.453125 42.390625     -0.763047 -0.646343 0.646343 -0.763047     25.971900 25.971900 0.202674
443.000000 377.589111     81.906250 41.062500 64.562500     -0.763047 -0.646343 0.646343 -0.763047     25.971900 25.971900 1.508390
444.184692 302.842346     69.000000 -0.437500 27.421875     -0.633186 -0.774000 0.774000 -0.633186     20.446774 20.446774 0.455098
444.184692 302.842346     70.267578 10.687500 28.687500     -0.633186 -0.774000 0.774000 -0.633186     20.446774 20.446774 2.619786
411.845764 410.103882     46.921875 15.734375 35.734375     -0.931956 -0.362571 0.362571 -0.931956     41.289895 41.289895 4.425619
456.754028 319.713715     77.220703 29.496094 74.781250     0.646261 -0.763117 0.763117 0.646261     18.400102 18.400102 1.645381
456.754028 319.713715     7.139648 2.304688 125.625000     0.646261 -0.763117 0.763117 0.646261     18.400102 18.400102 4.995793
52.009998 421.019989     93.671875 29.664062 42.734375     -0.808951 -0.587876 0.587876 -0.808951     20.587349 20.587349 3.081885
52.009998 421.019989     71.859375 -2.640625 27.562500     -0.808951 -0.587876 0.587876 -0.808951     20.587349 20.587349 3.830393
142.089630 443.740570     19.630859 11.500000 43.859375     -0.900099 -0.435685 0.435685 -0.900099     29.694113 29.694113 1.398030
142.089630 443.740570     76.812500 81.781250 177.968750     -0.900099 -0.435685 0.435685 -0.900099     29.694113 29.694113 3.602170
161.583603 394.337524     64.767578 92.433594 183.125000     -0.654360 -0.756184 0.756184 -0.654360     25.358369 25.358369 1.304905
161.583603 394.337524     29.759766 19.164062 42.984375     -0.654360 -0.756184 0.756184 -0.654360     25.358369 25.358369 1.730438
161.886078 313.822784     62.562500 64.968750 104.539062     -0.249231 -0.968444 0.968444 -0.249231     17.130777 17.130777 1.808940
161.886078 313.822784     27.534546 27.013672 71.507812     -0.249231 -0.968444 0.968444 -0.249231     17.130777 17.130777 2.446019
529.446533 328.911621     32.656250 3.718750 110.312500     -0.856060 -0.516876 0.516876 -0.856060     11.961695 11.961695 1.520613
529.446533 328.911621     36.771484 13.332031 48.593750     -0.856060 -0.516876 0.516876 -0.856060     11.961695 11.961695 4.765563
420.666656 342.344696     27.062500 11.484375 47.871094     -0.149473 -0.988766 0.988766 -0.149473     20.276903 20.276903 0.904930
420.666656 342.344696     11.827820 -3.399414 147.546875     -0.149473 -0.988766 0.988766 -0.149473     20.276903 20.276903 1.823026
461.114685 338.027527     33.234375 1.890625 64.429688     -0.902627 -0.430424 0.430424 -0.902627     23.646032 23.646032 3.784090
461.114685 338.027527     190.312500 70.656250 46.500000     -0.902627 -0.430424 0.430424 -0.902627     23.646032 23.646032 6.136347
138.014633 409.019501     91.578125 38.398438 64.179688     -0.398578 -0.917135 0.917135 -0.398578     14.535205 14.535205 5.145086
90.629410 322.202942     94.265625 48.828125 87.515625     -0.418716 -0.908117 0.908117 -0.418716     19.538525 19.538525 0.985589
90.629410 322.202942     145.921875 27.664062 92.171875     -0.418716 -0.908117 0.908117 -0.418716     19.538525 19.538525 1.799504
169.474182 289.934265     115.025391 17.730469 193.078125     -0.719346 -0.694652 0.694652 -0.719346     16.858783 16.858783 1.437794
169.474182 289.934265     66.031250 18.906250 18.968750     -0.719346 -0.694652 0.694652 -0.719346     16.858783 16.858783 4.709928
470.338165 415.751434     36.296875 18.484375 43.929688     -0.070771 -0.997493 0.997493 -0.070771     19.248752 19.248752 1.519948
470.338165 415.751434     20.375000 4.875000 114.484375     -0.070771 -0.997493 0.997493 -0.070771     19.248752 19.248752 2.171794
213.434891 371.337219     213.104492 7.242188 24.812500     -0.664309 -0.747458 0.747458 -0.664309     33.235037 33.235037 0.664418
619.160522 371.308655     585.468750 196.843750 94.523438     -0.794005 -0.607911 0.607911 -0.794005     17.977435 17.977435 1.296361
167.096161 458.735565     17.998703 29.149414 108.648438     -0.718709 -0.695311 0.695311 -0.718709     14.971438 14.971438 4.073921
130.789902 282.735352     115.187500 71.140625 77.031250     -0.932202 -0.361940 0.361940 -0.932202     28.308987 28.308987 1.565465
130.789902 282.735352     33.625000 7.429688 26.273438     -0.932202 -0.361940 0.361940 -0.932202     28.308987 28.308987 4.250654
184.382889 360.336212     41.532227 -3.976562 165.484375     0.028421 -0.999596 0.999596 0.028421     43.520128 43.520128 2.447487
184.382889 360.336212     36.062500 9.937500 24.843750     0.028421 -0.999596 0.999596 0.028421     43.520128 43.520128 2.835731
107.239998 425.750000     41.424316 58.707031 124.296875     -0.649755 -0.760144 0.760144 -0.649755     18.075268 18.075268 2.290851
107.239998 425.750000     42.435944 -2.795410 58.531250     -0.649755 -0.760144 0.760144 -0.649755     18.075268 18.075268 2.853973
529.557129 449.653564     107.623047 15.277344 138.687500     -0.794602 -0.607130 0.607130 -0.794602     25.500162 25.500162 0.326044
529.557129 449.653564     152.500000 81.687500 87.265625     -0.794602 -0.607130 0.607130 -0.794602     25.500162 25.500162 0.649523
444.145172 378.607513     18.640137 7.830078 45.812500     -0.776733 -0.629829 0.629829 -0.776733     25.162272 25.162272 0.546500
444.145172 378.607513     22.690063 -33.173828 213.984375     -0.776733 -0.629829 0.629829 -0.776733     25.162272 25.162272 3.542597
444.170441 254.079544     40.312500 -22.562500 49.281250     -0.999945 0.010521 -0.010521 -0.999945     23.562677 23.562677 4.786651
107.311539 368.284607     202.531250 34.937500 53.375000     -0.971948 -0.235195 0.235195 -0.971948     22.990246 22.990246 1.377821
107.311539 368.284607     49.496094 -29.476562 116.734375     -0.971948 -0.235195 0.235195 -0.971948     22.990246 22.990246 4.343265
120.647324 339.223206     104.593750 4.281250 47.007812     -0.019440 -0.999811 0.999811 -0.019440     11.986260 11.986260 1.374348
120.647324 339.223206     36.529297 22.691406 194.195312     -0.019440 -0.999811 0.999811 -0.019440     11.986260 11.986260 4.417856
441.979004 275.991608     233.640625 34.640625 112.007812     -0.908685 -0.417483 0.417483 -0.908685     24.277337 24.277337 4.518139
458.783783 338.432434     52.805176 20.087891 51.609375     -0.998240 0.059297 -0.059297 -0.998240     23.557679 23.557679 4.443242
208.341080 356.279083     15.281250 2.390625 120.765625     -0.345342 -0.938477 0.938477 -0.345342     31.661915 31.661915 0.461556
208.341080 356.279083     142.924805 97.262207 124.132812     -0.345342 -0.938477 0.938477 -0.345342     31.661915 31.661915 2.593464
135.156952 343.008972     40.484375 -8.398438 44.218750     -0.370638 -0.928777 0.928777 -0.370638     17.452615 17.452615 2.013734
135.156952 343.008972     27.220947 26.019531 73.796875     -0.370638 -0.928777 0.928777 -0.370638     17.452615 17.452615 6.068539
212.160690 414.252991     58.656250 83.640625 143.304688     -0.486831 -0.873496 0.873496 -0.486831     25.148857 25.148857 1.082268
212.160690 414.252991     104.933594 6.003906 113.132812     -0.486831 -0.873496 0.873496 -0.486831     25.148857 25.148857 1.888516
141.073105 415.076019     82.503906 28.597656 73.484375     -0.480005 -0.877266 0.877266 -0.480005     16.952290 16.952290 2.386085
141.073105 415.076019     40.955078 64.324219 150.921875     -0.480005 -0.877266 0.877266 -0.480005     16.952290 16.952290 5.280568
165.000000 265.221161     73.031250 45.203125 121.843750     -0.580445 -0.814299 0.814299 -0.580445     18.055789 18.055789 0.388954
165.000000 265.221161     20.140625 3.453125 49.734375     -0.580445 -0.814299 0.814299 -0.580445     18.055789 18.055789 1.359371
89.478264 323.828491     40.562500 -6.875000 54.554688     -0.361259 -0.932465 0.932465 -0.361259     26.287545 26.287545 0.766777
89.478264 323.828491     7.717773 -0.308594 135.601562     -0.361259 -0.932465 0.932465 -0.361259     26.287545 26.287545 1.407862
413.862427 404.663025     601.500000 204.828125 100.367188     -0.486453 -0.873707 0.873707 -0.486453     52.625558 52.625558 3.849276
486.755432 277.814240     118.156250 74.750000 84.546875     -0.588469 -0.808520 0.808520 -0.588469     17.588033 17.588033 1.893520
486.755432 277.814240     69.417969 -4.425781 176.558594     -0.588469 -0.808520 0.808520 -0.588469     17.588033 17.588033 5.017039
39.450497 317.306946     32.859375 9.523438 39.269531     -0.429389 -0.903120 0.903120 -0.429389     17.247901 17.247901 1.807476
39.450497 317.306946     796.398438 -116.613281 885.585938     -0.429389 -0.903120 0.903120 -0.429389     17.247901 17.247901 2.167407
471.157104 415.311707     81.046875 31.953125 28.445312     -0.047724 -0.998861 0.998861 -0.047724     25.645490 25.645490 1.948710
471.157104 415.311707     82.125000 27.312500 31.867188     -0.047724 -0.998861 0.998861 -0.047724     25.645490 25.645490 5.392653
141.203613 252.230774     48.655579 -37.127930 195.015625     -0.545287 -0.838249 0.838249 -0.545287     23.853782 23.853782 2.035459
141.203613 252.230774     371.800781 -16.671875 566.687500     -0.545287 -0.838249 0.838249 -0.545287     23.853782 23.853782 6.229625
464.327118 236.616821     26.843704 -16.206543 82.390625     -0.405340 -0.914166 0.914166 -0.405340     21.092637 21.092637 2.373571
464.327118 236.616821     173.529785 109.585938 227.289062     -0.405340 -0.914166 0.914166 -0.405340     21.092637 21.092637 3.717038
25.962500 443.758331     22.015137 10.105469 47.265625     0.025024 -0.999687 0.999687 0.025024     15.420448 15.420448 1.578517
492.496063 349.460632     443.718750 174.640625 184.039062     -0.060275 -0.998182 0.998182 -0.060275     25.897572 25.897572 2.180980
492.496063 349.460632     95.750000 60.007812 98.066406     -0.060275 -0.998182 0.998182 -0.060275     25.897572 25.897572 5.489675
540.719299 376.224548     93.788086 -56.541016 255.546875     -0.925548 -0.378630 0.378630 -0.925548     18.876127 18.876127 4.126877
447.351349 257.305420     36.812500 9.859375 34.515625     -0.817319 -0.576185 0.576185 -0.817319     27.413068 27.413068 4.344993
425.279602 447.277679     42.937500 6.390625 28.281250     -0.731080 -0.682292 0.682292 -0.731080     29.144579 29.144579 0.904770
425.279602 447.277679     56.125000 -31.890625 46.289062     -0.731080 -0.682292 0.682292 -0.731080     29.144579 29.144579 1.276078
503.510651 432.587219     84.625000 63.687500 129.273438     -0.943280 -0.331998 0.331998 -0.943280     15.791393 15.791393 0.775043
503.510651 432.587219     225.187500 52.218750 77.257812     -0.943280 -0.331998 0.331998 -0.943280     15.791393 15.791393 1.529472
444.288605 302.906494     34.365784 32.699707 81.859375     -0.631585 -0.775307 0.775307 -0.631585     20.738624 20.738624 2.599373
444.288605 302.906494     36.156250 -3.937500 20.234375     -0.631585 -0.775307 0.775307 -0.631585     20.738624 20.738624 3.213303
544.082153 310.896423     105.937500 68.140625 69.125000     -0.051594 -0.998668 0.998668 -0.051594     20.186471 20.186471 2.261672
544.082153 310.896423     28.312500 -5.656250 42.476562     -0.051594 -0.998668 0.998668 -0.051594     20.186471 20.186471 5.367057
117.728851 368.112793     533.156250 248.203125 205.117188     -0.999263 -0.038378 0.038378 -0.999263     22.289476 22.289476 1.417246
117.728851 368.112793     73.281250 56.687500 87.515625     -0.999263 -0.038378 0.038378 -0.999263     22.289476 22.289476 2.059065
532.442078 328.713013     33.906250 4.093750 69.781250     -0.943437 -0.331552 0.331552 -0.943437     22.655445 22.655445 1.365760
532.442078 328.713013     165.741974 114.221191 143.406250     -0.943437 -0.331552 0.331552 -0.943437     22.655445 22.655445 4.309602
617.877808 371.411591     42.281250 -22.062500 48.859375     -0.793417 -0.608678 0.608678 -0.793417     21.324030 21.324030 1.370613
442.173065 201.822113     21.156250 16.164062 48.507812     -0.849541 -0.527523 0.527523 -0.849541     20.943123 20.943123 0.243218
442.173065 201.822113     56.250977 17.601562 25.125000     -0.849541 -0.527523 0.527523 -0.849541     20.943123 20.943123 2.082799
169.032394 289.708496     345.218750 133.562500 105.945312     -0.715656 -0.698453 0.698453 -0.715656     17.141559 17.141559 1.425326
169.032394 289.708496     9.205078 0.207031 133.984375     -0.715656 -0.698453 0.698453 -0.715656     17.141559 17.141559 1.842464
111.328644 425.337433     49.218750 52.734375 71.843750     0.032032 -0.999487 0.999487 0.032032     28.955947 28.955947 1.703964
111.328644 425.337433     216.259705 58.571289 112.085938     0.032032 -0.999487 0.999487 0.032032     28.955947 28.955947 2.144828
133.283112 285.179901     29.274902 17.857422 53.351562     -0.772425 -0.635106 0.635106 -0.772425     37.789108 37.789108 0.704995
133.283112 285.179901     46.781250 17.671875 78.875000     -0.772425 -0.635106 0.635106 -0.772425     37.789108 37.789108 3.915109
135.262924 333.069672     262.328979 -80.121094 262.562500     -0.124562 -0.992212 0.992212 -0.124562     22.297165 22.297165 1.654403
135.262924 333.069672     46.093750 7.953125 29.031250     -0.124562 -0.992212 0.992212 -0.124562     22.297165 22.297165 5.520076
82.218185 383.431824     48.613281 3.334961 27.488281     -0.460084 -0.887876 0.887876 -0.460084     14.927004 14.927004 1.658495
82.218185 383.431824     22.088745 2.766602 123.226562     -0.460084 -0.887876 0.887876 -0.460084     14.927004 14.927004 4.692466
84.011436 325.709137     242.625000 50.984375 74.921875     -0.378859 -0.925455 0.925455 -0.378859     45.306949 45.306949 0.394655
84.011436 325.709137     45.937500 32.640625 49.875000     -0.378859 -0.925455 0.925455 -0.378859     45.306949 45.306949 1.169498
494.707977 407.950409     112.874023 26.225586 78.125000     -0.827896 -0.560881 0.560881 -0.827896     25.425652 25.425652 0.202109
494.707977 407.950409     287.312500 146.406250 247.203125     -0.827896 -0.560881 0.560881 -0.827896     25.425652 25.425652 1.114385
58.203979 362.805969     49.793579 -4.948242 36.218750     -0.258448 -0.966025 0.966025 -0.258448     18.304159 18.304159 1.111688
58.203979 362.805969     157.656250 4.125000 71.609375     -0.258448 -0.966025 0.966025 -0.258448     18.304159 18.304159 3.619897
27.950138 437.576172     16.125000 -2.062500 35.218750     0.166152 -0.986100 0.986100 0.166152     18.608716 18.608716 1.528361
27.950138 437.576172     105.093750 36.843750 73.687500     0.166152 -0.986100 0.986100 0.166152     18.608716 18.608716 1.955606
534.718323 378.937622     118.843750 76.937500 87.671875     -0.976104 -0.217305 0.217305 -0.976104     30.386509 30.386509 0.154295
534.718323 378.937622     98.062500 4.031250 47.093750     -0.976104 -0.217305 0.217305 -0.976104     30.386509 30.386509 1.008422
142.342850 249.222855     138.562500 46.500000 111.910156     0.352198 -0.935926 0.935926 0.352198     27.886852 27.886852 5.101716
473.795013 351.864990     30.821045 -20.196289 53.906250     0.349946 -0.936770 0.936770 0.349946     12.076987 12.076987 1.833801
473.795013 351.864990     11218.921875 -552.242188 17627.156250     0.349946 -0.936770 0.936770 0.349946     12.076987 12.076987 4.452855
440.286224 365.979004     38.633240 34.938477 83.265625     -0.465321 -0.885142 0.885142 -0.465321     44.731299 44.731299 4.208394
492.469452 374.244263     30.453125 17.343750 82.835938     -0.711532 -0.702654 0.702654 -0.711532     23.728212 23.728212 0.945859
492.469452 374.244263     461.906250 267.734375 260.164062     -0.711532 -0.702654 0.702654 -0.711532     23.728212 23.728212 1.507227
437.613495 304.912354     36.750000 20.406250 56.742188     -0.997278 -0.073738 0.073738 -0.997278     30.748952 30.748952 4.804731
162.459396 253.213669     155.593750 122.953125 211.125000     -0.139674 -0.990197 0.990197 -0.139674     25.978883 25.978883 1.838377
162.459396 253.213669     94.281250 5.984375 16.972656     -0.139674 -0.990197 0.990197 -0.139674     25.978883 25.978883 2.525407
449.144318 327.228424     72.713867 8.699219 17.707031     -0.966677 -0.255999 0.255999 -0.966677     45.633231 45.633231 4.685059
83.376579 281.348114     39.130859 40.187500 70.375000     -0.717548 -0.696509 0.696509 -0.717548     25.499753 25.499753 0.288783
83.376579 281.348114     226.509521 40.489258 70.578125     -0.717548 -0.696509 0.696509 -0.717548     25.499753 25.499753 1.598262
594.926819 324.282227     37.687500 -9.468750 31.187500     -0.997900 0.064769 -0.064769 -0.997900     27.760391 27.760391 1.205322
594.926819 324.282227     31.535400 32.142578 99.332031     -0.997900 0.064769 -0.064769 -0.997900     27.760391 27.760391 4.098270
444.078857 200.043015     66.991638 -24.616211 239.875000     0.625689 -0.780073 0.780073 0.625689     26.141889 26.141889 1.415086
444.078857 200.043015     46.299805 15.261719 19.417969     0.625689 -0.780073 0.780073 0.625689     26.141889 26.141889 4.742280
39.343349 316.828339     65.031250 37.835938 78.378906     -0.408098 -0.912938 0.912938 -0.408098     17.767757 17.767757 1.729438
39.343349 316.828339     193.093750 42.859375 178.898438     -0.408098 -0.912938 0.912938 -0.408098     17.767757 17.767757 2.281477
618.984497 344.003876     163.312500 3.484375 72.109375     -0.523685 -0.851912 0.851912 -0.523685     12.109073 12.109073 1.787601
618.984497 344.003876     14559.578125 89.445312 17188.671875     -0.523685 -0.851912 0.851912 -0.523685     12.109073 12.109073 4.991220
140.181824 332.811584     37.906250 -2.562500 26.609375     -0.466956 -0.884280 0.884280 -0.466956     45.394975 45.394975 1.874380
140.181824 332.811584     176.250000 -38.046875 106.453125     -0.466956 -0.884280 0.884280 -0.466956     45.394975 45.394975 3.123163
82.921875 385.652344     30.691696 6.576660 21.203125     -0.418475 -0.908228 0.908228 -0.418475     15.138397 15.138397 1.280775
82.921875 385.652344     37.031250 10.671875 25.812500     -0.418475 -0.908228 0.908228 -0.418475     15.138397 15.138397 1.678389
441.308868 426.752899     82.812500 1.875000 12.609375     -0.114382 -0.993437 0.993437 -0.114382     19.994914 19.994914 1.934447
441.308868 426.752899     55.312500 -27.210938 69.160156     -0.114382 -0.993437 0.993437 -0.114382     19.994914 19.994914 4.708367
466.641449 234.253296     59.156250 -21.593750 99.250000     0.378647 -0.925541 0.925541 0.378647     27.648417 27.648417 1.712003
466.641449 234.253296     32.011719 15.833984 58.812500     0.378647 -0.925541 0.925541 0.378647     27.648417 27.648417 5.195545
120.681320 338.864471     65.185547 -20.533203 35.089844     0.002413 -0.999997 0.999997 0.002413     12.500793 12.500793 0.916641
120.681320 338.864471     39.625000 10.699219 52.061523     0.002413 -0.999997 0.999997 0.002413     12.500793 12.500793 1.369486
533.622681 329.594727     95.675781 40.123047 92.500000     -0.941868 -0.335983 0.335983 -0.941868     23.512642 23.512642 1.372527
533.622681 329.594727     93.250000 10.414062 108.767578     -0.941868 -0.335983 0.335983 -0.941868     23.512642 23.512642 4.397878
197.411316 198.559631     33.115234 -3.412109 33.757812     0.041203 -0.999151 0.999151 0.041203     37.443531 37.443531 6.113146
440.566681 225.350006     73.125000 35.078125 38.902344     -0.583538 -0.812086 0.812086 -0.583538     22.952713 22.952713 0.196449
440.566681 225.350006     102.218750 -20.593750 36.046875     -0.583538 -0.812086 0.812086 -0.583538     22.952713 22.952713 1.235777
130.770493 266.555786     58.468750 39.984375 61.093750     0.566930 -0.823766 0.823766 0.566930     120.423837 120.423837 5.520259
493.467224 261.196716     17.531250 32.468750 163.976562     -0.904299 -0.426900 0.426900 -0.904299     16.448661 16.448661 2.469009
493.467224 261.196716     167.812500 53.546875 54.406250     -0.904299 -0.426900 0.426900 -0.904299     16.448661 16.448661 4.618811
470.259918 297.682312     12.827564 10.546143 104.570312     -0.915717 -0.401823 0.401823 -0.915717     20.065302 20.065302 1.371394
470.259918 297.682312     106.734375 -13.140625 28.101562     -0.915717 -0.401823 0.401823 -0.915717     20.065302 20.065302 4.249131
88.941711 331.488007     57.937500 39.984375 62.433594     -0.617162 -0.786836 0.786836 -0.617162     42.111697 42.111697 0.159772
88.941711 331.488007     38.580078 3.662109 56.041504     -0.617162 -0.786836 0.786836 -0.617162     42.111697 42.111697 0.971044
57.808697 362.513031     53.625000 -7.531250 13.828125     -0.331127 -0.943586 0.943586 -0.331127     19.338948 19.338948 1.102221
57.808697 362.513031     224.937500 35.773438 44.167969     -0.331127 -0.943586 0.943586 -0.331127     19.338948 19.338948 3.668745
461.585693 271.467529     32.812500 -5.000000 27.980469     -0.893488 -0.449088 0.449088 -0.893488     44.150616 44.150616 4.527294
523.939758 237.153610     52.305664 -11.623047 28.939453     -0.700251 -0.713897 0.713897 -0.700251     27.331421 27.331421 2.247998
523.939758 237.153610     19.486328 18.781250 52.074219     -0.700251 -0.713897 0.713897 -0.700251     27.331421 27.331421 4.645203
52.411613 434.699341     39.531250 21.109375 29.898438     0.300344 -0.953831 0.953831 0.300344     39.226048 39.226048 1.558284
52.411613 434.699341     61.490723 -3.483398 20.602539     0.300344 -0.953831 0.953831 0.300344     39.226048 39.226048 4.784709
572.172119 438.753479     80.031250 5.390625 71.324219     -0.746893 -0.664944 0.664944 -0.746893     22.829697 22.829697 0.326918
572.172119 438.753479     79.758789 43.883301 100.629883     -0.746893 -0.664944 0.664944 -0.746893     22.829697 22.829697 3.329602
562.526855 413.985352     44.500000 34.046875 53.402344     -0.936395 -0.350948 0.350948 -0.936395     22.895286 22.895286 0.990266
562.526855 413.985352     179.875000 93.644531 76.690430     -0.936395 -0.350948 0.350948 -0.936395     22.895286 22.895286 1.689140
483.231781 316.149017     35.875000 2.984375 27.772461     -0.759082 0.650995 -0.650995 -0.759082     19.583753 19.583753 1.584351
483.231781 316.149017     135.093750 76.406250 81.494141     -0.759082 0.650995 -0.650995 -0.759082     19.583753 19.583753 4.688492
453.701141 331.912262     153.187500 91.933594 200.263672     -0.818158 -0.574994 0.574994 -0.818158     49.544701 49.544701 4.446605
118.592590 369.191925     10.525391 -0.382812 92.082520     -0.998844 -0.048061 0.048061 -0.998844     25.868018 25.868018 0.262058
118.592590 369.191925     29.687500 5.125000 24.231445     -0.998844 -0.048061 0.048061 -0.998844     25.868018 25.868018 0.693990
473.490387 378.841339     47.062988 3.151611 45.408569     0.474828 -0.880078 0.880078 0.474828     18.919475 18.919475 1.966378
473.490387 378.841339     43.765625 10.429688 81.421387     0.474828 -0.880078 0.880078 0.474828     18.919475 18.919475 4.704902
547.951904 312.735382     27.890381 -22.564209 149.599854     -0.578449 -0.815719 0.815719 -0.578449     28.268604 28.268604 2.583987
547.951904 312.735382     63.140625 -5.775391 24.404427     -0.578449 -0.815719 0.815719 -0.578449     28.268604 28.268604 6.177379
532.256775 279.006744     89.945312 -1.565430 25.681824     -0.953133 -0.302552 0.302552 -0.953133     35.054417 35.054417 0.409006
532.256775 279.006744     47.765625 20.396973 27.223877     -0.953133 -0.302552 0.302552 -0.953133     35.054417 35.054417 1.124085
596.965820 381.431671     74.330078 -28.761475 29.030579     -0.793970 -0.607958 0.607958 -0.793970     18.525811 18.525811 0.841684
596.965820 381.431671     50.419922 13.136108 36.483673     -0.793970 -0.607958 0.607958 -0.793970     18.525811 18.525811 1.992405
517.210510 258.057007     73.312500 57.726562 62.161133     0.330626 -0.943762 0.943762 0.330626     23.091166 23.091166 1.460655
517.210510 258.057007     46.343750 1.824219 36.585938     0.330626 -0.943762 0.943762 0.330626     23.091166 23.091166 1.800827
529.562256 324.115417     41.281250 8.894531 24.728973     -0.880717 -0.473644 0.473644 -0.880717     38.086891 38.086891 0.231456
529.562256 324.115417     76.406250 -21.398438 41.769165     -0.880717 -0.473644 0.473644 -0.880717     38.086891 38.086891 3.755450
596.939209 423.861481     55.843750 11.758057 16.913231     -0.661599 -0.749858 0.749858 -0.661599     21.705632 21.705632 2.226083
492.478394 348.893677     16.562500 -12.476562 168.579102     -0.111955 -0.993713 0.993713 -0.111955     26.024257 26.024257 1.364660
492.478394 348.893677     19.312500 -78.093750 337.195312     -0.111955 -0.993713 0.993713 -0.111955     26.024257 26.024257 2.226098
605.217529 331.970276     31.906250 -157.023438 843.000000     -0.729813 -0.683647 0.683647 -0.729813     27.768379 27.768379 1.243960
442.661407 194.681717     110.812500 17.697266 190.258484     -0.245977 -0.969276 0.969276 -0.245977     28.955810 28.955810 3.557799
464.650726 202.397125     212.031250 -94.050781 240.981873     -0.420773 -0.907166 0.907166 -0.420773     16.631042 16.631042 1.851769
113.937500 241.067307     49.490067 22.357468 60.365311     -0.911699 -0.410858 0.410858 -0.911699     18.658917 18.658917 0.188311
113.937500 241.067307     113.562500 22.316406 47.276031     -0.911699 -0.410858 0.410858 -0.911699     18.658917 18.658917 1.214657
462.342560 231.870819     42.812500 15.902344 186.939453     -0.913019 -0.407917 0.407917 -0.913019     30.610772 30.610772 4.582845
120.900642 338.935883     41.625000 -34.808594 346.853516     -0.001659 -0.999999 0.999999 -0.001659     13.652688 13.652688 0.896808
120.900642 338.935883     55.031250 -281.484375 1582.078125     -0.001659 -0.999999 0.999999 -0.001659     13.652688 13.652688 1.365321
621.216614 326.488464     434.203857 45.049194 77.301620     -0.628591 -0.777736 0.777736 -0.628591     11.558214 11.558214 1.507864
621.216614 326.488464     18.339844 26.461670 77.569992     -0.628591 -0.777736 0.777736 -0.628591     11.558214 11.558214 1.966499
539.711914 356.701447     1240.156250 44.681641 56.767784     -0.804163 -0.594408 0.594408 -0.804163     24.504198 24.504198 1.181820
539.711914 356.701447     64.750000 -387.109375 2637.039062     -0.804163 -0.594408 0.594408 -0.804163     24.504198 24.504198 2.941302
57.143970 361.848236     34.138672 5.417236 139.250946     -0.469585 -0.882887 0.882887 -0.469585     20.012107 20.012107 0.282857
57.143970 361.848236     320.961914 -22.021240 120.649567     -0.469585 -0.882887 0.882887 -0.469585     20.012107 20.012107 1.371193
541.492981 421.273254     25.324707 10.116455 53.030762     -0.404815 -0.914398 0.914398 -0.404815     28.087245 28.087245 2.309845
541.492981 421.273254     425.661133 -51.278259 266.871216     -0.404815 -0.914398 0.914398 -0.404815     28.087245 28.087245 5.381294
563.189453 414.136566     54.750000 -18.542969 92.316162     -0.930445 -0.366431 0.366431 -0.930445     22.901030 22.901030 0.966186
563.189453 414.136566     2124.125000 589.888672 698.416626     -0.930445 -0.366431 0.366431 -0.930445     22.901030 22.901030 1.644255
75.213974 216.296936     74.781250 -13.257812 49.869751     -0.988331 -0.152320 0.152320 -0.988331     23.371556 23.371556 1.058746
75.213974 216.296936     75.707031 33.550537 76.302399     -0.988331 -0.152320 0.152320 -0.988331     23.371556 23.371556 3.697757
28.842491 238.054947     49.828125 -52.253906 529.325195     -0.027324 -0.999627 0.999627 -0.027324     21.113165 21.113165 1.604022
28.842491 238.054947     65.421875 -381.054688 2576.539062     -0.027324 -0.999627 0.999627 -0.027324     21.113165 21.113165 2.024080
565.974487 270.546753     1956.793945 -137.107544 268.719177     -0.809088 -0.587688 0.587688 -0.809088     27.350955 27.350955 2.722511
565.974487 270.546753     29.705078 -16.041992 83.403320     -0.809088 -0.587688 0.587688 -0.809088     27.350955 27.350955 6.350095
531.815125 279.133209     345.670349 -71.962646 187.055176     -0.962925 -0.269768 0.269768 -0.962925     35.041790 35.041790 0.297065
531.815125 279.133209     2506.181641 -178.327515 364.518799     -0.962925 -0.269768 0.269768 -0.962925     35.041790 35.041790 1.173872
605.045044 296.000000     128.312500 -768.765625 6949.765625     -0.685490 -0.728082 0.728082 -0.685490     17.547868 17.547868 1.662016
605.045044 296.000000     3023.781250 403.478516 750.821411     -0.685490 -0.728082 0.728082 -0.685490     17.547868 17.547868 2.402779
43.631756 265.398651     2898.945312 -332.147949 747.914551     -0.950805 0.309791 -0.309791 -0.950805     26.472286 26.472286 0.351889
43.631756 265.398651     55.218750 26.355469 67.727539     -0.950805 0.309791 -0.309791 -0.950805     26.472286 26.472286 1.142235
588.059082 385.146973     47.343750 -3.453125 52.725586     -0.998858 -0.047775 0.047775 -0.998858     38.027551 38.027551 0.378695
588.059082 385.146973     50.985352 -5.177734 59.613770     -0.998858 -0.047775 0.047775 -0.998858     38.027551 38.027551 0.804961
595.094055 447.732666     147.125000 -793.515625 6785.125000     0.106184 -0.994346 0.994346 0.106184     17.946342 17.946342 1.896737
595.094055 447.732666     100.718750 37.406250 30.383789     0.106184 -0.994346 0.994346 0.106184     17.946342 17.946342 5.202030
592.746582 424.529419     4006.031250 656.367188 1225.963867     -0.834291 -0.551325 0.551325 -0.834291     31.609107 31.609107 0.634267
592.746582 424.529419     3264.200684 -439.435547 1219.782227     -0.834291 -0.551325 0.551325 -0.834291     31.609107 31.609107 1.373175
450.423737 196.307495     47.406250 -22.054688 63.072266     -0.798591 -0.601874 0.601874 -0.798591     39.452572 39.452572 4.249377
37.111111 397.106476     99.870239 102.036621 156.976562     0.501897 -0.864928 0.864928 0.501897     19.667432 19.667432 1.441485
37.111111 397.106476     62.277344 -6.000000 24.785156     0.501897 -0.864928 0.864928 0.501897     19.667432 19.667432 4.753751
75.008080 208.660599     84.375000 56.343750 56.519531     -0.780566 -0.625074 0.625074 -0.780566     37.597495 37.597495 0.312491
75.008080 208.660599     239.937500 29.015625 89.406250     -0.780566 -0.625074 0.625074 -0.780566     37.597495 37.597495 1.453337
492.037842 187.441635     135.843750 11.062500 419.574219     -0.288298 -0.957541 0.957541 -0.288298     22.603815 22.603815 1.225387
492.037842 187.441635     5218.156250 -1293.785156 4742.797363     -0.288298 -0.957541 0.957541 -0.288298     22.603815 22.603815 1.707032
523.224670 179.863434     77.075851 24.102783 27.750000     -0.529193 -0.848502 0.848502 -0.529193     22.055989 22.055989 1.711378
523.224670 179.863434     3298.436523 -494.757324 2374.411133     -0.529193 -0.848502 0.848502 -0.529193     22.055989 22.055989 2.294619
565.560364 263.191315     50.369019 42.017822 126.281250     -0.624389 -0.781113 0.781113 -0.624389     34.066568 34.066568 2.233840
565.560364 263.191315     67.093750 2.828125 49.664062     -0.624389 -0.781113 0.781113 -0.624389     34.066568 34.066568 2.669984
507.879852 214.409897     82.373337 21.883301 27.359375     -0.997052 -0.076724 0.076724 -0.997052     18.285818 18.285818 1.108939
507.879852 214.409897     206.781250 123.359375 127.800781     -0.997052 -0.076724 0.076724 -0.997052     18.285818 18.285818 3.531693
125.702812 223.208832     3352.271484 -421.936035 2707.553223     -0.988292 -0.152571 0.152571 -0.988292     18.203630 18.203630 1.019755
125.702812 223.208832     135.281250 -3.906250 20.421875     -0.988292 -0.152571 0.152571 -0.988292     18.203630 18.203630 3.909718
67.686440 347.258484     62.422852 65.463867 151.386719     -0.564660 -0.825323 0.825323 -0.564660     15.350100 15.350100 4.434424
541.886658 421.259460     122.046875 19.910156 86.140625     -0.411992 -0.911188 0.911188 -0.411992     29.016695 29.016695 2.196959
597.365784 446.984436     134.468750 -29.281250 16.906250     -0.813832 0.581101 -0.581101 -0.813832     22.240437 22.240437 1.337561
597.365784 446.984436     67.316406 -23.375000 40.328125     -0.813832 0.581101 -0.581101 -0.813832     22.240437 22.240437 4.429382
52.764462 224.991730     53.976562 -16.625000 31.841797     -0.370372 -0.928884 0.928884 -0.370372     19.469588 19.469588 1.176899
52.764462 224.991730     142.437500 -2.343750 21.445312     -0.370372 -0.928884 0.928884 -0.370372     19.469588 19.469588 1.795763
81.594063 238.881195     40.651703 -22.658936 57.835938     -0.911296 -0.411751 0.411751 -0.911296     15.924063 15.924063 1.587290
81.594063 238.881195     133.468750 -43.156250 37.687500     -0.911296 -0.411751 0.411751 -0.911296     15.924063 15.924063 1.847716
513.869812 253.493073     62.200195 -0.177734 36.277344     -0.642765 -0.766064 0.766064 -0.642765     25.961941 25.961941 1.636031
513.869812 253.493073     293.319336 140.667969 145.230469     -0.642765 -0.766064 0.766064 -0.642765     25.961941 25.961941 2.551646
587.727417 385.002747     3557.880859 -432.629883 3551.106445     -0.999273 -0.038121 0.038121 -0.999273     38.177521 38.177521 0.886269
587.727417 385.002747     32.052979 11.962891 59.218750     -0.999273 -0.038121 0.038121 -0.999273     38.177521 38.177521 3.945608
585.801636 429.694366     23.737549 -4.300781 84.250000     -0.915412 0.402519 -0.402519 -0.915412     42.625100 42.625100 0.222238
585.801636 429.694366     76.507629 29.527344 48.406250     -0.915412 0.402519 -0.402519 -0.915412     42.625100 42.625100 1.055590
514.017944 195.439468     13.182068 1.979492 102.109375     -0.778802 -0.627269 0.627269 -0.778802     22.033866 22.033866 3.345025
514.017944 195.439468     65.406250 -17.828125 16.164062     -0.778802 -0.627269 0.627269 -0.778802     22.033866 22.033866 5.923034
606.525330 414.428558     263.437500 158.140625 160.679688     -0.855940 -0.517076 0.517076 -0.855940     19.802858 19.802858 2.361518
606.525330 414.428558     102.500000 9.187500 98.250000     -0.855940 -0.517076 0.517076 -0.855940     19.802858 19.802858 3.122542
576.623901 222.876068     31.504150 -2.389648 49.820312     -0.987040 -0.160475 0.160475 -0.987040     16.483280 16.483280 1.095395
576.623901 222.876068     130.500000 -1.992188 23.496094     -0.987040 -0.160475 0.160475 -0.987040     16.483280 16.483280 1.683062
622.852600 402.051788     356.156250 148.390625 129.390625     -0.999644 -0.026680 0.026680 -0.999644     15.947617 15.947617 1.577033
545.006287 204.987381     50.718750 10.609375 32.593750     0.613762 -0.789491 0.789491 0.613762     26.300304 26.300304 1.560342
545.006287 204.987381     167.312500 -20.500000 194.593750     0.613762 -0.789491 0.789491 0.613762     26.300304 26.300304 1.953759
526.198853 175.059662     31.851105 4.404297 46.125000     0.399769 -0.916616 0.916616 0.399769     31.736470 31.736470 1.623430
526.198853 175.059662     134.889648 80.193359 58.750000     0.399769 -0.916616 0.916616 0.399769     31.736470 31.736470 4.783041
113.508545 185.547012     43.343750 40.000000 132.476562     -0.420708 -0.907196 0.907196 -0.420708     22.350456 22.350456 2.240163
113.508545 185.547012     73.250000 -40.765625 48.429688     -0.420708 -0.907196 0.907196 -0.420708     22.350456 22.350456 6.227493
155.475357 158.492950     55.938599 9.177734 66.664062     -0.891940 0.452155 -0.452155 -0.891940     22.355927 22.355927 5.277145
155.475357 158.492950     4868.187500 68.273438 6436.876953     -0.891940 0.452155 -0.452155 -0.891940     22.355927 22.355927 6.163747
512.311035 125.167465     38.377930 44.738281 151.546875     -0.498755 -0.866743 0.866743 -0.498755     26.033301 26.033301 0.758397
512.311035 125.167465     322.343750 12.531250 441.406250     -0.498755 -0.866743 0.866743 -0.498755     26.033301 26.033301 2.699369
172.601196 138.736115     43.857544 -4.243652 247.171875     -0.720952 -0.692985 0.692985 -0.720952     33.047724 33.047724 1.483429
172.601196 138.736115     35.281250 -14.359375 45.171875     -0.720952 -0.692985 0.692985 -0.720952     33.047724 33.047724 6.268110
521.389832 170.774582     79.734375 -5.632812 18.949219     -0.448639 -0.893713 0.893713 -0.448639     42.219066 42.219066 1.925172
521.389832 170.774582     29.560059 -0.865234 77.937500     -0.448639 -0.893713 0.893713 -0.448639     42.219066 42.219066 2.285770
157.695343 191.942657     55.442932 37.416992 69.359375     0.673147 -0.739509 0.739509 0.673147     24.651344 24.651344 1.351835
157.695343 191.942657     110.781250 60.031250 63.406250     0.673147 -0.739509 0.739509 0.673147     24.651344 24.651344 1.767169
605.584839 249.357407     108.228516 -63.294922 81.765625     -0.848064 -0.529894 0.529894 -0.848064     18.545542 18.545542 1.469328
605.584839 249.357407     3507.362305 -643.851562 4823.746094     -0.848064 -0.529894 0.529894 -0.848064     18.545542 18.545542 2.264091
614.387207 232.408508     55.579926 -9.953613 18.742188     -0.695411 -0.718612 0.718612 -0.695411     20.011262 20.011262 2.140917
614.387207 232.408508     81.462891 25.046875 51.742188     -0.695411 -0.718612 0.718612 -0.695411     20.011262 20.011262 5.223147
578.770264 223.838043     304.453613 218.582031 195.312500     -0.929261 -0.369424 0.369424 -0.929261     25.897065 25.897065 1.624169
578.770264 223.838043     162.187500 44.500000 29.750000     -0.929261 -0.369424 0.369424 -0.929261     25.897065 25.897065 2.027401
478.097076 154.177994     313.205994 53.547852 39.593750     -0.987023 0.160579 -0.160579 -0.987023     22.929567 22.929567 1.205257
478.097076 154.177994     111.531250 20.421875 130.468750     -0.987023 0.160579 -0.160579 -0.987023     22.929567 22.929567 4.139816
567.757935 157.194275     384.562500 -232.171875 1340.000000     -0.977705 -0.209984 0.209984 -0.977705     21.351563 21.351563 0.439685
567.757935 157.194275     13.563965 5.109375 98.265625     -0.977705 -0.209984 0.209984 -0.977705     21.351563 21.351563 1.647562
504.552307 128.023163     4592.656250 644.453125 9279.275391     -0.977124 -0.212668 0.212668 -0.977124     33.930481 33.930481 4.714220
84.544441 176.159256     95.280029 -20.753906 190.484375     -0.285438 -0.958397 0.958397 -0.285438     25.788098 25.788098 1.092033
84.544441 176.159256     76.375000 22.390625 42.281250     -0.285438 -0.958397 0.958397 -0.285438     25.788098 25.788098 1.519233
614.324402 232.164124     58.343750 -17.507812 61.265625     -0.686974 -0.726682 0.726682 -0.686974     20.193935 20.193935 2.040702
614.324402 232.164124     66.031250 -31.343750 105.484375     -0.686974 -0.726682 0.726682 -0.686974     20.193935 20.193935 2.721720
164.941666 90.275002     121.906250 -19.078125 38.562500     -0.197278 -0.980348 0.980348 -0.197278     27.682551 27.682551 2.635517
164.941666 90.275002     91.408203 -4.601562 20.156250     -0.197278 -0.980348 0.980348 -0.197278     27.682551 27.682551 5.114528
473.827942 150.625000     21.312500 3.093750 90.703125     -0.982298 -0.187323 0.187323 -0.982298     27.500127 27.500127 4.588384
608.112671 192.333328     99.838379 -19.373047 94.953125     -0.847075 0.531473 -0.531473 -0.847075     22.429404 22.429404 0.784070
608.112671 192.333328     123.019531 -26.359375 22.875000     -0.847075 0.531473 -0.531473 -0.847075     22.429404 22.429404 3.752310
55.405529 164.649765     60.054077 6.611816 60.109375     -0.924372 0.381493 -0.381493 -0.924372     22.110788 22.110788 1.593626
55.405529 164.649765     435.265076 28.680664 247.632812     -0.924372 0.381493 -0.381493 -0.924372     22.110788 22.110788 3.065794
97.330185 134.948120     38.895203 9.245117 79.640625     -0.415140 -0.909758 0.909758 -0.415140     14.867773 14.867773 1.735963
97.330185 134.948120     177.968750 24.578125 31.796875     -0.415140 -0.909758 0.909758 -0.415140     14.867773 14.867773 5.117798
70.014015 127.864487     65.156250 -4.484375 19.328125     -0.996442 0.084283 -0.084283 -0.996442     20.278929 20.278929 0.333291
70.014015 127.864487     520.573975 -128.054688 601.453125     -0.996442 0.084283 -0.084283 -0.996442     20.278929 20.278929 1.082427
65.473122 123.868820     76.347656 2.648438 67.750000     -0.619939 -0.784650 0.784650 -0.619939     30.216185 30.216185 1.265885
65.473122 123.868820     186.461914 -20.230469 87.140625     -0.619939 -0.784650 0.784650 -0.619939     30.216185 30.216185 2.359482
536.119263 113.801254     110.031250 -2.609375 24.890625     -0.860973 -0.508651 0.508651 -0.860973     20.800794 20.800794 1.895789
536.119263 113.801254     105.855469 -27.687500 46.718750     -0.860973 -0.508651 0.508651 -0.860973     20.800794 20.800794 2.932992
462.764954 100.581200     78.203125 -14.109375 65.773438     -0.950034 -0.312147 0.312147 -0.950034     23.292403 23.292403 1.514317
462.764954 100.581200     81.449219 24.115234 52.226562     -0.950034 -0.312147 0.312147 -0.950034     23.292403 23.292403 2.173823
534.069031 104.842857     76.828125 43.406250 73.410156     -0.613175 -0.789947 0.789947 -0.613175     40.706113 40.706113 2.502463
122.324074 72.009262     87.906250 -10.343750 117.562500     0.004694 -0.999989 0.999989 0.004694     14.598040 14.598040 1.549683
122.324074 72.009262     144.093750 7.234375 47.578125     0.004694 -0.999989 0.999989 0.004694     14.598040 14.598040 1.924684
597.381653 101.280190     79.562500 26.171875 46.390625     -0.857285 -0.514841 0.514841 -0.857285     20.696886 20.696886 2.959047
89.917747 41.948051     27.444904 -20.464844 133.531250     -0.791793 -0.610789 0.610789 -0.791793     29.500723 29.500723 1.186684
89.917747 41.948051     16.455078 9.676758 96.984375     -0.791793 -0.610789 0.610789 -0.791793     29.500723 29.500723 2.455115
120.443611 71.295738     262.513184 -27.384766 171.687500     -0.250247 -0.968182 0.968182 -0.250247     28.838596 28.838596 1.409522
120.443611 71.295738     4608.812500 1847.414062 15237.623047     -0.250247 -0.968182 0.968182 -0.250247     28.838596 28.838596 1.977367
555.990051 99.096344     17.683594 17.386719 114.750000     0.527635 -0.849471 0.849471 0.527635     27.413204 27.413204 1.723986
555.990051 99.096344     16.022057 11.145020 66.890625     0.527635 -0.849471 0.849471 0.527635     27.413204 27.413204 4.672766
63.387756 56.323128     131.984375 42.328125 66.726562     0.176605 -0.984282 0.984282 0.176605     21.972623 21.972623 1.622786
63.387756 56.323128     70.906250 39.796875 34.195312     0.176605 -0.984282 0.984282 0.176605     21.972623 21.972623 2.099815
158.860062 28.708454     372.250000 200.562500 237.921875     -0.999704 0.024338 -0.024338 -0.999704     22.787830 22.787830 1.473270
158.860062 28.708454     59.527344 12.246094 72.585938     -0.999704 0.024338 -0.024338 -0.999704     22.787830 22.787830 4.517059
140.934204 40.631580     228.187500 129.515625 242.187500     -0.851395 -0.524525 0.524525 -0.851395     17.228465 17.228465 1.448873
140.934204 40.631580     72.679688 85.375000 140.296875     -0.851395 -0.524525 0.524525 -0.851395     17.228465 17.228465 1.884292
544.297058 29.326733     58.390625 55.734375 85.703125     -0.931548 -0.363619 0.363619 -0.931548     19.433597 19.433597 2.065171
544.297058 29.326733     158.718750 25.734375 136.460938     -0.931548 -0.363619 0.363619 -0.931548     19.433597 19.433597 2.592541
556.131897 63.711231     165.978516 -27.712891 53.929688     -0.950055 -0.312084 0.312084 -0.950055     38.109419 38.109419 1.477418
58.775230 31.408257     16.324219 17.308594 137.742188     -0.899636 0.436641 -0.436641 -0.899636     17.469698 17.469698 1.532700
58.775230 31.408257     87.273438 60.679688 74.281250     -0.899636 0.436641 -0.436641 -0.899636     17.469698 17.469698 4.362890
580.341003 53.576038     242.609375 173.421875 161.625000     -0.740318 -0.672257 0.672257 -0.740318     14.045197 14.045197 1.962670
580.341003 53.576038     107.298828 -0.027344 76.515625     -0.740318 -0.672257 0.672257 -0.740318     14.045197 14.045197 4.944699
425.053070 123.236298     35.609375 26.000000 84.718750     0.081259 -0.996693 0.996693 0.081259     17.742393 17.742393 3.156435
407.638092 321.966675     124.687500 106.191406 132.367188     0.226367 -0.974042 0.974042 0.226367     4.853999 4.853999 2.142444
407.638092 321.966675     61.312500 31.687500 34.601562     0.226367 -0.974042 0.974042 0.226367     4.853999 4.853999 3.371134
426.061462 121.535210     103.373047 130.511719 386.074219     0.089505 -0.995986 0.995986 0.089505     21.503266 21.503266 3.131034
410.165009 308.167511     45.484375 -16.125000 41.640625     0.183659 -0.982990 0.982990 0.183659     7.211958 7.211958 2.136467
410.165009 308.167511     4400.937500 777.507812 18344.554688     0.183659 -0.982990 0.982990 0.183659     7.211958 7.211958 3.912014
427.440948 122.585716     60.023438 35.449219 43.960938     0.106665 -0.994295 0.994295 0.106665     26.584471 26.584471 3.068170
410.147369 305.801758     42.437500 12.804688 54.843750     0.172781 -0.984960 0.984960 0.172781     9.003143 9.003143 2.096287
410.147369 305.801758     107.519531 158.976562 587.937500     0.172781 -0.984960 0.984960 0.172781     9.003143 9.003143 4.028909
428.096893 123.154884     87.716797 19.921875 47.375000     0.111888 -0.993721 0.993721 0.111888     27.632241 27.632241 3.033903
410.712097 303.762634     121.300781 12.867188 233.843750     0.175686 -0.984446 0.984446 0.175686     9.855976 9.855976 2.110469
129.360001 15.745000     20.660156 3.539062 62.156250     -0.356587 -0.934262 0.934262 -0.356587     12.917451 12.917451 4.830511
413.541901 281.947784     4522.812500 168.937500 19152.792969     0.145660 -0.989335 0.989335 0.145660     12.532225 12.532225 2.182058
73.660286 34.272728     39.253906 57.109375 151.343750     -0.310175 -0.950679 0.950679 -0.310175     21.118403 21.118403 1.902798
73.660286 34.272728     94.589844 -13.718750 52.890625     -0.310175 -0.950679 0.950679 -0.310175     21.118403 21.118403 2.353219
550.488342 74.246513     123.531250 -32.320312 88.421875     -0.078005 -0.996953 0.996953 -0.078005     20.607283 20.607283 1.107015
550.488342 74.246513     4611.375000 -259.562500 19806.796875     -0.078005 -0.996953 0.996953 -0.078005     20.607283 20.607283 2.048931
510.020294 60.052174     105.687500 11.171875 45.453125     0.379710 -0.925106 0.925106 0.379710     30.896042 30.896042 1.745602
510.020294 60.052174     255.890625 3.578125 25.593750     0.379710 -0.925106 0.925106 0.379710     30.896042 30.896042 4.442606
535.791138 41.297649     86.968750 40.789062 78.226562     -0.917801 0.397041 -0.397041 -0.917801     29.895185 29.895185 0.639559
535.791138 41.297649     81.859375 43.281250 103.992188     -0.917801 0.397041 -0.397041 -0.917801     29.895185 29.895185 4.136416
428.583771 126.797401     6.742188 16.539062 96.468750     0.107093 -0.994249 0.994249 0.107093     29.917300 29.917300 3.046321
414.047058 280.358826     33.875000 16.335938 110.828125     0.146797 -0.989167 0.989167 0.146797     13.403246 13.403246 2.217710
134.398193 72.809952     127.132812 125.023438 231.074219     0.266042 -0.963961 0.963961 0.266042     22.624610 22.624610 1.489115
423.874786 187.800873     30.390625 -0.609375 68.773438     0.110619 -0.993863 0.993863 0.110619     29.421630 29.421630 1.652020
423.874786 187.800873     50.312500 10.648438 96.515625     0.110619 -0.993863 0.993863 0.110619     29.421630 29.421630 2.029938
429.261414 34.834026     55.140625 13.367188 98.792969     -0.755984 -0.654590 0.654590 -0.755984     15.246156 15.246156 3.462125
429.261414 34.834026     153.375000 160.632812 284.941406     -0.755984 -0.654590 0.654590 -0.755984     15.246156 15.246156 4.700779
86.819077 92.680923     28.453125 3.156250 74.156250     -0.348238 -0.937406 0.937406 -0.348238     29.281657 29.281657 0.288039
86.819077 92.680923     419.226562 102.171875 214.550781     -0.348238 -0.937406 0.937406 -0.348238     29.281657 29.281657 2.254747
479.640015 87.211998     163.445312 58.710938 25.703125     -0.620122 -0.784505 0.784505 -0.620122     26.387705 26.387705 1.205745
479.640015 87.211998     593.593750 -11.234375 235.289062     -0.620122 -0.784505 0.784505 -0.620122     26.387705 26.387705 1.851323
505.789276 90.582375     168.132812 59.445312 26.718750     0.438934 -0.898519 0.898519 0.438934     30.406441 30.406441 1.964812
505.789276 90.582375     17.203125 33.132812 457.308594     0.438934 -0.898519 0.898519 0.438934     30.406441 30.406441 2.914746
109.581818 79.763634     51.890625 12.890625 13.984375     0.424185 -0.905576 0.905576 0.424185     31.358261 31.358261 1.500733
109.581818 79.763634     55.070312 13.363281 15.820312     0.424185 -0.905576 0.905576 0.424185     31.358261 31.358261 1.839152
424.967285 187.351257     57.656250 14.640625 18.105469     0.117070 -0.993124 0.993124 0.117070     32.940853 32.940853 1.643397
424.967285 187.351257     686.820312 -16.765625 248.621094     0.117070 -0.993124 0.993124 0.117070     32.940853 32.940853 2.072278
535.165894 125.600899     167.632812 57.617188 28.765625     -0.917869 -0.396883 0.396883 -0.917869     16.962960 16.962960 0.589150
535.165894 125.600899     178.390625 63.546875 32.828125     -0.917869 -0.396883 0.396883 -0.917869     16.962960 16.962960 1.025158
514.626099 147.045654     11.738281 16.151367 63.272583     -0.995188 0.097984 -0.097984 -0.995188     29.994228 29.994228 0.425651
514.626099 147.045654     185.992188 68.757812 41.703125     -0.995188 0.097984 -0.097984 -0.995188     29.994228 29.994228 3.378410
177.470581 92.659660     185.984375 63.335938 43.484375     -0.980624 -0.195900 0.195900 -0.980624     24.093451 24.093451 1.315246
177.470581 92.659660     71.296875 20.304688 24.460938     -0.980624 -0.195900 0.195900 -0.980624     24.093451 24.093451 4.219472
553.397095 177.577621     187.875000 64.414062 48.375000     0.576766 -0.816909 0.816909 0.576766     25.390080 25.390080 1.012673
553.397095 177.577621     47.046875 15.726562 25.335938     0.576766 -0.816909 0.816909 0.576766     25.390080 25.390080 1.755042
36.611111 157.192307     49.179688 14.906250 25.140625     -0.604367 -0.796706 0.796706 -0.604367     21.329724 21.329724 2.084932
36.611111 157.192307     84.460938 27.898438 29.562500     -0.604367 -0.796706 0.796706 -0.604367     21.329724 21.329724 4.379345
73.079643 151.955750     197.078125 69.203125 55.078125     -0.988030 0.154263 -0.154263 -0.988030     21.975654 21.975654 1.361730
73.079643 151.955750     241.289062 176.726562 158.656250     -0.988030 0.154263 -0.154263 -0.988030     21.975654 21.975654 3.420173
584.569580 188.026093     93.953125 40.828125 37.437500     -0.250989 -0.967990 0.967990 -0.250989     30.607297 30.607297 1.864197
584.569580 188.026093     51.273438 15.710938 26.625000     -0.250989 -0.967990 0.967990 -0.250989     30.607297 30.607297 2.497169
510.972534 150.438171     55.281250 17.390625 28.343750     -0.944176 0.329440 -0.329440 -0.944176     36.648109 36.648109 3.341344
586.819885 246.180099     333.367188 106.140625 54.835938     -0.787391 -0.616454 0.616454 -0.787391     15.851006 15.851006 1.976598
586.819885 246.180099     63.359375 -10.859375 8.656250     -0.787391 -0.616454 0.616454 -0.787391     15.851006 15.851006 5.005472
566.043823 182.803894     339.648438 110.796875 57.507812     -0.983124 -0.182940 0.182940 -0.983124     41.244902 41.244902 2.163873
566.043823 182.803894     59.820312 19.585938 31.226562     -0.983124 -0.182940 0.182940 -0.983124     41.244902 41.244902 2.988768
512.840149 150.415100     79.765625 62.992188 56.515625     -0.993468 0.114114 -0.114114 -0.993468     47.182446 47.182446 1.510689
512.840149 150.415100     381.734375 117.242188 39.507812     -0.993468 0.114114 -0.114114 -0.993468     47.182446 47.182446 2.993507
528.896301 201.377777     247.477539 59.734375 26.726562     -0.987717 -0.156255 0.156255 -0.987717     31.569563 31.569563 0.859812
528.896301 201.377777     1537.496094 444.500000 152.351562     -0.987717 -0.156255 0.156255 -0.987717     31.569563 31.569563 3.533939
580.643311 242.585571     1756.574219 526.453125 184.429688     -0.807738 -0.589541 0.589541 -0.807738     27.653920 27.653920 1.439417
580.643311 242.585571     127.078125 27.921875 33.539062     -0.807738 -0.589541 0.589541 -0.807738     27.653920 27.653920 2.118992
580.122803 299.517548     64.765625 7.429688 25.588867     -0.999424 0.033950 -0.033950 -0.999424     20.269581 20.269581 0.656296
580.122803 299.517548     230.382812 45.402344 75.109375     -0.999424 0.033950 -0.033950 -0.999424     20.269581 20.269581 1.204120
47.020477 234.354950     1092.510742 -525.658203 614.890625     -0.467963 -0.883748 0.883748 -0.467963     23.708781 23.708781 1.413148
47.020477 234.354950     21.515625 -7.953125 25.148438     -0.467963 -0.883748 0.883748 -0.467963     23.708781 23.708781 2.037384
154.990097 182.240921     77.074219 2.015625 74.709961     -0.808102 -0.589043 0.589043 -0.808102     18.715531 18.715531 1.142421
154.990097 182.240921     59.273438 -6.281250 37.168945     -0.808102 -0.589043 0.589043 -0.808102     18.715531 18.715531 2.006545
171.007462 169.100754     2439.143555 -216.304688 520.414062     -0.913692 -0.406408 0.406408 -0.913692     39.560254 39.560254 1.068783
157.769226 147.880341     13559.734375 5241.632812 4810.132812     -0.866014 0.500020 -0.500020 -0.866014     23.309762 23.309762 1.629483
157.769226 147.880341     195.164062 -21.539062 6.089844     -0.866014 0.500020 -0.500020 -0.866014     23.309762 23.309762 4.469682
199.875626 148.696518     229.171875 44.675781 77.264648     -0.881518 0.472151 -0.472151 -0.881518     21.551787 21.551787 1.871406
579.117859 299.346008     726.375000 -202.488281 380.487305     -0.999813 0.019360 -0.019360 -0.999813     20.817026 20.817026 0.823498
579.117859 299.346008     57.562500 -0.089844 67.810547     -0.999813 0.019360 -0.019360 -0.999813     20.817026 20.817026 3.838808
522.537964 203.278488     78.917969 0.662109 75.386719     -0.999554 -0.029858 0.029858 -0.999554     34.628781 34.628781 3.715531
522.537964 203.278488     35.000000 -0.812500 46.700195     -0.999554 -0.029858 0.029858 -0.999554     34.628781 34.628781 6.421554
613.137390 432.622131     419.898438 15.039062 85.284180     -0.946896 -0.321540 0.321540 -0.946896     22.921938 22.921938 1.095740
613.137390 432.622131     295.109375 -22.117188 5.956543     -0.946896 -0.321540 0.321540 -0.946896     22.921938 22.921938 1.450959
89.909805 226.282349     80.011719 -0.884766 76.838867     -0.999976 0.006856 -0.006856 -0.999976     27.103349 27.103349 1.237764
89.909805 226.282349     419.007812 13.183594 92.763672     -0.999976 0.006856 -0.006856 -0.999976     27.103349 27.103349 1.664590
55.445377 239.110931     424.929688 -49.046875 64.553711     -0.856093 -0.516822 0.516822 -0.856093     34.946585 34.946585 4.397743
54.167465 451.215302     88.656250 20.593750 54.640625     -0.353242 -0.935532 0.935532 -0.353242     23.613635 23.613635 2.126615
54.167465 451.215302     34.203125 8.933594 29.636719     -0.353242 -0.935532 0.935532 -0.353242     23.613635 23.613635 5.025177
578.892090 294.949646     19.625000 -8.921875 116.546875     -0.991321 0.131461 -0.131461 -0.991321     36.251866 36.251866 1.148318
578.892090 294.949646     37.706055 11.255859 20.304688     -0.991321 0.131461 -0.131461 -0.991321     36.251866 36.251866 3.569539
60.743591 338.611115     69.625000 52.316406 52.280273     0.070541 -0.997509 0.997509 0.070541     21.783630 21.783630 1.993873
60.743591 338.611115     86.369629 50.999512 45.493164     0.070541 -0.997509 0.997509 0.070541     21.783630 21.783630 5.603430
31.678734 272.529419     9.890625 -9.445312 76.522217     -0.845484 -0.534001 0.534001 -0.845484     24.547491 24.547491 1.468022
31.678734 272.529419     26.562500 21.910156 58.476562     -0.845484 -0.534001 0.534001 -0.845484     24.547491 24.547491 4.336200
572.158386 347.415833     184.906250 91.492188 113.007111     -0.951304 0.308256 -0.308256 -0.951304     14.503078 14.503078 4.155891
475.024078 198.227280     610.156250 53.687500 257.984375     -0.025859 -0.999666 0.999666 -0.025859     32.543632 32.543632 1.489993
475.024078 198.227280     24385.382812 -375.281250 9143.359375     -0.025859 -0.999666 0.999666 -0.025859     32.543632 32.543632 2.632227
28.396284 270.099060     23.519531 24.421875 46.071777     -0.852655 -0.522475 0.522475 -0.852655     23.322214 23.322214 4.363913
588.510925 332.179138     30.298828 26.828125 54.953613     -0.809010 -0.587795 0.587795 -0.809010     30.447735 30.447735 1.012827
588.510925 332.179138     494.296875 338.277344 289.241211     -0.809010 -0.587795 0.587795 -0.809010     30.447735 30.447735 4.594664
495.934692 224.995926     43.782227 19.424805 30.918686     -0.782734 -0.622357 0.622357 -0.782734     42.914279 42.914279 2.889133
51.686192 315.209198     40.214844 -5.066162 46.692627     0.127275 -0.991867 0.991867 0.127275     25.134631 25.134631 2.051682
533.649658 232.098724     142.843750 -36.296875 46.976562     -0.999827 0.018608 -0.018608 -0.999827     21.795529 21.795529 1.205214
533.649658 232.098724     684.968750 888.656250 1703.183594     -0.999827 0.018608 -0.018608 -0.999827     21.795529 21.795529 3.672255
569.421143 289.145416     152.468750 11.683594 25.038086     -0.896420 -0.443205 0.443205 -0.896420     33.682061 33.682061 0.150993
569.421143 289.145416     36.140625 30.378906 56.351074     -0.896420 -0.443205 0.443205 -0.896420     33.682061 33.682061 1.527419
566.354980 430.575745     50.578125 19.978516 32.963867     -0.908157 -0.418629 0.418629 -0.908157     23.685221 23.685221 0.401618
566.354980 430.575745     27.203125 19.103516 30.520996     -0.908157 -0.418629 0.418629 -0.908157     23.685221 23.685221 0.886299
74.270142 418.763031     97.687500 95.339844 186.058105     -0.845238 -0.534390 0.534390 -0.845238     12.766720 12.766720 1.422213
74.270142 418.763031     11.304688 7.357422 182.199219     -0.845238 -0.534390 0.534390 -0.845238     12.766720 12.766720 1.729479
569.445251 350.851593     15.853210 2.173340 27.644531     -0.803502 0.595302 -0.595302 -0.803502     19.211930 19.211930 1.426645
569.445251 350.851593     82.549072 7.072876 96.546082     -0.803502 0.595302 -0.595302 -0.803502     19.211930 19.211930 4.348465
35.880554 356.738892     36.562500 16.406250 29.921875     -0.497742 -0.867325 0.867325 -0.497742     32.032816 32.032816 6.152297
55.950920 455.509216     213.755493 31.706055 53.676270     -0.328302 -0.944573 0.944573 -0.328302     21.500577 21.500577 1.719025
578.238098 408.142853     29.265625 29.116211 166.551270     0.580678 -0.814133 0.814133 0.580678     22.517755 22.517755 1.162121
578.238098 408.142853     13.031250 -8.689453 71.727417     0.580678 -0.814133 0.814133 0.580678     22.517755 22.517755 1.873947
473.376099 250.765488     47.500000 44.903320 73.673218     -0.995805 0.091500 -0.091500 -0.995805     19.319442 19.319442 0.620452
473.376099 250.765488     24.523438 21.115234 77.425781     -0.995805 0.091500 -0.091500 -0.995805     19.319442 19.319442 1.316855
61.892159 338.859467     85.281250 19.717773 47.717773     0.017877 -0.999840 0.999840 0.017877     24.459720 24.459720 2.177053
61.892159 338.859467     28.812500 1.588867 34.931824     0.017877 -0.999840 0.999840 0.017877     24.459720 24.459720 5.494582
494.358490 328.603760     61.309570 38.637451 46.114624     0.142314 -0.989822 0.989822 0.142314     31.578298 31.578298 2.117467
494.358490 328.603760     23.640869 21.914062 43.511475     0.142314 -0.989822 0.989822 0.142314     31.578298 31.578298 5.431129
31.993288 324.644287     96.899109 46.630371 128.496094     -0.639207 -0.769035 0.769035 -0.639207     22.202231 22.202231 2.095054
31.993288 324.644287     87.265137 52.121094 50.939453     -0.639207 -0.769035 0.769035 -0.639207     22.202231 22.202231 3.018752
531.467468 361.108368     53.515625 -30.685547 45.043945     -0.826754 -0.562563 0.562563 -0.826754     21.372921 21.372921 0.627247
531.467468 361.108368     20.781250 28.796875 112.652832     -0.826754 -0.562563 0.562563 -0.826754     21.372921 21.372921 1.475708
81.498619 365.225891     35.375000 40.416016 76.162109     -0.776087 0.630626 -0.630626 -0.776087     24.784322 24.784322 1.986342
81.498619 365.225891     15.420998 -3.012573 65.359375     -0.776087 0.630626 -0.630626 -0.776087     24.784322 24.784322 4.829084
489.497925 423.547729     34.158203 17.460938 56.503418     -0.999725 -0.023432 0.023432 -0.999725     21.716035 21.716035 0.834321
489.497925 423.547729     61.531250 52.589844 82.395264     -0.999725 -0.023432 0.023432 -0.999725     21.716035 21.716035 1.291678
104.821785 291.217834     102.109375 139.853516 308.962891     -0.868980 -0.494847 0.494847 -0.868980     27.549071 27.549071 0.747355
104.821785 291.217834     46.031250 20.040039 35.646973     -0.868980 -0.494847 0.494847 -0.868980     27.549071 27.549071 1.717069
487.437805 298.721405     50.140625 35.058594 45.479492     -0.903444 -0.428705 0.428705 -0.903444     25.722864 25.722864 1.060405
487.437805 298.721405     79.859375 13.792969 50.204102     -0.903444 -0.428705 0.428705 -0.903444     25.722864 25.722864 3.995341
64.258743 414.465027     50.562500 -13.075439 50.187729     -0.788106 -0.615539 0.615539 -0.788106     22.315655 22.315655 0.451336
64.258743 414.465027     62.781250 35.945312 37.265625     -0.788106 -0.615539 0.615539 -0.788106     22.315655 22.315655 1.293356
538.012146 407.530365     151.859375 44.767578 172.972412     -0.956555 -0.291551 0.291551 -0.956555     18.104723 18.104723 1.866608
538.012146 407.530365     25.546875 30.644531 73.215820     -0.956555 -0.291551 0.291551 -0.956555     18.104723 18.104723 3.447677
142.226532 220.456314     29034.210938 395.273438 10191.273438     -0.076522 -0.997068 0.997068 -0.076522     26.846881 26.846881 2.375560
142.226532 220.456314     89.781250 60.147461 48.318359     -0.076522 -0.997068 0.997068 -0.076522     26.846881 26.846881 4.649537
26.989899 289.789886     17.250000 -22.285156 81.687988     -0.982652 -0.185461 0.185461 -0.982652     24.436018 24.436018 4.651172
574.410828 398.596893     38.273438 -9.515625 38.165878     -0.538218 -0.842805 0.842805 -0.538218     44.658907 44.658907 0.205763
574.410828 398.596893     457.515625 307.792969 271.245117     -0.538218 -0.842805 0.842805 -0.538218     44.658907 44.658907 2.453230
84.513512 402.022522     80.785156 58.607422 64.922363     -0.466061 -0.884752 0.884752 -0.466061     16.312274 16.312274 1.844915
84.513512 402.022522     63.328125 35.602539 178.635986     -0.466061 -0.884752 0.884752 -0.466061     16.312274 16.312274 5.252320
72.428574 452.520996     60.549805 29.345459 55.214111     -0.059996 -0.998199 0.998199 -0.059996     16.384493 16.384493 1.563367
530.678223 431.980194     168.675964 -34.218018 201.308594     -0.896035 -0.443983 0.443983 -0.896035     25.130301 25.130301 0.889693
530.678223 431.980194     68.718750 -42.781250 80.949219     -0.896035 -0.443983 0.443983 -0.896035     25.130301 25.130301 2.949865
526.496094 289.941406     19.629395 -11.091797 35.768555     -0.977047 0.213023 -0.213023 -0.977047     26.394310 26.394310 0.925008
526.496094 289.941406     33.843750 19.085938 52.296875     -0.977047 0.213023 -0.213023 -0.977047     26.394310 26.394310 4.050759
161.862839 408.022125     213.667969 -78.944336 91.222748     -0.997938 0.064182 -0.064182 -0.997938     20.054205 20.054205 1.031306
161.862839 408.022125     279.085938 72.650391 105.803864     -0.997938 0.064182 -0.064182 -0.997938     20.054205 20.054205 2.212875
494.254944 328.719543     73.656250 -10.463867 12.439880     0.301816 -0.953366 0.953366 0.301816     31.957202 31.957202 2.039836
494.254944 328.719543     143.608398 62.794922 57.388672     0.301816 -0.953366 0.953366 0.301816     31.957202 31.957202 3.129340
59.819607 311.113739     490.097900 89.771484 103.616699     -0.750031 0.661403 -0.661403 -0.750031     39.709619 39.709619 1.577852
59.819607 311.113739     59.968750 28.025391 289.007568     -0.750031 0.661403 -0.661403 -0.750031     39.709619 39.709619 2.967712
122.500000 358.992310     62.625000 15.156250 15.757812     -0.970793 0.239919 -0.239919 -0.970793     18.201719 18.201719 1.599850
122.500000 358.992310     19.125000 26.941406 125.312012     -0.970793 0.239919 -0.239919 -0.970793     18.201719 18.201719 4.580922
540.776733 406.531433     30.633186 10.991577 28.966797     -0.986874 -0.161495 0.161495 -0.986874     23.715831 23.715831 1.474807
540.776733 406.531433     170.062500 18.273438 28.076172     -0.986874 -0.161495 0.161495 -0.986874     23.715831 23.715831 4.135010
544.775696 349.023376     56.375000 14.824219 188.202393     -0.995335 0.096480 -0.096480 -0.995335     19.559965 19.559965 0.688853
544.775696 349.023376     85.718750 58.007812 88.314453     -0.995335 0.096480 -0.096480 -0.995335     19.559965 19.559965 1.253893
453.164398 306.057526     59.250000 -20.466797 101.830566     0.481896 -0.876229 0.876229 0.481896     41.052719 41.052719 1.613239
453.164398 306.057526     44.531006 25.464355 74.486328     0.481896 -0.876229 0.876229 0.481896     41.052719 41.052719 2.527776
111.089920 388.664856     34.031250 -8.703125 193.560547     -0.962131 -0.272587 0.272587 -0.962131     36.833993 36.833993 3.640158
111.089920 388.664856     237.642578 -105.618408 107.563263     -0.962131 -0.272587 0.272587 -0.962131     36.833993 36.833993 4.163820
490.692322 423.451508     67.734375 19.322266 35.581177     -0.999532 0.030605 -0.030605 -0.999532     22.414666 22.414666 3.966630
163.860718 405.853577     13.253906 -3.499023 86.070923     -0.930038 0.367463 -0.367463 -0.930038     26.917097 26.917097 1.992175
163.860718 405.853577     34.453125 -8.054688 31.609375     -0.930038 0.367463 -0.367463 -0.930038     26.917097 26.917097 3.166856
496.040009 327.866669     89.375000 62.332031 54.231812     -0.837587 0.546304 -0.546304 -0.837587     33.846103 33.846103 1.238034
496.040009 327.866669     61.796875 28.414062 61.950195     -0.837587 0.546304 -0.546304 -0.837587     33.846103 33.846103 4.511972
104.639999 291.311096     1116.704346 144.352051 95.426270     -0.871263 -0.490816 0.490816 -0.871263     27.973036 27.973036 0.722398
104.639999 291.311096     199.027344 -23.001953 62.030273     -0.871263 -0.490816 0.490816 -0.871263     27.973036 27.973036 1.748351
486.449280 361.115936     108.343750 -6.320312 8.890625     -0.836575 -0.547852 0.547852 -0.836575     15.974214 15.974214 0.984425
486.449280 361.115936     76.000000 54.312500 62.683105     -0.836575 -0.547852 0.547852 -0.836575     15.974214 15.974214 1.443113
116.146065 253.252808     51.468750 19.275391 33.111084     -0.720882 -0.693058 0.693058 -0.720882     25.327950 25.327950 1.244461
116.146065 253.252808     256.812500 100.100586 254.195923     -0.720882 -0.693058 0.693058 -0.720882     25.327950 25.327950 4.538012
525.459229 296.551422     24.312500 5.861328 71.376099     0.299863 -0.953982 0.953982 0.299863     41.403650 41.403650 1.833437
525.459229 296.551422     207.113281 -130.687500 506.398682     0.299863 -0.953982 0.953982 0.299863     41.403650 41.403650 5.007036
538.588684 408.389862     158.500000 17.464844 61.656250     -0.997233 -0.074333 0.074333 -0.997233     30.863204 30.863204 0.908228
538.588684 408.389862     80.290100 5.924744 90.565002     -0.997233 -0.074333 0.074333 -0.997233     30.863204 30.863204 3.877877
530.912292 431.982452     55.781250 -11.726562 69.376465     -0.876154 -0.482031 0.482031 -0.876154     25.452551 25.452551 0.690086
530.912292 431.982452     62.625000 30.914062 65.155273     -0.876154 -0.482031 0.482031 -0.876154     25.452551 25.452551 2.987386
34.243027 449.251007     154.760742 50.329834 53.552612     -0.117655 -0.993055 0.993055 -0.117655     17.606792 17.606792 1.554361
34.243027 449.251007     48.537842 37.760254 134.805664     -0.117655 -0.993055 0.993055 -0.117655     17.606792 17.606792 4.735657
169.593216 307.889832     72.500000 13.593750 16.849609     -0.171153 -0.985244 0.985244 -0.171153     17.231671 17.231671 2.418490
169.593216 307.889832     300.328125 54.997559 53.788574     -0.171153 -0.985244 0.985244 -0.171153     17.231671 17.231671 5.025521
491.030823 297.596924     37.409058 10.395355 25.024086     -0.897363 -0.441294 0.441294 -0.897363     30.490932 30.490932 0.162634
491.030823 297.596924     77.769531 -18.259766 76.326050     -0.897363 -0.441294 0.441294 -0.897363     30.490932 30.490932 0.791436
540.313110 326.892517     71.067383 -35.501160 83.205276     -0.842267 -0.539061 0.539061 -0.842267     13.292016 13.292016 0.720576
540.313110 326.892517     109.937500 -9.328125 11.150391     -0.842267 -0.539061 0.539061 -0.842267     13.292016 13.292016 1.203008
490.038849 425.095856     119.031250 99.953125 261.956055     -0.999972 -0.007518 0.007518 -0.999972     27.892100 27.892100 0.803083
490.038849 425.095856     32.453125 6.877441 59.041321     -0.999972 -0.007518 0.007518 -0.999972     27.892100 27.892100 1.278916
153.865387 274.516022     72.062500 -1.874268 19.315582     -0.514549 -0.857461 0.857461 -0.514549     32.505657 32.505657 2.989414
153.865387 274.516022     37.484375 -7.914429 24.727859     -0.514549 -0.857461 0.857461 -0.514549     32.505657 32.505657 5.667795
478.937500 381.309845     404.714844 187.058594 298.532715     -0.687761 -0.725937 0.725937 -0.687761     46.217179 46.217179 1.450444
478.937500 381.309845     125.093750 13.578125 758.356445     -0.687761 -0.725937 0.725937 -0.687761     46.217179 46.217179 3.147547
190.677124 327.233185     9.678711 1.857422 55.250000     -0.562057 -0.827098 0.827098 -0.562057     17.231440 17.231440 1.383730
152.407410 349.374481     303.875000 123.613281 201.584167     -0.586392 -0.810028 0.810028 -0.586392     20.328820 20.328820 2.134420
152.407410 349.374481     108.732269 -16.769836 101.831116     -0.586392 -0.810028 0.810028 -0.586392     20.328820 20.328820 5.848499
189.000000 265.700012     43.968750 31.246094 45.833496     -0.617258 -0.786760 0.786760 -0.617258     17.232022 17.232022 1.386442
189.000000 265.700012     100.656250 97.281250 196.487305     -0.617258 -0.786760 0.786760 -0.617258     17.232022 17.232022 3.656382
491.311401 331.483856     72.656250 -16.721680 24.922485     -0.835741 -0.549123 0.549123 -0.835741     49.202964 49.202964 3.508482
491.311401 331.483856     127.875000 28.681641 176.676025     -0.835741 -0.549123 0.549123 -0.835741     49.202964 49.202964 3.990704
99.815697 292.259125     54.884766 -11.988770 20.245361     -0.973739 0.227668 -0.227668 -0.973739     30.997843 30.997843 0.995807
99.815697 292.259125     226.250000 27.265625 50.197266     -0.973739 0.227668 -0.227668 -0.973739     30.997843 30.997843 1.472416
169.503647 306.127747     70.046875 29.576172 167.350586     -0.138423 -0.990373 0.990373 -0.138423     16.780243 16.780243 1.781442
169.503647 306.127747     81.328125 1.730469 32.333740     -0.138423 -0.990373 0.990373 -0.138423     16.780243 16.780243 4.829713
225.974915 409.738342     17.406250 21.914062 140.457031     -0.743790 -0.668413 0.668413 -0.743790     19.998906 19.998906 0.236750
225.974915 409.738342     151.093750 110.965820 105.469238     -0.743790 -0.668413 0.668413 -0.743790     19.998906 19.998906 0.942945
172.811707 242.834610     157.714844 40.453857 64.263962     -0.002906 -0.999996 0.999996 -0.002906     19.979468 19.979468 0.215645
172.811707 242.834610     20.750000 -7.141602 33.074036     -0.002906 -0.999996 0.999996 -0.002906     19.979468 19.979468 2.333790
444.825348 442.755981     66.828125 0.470215 50.883972     -0.783382 -0.621541 0.621541 -0.783382     22.059546 22.059546 2.040430
444.825348 442.755981     54.984375 17.169800 30.262260     -0.783382 -0.621541 0.621541 -0.783382     22.059546 22.059546 2.419511
161.935059 403.789612     46.062500 32.357422 56.016541     -1.000000 0.000888 -0.000888 -1.000000     39.362938 39.362938 0.504263
161.935059 403.789612     11.718750 13.906250 99.796875     -1.000000 0.000888 -0.000888 -1.000000     39.362938 39.362938 1.867864
193.437790 386.976959     78.093750 32.945312 43.142578     -0.997066 -0.076541 0.076541 -0.997066     22.486916 22.486916 0.590538
193.437790 386.976959     105.031250 -9.210938 13.052734     -0.997066 -0.076541 0.076541 -0.997066     22.486916 22.486916 4.579104
115.661743 321.144501     15.796875 16.492676 49.342529     0.342338 -0.939577 0.939577 0.342338     30.263495 30.263495 5.291298
115.661743 321.144501     55.406250 15.812500 40.426514     0.342338 -0.939577 0.939577 0.342338     30.263495 30.263495 6.173353
165.954193 433.786255     46.656250 41.732422 96.774414     0.381468 -0.924382 0.924382 0.381468     28.657125 28.657125 2.177027
165.954193 433.786255     173.687500 -100.501953 139.131683     0.381468 -0.924382 0.924382 0.381468     28.657125 28.657125 4.926105
153.604172 259.407990     241.765625 -42.488281 121.666992     0.007292 -0.999973 0.999973 0.007292     30.202642 30.202642 2.501405
153.604172 259.407990     17.125000 20.398438 150.567871     0.007292 -0.999973 0.999973 0.007292     30.202642 30.202642 5.417795
171.041855 372.702332     424.578125 -109.488281 197.020050     -0.979515 0.201373 -0.201373 -0.979515     17.205337 17.205337 1.557629
433.915253 361.610168     585.656250 -50.918945 108.041107     -0.395847 -0.918317 0.918317 -0.395847     22.229223 22.229223 1.719493
433.915253 361.610168     442.328125 -63.242188 371.500000     -0.395847 -0.918317 0.918317 -0.395847     22.229223 22.229223 2.644619
150.119812 344.711975     30.605469 1.847656 17.728516     -0.694213 -0.719769 0.719769 -0.694213     21.234344 21.234344 1.846344
150.119812 344.711975     38.214844 4.798828 27.044922     -0.694213 -0.719769 0.719769 -0.694213     21.234344 21.234344 4.325782
486.515137 361.147186     1285.445312 -291.382812 1146.875000     -0.833183 -0.552998 0.552998 -0.833183     16.576882 16.576882 1.309063
486.515137 361.147186     126.746094 -87.554688 125.900391     -0.833183 -0.552998 0.552998 -0.833183     16.576882 16.576882 4.158914
177.903229 249.494141     126.222656 -81.154297 125.902344     -0.364201 -0.931320 0.931320 -0.364201     32.554392 32.554392 0.431865
177.903229 249.494141     117.679688 -73.505859 123.957031     -0.364201 -0.931320 0.931320 -0.364201     32.554392 32.554392 2.989266
403.612000 440.708008     120.464844 -68.029297 120.988281     -0.747780 0.663947 -0.663947 -0.747780     23.522294 23.522294 4.502848
200.289597 414.257904     124.199219 -63.767578 124.761719     -0.788319 -0.615267 0.615267 -0.788319     19.172558 19.172558 4.173538
202.855316 317.659576     94.265625 27.351074 31.013458     -0.781331 -0.624117 0.624117 -0.781331     17.798957 17.798957 1.547722
202.855316 317.659576     17.826904 20.323730 90.433105     -0.781331 -0.624117 0.624117 -0.781331     17.798957 17.798957 2.913279
146.701431 322.058380     21.125000 -8.875000 22.507812     -0.288176 -0.957577 0.957577 -0.288176     34.762785 34.762785 2.649340
146.701431 322.058380     95.562500 -14.453125 38.753906     -0.288176 -0.957577 0.957577 -0.288176     34.762785 34.762785 5.229277
133.082443 417.243713     28.585938 14.685547 53.255859     -0.517586 -0.855631 0.855631 -0.517586     20.188438 20.188438 2.568000
133.082443 417.243713     82.796875 -54.645508 78.899414     -0.517586 -0.855631 0.855631 -0.517586     20.188438 20.188438 5.404787
195.937271 386.966797     16.921875 9.851562 56.003906     -0.999702 -0.024394 0.024394 -0.999702     21.242711 21.242711 0.788978
195.937271 386.966797     35.375000 -1.537109 46.565430     -0.999702 -0.024394 0.024394 -0.999702     21.242711 21.242711 1.456687
161.693512 403.955261     105.078125 25.305176 30.434540     -0.999682 -0.025214 0.025214 -0.999682     39.345333 39.345333 0.278510
215.705032 308.406464     50.925781 -0.543945 35.548828     -0.642669 -0.766144 0.766144 -0.642669     22.356492 22.356492 0.943322
224.671295 424.044373     19.163818 22.175537 151.685791     -0.112162 -0.993690 0.993690 -0.112162     49.263883 49.263883 1.647547
224.671295 424.044373     193.843750 29.527344 23.708984     -0.112162 -0.993690 0.993690 -0.112162     49.263883 49.263883 5.826865
223.951080 359.472839     219.328125 -55.042969 47.591797     -0.463605 -0.886042 0.886042 -0.463605     27.347020 27.347020 0.442086
163.294250 432.611481     154.906250 30.882812 35.767578     -0.767600 -0.640929 0.640929 -0.767600     32.139480 32.139480 1.079946
163.294250 432.611481     302.687500 -413.179688 568.921875     -0.767600 -0.640929 0.640929 -0.767600     32.139480 32.139480 3.777676
190.481613 433.900726     54.187500 16.558594 37.173340     -0.468203 -0.883621 0.883621 -0.468203     17.271186 17.271186 1.177061
190.481613 433.900726     76.529297 19.715332 35.189941     -0.468203 -0.883621 0.883621 -0.468203     17.271186 17.271186 1.844350
197.661819 400.310913     338.781250 146.078125 211.029175     -0.290835 -0.956773 0.956773 -0.290835     39.772923 39.772923 2.769333
197.661819 400.310913     76.437500 -9.074219 33.539062     -0.290835 -0.956773 0.956773 -0.290835     39.772923 39.772923 5.685358
167.214752 439.652466     22.172363 30.375977 166.911865     -0.535393 -0.844603 0.844603 -0.535393     33.225057 33.225057 0.961629
167.214752 439.652466     215.656250 -53.949219 45.981445     -0.535393 -0.844603 0.844603 -0.535393     33.225057 33.225057 1.417796
191.330505 437.056488     28.593750 15.542969 41.002930     -0.387025 -0.922069 0.922069 -0.387025     17.592132 17.592132 1.747588
277.739624 457.000000     49.234375 -0.214600 15.572357     -0.996959 -0.077930 0.077930 -0.996959     20.011019 20.011019 0.730515
309.349304 243.197189     236.563965 24.750977 38.484375     -0.614017 -0.789293 0.789293 -0.614017     22.931940 22.931940 0.870547
309.349304 243.197189     117.582031 49.667969 57.801025     -0.614017 -0.789293 0.789293 -0.614017     22.931940 22.931940 3.142760
311.589203 243.441315     115.593750 23.226562 51.351685     -0.743826 -0.668374 0.668374 -0.743826     29.015423 29.015423 0.894343
311.615997 242.376007     34.375000 -12.178711 53.810547     -0.613304 -0.789847 0.789847 -0.613304     31.258700 31.258700 0.756423
311.615997 242.376007     38.218750 7.511719 22.680664     -0.613304 -0.789847 0.789847 -0.613304     31.258700 31.258700 3.128247
315.771881 249.057388     201.656250 89.445312 127.987305     -0.554515 -0.832173 0.832173 -0.554515     28.995094 28.995094 0.759380
315.771881 249.057388     31.669922 19.287109 48.991211     -0.554515 -0.832173 0.832173 -0.554515     28.995094 28.995094 1.594884
245.955658 193.571426     99.246094 80.488281 102.276367     -0.175682 -0.984447 0.984447 -0.175682     8.761344 8.761344 4.876854
283.369080 241.123032     136.062500 41.492188 66.476562     -0.199407 -0.979917 0.979917 -0.199407     24.872726 24.872726 1.863012
283.369080 241.123032     30.875000 1.144531 110.504883     -0.199407 -0.979917 0.979917 -0.199407     24.872726 24.872726 5.114606
283.446991 241.716339     97.234375 3.906250 65.109375     -0.186173 -0.982517 0.982517 -0.186173     24.965173 24.965173 1.871364
283.446991 241.716339     30.500000 19.237793 57.046707     -0.186173 -0.982517 0.982517 -0.186173     24.965173 24.965173 5.047082
340.133636 232.350235     32.781250 34.515625 103.929688     0.149520 -0.988759 0.988759 0.149520     24.305154 24.305154 6.025441
316.068787 248.576172     53.750000 16.515625 38.400635     -0.555047 -0.831819 0.831819 -0.555047     29.750577 29.750577 0.698247
316.068787 248.576172     259.218750 73.729980 47.163910     -0.555047 -0.831819 0.831819 -0.555047     29.750577 29.750577 1.706554
247.006210 200.475159     134.686523 37.425171 25.210983     -0.170252 -0.985401 0.985401 -0.170252     13.679648 13.679648 4.905436
283.373199 242.930618     80.735352 23.666626 63.822556     -0.178172 -0.983999 0.983999 -0.178172     25.535177 25.535177 1.832390
247.689880 208.919098     121.562500 50.451172 63.356934     -0.092795 -0.995685 0.995685 -0.092795     13.976608 13.976608 1.658778
247.689880 208.919098     116.289062 -39.613770 85.706299     -0.092795 -0.995685 0.995685 -0.092795     13.976608 13.976608 4.819234
340.509369 232.183517     157.281250 62.582031 77.403076     0.015870 -0.999874 0.999874 0.015870     24.803514 24.803514 6.256401
280.977081 244.871063     44.191406 -7.455078 45.526367     -0.214282 -0.976772 0.976772 -0.214282     31.169270 31.169270 2.034907
280.977081 244.871063     101.715698 31.306152 151.824951     -0.214282 -0.976772 0.976772 -0.214282     31.169270 31.169270 3.525380
295.339142 421.117401     11.906250 -9.929688 181.371094     -0.934977 -0.354707 0.354707 -0.934977     6.656515 6.656515 1.535827
295.339142 421.117401     27.838257 18.304199 74.941406     -0.934977 -0.354707 0.354707 -0.934977     6.656515 6.656515 4.669143
247.937622 209.505035     55.968750 9.679688 79.975586     -0.085712 -0.996320 0.996320 -0.085712     14.476372 14.476372 4.817711
280.083221 245.019882     82.750000 21.914062 30.072266     -0.271314 -0.962491 0.962491 -0.271314     32.253603 32.253603 2.057031
280.083221 245.019882     279.312500 147.328125 661.947266     -0.271314 -0.962491 0.962491 -0.271314     32.253603 32.253603 3.616154
315.520599 246.304901     42.343750 39.474609 63.726318     -0.557236 -0.830354 0.830354 -0.557236     30.379933 30.379933 1.854742
315.520599 246.304901     162.187500 17.429688 23.553711     -0.557236 -0.830354 0.830354 -0.557236     30.379933 30.379933 5.155311
340.237579 230.251389     555.093750 -809.921875 1209.000000     -0.068572 -0.997646 0.997646 -0.068572     23.911979 23.911979 2.205485
340.237579 230.251389     20.531250 -22.007812 75.050781     -0.068572 -0.997646 0.997646 -0.068572     23.911979 23.911979 4.758083
299.291046 245.312027     122.625000 47.050293 93.476501     -0.924035 -0.382308 0.382308 -0.924035     59.064687 59.064687 1.227242
299.291046 245.312027     21.750000 -7.144531 52.432259     -0.924035 -0.382308 0.382308 -0.924035     59.064687 59.064687 3.838755
248.169067 210.512589     33.000000 11.469727 69.904419     -0.085516 -0.996337 0.996337 -0.085516     14.946149 14.946149 4.821947
296.708710 420.660675     36.281250 1.414062 48.309326     -0.938352 -0.345681 0.345681 -0.938352     9.083410 9.083410 1.508677
296.708710 420.660675     24.011719 25.658691 55.065414     -0.938352 -0.345681 0.345681 -0.938352     9.083410 9.083410 4.654846
306.485138 242.153152     182.208496 52.560547 56.484863     -0.999510 0.031308 -0.031308 -0.999510     68.974470 68.974470 1.531126
297.000000 420.391998     104.000000 13.867188 78.258636     -0.939529 -0.342468 0.342468 -0.939529     10.112793 10.112793 1.495448
248.509674 210.617737     109.523438 22.304688 66.017822     -0.074653 -0.997210 0.997210 -0.074653     17.266600 17.266600 4.842219
303.602936 204.525742     16.726562 -17.303711 59.608643     -0.955739 -0.294214 0.294214 -0.955739     14.241722 14.241722 1.173919
303.602936 204.525742     108.428711 -47.772461 70.888672     -0.955739 -0.294214 0.294214 -0.955739     14.241722 14.241722 1.524675
303.493683 203.876587     217.859375 -54.876953 48.394775     -0.955659 -0.294476 0.294476 -0.955659     15.394057 15.394057 1.005397
303.493683 203.876587     72.821777 -72.873047 92.640625     -0.955659 -0.294476 0.294476 -0.955659     15.394057 15.394057 1.279028
303.209625 203.331451     71.562500 -27.062500 37.875000     -0.949660 -0.313282 0.313282 -0.949660     16.396124 16.396124 4.143132
303.209625 203.331451     43.712402 34.675293 48.536133     -0.949660 -0.313282 0.313282 -0.949660     16.396124 16.396124 6.206237
308.630554 241.049500     101.945312 -23.724609 357.874512     -0.999271 0.038177 -0.038177 -0.999271     70.863295 70.863295 1.549127
297.481812 419.648834     102.056763 -20.993164 303.484863     -0.940625 -0.339448 0.339448 -0.940625     12.706453 12.706453 1.471779
297.096710 419.100586     39.335938 12.076416 52.841232     -0.936290 -0.351228 0.351228 -0.936290     13.492451 13.492451 1.462682
296.576141 234.439407     185.250000 34.148438 24.958008     -0.944103 -0.329652 0.329652 -0.944103     82.965052 82.965052 1.292313
302.934509 202.924438     103.625000 87.451172 112.527344     -0.942939 -0.332965 0.332965 -0.942939     17.542904 17.542904 6.137459
297.455475 418.573120     44.875000 38.185547 60.709839     -0.936565 -0.350493 0.350493 -0.936565     15.422567 15.422567 1.443395
391.908417 61.435898     21.078125 -10.252930 33.423096     0.606741 -0.794899 0.794899 0.606741     14.482813 14.482813 1.137811
236.844742 38.506851     226.718750 -19.093750 90.213867     -0.276311 -0.961068 0.961068 -0.276311     11.986144 11.986144 1.062993
296.804779 417.771973     44.977539 55.296875 208.326172     -0.928411 -0.371555 0.371555 -0.928411     16.948865 16.948865 1.415225
297.713684 233.551636     72.457031 -11.031250 36.671875     -0.954895 -0.296944 0.296944 -0.954895     87.337667 87.337667 1.295280
297.667114 417.141541     42.369141 46.687500 138.771484     -0.934718 -0.355390 0.355390 -0.934718     19.822157 19.822157 1.393690
297.667114 417.141541     74.093750 -19.660156 94.870117     -0.934718 -0.355390 0.355390 -0.934718     19.822157 19.822157 3.021512
302.652283 202.645462     28.031250 -18.679688 70.554688     -0.936895 -0.349612 0.349612 -0.936895     18.490588 18.490588 4.062665
302.652283 202.645462     26.835938 -18.413086 58.387924     -0.936895 -0.349612 0.349612 -0.936895     18.490588 18.490588 6.098295
295.360199 333.947876     30.375000 -11.519531 24.528809     -0.902664 -0.430346 0.430346 -0.902664     18.903696 18.903696 3.205513
295.360199 333.947876     136.687500 -33.195312 90.374023     -0.902664 -0.430346 0.430346 -0.902664     18.903696 18.903696 4.300724
296.503204 231.261902     59.718750 6.335938 68.558594     -0.937819 -0.347125 0.347125 -0.937819     89.395245 89.395245 1.282631
297.628815 416.505859     78.187500 41.406250 135.478516     -0.931303 -0.364247 0.364247 -0.931303     21.666311 21.666311 0.158668
297.628815 416.505859     297.345703 254.333740 308.392761     -0.931303 -0.364247 0.364247 -0.931303     21.666311 21.666311 1.369861
295.712433 334.270386     117.687500 2.066406 255.388367     -0.885458 -0.464719 0.464719 -0.885458     18.598718 18.598718 1.599438
295.712433 334.270386     33.187500 10.046875 39.659668     -0.885458 -0.464719 0.464719 -0.885458     18.598718 18.598718 2.508159
295.996094 334.233459     72.468750 11.655762 19.461685     -0.902137 -0.431451 0.431451 -0.902137     19.098059 19.098059 0.482238
295.996094 334.233459     143.968750 37.585938 68.244873     -0.902137 -0.431451 0.431451 -0.902137     19.098059 19.098059 1.648144
302.105377 202.390503     83.825012 -25.829163 28.426399     -0.922319 -0.386429 0.386429 -0.922319     19.024799 19.024799 4.099125
302.105377 202.390503     98.546875 19.684570 98.631561     -0.922319 -0.386429 0.386429 -0.922319     19.024799 19.024799 5.966587
297.244263 416.150299     20.437500 10.531250 111.031250     -0.926313 -0.376756 0.376756 -0.926313     23.352964 23.352964 1.361596
297.244263 416.150299     118.769073 -2.762451 70.993164     -0.926313 -0.376756 0.376756 -0.926313     23.352964 23.352964 2.943024
270.421692 376.242676     108.187500 7.156250 27.740234     -0.783469 -0.621430 0.621430 -0.783469     19.345143 19.345143 1.268353
270.421692 376.242676     296.812500 137.484375 1130.107178     -0.783469 -0.621430 0.621430 -0.783469     19.345143 19.345143 5.478656
323.728363 396.152252     45.302734 59.214844 166.711914     -0.885749 -0.464164 0.464164 -0.885749     18.023676 18.023676 2.430010
323.728363 396.152252     67.991943 20.624512 22.351562     -0.885749 -0.464164 0.464164 -0.885749     18.023676 18.023676 5.656833
295.831024 334.203461     69.937500 -25.734375 34.171875     -0.899222 -0.437493 0.437493 -0.899222     19.605362 19.605362 0.517933
295.831024 334.203461     175.531250 11.490112 5.784076     -0.899222 -0.437493 0.437493 -0.899222     19.605362 19.605362 0.820313
296.240845 227.900467     149.573730 60.522949 102.919556     -0.923262 -0.384171 0.384171 -0.923262     93.924022 93.924022 1.211679
316.530243 388.206757     57.218750 17.466797 40.687744     -0.912589 -0.408877 0.408877 -0.912589     27.341601 27.341601 4.668100
296.030029 334.327332     217.656250 -45.277344 169.251953     -0.899316 -0.437299 0.437299 -0.899316     19.795335 19.795335 0.276573
296.030029 334.327332     22.000000 14.726562 42.607910     -0.899316 -0.437299 0.437299 -0.899316     19.795335 19.795335 0.789328
296.002716 334.346893     321.697266 140.985352 245.375000     -0.897863 -0.440275 0.440275 -0.897863     20.031882 20.031882 0.253847
296.002716 334.346893     29.818871 16.884705 54.516113     -0.897863 -0.440275 0.440275 -0.897863     20.031882 20.031882 0.794070
296.009705 334.344666     115.743530 1.092041 306.429199     -0.893452 -0.449160 0.449160 -0.893452     20.155141 20.155141 0.292376
296.009705 334.344666     24.000000 8.031250 294.078125     -0.893452 -0.449160 0.449160 -0.893452     20.155141 20.155141 0.815537
293.594360 227.429550     121.140625 92.066406 109.899414     -0.928404 -0.371573 0.371573 -0.928404     94.665084 94.665084 1.247982
296.060059 348.689301     53.093750 25.613281 54.570557     -0.947454 -0.319891 0.319891 -0.947454     19.614766 19.614766 1.445538
276.320190 314.275848     27.312500 -4.544434 32.556717     -0.982198 0.187849 -0.187849 -0.982198     11.542616 11.542616 1.110175
276.320190 314.275848     203.937500 65.312500 680.923828     -0.982198 0.187849 -0.187849 -0.982198     11.542616 11.542616 1.571749
295.042877 348.374725     83.235596 -28.653320 33.367188     -0.945103 -0.326774 0.326774 -0.945103     19.717627 19.717627 1.427413
295.772247 334.242950     69.464653 -21.641479 35.449219     -0.891512 -0.452996 0.452996 -0.891512     20.755944 20.755944 0.813067
295.772247 334.242950     70.904785 99.193359 622.041016     -0.891512 -0.452996 0.452996 -0.891512     20.755944 20.755944 1.591164
313.898071 325.669891     74.097656 -17.597656 44.210938     -0.769925 -0.638135 0.638135 -0.769925     8.368856 8.368856 1.048259
313.898071 325.669891     16.851562 -17.608398 64.204102     -0.769925 -0.638135 0.638135 -0.769925     8.368856 8.368856 1.749454
275.868652 314.457642     210.968750 376.320312 892.808594     -0.981479 0.191568 -0.191568 -0.981479     12.477998 12.477998 1.068544
275.868652 314.457642     112.031250 -95.964844 441.959229     -0.981479 0.191568 -0.191568 -0.981479     12.477998 12.477998 1.521059
313.950623 325.773651     258.437500 74.590820 48.529709     -0.768597 -0.639733 0.639733 -0.768597     9.094834 9.094834 0.972452
313.950623 325.773651     22.374184 1.382812 36.000000     -0.768597 -0.639733 0.639733 -0.768597     9.094834 9.094834 1.597421
294.796448 280.097351     41.191650 30.804199 51.161133     -0.955232 -0.295857 0.295857 -0.955232     8.043853 8.043853 1.546278
294.549347 279.994659     687.894531 -113.049805 390.851074     -0.955076 -0.296362 0.296362 -0.955076     8.377999 8.377999 1.542753
313.980652 326.161285     77.728882 -50.892014 120.608612     -0.769820 -0.638261 0.638261 -0.769820     10.960015 10.960015 0.900719
313.980652 326.161285     46.222900 24.512421 31.056496     -0.769820 -0.638261 0.638261 -0.769820     10.960015 10.960015 1.563217
293.824615 279.749420     33.031250 31.531250 73.484375     -0.954743 -0.297433 0.297433 -0.954743     9.223225 9.223225 1.531051
316.915710 18.022779     50.626953 20.332031 244.994141     -0.992457 -0.122590 0.122590 -0.992457     10.943356 10.943356 1.865557
