1.0
431
540.000000 103.313362     13.656250 9.707031 49.598633     -0.245100 -0.969498 0.969498 -0.245100     15.061365 15.061365 2.051490
527.937866 272.152161     62.312500 -569.875000 5741.953125     0.098860 -0.995101 0.995101 0.098860     10.741344 10.741344 1.603123
527.937866 272.152161     83.468750 -820.578125 9136.714844     0.098860 -0.995101 0.995101 0.098860     10.741344 10.741344 4.644320
529.151855 255.074173     96.656250 -932.453125 10394.585938     0.089545 -0.995983 0.995983 0.089545     14.010460 14.010460 1.604496
529.050659 254.927460     99.343750 -928.093750 10666.273438     0.089457 -0.995991 0.995991 0.089457     16.166182 16.166182 1.609848
528.936523 253.897171     100.156250 -907.046875 10714.058594     0.086834 -0.996223 0.996223 0.086834     19.328295 19.328295 1.604303
528.984009 252.787888     102.968750 -852.703125 10466.703125     0.084539 -0.996420 0.996420 0.084539     21.674625 21.674625 1.610495
529.353516 253.700027     157.656250 -599.859375 10896.359375     0.081456 -0.996677 0.996677 0.081456     25.959583 25.959583 1.613865
528.920288 248.691605     507.156250 149.125000 11937.460938     0.055600 -0.998453 0.998453 0.055600     50.160826 50.160826 0.356254
524.821411 238.243607     1025.968750 793.726562 12393.671875     -0.013043 -0.999915 0.999915 -0.013043     101.146049 101.146049 0.513557
524.821411 238.243607     2648.906250 2257.265625 13135.730469     -0.013043 -0.999915 0.999915 -0.013043     101.146049 101.146049 3.655745
98.253731 252.949249     26.884766 331.781250 4385.187500     -0.078497 -0.996914 0.996914 -0.078497     3.932268 3.932268 4.766625
95.651764 213.770996     524.875000 -40.460938 556.480469     -0.073402 -0.997302 0.997302 -0.073402     4.676784 4.676784 4.729659
95.486427 209.869705     76.890625 10.476562 10.532715     -0.074636 -0.997211 0.997211 -0.074636     5.369930 5.369930 1.547455
95.486427 209.869705     1771.203125 290.617188 608.894531     -0.074636 -0.997211 0.997211 -0.074636     5.369930 5.369930 4.724541
95.488106 208.191254     478.390625 74.093750 35.507812     -0.075474 -0.997148 0.997148 -0.075474     5.990583 5.990583 1.552461
95.488106 208.191254     22795.953125 1297.550781 7080.082031     -0.075474 -0.997148 0.997148 -0.075474     5.990583 5.990583 4.719934
322.057068 251.076111     74.250000 -32.226562 260.316406     -0.966253 -0.257594 0.257594 -0.966253     21.252581 21.252581 1.469248
322.057068 251.076111     80.500000 13.453125 34.343750     -0.966253 -0.257594 0.257594 -0.966253     21.252581 21.252581 3.114550
267.333344 206.587463     74.937500 -3.718750 363.703125     0.564002 -0.825774 0.825774 0.564002     100.344982 100.344982 1.021433
267.333344 206.587463     166.332031 58.175781 63.430664     0.564002 -0.825774 0.825774 0.564002     100.344982 100.344982 4.088917
511.155670 67.485847     51.467773 21.826416 61.816742     -0.988330 -0.152330 0.152330 -0.988330     13.438338 13.438338 1.610381
511.155670 67.485847     67.699219 -13.661865 38.275803     -0.988330 -0.152330 0.152330 -0.988330     13.438338 13.438338 4.708730
307.515503 218.556259     120.550781 -20.562012 20.325317     -0.973243 -0.229780 0.229780 -0.973243     104.597722 104.597722 0.602409
307.515503 218.556259     187.796875 -8.902344 26.092773     -0.973243 -0.229780 0.229780 -0.973243     104.597722 104.597722 3.161479
150.776520 116.971710     62.546875 50.172363 106.860474     -0.108896 -0.994053 0.994053 -0.108896     17.297644 17.297644 1.603356
256.709412 275.218292     37.984375 5.609375 25.716064     -0.986996 -0.160744 0.160744 -0.986996     21.787066 21.787066 1.553078
368.595825 152.975616     100.921875 71.566406 90.468750     0.177784 -0.984070 0.984070 0.177784     14.063313 14.063313 5.307873
204.145752 242.320343     37.378906 17.765625 88.812500     0.117173 -0.993111 0.993111 0.117173     42.445610 42.445610 1.626751
204.145752 242.320343     26.406250 31.781250 80.406250     0.117173 -0.993111 0.993111 0.117173     42.445610 42.445610 3.125089
579.074585 194.582367     79.812500 55.140625 110.116699     0.165960 -0.986132 0.986132 0.165960     37.332774 37.332774 2.970278
558.555542 319.206787     107.062500 -11.886719 39.306641     -0.965383 -0.260838 0.260838 -0.965383     24.936999 24.936999 4.609580
568.228882 270.007568     120.882812 44.609375 98.921875     0.012875 -0.999917 0.999917 0.012875     38.942454 38.942454 3.333568
208.383026 39.993572     10.109375 -3.015625 46.335938     -0.911725 -0.410802 0.410802 -0.911725     27.452954 27.452954 2.362495
233.605804 30.319502     219.871094 -71.664062 789.703125     -0.981109 0.193456 -0.193456 -0.981109     18.151731 18.151731 1.590364
233.605804 30.319502     222.140625 -66.894531 802.496094     -0.981109 0.193456 -0.193456 -0.981109     18.151731 18.151731 2.088102
316.223541 33.710587     222.515625 -65.613281 801.421875     -0.998497 0.054805 -0.054805 -0.998497     22.770243 22.770243 1.528097
316.223541 33.710587     14.273438 -4.171875 54.871094     -0.998497 0.054805 -0.054805 -0.998497     22.770243 22.770243 3.152349
278.171753 27.954199     7.984375 -23.628906 176.755859     -0.545905 -0.837847 0.837847 -0.545905     24.588581 24.588581 1.960778
570.482117 262.258575     32.882812 -69.964844 270.039062     0.153315 -0.988177 0.988177 0.153315     53.555786 53.555786 2.850451
414.739777 39.754646     7.671875 -19.851562 207.408203     -0.036787 -0.999323 0.999323 -0.036787     20.182979 20.182979 0.886306
374.004425 47.553097     83.210938 -52.601562 188.775391     -0.932193 -0.361961 0.361961 -0.932193     21.832191 21.832191 2.669635
374.004425 47.553097     12.907566 11.967773 65.421875     -0.932193 -0.361961 0.361961 -0.932193     21.832191 21.832191 4.711798
471.206055 46.336365     58.125000 -44.812500 214.970703     -0.919534 0.393012 -0.393012 -0.919534     25.414611 25.414611 3.887497
196.237625 417.788788     17.397783 21.168945 137.234375     -0.478565 -0.878052 0.878052 -0.478565     21.996271 21.996271 5.525523
127.767097 427.579071     85.132812 -39.820312 210.359375     -0.732406 -0.680868 0.680868 -0.732406     22.017056 22.017056 0.806717
127.767097 427.579071     20.437500 -3.558594 125.000000     -0.732406 -0.680868 0.680868 -0.732406     22.017056 22.017056 1.539007
248.162292 434.579956     39.593750 15.816406 191.976562     -0.297687 -0.954664 0.954664 -0.297687     25.391792 25.391792 1.552131
248.162292 434.579956     22.517578 -30.349609 175.593750     -0.297687 -0.954664 0.954664 -0.297687     25.391792 25.391792 3.140017
271.574310 440.076294     23.133930 37.721924 232.640625     -0.419850 -0.907594 0.907594 -0.419850     15.395234 15.395234 3.618290
271.574310 440.076294     55.765625 -10.609375 193.835938     -0.419850 -0.907594 0.907594 -0.419850     15.395234 15.395234 4.736742
576.581055 71.585365     221.921875 -61.976562 799.335938     -0.606231 -0.795289 0.795289 -0.606231     27.659459 27.659459 0.791534
576.581055 71.585365     27.980633 48.938477 313.359375     -0.606231 -0.795289 0.795289 -0.606231     27.659459 27.659459 1.590463
608.823975 93.479691     60.257812 -46.289062 215.197266     -0.985800 0.167925 -0.167925 -0.985800     27.476475 27.476475 0.639907
608.823975 93.479691     84.351562 -25.769531 244.105469     -0.985800 0.167925 -0.167925 -0.985800     27.476475 27.476475 1.695664
308.553497 159.848709     21.425781 -2.898438 124.486328     0.082393 -0.996600 0.996600 0.082393     14.130329 14.130329 1.575443
308.553497 159.848709     14.617188 -3.625000 58.667969     0.082393 -0.996600 0.996600 0.082393     14.130329 14.130329 4.729100
308.553345 159.956665     39.774143 66.158691 384.656250     0.071982 -0.997406 0.997406 0.071982     15.431294 15.431294 1.609870
308.553345 159.956665     56.273438 -12.406250 196.707031     0.071982 -0.997406 0.997406 0.071982     15.431294 15.431294 6.344651
308.630310 159.987885     48.459991 71.253906 416.156250     0.083417 -0.996515 0.996515 0.083417     16.133957 16.133957 1.629146
308.630310 159.987885     54.480583 79.012207 477.906250     0.083417 -0.996515 0.996515 0.083417     16.133957 16.133957 4.725677
203.946243 218.317200     25.015625 -31.912109 181.330078     -0.835939 0.548822 -0.548822 -0.835939     34.993255 34.993255 1.033790
203.946243 218.317200     22.660156 -2.671875 123.886719     -0.835939 0.548822 -0.548822 -0.835939     34.993255 34.993255 2.029686
202.301331 240.226669     4.019531 -6.332031 171.384766     0.122896 -0.992420 0.992420 0.122896     65.365746 65.365746 1.603660
202.301331 240.226669     59.910149 87.076172 555.218750     0.122896 -0.992420 0.992420 0.122896     65.365746 65.365746 4.762815
202.309723 240.963989     61.875000 -48.507812 216.410156     0.113043 -0.993590 0.993590 0.113043     65.910769 65.910769 1.619753
202.309723 240.963989     36.343750 -0.093750 24.906250     0.113043 -0.993590 0.993590 0.113043     65.910769 65.910769 4.768262
202.375275 240.894791     69.064354 91.223633 570.125000     0.111226 -0.993795 0.993795 0.111226     66.009365 66.009365 1.623813
202.375275 240.894791     44.281250 -3.312500 26.687500     0.111226 -0.993795 0.993795 0.111226     66.009365 66.009365 4.775958
232.202591 247.987076     84.796875 -25.031250 246.464844     0.101177 -0.994868 0.994868 0.101177     16.746509 16.746509 3.196835
232.202591 247.987076     14.218750 -5.054688 57.839844     0.101177 -0.994868 0.994868 0.101177     16.746509 16.746509 6.339332
388.853668 163.014633     81.463196 97.828125 613.937500     0.136086 -0.990697 0.990697 0.136086     9.795771 9.795771 1.607340
388.853668 163.014633     38.820312 -0.484375 63.265625     0.136086 -0.990697 0.990697 0.136086     9.795771 9.795771 4.715178
315.565033 157.130081     25.234375 -32.369141 179.832031     0.263384 -0.964691 0.964691 0.263384     16.705057 16.705057 1.575632
315.565033 157.130081     226.976562 -65.871094 797.410156     0.263384 -0.964691 0.964691 0.263384     16.705057 16.705057 5.697780
388.889313 163.937271     240.406250 -65.437500 95.421875     0.097953 -0.995191 0.995191 0.097953     10.760520 10.760520 1.603456
388.889313 163.937271     71.765625 6.140625 40.046875     0.097953 -0.995191 0.995191 0.097953     10.760520 10.760520 4.712043
353.976654 156.150742     9.046875 -18.472656 213.462891     0.381891 -0.924207 0.924207 0.381891     35.282830 35.282830 2.638623
311.779144 155.421829     56.929688 -12.449219 199.740234     0.256665 -0.966500 0.966500 0.256665     30.594878 30.594878 5.945588
354.038086 156.127625     538.906250 1.593750 146.687500     0.279454 -0.960159 0.960159 0.279454     38.590780 38.590780 2.845941
222.275421 150.885590     4.683594 -6.175781 174.324219     0.033974 -0.999423 0.999423 0.033974     20.283238 20.283238 1.857431
222.275421 150.885590     15.187500 -3.289062 60.121094     0.033974 -0.999423 0.999423 0.033974     20.283238 20.283238 4.890024
273.597534 147.532501     102.243057 126.627930 919.296875     -0.102162 -0.994768 0.994768 -0.102162     27.728698 27.728698 3.934691
178.675217 131.316238     23.070312 -2.542969 123.044922     0.187637 -0.982239 0.982239 0.187637     18.400491 18.400491 1.513167
178.675217 131.316238     4.609375 -16.636719 115.328125     0.187637 -0.982239 0.982239 0.187637     18.400491 18.400491 4.676029
271.917480 149.779129     116.468750 47.546875 29.468750     0.076170 -0.997095 0.997095 0.076170     33.359285 33.359285 3.674725
271.917480 149.779129     136.729706 182.291016 1186.031250     0.076170 -0.997095 0.997095 0.076170     33.359285 33.359285 5.784464
202.236145 241.336243     62.148438 -48.707031 219.837891     0.105533 -0.994416 0.994416 0.105533     66.035804 66.035804 1.630857
202.236145 241.336243     1869.406250 -295.921875 485.546875     0.105533 -0.994416 0.994416 0.105533     66.035804 66.035804 4.745965
311.484924 155.612076     144.625000 26.480469 250.833984     0.266051 -0.963959 0.963959 0.266051     31.008272 31.008272 5.922617
353.772888 154.856216     1330.546875 429.312500 154.906250     0.155404 -0.987851 0.987851 0.155404     40.324021 40.324021 3.105144
388.837677 164.038956     2122.375000 -417.328125 599.906250     0.086169 -0.996281 0.996281 0.086169     11.655898 11.655898 1.602554
388.837677 164.038956     25.580078 -33.832031 186.957031     0.086169 -0.996281 0.996281 0.086169     11.655898 11.655898 4.712091
222.045456 150.632568     160.017639 206.168945 1475.843750     0.028090 -0.999605 0.999605 0.028090     20.789966 20.789966 1.867396
222.045456 150.632568     107.062500 13.644531 194.064453     0.028090 -0.999605 0.999605 0.028090     20.789966 20.789966 4.848862
232.127411 248.239380     70.953125 8.023438 41.195312     0.081470 -0.996676 0.996676 0.081470     17.029319 17.029319 3.232174
321.321960 270.790253     37.250000 32.332031 69.077637     -0.019620 -0.999808 0.999808 -0.019620     27.724760 27.724760 0.612694
321.321960 270.790253     5.207031 -6.136719 180.099609     -0.019620 -0.999808 0.999808 -0.019620     27.724760 27.724760 3.112411
271.822021 149.516953     6731.625000 -461.468750 758.875000     0.087329 -0.996180 0.996180 0.087329     33.429234 33.429234 3.657423
271.822021 149.516953     9.859375 -19.316406 217.138672     0.087329 -0.996180 0.996180 0.087329     33.429234 33.429234 5.766054
178.827835 131.406601     228.238281 -65.847656 791.984375     0.192612 -0.981275 0.981275 0.192612     19.486443 19.486443 1.513400
178.827835 131.406601     93.156250 41.774414 355.507202     0.192612 -0.981275 0.981275 0.192612     19.486443 19.486443 4.669228
222.017120 150.619858     20.187500 24.070312 81.927734     0.026367 -0.999652 0.999652 0.026367     21.387871 21.387871 1.874468
222.017120 150.619858     23.757812 -3.117188 120.914062     0.026367 -0.999652 0.999652 0.026367     21.387871 21.387871 4.851508
237.704437 147.596054     66.218750 37.742188 104.706055     0.037753 -0.999287 0.999287 0.037753     8.749358 8.749358 1.603354
237.704437 147.596054     48.218750 72.773438 226.131348     0.037753 -0.999287 0.999287 0.037753     8.749358 8.749358 4.735193
311.440552 155.413254     7893.718750 -1137.562500 1312.859375     0.276645 -0.960972 0.960972 0.276645     31.147845 31.147845 5.895723
353.652039 154.383041     107.781250 130.140625 615.765625     0.149585 -0.988749 0.988749 0.149585     40.502490 40.502490 3.116453
217.460632 245.948822     114.500000 19.296875 59.554688     0.113621 -0.993524 0.993524 0.113621     16.619986 16.619986 3.154991
321.083344 270.912292     16.027344 -3.230469 62.542969     0.019803 -0.999804 0.999804 0.019803     28.034212 28.034212 0.573431
321.083344 270.912292     11.835938 -22.814453 103.757812     0.019803 -0.999804 0.999804 0.019803     28.034212 28.034212 3.027043
178.675415 131.711472     147.109375 25.648438 262.414062     0.196987 -0.980406 0.980406 0.196987     19.475508 19.475508 1.507771
178.675415 131.711472     14.253906 -4.445312 60.886719     0.196987 -0.980406 0.980406 0.196987     19.475508 19.475508 4.671000
202.360764 241.179504     32.937500 -2.609375 30.148926     0.113242 -0.993567 0.993567 0.113242     66.665169 66.665169 1.616796
202.360764 241.179504     127.851562 -44.843750 25.453125     0.113242 -0.993567 0.993567 0.113242     66.665169 66.665169 4.751310
274.167908 261.705231     53.242188 33.406250 54.140625     -0.982990 -0.183660 0.183660 -0.982990     28.066285 28.066285 0.719733
274.167908 261.705231     209.835938 7.072266 3.816895     -0.982990 -0.183660 0.183660 -0.982990     28.066285 28.066285 1.535977
388.818970 164.071838     560.396973 719.731445 3293.984375     0.089284 -0.996006 0.996006 0.089284     12.233838 12.233838 1.597822
388.818970 164.071838     81.562500 -1.265869 12.732500     0.089284 -0.996006 0.996006 0.089284     12.233838 12.233838 4.713468
271.855011 149.152420     5.871094 -6.074219 181.843750     0.086198 -0.996278 0.996278 0.086198     33.630561 33.630561 3.657632
271.855011 149.152420     32.191914 -26.812569 212.605652     0.086198 -0.996278 0.996278 0.086198     33.630561 33.630561 5.759779
237.792038 147.721237     9728.625000 -7577.140625 27754.031250     0.036333 -0.999340 0.999340 0.036333     9.502420 9.502420 1.595125
237.792038 147.721237     24.609375 -4.074219 123.931641     0.036333 -0.999340 0.999340 0.036333     9.502420 9.502420 4.743320
232.129822 248.378952     71.992188 7.953125 41.664062     0.072618 -0.997360 0.997360 0.072618     17.398203 17.398203 3.240999
221.984467 150.506210     100.453125 13.693848 30.244320     0.025412 -0.999677 0.999677 0.025412     21.583902 21.583902 1.883857
221.984467 150.506210     232.546875 10.880859 6.688477     0.025412 -0.999677 0.999677 0.025412     21.583902 21.583902 4.849641
374.880585 167.094528     33.187500 -2.511719 30.260498     0.145450 -0.989366 0.989366 0.145450     6.619059 6.619059 1.576646
394.531250 437.355469     207.390625 16.078125 5.713867     -0.915153 -0.403106 0.403106 -0.915153     13.139170 13.139170 5.763482
311.486267 155.158081     74.402344 10.132812 14.750000     0.273171 -0.961966 0.961966 0.273171     31.279704 31.279704 5.899624
388.713959 435.946503     63.371094 -27.125000 53.140625     -0.931158 -0.364615 0.364615 -0.931158     14.570820 14.570820 5.793590
358.240234 157.299789     51964.000000 -16367.125000 25180.437500     -0.229226 -0.973373 0.973373 -0.229226     52.937471 52.937471 0.628878
358.240234 157.299789     113.195312 18.875000 59.460938     -0.229226 -0.973373 0.973373 -0.229226     52.937471 52.937471 3.696952
387.374481 436.100586     17.539062 -0.757812 35.386719     -0.950672 -0.310199 0.310199 -0.950672     17.325956 17.325956 5.918929
178.527863 132.307922     58.195312 -23.793457 35.191223     0.197212 -0.980361 0.980361 0.197212     19.498218 19.498218 1.504910
178.527863 132.307922     517.421875 0.060547 10.417969     0.197212 -0.980361 0.980361 0.197212     19.498218 19.498218 4.674124
276.043304 151.041992     10.843750 -17.222656 221.810547     -0.151387 -0.988475 0.988475 -0.151387     46.105309 46.105309 3.810360
273.996643 261.599335     46.078125 11.445312 32.734375     -0.969583 -0.244764 0.244764 -0.969583     28.163622 28.163622 0.684802
273.996643 261.599335     52082.687500 -12414.117188 27350.187500     -0.969583 -0.244764 0.244764 -0.969583     28.163622 28.163622 1.421586
549.542419 78.354240     232.398438 -41.222656 824.425781     -0.528391 -0.849001 0.849001 -0.528391     18.623471 18.623471 4.115822
237.894943 148.241241     28.458984 -37.492188 199.564453     0.035024 -0.999386 0.999386 0.035024     10.054220 10.054220 1.585741
237.894943 148.241241     87.382812 10.294922 123.910156     0.035024 -0.999386 0.999386 0.035024     10.054220 10.054220 4.756771
321.270599 270.705872     62.117188 15.531250 25.375000     0.073875 -0.997267 0.997267 0.073875     28.588471 28.588471 0.526608
321.270599 270.705872     434.515625 75.703125 63.812500     0.073875 -0.997267 0.997267 0.073875     28.588471 28.588471 2.922461
388.836365 164.319473     110.481445 11.434570 15.890003     0.092003 -0.995759 0.995759 0.092003     12.787161 12.787161 1.601943
388.836365 164.319473     149.218750 26.546875 266.853516     0.092003 -0.995759 0.995759 0.092003     12.787161 12.787161 4.715636
319.490295 62.825241     66.820312 -0.493408 84.587639     -0.999782 -0.020885 0.020885 -0.999782     7.017445 7.017445 1.903464
319.490295 62.825241     16.953125 -3.742188 65.839844     -0.999782 -0.020885 0.020885 -0.999782     7.017445 7.017445 4.775591
549.840149 75.530212     23.148438 0.492188 42.164062     -0.372446 -0.928054 0.928054 -0.372446     19.116573 19.116573 2.047354
549.840149 75.530212     59.234375 4.625000 34.546875     -0.372446 -0.928054 0.928054 -0.372446     19.116573 19.116573 4.087626
202.200623 240.774292     64.890625 -51.222656 228.746094     0.114494 -0.993424 0.993424 0.114494     66.844193 66.844193 1.600556
202.200623 240.774292     109.921875 13.652344 199.238281     0.114494 -0.993424 0.993424 0.114494     66.844193 66.844193 4.754796
222.224380 150.329636     45.718750 7.101562 33.140625     0.032035 -0.999487 0.999487 0.032035     21.887725 21.887725 1.868528
222.224380 150.329636     489.390625 4.474609 7.469238     0.032035 -0.999487 0.999487 0.032035     21.887725 21.887725 4.891979
550.991943 74.855423     40.542480 25.035156 105.007812     -0.336158 -0.941806 0.941806 -0.336158     21.223491 21.223491 2.028995
550.991943 74.855423     78.718750 14.593750 34.109375     -0.336158 -0.941806 0.941806 -0.336158     21.223491 21.223491 4.086613
320.761566 62.761566     50383.437500 -4870.007812 29792.398438     -0.999669 -0.025735 0.025735 -0.999669     7.982026 7.982026 1.950334
320.761566 62.761566     61.195312 4.742188 35.281250     -0.999669 -0.025735 0.025735 -0.999669     7.982026 7.982026 4.782388
246.716156 255.008728     51.450684 -8.490234 72.742188     -0.012359 -0.999924 0.999924 -0.012359     18.437048 18.437048 0.284085
246.716156 255.008728     64.734375 18.500000 34.937500     -0.012359 -0.999924 0.999924 -0.012359     18.437048 18.437048 3.334782
516.904785 54.662338     28.892578 -37.294922 203.177734     0.650634 -0.759392 0.759392 0.650634     23.784995 23.784995 1.004208
178.625992 132.082230     18.539062 1.507812 37.320312     0.194531 -0.980896 0.980896 0.194531     19.721767 19.721767 1.509249
178.625992 132.082230     41.750000 -10.332031 37.041016     0.194531 -0.980896 0.980896 0.194531     19.721767 19.721767 4.672821
313.832245 268.677551     261.554688 42.156250 77.500000     -0.953495 -0.301407 0.301407 -0.953495     32.900753 32.900753 1.654772
313.832245 268.677551     16.693359 -4.012695 22.033569     -0.953495 -0.301407 0.301407 -0.953495     32.900753 32.900753 6.182604
232.185532 248.185532     167.539062 2.820312 142.994141     0.068953 -0.997620 0.997620 0.068953     17.889446 17.889446 3.249106
204.768875 145.075470     413.367188 88.203125 44.773438     0.228344 -0.973580 0.973580 0.228344     11.459561 11.459561 2.543999
358.219238 156.998154     13.937500 -5.792969 54.708008     -0.207770 -0.978178 0.978178 -0.207770     53.559740 53.559740 0.620658
358.219238 156.998154     226.960938 56.312500 59.671875     -0.207770 -0.978178 0.978178 -0.207770     53.559740 53.559740 3.687231
217.515686 245.843201     80.015625 11.023438 13.601562     0.094056 -0.995567 0.995567 0.094056     16.737299 16.737299 3.215319
517.690918 54.723637     65.804688 -51.265625 234.263672     -0.857694 0.514161 -0.514161 -0.857694     24.059092 24.059092 3.959666
295.243591 453.294861     3.890625 -7.414062 100.302734     -0.702337 -0.711845 0.711845 -0.702337     20.266062 20.266062 2.303640
295.243591 453.294861     235.921875 153.691406 279.889648     -0.702337 -0.711845 0.711845 -0.702337     20.266062 20.266062 3.788704
320.349701 62.647240     63.546875 18.132812 36.082031     -0.999413 -0.034268 0.034268 -0.999413     8.507740 8.507740 1.949197
320.349701 62.647240     286.585938 47.929688 19.570312     -0.999413 -0.034268 0.034268 -0.999413     8.507740 8.507740 4.794446
311.629730 154.915024     85.359375 16.679688 31.718750     0.273224 -0.961950 0.961950 0.273224     31.497627 31.497627 5.900239
276.066284 151.291122     644.968750 87.097656 23.808594     -0.169290 -0.985566 0.985566 -0.169290     45.925131 45.925131 3.817232
237.820068 148.044983     58.101562 4.867188 14.246094     0.034456 -0.999406 0.999406 0.034456     10.707422 10.707422 1.586053
237.820068 148.044983     201.991211 49.885742 452.137695     0.034456 -0.999406 0.999406 0.034456     10.707422 10.707422 4.767980
222.130646 150.530151     719.851562 124.250000 54.789062     0.040917 -0.999163 0.999163 0.040917     22.247724 22.247724 1.865455
222.130646 150.530151     842.625000 114.765625 30.058594     0.040917 -0.999163 0.999163 0.040917     22.247724 22.247724 4.871315
274.143707 261.664673     813.921875 122.257812 40.285156     -0.970976 -0.239175 0.239175 -0.970976     28.355361 28.355361 0.714702
274.143707 261.664673     42.351562 6.253906 28.371094     -0.970976 -0.239175 0.239175 -0.970976     28.355361 28.355361 1.465568
318.411163 62.063454     1309.882812 -66.603516 91.935547     -0.998847 -0.048009 0.048009 -0.998847     11.173687 11.173687 2.035398
318.411163 62.063454     68.414062 5.371094 20.726562     -0.998847 -0.048009 0.048009 -0.998847     11.173687 11.173687 3.044426
517.881592 54.671051     69.046875 0.781250 19.949219     -0.867019 0.498276 -0.498276 -0.867019     24.156666 24.156666 3.855380
378.962402 65.451126     58.843750 2.054688 24.773438     -0.996877 -0.078974 0.078974 -0.996877     9.482225 9.482225 2.842411
378.962402 65.451126     50.843750 7.238281 26.492188     -0.996877 -0.078974 0.078974 -0.996877     9.482225 9.482225 4.795780
137.755020 394.995972     156.828125 16.539062 172.710938     -0.801989 -0.597339 0.597339 -0.801989     18.129460 18.129460 6.270362
213.824387 395.956085     169.015625 11.734375 53.359375     -0.986623 -0.163017 0.163017 -0.986623     16.272204 16.272204 3.129024
213.824387 395.956085     146.464844 1.507812 20.480469     -0.986623 -0.163017 0.163017 -0.986623     16.272204 16.272204 4.683687
130.290192 362.941162     31.527344 -7.140625 57.265625     0.662729 -0.748859 0.748859 0.662729     28.293044 28.293044 4.317048
163.496384 374.931152     25.351562 1.515625 59.968750     -0.769842 0.638234 -0.638234 -0.769842     24.914220 24.914220 1.188015
313.970764 268.699799     76.398438 0.335938 47.421875     -0.953483 -0.301448 0.301448 -0.953483     32.912669 32.912669 1.665171
313.970764 268.699799     122.519531 16.289062 61.695312     -0.953483 -0.301448 0.301448 -0.953483     32.912669 32.912669 6.162020
246.783463 255.000000     63.882812 -0.195312 20.964844     0.042346 -0.999103 0.999103 0.042346     18.828585 18.828585 0.167013
246.783463 255.000000     155.398438 4.062500 22.886719     0.042346 -0.999103 0.999103 0.042346     18.828585 18.828585 3.244519
395.535217 64.413734     77.578125 40.570312 204.250000     -1.000000 -0.000119 0.000119 -1.000000     14.524590 14.524590 3.406032
395.535217 64.413734     24.843750 -51.906250 565.437500     -1.000000 -0.000119 0.000119 -1.000000     14.524590 14.524590 4.801308
308.612488 61.819641     379.156250 15.447754 51.960449     -0.999916 -0.012931 0.012931 -0.999916     11.614451 11.614451 1.959725
308.612488 61.819641     223.656250 183.042969 1248.830811     -0.999916 -0.012931 0.012931 -0.999916     11.614451 11.614451 3.348093
338.542542 49.503548     14.781250 -6.609375 125.775391     -0.985282 -0.170934 0.170934 -0.985282     16.269161 16.269161 2.694066
338.542542 49.503548     30.781250 -67.968750 726.453125     -0.985282 -0.170934 0.170934 -0.985282     16.269161 16.269161 4.041769
388.866821 164.295715     1318.281250 971.324219 2327.172119     0.080834 -0.996728 0.996728 0.080834     13.831184 13.831184 0.312912
388.866821 164.295715     73.187500 -99.125000 819.625000     0.080834 -0.996728 0.996728 0.080834     13.831184 13.831184 1.604030
372.004333 314.519470     11934.656250 -5895.453125 19847.609375     -0.867068 -0.498190 0.498190 -0.867068     23.015318 23.015318 1.384119
372.004333 314.519470     42.250000 -39.750000 494.289062     -0.867068 -0.498190 0.498190 -0.867068     23.015318 23.015318 4.311527
202.771286 241.957779     38.875000 31.718750 51.578125     0.069130 -0.997608 0.997608 0.069130     68.177881 68.177881 1.638581
202.771286 241.957779     6.863281 -3.833008 96.510269     0.069130 -0.997608 0.997608 0.069130     68.177881 68.177881 4.801425
178.701172 132.072937     8.093750 -18.216797 481.624512     0.205049 -0.978752 0.978752 0.205049     20.426412 20.426412 1.505989
178.701172 132.072937     63.218750 -19.812500 16.906250     0.205049 -0.978752 0.978752 0.205049     20.426412 20.426412 2.658998
215.797318 148.697464     11.496094 -57.346680 1075.051025     -0.253836 -0.967247 0.967247 -0.253836     41.410052 41.410052 0.551865
215.797318 148.697464     42.989304 -15.522129 47.889442     -0.253836 -0.967247 0.967247 -0.253836     41.410052 41.410052 3.669638
284.916138 45.367741     149.436981 9.060989 64.711105     -0.999994 -0.003512 0.003512 -0.999994     27.167951 27.167951 3.168858
276.224304 295.429901     166.757568 -51.996704 167.756714     -0.939059 -0.343756 0.343756 -0.939059     19.967814 19.967814 1.488997
276.224304 295.429901     217.276947 -59.618469 168.286407     -0.939059 -0.343756 0.343756 -0.939059     19.967814 19.967814 5.419179
297.063843 265.341858     22.004723 15.011230 100.781250     -0.981265 -0.192664 0.192664 -0.981265     31.483528 31.483528 1.542182
297.063843 265.341858     333.107666 -92.712769 219.451141     -0.981265 -0.192664 0.192664 -0.981265     31.483528 31.483528 3.152540
358.297485 156.957138     265.089142 135.465820 316.109375     -0.210401 -0.977615 0.977615 -0.210401     53.907175 53.907175 0.604016
358.297485 156.957138     37.298828 -20.522949 37.403320     -0.210401 -0.977615 0.977615 -0.210401     53.907175 53.907175 3.679058
232.244385 248.505615     49.974609 -87.270996 234.791016     0.075885 -0.997117 0.997117 0.075885     18.372088 18.372088 3.234658
342.259430 351.924530     522.464233 264.169922 680.796875     -0.025857 -0.999666 0.999666 -0.025857     21.644816 21.644816 0.777053
342.259430 351.924530     103.476562 0.468750 99.835938     -0.025857 -0.999666 0.999666 -0.025857     21.644816 21.644816 2.388590
318.313263 302.971893     26.693848 4.285156 58.515625     -0.983978 -0.178288 0.178288 -0.983978     26.126701 26.126701 0.670992
318.313263 302.971893     21.433594 17.406250 70.927734     -0.983978 -0.178288 0.178288 -0.983978     26.126701 26.126701 3.004429
222.656067 148.384689     30.650391 4.822266 83.414062     -0.998381 -0.056883 0.056883 -0.998381     53.496955 53.496955 1.590992
222.656067 148.384689     26.402344 3.126953 17.789062     -0.998381 -0.056883 0.056883 -0.998381     53.496955 53.496955 4.239835
518.958923 53.871231     920.593750 -297.734375 307.328125     -0.789851 0.613298 -0.613298 -0.789851     24.070202 24.070202 3.988370
311.641968 154.858704     1460.730469 241.382812 7972.132812     0.275758 -0.961227 0.961227 0.275758     31.882055 31.882055 5.893947
276.163300 151.303101     75.460938 -18.825195 67.057129     -0.147799 -0.989017 0.989017 -0.147799     46.739745 46.739745 3.797287
215.678131 319.584381     21.679688 -4.813477 54.479004     -0.917363 -0.398051 0.398051 -0.917363     26.106269 26.106269 0.876357
215.678131 319.584381     1052.984375 -661.500000 949.968750     -0.917363 -0.398051 0.398051 -0.917363     26.106269 26.106269 1.332670
231.429459 249.606598     5091.351562 -5423.531250 16327.703125     -0.928124 -0.372272 0.372272 -0.928124     33.376460 33.376460 1.292277
231.429459 249.606598     51.476562 -11.515625 60.515625     -0.928124 -0.372272 0.372272 -0.928124     33.376460 33.376460 4.441748
342.853546 309.987457     1.128906 57.226562 4213.656250     -0.911861 -0.410498 0.410498 -0.911861     24.624365 24.624365 1.574467
307.575714 61.630917     219.843750 49.640625 13615.015625     -0.999957 -0.009284 0.009284 -0.999957     12.264209 12.264209 3.371017
307.575714 61.630917     119.070312 -19.666992 77.687500     -0.999957 -0.009284 0.009284 -0.999957     12.264209 12.264209 5.179655
259.571167 291.360535     30.453125 2.132812 10.144531     -0.966552 -0.256470 0.256470 -0.966552     20.235429 20.235429 1.491595
57.197708 130.535812     5617.718750 -3846.859375 16575.523438     -0.324219 -0.945982 0.945982 -0.324219     25.440770 25.440770 1.707921
57.197708 130.535812     14.468750 -11.160156 745.134399     -0.324219 -0.945982 0.945982 -0.324219     25.440770 25.440770 4.749026
375.219025 315.170044     135.000000 -23.294922 85.387695     -0.958332 -0.285658 0.285658 -0.958332     24.548436 24.548436 1.542656
375.219025 315.170044     1.257812 59.746094 4358.953125     -0.958332 -0.285658 0.285658 -0.958332     24.548436 24.548436 4.698646
318.403625 302.992737     15.156250 -21.449219 1743.720947     -0.984652 -0.174527 0.174527 -0.984652     26.408793 26.408793 0.653887
318.403625 302.992737     6.718750 -7.234375 246.265625     -0.984652 -0.174527 0.174527 -0.984652     26.408793 26.408793 3.029159
342.345978 351.843872     461.500000 -38.359375 7451.031250     -0.079682 -0.996820 0.996820 -0.079682     21.834756 21.834756 0.779423
342.345978 351.843872     25.000000 -1.966309 15.207733     -0.079682 -0.996820 0.996820 -0.079682     21.834756 21.834756 2.438292
272.360962 334.375610     8.765625 -16.875000 291.046875     -0.120731 -0.992685 0.992685 -0.120731     19.475586 19.475586 2.387880
272.360962 334.375610     5721.375000 -2921.703125 16898.507812     -0.120731 -0.992685 0.992685 -0.120731     19.475586 19.475586 5.405193
208.614227 317.973785     61.156250 -7.656250 66.781250     -0.952847 -0.303450 0.303450 -0.952847     26.320036 26.320036 1.432735
208.614227 317.973785     636.968750 -1549.140625 22593.335938     -0.952847 -0.303450 0.303450 -0.952847     26.320036 26.320036 4.657192
71.329193 91.866463     1.367188 61.675781 4825.593750     0.330293 -0.943878 0.943878 0.330293     31.332307 31.332307 5.764575
281.585358 231.809753     10440.070312 -669.132812 18327.757812     -0.902003 -0.431730 0.431730 -0.902003     22.982078 22.982078 1.002953
281.585358 231.809753     49.703125 0.738281 11.854492     -0.902003 -0.431730 0.431730 -0.902003     22.982078 22.982078 1.327078
178.679413 132.505310     1.449219 -3.933594 19400.171875     0.200819 -0.979628 0.979628 0.200819     20.742651 20.742651 1.507201
178.679413 132.505310     7.062500 -1.367188 87.968750     0.200819 -0.979628 0.979628 0.200819     20.742651 20.742651 2.674891
256.227478 330.241699     128.210938 3.306641 16.240234     -0.079519 -0.996833 0.996833 -0.079519     19.312698 19.312698 2.337564
256.227478 330.241699     11183.234375 -188.781250 18143.867188     -0.079519 -0.996833 0.996833 -0.079519     19.312698 19.312698 5.445491
519.537903 53.325184     1.550781 0.906250 18742.609375     -0.781725 0.623624 -0.623624 -0.781725     24.148946 24.148946 4.063834
297.095184 265.599487     11714.093750 217.453125 18032.140625     -0.980831 -0.194858 0.194858 -0.980831     32.035902 32.035902 1.540705
297.095184 265.599487     56.125000 2.320557 11.605753     -0.980831 -0.194858 0.194858 -0.980831     32.035902 32.035902 3.138980
330.265656 306.387482     1.705078 5.664062 19069.710938     -0.961935 -0.273278 0.273278 -0.961935     25.606963 25.606963 0.317173
330.265656 306.387482     27.656250 10.901855 33.790234     -0.961935 -0.273278 0.273278 -0.961935     25.606963 25.606963 1.535008
366.762146 158.717407     82.656250 11.724121 69.477478     -0.785659 -0.618659 0.618659 -0.785659     67.106635 67.106635 0.826782
366.762146 158.717407     2.031250 9.273438 19403.570312     -0.785659 -0.618659 0.618659 -0.785659     67.106635 67.106635 4.058276
203.101700 242.578018     63.031250 2.089844 14.224609     0.060278 -0.998182 0.998182 0.060278     68.820381 68.820381 1.632555
203.101700 242.578018     3.314453 9.628906 19833.000000     0.060278 -0.998182 0.998182 0.060278     68.820381 68.820381 4.822504
288.704468 338.850189     20.075195 14.015625 50.187500     -0.057688 -0.998335 0.998335 -0.057688     20.838241 20.838241 2.350566
288.704468 338.850189     64.468750 4.851562 62.132812     -0.057688 -0.998335 0.998335 -0.057688     20.838241 20.838241 5.475141
213.364334 319.552856     138.625000 -18.625000 54.578125     -0.955807 -0.293994 0.293994 -0.955807     28.231960 28.231960 4.641834
360.342712 357.037842     39.406250 21.140625 58.183594     -0.977024 -0.213131 0.213131 -0.977024     37.190784 37.190784 1.577395
360.342712 357.037842     29.468750 14.593750 22.578125     -0.977024 -0.213131 0.213131 -0.977024     37.190784 37.190784 4.740673
166.601852 44.560184     41.281250 57.531250 161.140625     0.472240 -0.881470 0.881470 0.472240     17.161227 17.161227 1.054543
166.601852 44.560184     45.466652 3.413330 26.698799     0.472240 -0.881470 0.881470 0.472240     17.161227 17.161227 2.118397
306.642365 212.444443     84.670776 -6.837074 33.839478     -0.988721 -0.149767 0.149767 -0.988721     15.234473 15.234473 1.541732
214.307098 245.582626     35.568039 10.276855 24.562500     -0.247820 -0.968806 0.968806 -0.247820     87.770415 87.770415 2.058845
214.307098 245.582626     105.280426 -37.266891 77.848679     -0.247820 -0.968806 0.968806 -0.247820     87.770415 87.770415 5.213905
223.009552 148.400528     40.272713 15.292969 85.687500     -0.993629 -0.112703 0.112703 -0.993629     53.750846 53.750846 1.505263
223.009552 148.400528     160.655151 -61.728821 103.937607     -0.993629 -0.112703 0.112703 -0.993629     53.750846 53.750846 4.774680
265.065918 292.470154     68.799057 55.545410 194.468750     -0.975197 -0.221339 0.221339 -0.975197     22.389055 22.389055 1.537372
526.330017 118.349998     180.683197 -67.740448 138.875488     0.137996 -0.990433 0.990433 0.137996     16.306135 16.306135 6.115751
273.567291 335.008911     121.004791 42.590332 213.984375     -0.956433 -0.291953 0.291953 -0.956433     29.330321 29.330321 1.513776
273.567291 335.008911     208.661072 -124.448822 393.227539     -0.956433 -0.291953 0.291953 -0.956433     29.330321 29.330321 4.698655
337.518829 198.384933     166.800232 52.113281 485.843750     -0.987186 -0.159572 0.159572 -0.987186     15.470902 15.470902 1.088666
337.518829 198.384933     293.475220 -202.831726 776.051636     -0.987186 -0.159572 0.159572 -0.987186     15.470902 15.470902 1.409541
311.822723 154.986557     30.357422 5.980957 24.726562     0.269983 -0.962865 0.962865 0.269983     32.271641 32.271641 5.914263
306.520844 194.154160     203.451416 134.756836 858.109375     -0.987440 -0.157993 0.157993 -0.987440     14.714060 14.714060 4.585961
343.039795 217.900497     25.682007 27.284668 85.261719     -0.993232 -0.116151 0.116151 -0.993232     16.324985 16.324985 1.508297
343.039795 217.900497     223.156525 244.012695 1899.328125     -0.993232 -0.116151 0.116151 -0.993232     16.324985 16.324985 4.627695
178.661621 132.587906     193.593750 -176.875000 214.805664     0.200851 -0.979622 0.979622 0.200851     21.338638 21.338638 1.502283
178.661621 132.587906     154.562500 -342.484375 1152.355469     0.200851 -0.979622 0.979622 0.200851     21.338638 21.338638 2.676428
194.074081 147.453705     1453.207031 858.972656 3726.593750     0.076228 -0.997090 0.997090 0.076228     8.204104 8.204104 3.114018
194.074081 147.453705     2428.488281 -148.195312 1338.406250     0.076228 -0.997090 0.997090 0.076228     8.204104 8.204104 6.243330
511.729523 112.866264     75.953125 15.171875 11.671875     -0.655134 -0.755512 0.755512 -0.655134     45.592360 45.592360 1.077812
511.729523 112.866264     198.203125 -5.539062 7830.914062     -0.655134 -0.755512 0.755512 -0.655134     45.592360 45.592360 4.219774
281.818573 231.730087     158.421875 36.328125 18.187500     -0.895469 -0.445123 0.445123 -0.895469     23.412329 23.412329 0.953174
281.818573 231.730087     7.684082 23.879883 122.125000     -0.895469 -0.445123 0.445123 -0.895469     23.412329 23.412329 1.280201
296.774689 210.729614     66.078125 26.859375 47.312500     -0.985187 -0.171484 0.171484 -0.985187     15.078379 15.078379 1.482078
296.774689 210.729614     2661.835938 -222.484375 1320.625000     -0.985187 -0.171484 0.171484 -0.985187     15.078379 15.078379 3.132541
491.000000 167.136230     165.421875 35.546875 18.937500     -0.824054 -0.566511 0.566511 -0.824054     28.145970 28.145970 1.187290
491.000000 167.136230     11.598633 43.922852 221.716797     -0.824054 -0.566511 0.566511 -0.824054     28.145970 28.145970 3.141648
205.658417 118.678703     187.015625 37.671875 19.281250     -0.309437 -0.950920 0.950920 -0.309437     102.472330 102.472330 4.912147
314.129913 236.782471     62.156250 31.937500 77.703125     -0.961555 -0.274611 0.274611 -0.961555     23.363274 23.363274 4.481105
309.678864 194.616180     13.064453 50.075195 259.380859     -0.990670 -0.136281 0.136281 -0.990670     15.475729 15.475729 1.588512
309.678864 194.616180     120.453125 -8.265625 67.578125     -0.990670 -0.136281 0.136281 -0.990670     15.475729 15.475729 3.212040
343.276794 217.839279     16.343750 -13.734375 41.242188     -0.994042 -0.108995 0.108995 -0.994042     16.663626 16.663626 4.641088
117.087631 103.544876     1.750000 6.937500 198.467285     -0.188622 -0.982050 0.982050 -0.188622     62.420320 62.420320 1.619256
282.034607 231.842300     13.156250 -0.656250 34.765625     -0.900683 -0.434477 0.434477 -0.900683     23.349570 23.349570 0.987225
282.034607 231.842300     13.804199 51.531250 267.056641     -0.900683 -0.434477 0.434477 -0.900683     23.349570 23.349570 4.330021
307.946411 60.803898     207.539062 -28.628906 7631.718750     -0.999989 -0.004707 0.004707 -0.999989     15.254681 15.254681 3.348433
353.572083 243.520935     190.328125 37.812500 20.531250     -0.378436 -0.925627 0.925627 -0.378436     20.599110 20.599110 0.522035
353.572083 243.520935     1.906250 6.705078 229.871338     -0.378436 -0.925627 0.925627 -0.378436     20.599110 20.599110 3.688046
297.450928 210.693848     14.399902 52.309570 274.539062     -0.984895 -0.173153 0.173153 -0.984895     16.351288 16.351288 1.527456
297.450928 210.693848     150.609375 -31.109375 83.203125     -0.984895 -0.173153 0.173153 -0.984895     16.351288 16.351288 3.119017
256.549194 226.622955     1609.750000 982.796875 4304.962891     -0.950977 -0.309261 0.309261 -0.950977     22.411536 22.411536 0.801143
256.549194 226.622955     169.062500 -55.140625 58.046875     -0.950977 -0.309261 0.309261 -0.950977     22.411536 22.411536 1.197278
309.524353 194.663574     2.140625 5.039062 248.749268     -0.989757 -0.142764 0.142764 -0.989757     15.977909 15.977909 1.564057
309.524353 194.663574     215.859375 42.296875 22.546875     -0.989757 -0.142764 0.142764 -0.989757     15.977909 15.977909 3.148667
311.141541 212.548721     15.166016 53.207031 281.259766     -0.987046 -0.160439 0.160439 -0.987046     18.037846 18.037846 1.564167
318.396088 237.500412     379.031250 59.718750 27.828125     -0.984059 -0.177842 0.177842 -0.984059     25.588451 25.588451 1.563169
306.298126 194.235519     24.421875 20.687500 100.734375     -0.990541 -0.137218 0.137218 -0.990541     16.933597 16.933597 1.548367
306.298126 194.235519     259.750000 -12.906250 58.687500     -0.990541 -0.137218 0.137218 -0.990541     16.933597 16.933597 3.174689
310.842102 212.554886     22.031250 22.781250 89.718750     -0.988309 -0.152465 0.152465 -0.988309     20.829002 20.829002 1.557217
256.876770 226.718307     2.718750 6.640625 250.622559     -0.934149 -0.356883 0.356883 -0.934149     22.937575 22.937575 0.732068
256.876770 226.718307     269.843750 -11.781250 61.984375     -0.934149 -0.356883 0.356883 -0.934149     22.937575 22.937575 1.254457
