1.0
564
422.509949 228.760956     1454.875000 136.187500 200.640625     -0.999736 -0.022955 0.022955 -0.999736     2.990565 2.990565 1.558977
468.311920 229.661621     116.546875 -5.734375 7.484375     -0.999792 -0.020408 0.020408 -0.999792     2.834799 2.834799 1.554132
416.552185 344.581573     170.359375 18.859375 28.843750     -0.994289 -0.106718 0.106718 -0.994289     61.375685 61.375685 1.546814
449.028168 225.079819     2343.687500 114.968750 433.742188     -0.999733 -0.023123 0.023123 -0.999733     4.504632 4.504632 1.587816
449.028168 225.079819     297.679688 45.984375 20.187500     -0.999733 -0.023123 0.023123 -0.999733     4.504632 4.504632 4.679600
466.049225 229.592529     2861.359375 82.187500 14.906250     -0.999804 -0.019798 0.019798 -0.999804     2.948353 2.948353 1.557317
429.786743 346.031799     320.992188 -15.125000 50.203125     -0.998206 -0.059871 0.059871 -0.998206     92.971194 92.971194 1.558084
336.914154 435.610199     330.734375 5.640625 1.039062     -0.987224 -0.159335 0.159335 -0.987224     16.078130 16.078130 1.673615
459.259033 226.797150     2146.226562 94.375000 72.046875     -0.999584 -0.028838 0.028838 -0.999584     15.932270 15.932270 1.580012
342.220581 430.339783     300.609375 5.234375 1.113281     -0.998453 0.055596 -0.055596 -0.998453     31.615801 31.615801 1.901307
448.480774 215.807693     2966.500000 128.125000 516.601562     -0.999854 -0.017101 0.017101 -0.999854     4.368913 4.368913 1.565306
448.480774 215.807693     3668.328125 84.632812 13.898438     -0.999854 -0.017101 0.017101 -0.999854     4.368913 4.368913 4.718024
448.173920 201.782608     332.515625 6.328125 1.203125     -0.999847 -0.017469 0.017469 -0.999847     4.548845 4.548845 1.569383
448.173920 201.782608     2424.031250 189.625000 338.421875     -0.999847 -0.017469 0.017469 -0.999847     4.548845 4.548845 4.713457
436.086823 344.509918     58.281250 10.546875 9.156250     -0.998643 -0.052085 0.052085 -0.998643     101.616247 101.616247 1.565046
469.349304 226.903381     2669.234375 159.515625 387.140625     -0.999732 -0.023140 0.023140 -0.999732     15.549098 15.549098 1.571875
469.349304 226.903381     354.578125 5.953125 98.855469     -0.999732 -0.023140 0.023140 -0.999732     15.549098 15.549098 4.702214
449.478668 206.483414     42.593750 0.296875 8.390625     -0.999808 -0.019573 0.019573 -0.999808     4.448395 4.448395 1.571036
449.478668 206.483414     20.206875 4.690796 24.085938     -0.999808 -0.019573 0.019573 -0.999808     4.448395 4.448395 4.712568
450.306305 211.180176     3794.296875 161.703125 37.707031     -0.999818 -0.019090 0.019090 -0.999818     4.681516 4.681516 1.571607
450.306305 211.180176     311.218750 6.867188 6.500000     -0.999818 -0.019090 0.019090 -0.999818     4.681516 4.681516 4.710571
542.165833 467.297546     5067.000000 317.078125 384.140625     -0.979508 -0.201404 0.201404 -0.979508     11.895353 11.895353 5.652633
379.731903 201.829788     237.593750 6.171875 90.300781     -0.999729 -0.023261 0.023261 -0.999729     44.710383 44.710383 1.597226
563.814636 446.697571     2736.140625 166.984375 132.925781     -0.999962 -0.008679 0.008679 -0.999962     13.032957 13.032957 3.151786
563.814636 446.697571     392.960938 235.410156 473.566406     -0.999962 -0.008679 0.008679 -0.999962     13.032957 13.032957 6.286444
462.902771 224.957703     2625.781250 164.710938 165.992188     -0.999078 -0.042926 0.042926 -0.999078     24.957496 24.957496 1.578092
462.902771 224.957703     496.976562 -391.308594 310.531250     -0.999078 -0.042926 0.042926 -0.999078     24.957496 24.957496 4.703341
449.218262 204.133636     6.589844 -3.726562 87.218750     -0.999746 -0.022519 0.022519 -0.999746     11.335462 11.335462 1.570692
449.218262 204.133636     59.625000 0.648438 14.957031     -0.999746 -0.022519 0.022519 -0.999746     11.335462 11.335462 4.709457
446.972748 343.203369     2579.593750 170.117188 202.601562     -0.999137 -0.041525 0.041525 -0.999137     109.110016 109.110016 1.560986
379.138733 199.176300     7700.546875 141.593750 464.000000     -0.997925 -0.064391 0.064391 -0.997925     42.351191 42.351191 1.569105
378.969482 197.549301     199.609375 12.000000 87.031250     -0.999126 -0.041792 0.041792 -0.999126     42.700855 42.700855 1.585226
456.319519 217.631332     7.609375 -2.445312 90.703125     -0.997966 -0.063754 0.063754 -0.997966     49.756695 49.756695 1.591080
229.544174 233.522964     4500.687500 152.593750 662.851562     -0.644691 -0.764443 0.764443 -0.644691     62.746925 62.746925 0.913332
229.544174 233.522964     453.535156 229.937500 505.531250     -0.644691 -0.764443 0.764443 -0.644691     62.746925 62.746925 5.384118
518.881042 202.340836     2646.101562 -217.246094 481.655273     -0.999234 0.039122 -0.039122 -0.999234     52.522349 52.522349 1.634483
518.881042 202.340836     58.843750 0.664062 15.062500     -0.999234 0.039122 -0.039122 -0.999234     52.522349 52.522349 4.691209
455.104462 215.832642     194.562500 15.015625 90.789062     -0.997785 -0.066516 0.066516 -0.997785     56.026703 56.026703 1.589058
189.520004 126.587997     30.246094 -89.562500 493.492188     -0.784776 0.619779 -0.619779 -0.784776     5.500668 5.500668 1.535620
208.677780 346.251862     2760.839844 -144.091797 475.296875     0.046071 -0.998938 0.998938 0.046071     11.400174 11.400174 4.743877
573.128113 217.978119     2682.671875 89.085938 237.734375     -0.999895 -0.014512 0.014512 -0.999895     17.397968 17.397968 1.549095
454.234222 214.053391     51.562500 -0.515625 10.949219     -0.997474 -0.071026 0.071026 -0.997474     62.107875 62.107875 1.593917
518.878967 201.293945     38753.773438 2062.984375 2275.801758     -0.999347 0.036121 -0.036121 -0.999347     53.868958 53.868958 1.636487
518.878967 201.293945     583.425781 98.875000 504.250000     -0.999347 0.036121 -0.036121 -0.999347     53.868958 53.868958 4.693877
84.723305 301.844666     60.593750 2.710938 63.039062     0.027015 -0.999635 0.999635 0.027015     30.089658 30.089658 4.725803
378.480652 194.552078     19.681076 4.425049 27.244141     -0.994490 -0.104828 0.104828 -0.994490     41.674556 41.674556 1.547967
208.772568 346.678925     3184.687500 277.890625 264.898438     0.029390 -0.999568 0.999568 0.029390     12.354509 12.354509 4.741165
457.759888 341.561340     51.218750 1.523438 12.562500     -0.999213 -0.039666 0.039666 -0.999213     115.325961 115.325961 1.561079
231.379303 231.912231     50.343750 -4.812500 559.851562     -0.666202 -0.745771 0.745771 -0.666202     70.884732 70.884732 0.953440
231.379303 231.912231     3186.941406 -250.271484 560.292969     -0.666202 -0.745771 0.745771 -0.666202     70.884732 70.884732 4.071078
236.917892 117.087975     29.768078 -5.339600 25.652344     -0.995098 0.098892 -0.098892 -0.995098     96.521126 96.521126 1.134867
236.917892 117.087975     89.626953 9.974609 33.234375     -0.995098 0.098892 -0.098892 -0.995098     96.521126 96.521126 5.357204
572.814697 203.952072     594.925781 81.480469 551.835938     -0.999885 -0.015163 0.015163 -0.999885     17.458858 17.458858 1.557130
378.644867 193.543594     4571.687500 295.250000 249.722656     -0.990097 -0.140383 0.140383 -0.990097     42.371757 42.371757 1.515957
211.799316 332.709198     53.750000 1.531250 14.019531     0.183438 -0.983031 0.983031 0.183438     16.554451 16.554451 1.550472
211.799316 332.709198     87.615234 -5.494141 113.914062     0.183438 -0.983031 0.983031 0.183438     16.554451 16.554451 2.453722
240.632446 117.617233     51.230469 -11.312500 583.539062     -0.998034 0.062673 -0.062673 -0.998034     97.167541 97.167541 1.098102
240.632446 117.617233     86.845703 7.507812 31.730469     -0.998034 0.062673 -0.062673 -0.998034     97.167541 97.167541 5.320090
459.287598 211.624603     0.187500 9.234375 686.234375     -0.999339 -0.036365 0.036365 -0.999339     68.909189 68.909189 1.603565
573.117126 191.359833     2840.832031 -290.761719 505.967773     -0.999919 0.012693 -0.012693 -0.999919     14.885870 14.885870 1.585142
236.494675 229.244675     9312.093750 95.687500 553.687500     -0.828160 -0.560492 0.560492 -0.828160     94.106199 94.106199 1.052832
236.494675 229.244675     8.273438 -2.429688 41.195312     -0.828160 -0.560492 0.560492 -0.828160     94.106199 94.106199 5.526294
83.360786 301.650970     4930.609375 202.453125 772.382812     0.122045 -0.992525 0.992525 0.122045     38.789247 38.789247 4.640559
211.804504 331.986481     0.156250 9.000000 793.851562     0.187030 -0.982354 0.982354 0.187030     18.052430 18.052430 2.468836
211.804504 331.986481     27.047390 -3.732666 27.644531     0.187030 -0.982354 0.982354 0.187030     18.052430 18.052430 4.699168
573.126648 211.233978     125.954102 15.541016 35.574219     -0.542619 -0.839979 0.839979 -0.542619     34.518992 34.518992 0.608153
445.553192 208.580261     112.531738 -3.976562 111.054688     -0.995581 -0.093911 0.093911 -0.995581     69.522532 69.522532 1.597597
572.645142 190.695343     597.769531 54.531250 612.277344     -0.999227 -0.039318 0.039318 -0.999227     15.911528 15.911528 1.563908
212.080078 330.089386     2766.207031 -296.673828 492.653320     0.009444 -0.999955 0.999955 0.009444     31.914582 31.914582 0.174226
212.080078 330.089386     20.736191 6.509155 31.226562     0.009444 -0.999955 0.999955 0.009444     31.914582 31.914582 3.310042
238.906952 121.472389     0.343750 6.078125 785.523438     -0.995571 0.094014 -0.094014 -0.995571     104.246589 104.246589 0.280937
238.906952 121.472389     149.385742 -20.521484 102.578125     -0.995571 0.094014 -0.094014 -0.995571     104.246589 104.246589 1.118699
103.049385 194.070984     23.507671 2.888672 133.656250     -0.985583 -0.169191 0.169191 -0.985583     25.265037 25.265037 4.639964
237.461533 227.774033     8.445312 -7.421875 435.039062     -0.792349 -0.610069 0.610069 -0.792349     99.520232 99.520232 0.950647
237.461533 227.774033     2.125000 -3.734375 183.468750     -0.792349 -0.610069 0.610069 -0.792349     99.520232 99.520232 4.135767
460.048676 208.516785     267.657227 -9.527344 38.175781     -0.997696 -0.067841 0.067841 -0.997696     68.193377 68.193377 1.588572
572.745361 190.164597     213.708984 -34.357422 98.718750     -0.999260 -0.038455 0.038455 -0.999260     16.813751 16.813751 1.563904
83.114586 301.951385     578.125000 13.980469 647.695312     0.196599 -0.980484 0.980484 0.196599     41.855707 41.855707 4.559888
212.184784 329.384308     1233.140625 29.156250 0.937500     0.021237 -0.999774 0.999774 0.021237     32.133330 32.133330 3.292623
212.184784 329.384308     37386.867188 3274.863281 3515.328125     0.021237 -0.999774 0.999774 0.021237     32.133330 32.133330 4.714844
104.038277 193.581345     3.125000 -0.734375 179.343750     -0.991170 -0.132601 0.132601 -0.991170     24.943990 24.943990 4.660857
594.157410 330.967590     16.617188 -42.242188 279.937500     -0.013457 -0.999909 0.999909 -0.013457     1.131509 1.131509 1.585033
231.973923 122.330521     262.162598 -8.384766 97.414062     -0.992561 0.121745 -0.121745 -0.992561     97.589203 97.589203 1.147211
231.973923 122.330521     2741.773438 -291.744141 493.308594     -0.992561 0.121745 -0.121745 -0.992561     97.589203 97.589203 5.383469
465.089569 206.885681     323.269531 -118.226562 639.039062     -0.999147 -0.041299 0.041299 -0.999147     72.380701 72.380701 1.604597
465.089569 206.885681     271.343750 -9.171875 42.515625     -0.999147 -0.041299 0.041299 -0.999147     72.380701 72.380701 4.690035
265.269989 337.614990     546.820312 16.984375 606.328125     0.073207 -0.997317 0.997317 0.073207     12.803341 12.803341 3.073625
463.099823 339.407471     3665.687500 95.765625 2.625000     -0.998822 -0.048515 0.048515 -0.998822     124.264317 124.264317 1.557310
594.102783 335.320160     595.351562 -96.046875 579.882812     -0.011337 -0.999936 0.999936 -0.011337     1.047726 1.047726 1.581585
103.535088 192.310532     627.140625 545.285156 475.750000     -0.986317 -0.164861 0.164861 -0.986317     25.841353 25.841353 4.641760
265.629333 335.123566     261.752930 -15.482422 89.695312     0.157330 -0.987546 0.987546 0.157330     13.760327 13.760327 2.811075
82.716087 301.791809     283.658203 -11.412109 45.558594     -0.768959 0.639298 -0.639298 -0.768959     46.710922 46.710922 0.763232
238.032196 225.924896     2741.046875 65.710938 1.843750     -0.658839 -0.752284 0.752284 -0.658839     105.535490 105.535490 0.801368
238.032196 225.924896     635.968750 552.644531 481.988281     -0.658839 -0.752284 0.752284 -0.658839     105.535490 105.535490 3.974625
230.387619 122.516350     4746.500000 125.523438 3.406250     -0.991865 0.127296 -0.127296 -0.991865     95.943786 95.943786 1.157166
230.387619 122.516350     279.335449 -12.925781 88.492188     -0.991865 0.127296 -0.127296 -0.991865     95.943786 95.943786 5.383732
593.955017 337.539795     2.906250 -1.359375 215.101562     -0.007740 -0.999970 0.999970 -0.007740     2.451165 2.451165 1.590907
84.835823 300.348267     4728.609375 125.195312 3.382812     -0.935919 0.352215 -0.352215 -0.935919     43.827150 43.827150 0.658930
266.489868 328.765228     1687.531250 27.046875 0.589844     0.147250 -0.989099 0.989099 0.147250     13.043607 13.043607 1.530595
266.489868 328.765228     287.186523 -18.259766 84.390625     0.147250 -0.989099 0.989099 0.147250     13.043607 13.043607 2.615861
254.783386 310.747284     24.355198 2.115967 137.027344     0.017390 -0.999849 0.999849 0.017390     12.977040 12.977040 0.258682
254.783386 310.747284     438.058594 -6.808594 564.027344     0.017390 -0.999849 0.999849 0.017390     12.977040 12.977040 1.591259
96.786835 191.541260     5353.515625 138.773438 3.671875     -0.999142 0.041410 -0.041410 -0.999142     27.659782 27.659782 4.723565
84.909851 300.348022     276.595703 -18.660156 112.230469     -0.963953 0.266072 -0.266072 -0.963953     42.509010 42.509010 0.655521
84.909851 300.348022     1809.218750 27.546875 0.613281     -0.963953 0.266072 -0.266072 -0.963953     42.509010 42.509010 1.882427
238.676315 224.075943     7589.093750 170.945312 6.207031     -0.189915 -0.981801 0.981801 -0.189915     107.945675 107.945675 0.317643
238.676315 224.075943     301.060059 -14.244141 81.281250     -0.189915 -0.981801 0.981801 -0.189915     107.945675 107.945675 3.541113
393.956085 265.531708     6016.093750 152.093750 4.281250     -0.999720 -0.023642 0.023642 -0.999720     2.240955 2.240955 1.581339
266.308258 327.661652     6856.515625 176.351562 4.625000     0.154611 -0.987975 0.987975 0.154611     14.234943 14.234943 1.523307
266.308258 327.661652     429.199219 -28.210938 600.117188     0.154611 -0.987975 0.987975 0.154611     14.234943 14.234943 2.591862
84.050270 299.746857     2.625000 -1.984375 518.781250     -0.998714 0.050698 -0.050698 -0.998714     44.317216 44.317216 0.215199
84.050270 299.746857     6813.281250 175.523438 5.187500     -0.998714 0.050698 -0.050698 -0.998714     44.317216 44.317216 1.673188
229.899750 122.432533     591.246094 -131.031250 684.437500     -0.991952 0.126612 -0.126612 -0.991952     96.101158 96.101158 1.159149
229.899750 122.432533     4417.000000 72.343750 1.427734     -0.991952 0.126612 -0.126612 -0.991952     96.101158 96.101158 5.384910
220.661194 324.919708     7020.312500 179.851562 5.328125     0.315868 -0.948803 0.948803 0.315868     75.823396 75.823396 2.658772
220.661194 324.919708     2.593750 3.062500 755.875000     0.315868 -0.948803 0.948803 0.315868     75.823396 75.823396 5.793051
96.227715 190.900269     7309.453125 188.671875 5.007812     -0.999200 0.039986 -0.039986 -0.999200     29.214874 29.214874 4.726520
388.501801 265.314087     296.931641 -6.564453 157.375000     -0.999766 -0.021636 0.021636 -0.999766     2.285355 2.285355 1.580215
85.052551 299.089172     327.457520 -10.794922 84.632812     -0.997662 0.068340 -0.068340 -0.997662     43.704766 43.704766 0.250001
85.052551 299.089172     401.171875 -40.664062 647.039062     -0.997662 0.068340 -0.068340 -0.997662     43.704766 43.704766 1.720080
240.454269 224.415497     4752.156250 77.562500 1.597656     -0.256449 -0.966558 0.966558 -0.256449     104.794361 104.794361 0.401474
240.454269 224.415497     7369.125000 208.343750 15.351562     -0.256449 -0.966558 0.966558 -0.256449     104.794361 104.794361 3.587883
403.929413 258.560791     2.625000 7.343750 862.218750     -0.999659 -0.026117 0.026117 -0.999659     1.578539 1.578539 1.546254
230.397583 324.555023     329.862305 -25.277344 185.453125     -0.734938 0.678134 -0.678134 -0.734938     99.739676 99.739676 2.283731
230.397583 324.555023     35428.234375 3595.089844 4794.708984     -0.734938 0.678134 -0.678134 -0.734938     99.739676 99.739676 5.421811
297.329407 131.494110     382.515625 -35.546875 654.648438     -0.754155 -0.656697 0.656697 -0.754155     4.342666 4.342666 4.705256
85.884041 298.699860     592.316406 -168.125000 760.031250     -0.996039 0.088913 -0.088913 -0.996039     42.288807 42.288807 1.712662
85.884041 298.699860     11.798964 5.726685 33.156250     -0.996039 0.088913 -0.088913 -0.996039     42.288807 42.288807 4.853769
95.441788 190.438599     409.832031 -74.125000 668.347656     -0.998859 0.047766 -0.047766 -0.998859     30.191232 30.191232 4.728410
402.082703 265.516296     2.812500 11.359375 962.750000     -0.999713 -0.023968 0.023968 -0.999713     2.330947 2.330947 1.589084
295.976196 130.156464     29.378906 -13.539062 34.218750     -0.754314 -0.656514 0.656514 -0.754314     4.493038 4.493038 4.703414
417.073486 258.881775     10.689846 5.226807 93.816406     -0.999650 -0.026437 0.026437 -0.999650     1.324734 1.324734 1.556900
85.276474 298.251770     509.003906 -24.113281 659.105469     -0.997735 0.067269 -0.067269 -0.997735     42.122670 42.122670 1.707189
85.276474 298.251770     73.617188 15.304688 50.976562     -0.997735 0.067269 -0.067269 -0.997735     42.122670 42.122670 4.825275
431.553833 252.619995     945.735352 -0.484375 0.248047     -0.999698 -0.024590 0.024590 -0.999698     6.040179 6.040179 1.578551
416.483246 258.807251     586.945312 -173.210938 839.312500     -0.999650 -0.026467 0.026467 -0.999650     1.174116 1.174116 1.562700
422.294678 163.135269     914.093750 246.246094 142.501953     -0.999872 -0.016027 0.016027 -0.999872     1.779124 1.779124 1.588533
86.212616 297.841309     569.519531 -35.847656 643.226562     -0.996035 0.088968 -0.088968 -0.996035     40.937544 40.937544 1.706381
86.212616 297.841309     345.202637 -11.015625 104.414062     -0.996035 0.088968 -0.088968 -0.996035     40.937544 40.937544 4.823387
423.919159 252.715179     9.838173 -3.869751 255.238281     -0.999750 -0.022338 0.022338 -0.999750     6.404827 6.404827 1.552842
240.791260 219.271561     327.154297 6.826172 251.707031     0.053815 -0.998551 0.998551 0.053815     94.144868 94.144868 4.670914
240.791260 219.271561     217.707031 -92.382812 78.765625     0.053815 -0.998551 0.998551 0.053815     94.144868 94.144868 6.248339
432.238983 266.056885     1302.727539 -0.375977 0.246094     -0.999673 -0.025564 0.025564 -0.999673     2.663564 2.663564 1.592001
420.807129 258.890472     619.316406 -235.468750 965.593750     -0.999664 -0.025914 0.025914 -0.999664     1.228674 1.228674 1.553682
94.179672 192.219666     397.783203 3.296875 77.171875     -0.993775 0.111404 -0.111404 -0.993775     47.226129 47.226129 0.233120
94.179672 192.219666     136.839844 -10.335938 21.804688     -0.993775 0.111404 -0.111404 -0.993775     47.226129 47.226129 4.818803
424.531372 163.104599     48.640625 -2.179688 13.046875     -0.999884 -0.015226 0.015226 -0.999884     1.981084 1.981084 1.592496
441.227753 253.259323     319.356445 14.775391 272.417969     -0.999746 -0.022526 0.022526 -0.999746     6.906101 6.906101 1.582084
85.839256 297.290192     87.982422 -24.390625 15.218750     -0.997924 0.064407 -0.064407 -0.997924     40.340163 40.340163 1.670013
85.839256 297.290192     70.999023 8.742188 17.359375     -0.997924 0.064407 -0.064407 -0.997924     40.340163 40.340163 4.799412
436.847839 266.063934     193.274902 14.999023 7.187500     -0.999681 -0.025275 0.025275 -0.999681     2.970910 2.970910 1.593839
443.557373 163.426224     655.617188 60.492188 196.796875     -0.999872 -0.016028 0.016028 -0.999872     1.971126 1.971126 1.579826
436.761749 265.935852     820.730469 43.984375 1256.476562     -0.999677 -0.025414 0.025414 -0.999677     3.342635 3.342635 1.608435
435.456238 259.175049     172.877930 -4.935547 14.031250     -0.999669 -0.025712 0.025712 -0.999669     1.343443 1.343443 1.561479
241.294678 217.805130     10.303852 -3.036133 264.074219     0.158749 -0.987319 0.987319 0.158749     92.733114 92.733114 4.517130
241.294678 217.805130     3.014582 -3.153015 127.320312     0.158749 -0.987319 0.987319 0.158749     92.733114 92.733114 6.025404
443.213928 265.957794     150.717773 16.972656 95.218750     -0.999668 -0.025756 0.025756 -0.999668     3.670278 3.670278 1.605627
231.530029 325.794495     517.698242 -56.937500 121.140625     0.576605 -0.817023 0.817023 0.576605     100.499440 100.499440 2.439107
231.530029 325.794495     753.866211 -287.193359 409.437500     0.576605 -0.817023 0.817023 0.576605     100.499440 100.499440 5.566624
458.917725 163.642670     350.694824 12.859375 196.625000     -0.999866 -0.016377 0.016377 -0.999866     2.217311 2.217311 1.578479
447.220459 265.895020     61.153992 0.475586 22.687500     -0.999672 -0.025613 0.025613 -0.999672     3.818594 3.818594 1.610330
436.965149 259.110596     175.780273 21.238281 18.531250     -0.999667 -0.025804 0.025804 -0.999667     1.669951 1.669951 1.567212
93.367882 192.907745     268.801758 24.476562 30.984375     -0.998900 0.046883 -0.046883 -0.998900     56.396851 56.396851 6.393305
83.789734 295.778595     303.486816 18.983398 50.468750     -0.999017 0.044324 -0.044324 -0.999017     41.280936 41.280936 1.686652
83.789734 295.778595     1463.781494 210.750000 91.132812     -0.999017 0.044324 -0.044324 -0.999017     41.280936 41.280936 4.756248
242.072159 214.757339     1928.783691 153.593750 101.445312     0.159047 -0.987271 0.987271 0.159047     89.392811 89.392811 4.493151
459.871521 163.597427     1990.103516 152.173828 123.289062     -0.999867 -0.016321 0.016321 -0.999867     2.591424 2.591424 1.582897
446.058380 263.274658     2104.901367 145.494141 137.578125     -0.999600 -0.028298 0.028298 -0.999600     13.836013 13.836013 6.104634
92.495857 193.509323     98.886719 6.242188 9.328125     -0.985859 0.167578 -0.167578 -0.985859     60.567464 60.567464 0.320571
83.422562 294.956238     106.750000 3.953125 11.562500     -0.998838 0.048202 -0.048202 -0.998838     42.972349 42.972349 1.676045
83.422562 294.956238     36.882812 -7.906250 18.093750     -0.998838 0.048202 -0.048202 -0.998838     42.972349 42.972349 4.770250
241.953354 212.757889     77.273438 -23.109375 109.273438     0.127420 -0.991849 0.991849 0.127420     87.484098 87.484098 4.678849
231.278931 327.393311     370.773438 31.687500 16.468750     0.526146 -0.850394 0.850394 0.526146     99.438392 99.438392 2.472904
231.278931 327.393311     27.992188 -12.781250 39.140625     0.526146 -0.850394 0.850394 0.526146     99.438392 99.438392 5.593710
241.067825 213.688232     79.335938 -3.585938 352.984375     0.257410 -0.966302 0.966302 0.257410     88.877695 88.877695 4.543304
241.067825 213.688232     596.390625 61.671875 22.312500     0.257410 -0.966302 0.966302 0.257410     88.877695 88.877695 5.774339
237.644684 212.186096     169.933594 21.500000 23.656250     0.154812 -0.987944 0.987944 0.154812     101.147480 101.147480 4.009147
237.644684 212.186096     655.535156 62.632812 25.703125     0.154812 -0.987944 0.987944 0.154812     101.147480 101.147480 4.541392
321.357788 339.467896     93.414062 5.398438 24.468750     -0.892936 -0.450184 0.450184 -0.892936     29.597727 29.597727 1.218048
96.860580 162.562500     45.141602 6.011719 13.890625     -1.000000 0.000512 -0.000512 -1.000000     2.240072 2.240072 4.685225
249.781250 157.847229     98.583984 -26.173828 27.408203     -0.999612 -0.027856 0.027856 -0.999612     18.085610 18.085610 1.229289
249.781250 157.847229     5376.842773 1286.562500 938.312500     -0.999612 -0.027856 0.027856 -0.999612     18.085610 18.085610 2.490934
92.084038 193.054932     30.697052 2.485840 101.535156     -0.987606 0.156951 -0.156951 -0.987606     64.337818 64.337818 0.274281
231.278732 328.228333     76.324219 -8.812500 355.726562     0.453421 -0.891296 0.891296 0.453421     100.505189 100.505189 2.558560
231.278732 328.228333     91.425781 -32.593750 44.847656     0.453421 -0.891296 0.891296 0.453421     100.505189 100.505189 5.668024
268.070618 167.048019     19.523438 -5.554688 49.664062     -0.959929 -0.280242 0.280242 -0.959929     37.814138 37.814138 1.493237
268.070618 167.048019     142.176270 16.659180 13.343750     -0.959929 -0.280242 0.280242 -0.959929     37.814138 37.814138 4.959549
241.783005 207.798065     7.937500 -10.898438 171.843750     0.376284 -0.926505 0.926505 0.376284     106.009211 106.009211 3.757914
241.783005 207.798065     5343.079102 1598.003906 1611.710938     0.376284 -0.926505 0.926505 0.376284     106.009211 106.009211 4.984567
82.934044 294.050751     126.390625 11.046875 64.453125     -0.998960 0.045605 -0.045605 -0.998960     45.871573 45.871573 1.639213
82.934044 294.050751     29.039062 -23.757812 103.398438     -0.998960 0.045605 -0.045605 -0.998960     45.871573 45.871573 4.783276
93.465515 195.636734     109.669922 -33.453125 52.492188     -0.995997 -0.089388 0.089388 -0.995997     71.306813 71.306813 6.220341
91.710846 162.526108     511.781006 122.888672 72.906250     -1.000000 0.000289 -0.000289 -1.000000     2.231860 2.231860 4.685310
229.621521 330.139862     11.353516 -6.533203 53.542969     0.451448 -0.892298 0.892298 0.451448     100.641546 100.641546 2.500236
229.621521 330.139862     28.150391 -19.382812 451.875000     0.451448 -0.892298 0.892298 0.451448     100.641546 100.641546 5.625822
181.687759 274.164551     143.308228 16.123047 14.154297     -0.996051 0.088784 -0.088784 -0.996051     20.564251 20.564251 1.598841
269.086945 382.782623     13.617188 -3.128906 42.167969     -0.998144 0.060897 -0.060897 -0.998144     16.171157 16.171157 2.223874
269.086945 382.782623     639.484375 16.562500 1.460938     -0.998144 0.060897 -0.060897 -0.998144     16.171157 16.171157 4.334641
93.740829 198.052048     67.093750 8.968750 23.781250     -0.960796 -0.277256 0.277256 -0.960796     73.689371 73.689371 6.000517
82.366379 462.650848     13.953125 -6.687500 135.671875     -0.956717 0.291021 -0.291021 -0.956717     12.567363 12.567363 1.506248
70.370255 424.724670     200.406250 185.007812 976.492188     -0.987615 -0.156899 0.156899 -0.987615     17.983418 17.983418 2.251601
70.370255 424.724670     4705.751953 977.017578 3762.625000     -0.987615 -0.156899 0.156899 -0.987615     17.983418 17.983418 2.728469
31.480145 422.783386     15.609375 0.703125 29.546875     -0.996809 -0.079829 0.079829 -0.996809     11.010114 11.010114 4.704315
222.489960 324.591431     159.281250 4.687500 6.937500     -0.099437 -0.995044 0.995044 -0.099437     128.572096 128.572096 0.213614
222.489960 324.591431     53.562500 5.656250 189.531250     -0.099437 -0.995044 0.995044 -0.099437     128.572096 128.572096 3.328859
269.611298 381.445190     471.761719 11.546875 6.554688     -0.847312 0.531096 -0.531096 -0.847312     24.242198 24.242198 0.813364
219.111115 322.422760     15.906250 -10.835938 211.417969     -0.352673 -0.935746 0.935746 -0.352673     131.735026 131.735026 0.503926
219.111115 322.422760     115.035187 -5.076172 11.671875     -0.352673 -0.935746 0.935746 -0.352673     131.735026 131.735026 3.717539
72.078087 447.997467     14.312500 3.023438 46.453125     -0.999519 0.031026 -0.031026 -0.999519     16.763962 16.763962 1.114780
72.078087 447.997467     496.453125 508.304688 1780.757812     -0.999519 0.031026 -0.031026 -0.999519     16.763962 16.763962 1.670810
83.960373 295.867615     448.160156 9.695312 7.070312     -0.996289 -0.086067 0.086067 -0.996289     55.919504 55.919504 1.544746
83.960373 295.867615     131.062500 19.812500 80.921875     -0.996289 -0.086067 0.086067 -0.996289     55.919504 55.919504 4.719840
107.338058 255.431168     16.484375 -0.031250 47.011719     -0.962570 -0.271033 0.271033 -0.962570     42.794909 42.794909 2.834965
107.338058 255.431168     562.640625 367.164062 1852.757812     -0.962570 -0.271033 0.271033 -0.962570     42.794909 42.794909 5.911910
100.935768 254.538406     76.242188 -3.789062 7.890625     -0.990241 0.139362 -0.139362 -0.990241     47.862634 47.862634 1.689960
100.935768 254.538406     88.593750 -21.671875 13.312500     -0.990241 0.139362 -0.139362 -0.990241     47.862634 47.862634 4.811648
105.448120 248.104568     182.673401 4.282227 12.296875     -0.870136 0.492812 -0.492812 -0.870136     70.691837 70.691837 0.826525
105.448120 248.104568     15.640625 2.492188 50.332031     -0.870136 0.492812 -0.492812 -0.870136     70.691837 70.691837 1.977936
83.123215 298.719360     17.148438 -9.109375 226.214844     -0.996582 -0.082608 0.082608 -0.996582     62.929097 62.929097 1.552741
26.774305 355.986115     950.187500 118.578125 64.007812     -0.999924 -0.012361 0.012361 -0.999924     21.431351 21.431351 4.695377
27.784714 356.698090     1153.781250 34.031250 1.250000     -0.983492 -0.180950 0.180950 -0.983492     23.133591 23.133591 4.648497
94.894058 370.837219     120.892731 8.399902 10.515625     -0.991312 -0.131531 0.131531 -0.991312     17.837989 17.837989 2.678286
94.894058 370.837219     4762.872070 1270.380859 4541.273438     -0.991312 -0.131531 0.131531 -0.991312     17.837989 17.837989 3.118691
96.725105 368.841522     15.750000 1.203125 47.449219     -0.994853 -0.101330 0.101330 -0.994853     24.019776 24.019776 1.872776
96.725105 368.841522     497.464844 13.343750 7.781250     -0.994853 -0.101330 0.101330 -0.994853     24.019776 24.019776 3.027117
61.055798 359.173279     15.265625 7.773438 193.812500     -0.988925 -0.148415 0.148415 -0.988925     34.712490 34.712490 4.689342
74.244789 357.128143     2239.323242 -17.796875 2.644531     -0.996535 -0.083178 0.083178 -0.996535     42.363431 42.363431 4.702672
76.030266 355.274323     651.343750 339.734375 1931.851562     -0.996737 -0.080716 0.080716 -0.996737     47.403164 47.403164 4.704840
78.029785 354.218628     85.480469 0.546875 8.554688     -0.997306 -0.073357 0.073357 -0.997306     50.687714 50.687714 4.706076
79.059586 353.253479     361.942444 81.589844 122.515625     -0.997068 -0.076515 0.076515 -0.997068     54.879072 54.879072 4.705177
220.190659 395.509735     137.594238 5.101074 12.734375     -0.997603 -0.069198 0.069198 -0.997603     13.421125 13.421125 0.571042
220.190659 395.509735     51.937500 -2.921875 72.242188     -0.997603 -0.069198 0.069198 -0.997603     13.421125 13.421125 4.868053
80.323952 352.281586     1578.593750 174.515625 70.421875     -0.996536 -0.083162 0.083162 -0.996536     60.660456 60.660456 4.704027
236.592667 338.886108     95.562500 35.031250 446.765625     -0.995709 0.092536 -0.092536 -0.995709     28.520809 28.520809 1.692336
236.592667 338.886108     158.781250 3.781250 9.414062     -0.995709 0.092536 -0.092536 -0.995709     28.520809 28.520809 4.803092
219.365036 396.021484     2280.820312 -12.995117 2.796875     -0.999142 -0.041423 0.041423 -0.999142     15.192822 15.192822 0.433184
219.365036 396.021484     266.907898 14.585938 14.890625     -0.999142 -0.041423 0.041423 -0.999142     15.192822 15.192822 2.576120
279.106293 401.198059     3.937500 -5.023438 110.867188     -0.939444 0.342703 -0.342703 -0.939444     17.549769 17.549769 2.260007
279.106293 401.198059     80.859375 -24.437500 496.382812     -0.939444 0.342703 -0.342703 -0.939444     17.549769 17.549769 2.816807
237.879257 332.337006     869.968750 529.460938 1990.390625     0.464091 -0.885787 0.885787 0.464091     36.326382 36.326382 2.535479
237.879257 332.337006     202.687500 5.531250 9.812500     0.464091 -0.885787 0.885787 0.464091     36.326382 36.326382 5.671176
232.551880 397.674530     76.941406 19.089844 29.601562     -0.996086 -0.088384 0.088384 -0.996086     16.629962 16.629962 0.518118
232.551880 397.674530     2198.004883 -15.601562 3.294922     -0.996086 -0.088384 0.088384 -0.996086     16.629962 16.629962 1.154350
314.655182 373.919525     920.690430 208.550781 284.625000     0.547832 -0.836588 0.836588 0.547832     19.933786 19.933786 1.150260
314.655182 373.919525     1086.093750 810.609375 1918.359375     0.547832 -0.836588 0.836588 0.547832     19.933786 19.933786 4.717010
282.597565 402.198181     483.031250 12.843750 10.179688     -1.000000 -0.000864 0.000864 -1.000000     20.296801 20.296801 1.773462
282.597565 402.198181     103.167969 21.625000 37.000000     -1.000000 -0.000864 0.000864 -1.000000     20.296801 20.296801 5.678394
237.172089 319.256927     88.939453 14.496094 12.265625     0.013101 -0.999914 0.999914 0.013101     40.069956 40.069956 3.242646
237.172089 319.256927     8461.197266 273.699219 5530.765625     0.013101 -0.999914 0.999914 0.013101     40.069956 40.069956 6.361593
223.204346 396.613037     208.738281 -6.093750 11.656250     -0.994406 -0.105622 0.105622 -0.994406     17.865611 17.865611 1.609609
309.201813 372.674561     109.933594 53.136719 87.609375     -0.816374 -0.577524 0.577524 -0.816374     33.858389 33.858389 1.021516
309.201813 372.674561     2190.468750 68.734375 2.437500     -0.816374 -0.577524 0.577524 -0.816374     33.858389 33.858389 2.423649
138.437500 176.925781     47.921875 -0.179688 10.304688     -0.974227 0.225568 -0.225568 -0.974227     17.048718 17.048718 4.798373
151.742798 387.888672     17.875000 -5.398438 235.699219     -0.989799 -0.142468 0.142468 -0.989799     20.405218 20.405218 1.754756
151.742798 387.888672     8310.736328 191.308594 5918.007812     -0.989799 -0.142468 0.142468 -0.989799     20.405218 20.405218 3.066378
221.912292 396.443939     17.718750 3.906250 233.949219     -0.995186 -0.098005 0.098005 -0.995186     19.889334 19.889334 1.576630
283.582550 402.554260     297.933594 -29.875000 33.398438     -0.996985 -0.077591 0.077591 -0.996985     22.067722 22.067722 1.390135
283.582550 402.554260     267.218750 6.250000 10.414062     -0.996985 -0.077591 0.077591 -0.996985     22.067722 22.067722 1.892096
50.967346 175.889801     304.843750 -13.437500 35.625000     -0.983185 -0.182610 0.182610 -0.983185     16.083362 16.083362 1.621880
137.680984 178.236191     3384.812500 1540.250000 1903.570312     -0.950154 0.311782 -0.311782 -0.950154     19.521676 19.521676 4.864706
237.269928 317.043243     8221.791016 276.867188 6581.156250     0.031494 -0.999504 0.999504 0.031494     39.242101 39.242101 3.217607
237.269928 317.043243     5895.531250 2081.593750 1912.617188     0.031494 -0.999504 0.999504 0.031494     39.242101 39.242101 6.313493
136.925827 179.974426     477.890625 9.222656 1.388672     -0.889204 0.457511 -0.457511 -0.889204     23.844735 23.844735 5.006563
293.580994 288.785217     2283.406250 72.562500 2.578125     0.175651 -0.984452 0.984452 0.175651     19.372142 19.372142 6.213654
45.548962 175.442139     76.806641 -40.673828 66.402344     -0.992005 -0.126199 0.126199 -0.992005     15.076299 15.076299 1.654437
148.401382 271.435974     68.177734 -15.117188 16.328125     0.066056 -0.997816 0.997816 0.066056     12.088191 12.088191 6.316995
307.070038 373.126526     165.039062 18.968750 8.820312     -0.985361 -0.170483 0.170483 -0.985361     35.587529 35.587529 1.433632
290.693970 329.021698     73.221680 -38.037109 63.820312     0.280487 -0.959858 0.959858 0.280487     21.153166 21.153166 5.764787
63.460621 227.245819     115.023438 20.738281 59.162109     -0.975056 -0.221961 0.221961 -0.975056     25.679968 25.679968 1.466949
63.460621 227.245819     5384.687500 174.718750 5.921875     -0.975056 -0.221961 0.221961 -0.975056     25.679968 25.679968 4.664094
241.909088 257.022736     126.390625 -21.179688 32.718750     -0.999604 -0.028153 0.028153 -0.999604     3.705671 3.705671 1.583639
138.089584 181.127090     71.351562 37.810547 36.419922     -0.908205 0.418525 -0.418525 -0.908205     27.400571 27.400571 5.010628
147.598663 272.250549     23258.324219 -346.273438 6586.328125     0.078652 -0.996902 0.996902 0.078652     15.907230 15.907230 6.267280
62.734375 226.119141     119.406250 -20.457031 91.578125     -0.967600 -0.252488 0.252488 -0.967600     28.757562 28.757562 1.463379
62.734375 226.119141     4.375000 -5.406250 115.859375     -0.967600 -0.252488 0.252488 -0.967600     28.757562 28.757562 4.695671
303.329712 370.513336     4459.578125 72.726562 2.791016     -0.897480 -0.441055 0.441055 -0.897480     35.702399 35.702399 1.283696
128.186996 214.024384     22071.867188 -1108.808594 8055.312500     0.149606 -0.988746 0.988746 0.149606     14.487614 14.487614 3.018996
146.557083 265.452942     72.715820 -3.457031 65.925781     0.045601 -0.998960 0.998960 0.045601     23.497410 23.497410 6.385745
291.542755 311.965363     362.214844 -66.921875 115.337891     0.091457 -0.995809 0.995809 0.091457     22.464958 22.464958 4.685535
45.062973 175.957184     11.796875 -2.648438 56.226562     -0.992526 -0.122030 0.122030 -0.992526     15.699769 15.699769 1.652824
350.062500 181.845581     370.710938 -73.531250 123.986328     0.107676 -0.994186 0.994186 0.107676     16.397737 16.397737 2.911459
350.062500 181.845581     21.156250 1.703125 240.644531     0.107676 -0.994186 0.994186 0.107676     16.397737 16.397737 6.244687
241.900391 256.965515     67.587891 -3.603516 61.417969     -0.999664 -0.025933 0.025933 -0.999664     4.569837 4.569837 1.604968
349.891449 188.995377     22591.765625 -2270.156250 8920.757812     0.054695 -0.998503 0.998503 0.054695     16.587125 16.587125 4.714721
293.777893 340.157623     620.281250 36.140625 7.117188     -0.220616 -0.975361 0.975361 -0.220616     56.664171 56.664171 0.621079
293.777893 340.157623     5465.875000 178.890625 6.093750     -0.220616 -0.975361 0.975361 -0.220616     56.664171 56.664171 1.482719
411.116943 181.262100     63.110352 -3.216797 57.531250     -0.050257 -0.998736 0.998736 -0.050257     17.758755 17.758755 0.166734
411.116943 181.262100     1321.937500 57.453125 7.843750     -0.050257 -0.998736 0.998736 -0.050257     17.758755 17.758755 3.223185
293.328064 339.658783     136.968750 4.687500 46.941406     -0.221879 -0.975074 0.975074 -0.221879     57.326284 57.326284 0.614681
293.328064 339.658783     208.250000 5.703125 57.675781     -0.221879 -0.975074 0.975074 -0.221879     57.326284 57.326284 1.463339
611.086670 275.743683     1973.812500 77.500000 8.585938     -0.999528 -0.030726 0.030726 -0.999528     11.728873 11.728873 1.648426
246.694534 274.096466     5488.656250 181.859375 6.312500     -0.999692 -0.024798 0.024798 -0.999692     11.266422 11.266422 3.228543
349.628998 195.625961     26003.652344 -3572.664062 9213.234375     0.055170 -0.998477 0.998477 0.055170     17.606171 17.606171 1.542013
349.628998 195.625961     159.609375 -2.531250 47.964844     0.055170 -0.998477 0.998477 0.055170     17.606171 17.606171 4.715274
489.410583 184.725159     40.437500 1.066406 12.593750     -0.092848 -0.995680 0.995680 -0.092848     16.855826 16.855826 0.215287
288.313171 324.385498     703.375000 22.468750 3.789062     -0.328569 -0.944480 0.944480 -0.328569     80.450937 80.450937 0.756534
288.313171 324.385498     41.074219 1.468750 12.628906     -0.328569 -0.944480 0.944480 -0.328569     80.450937 80.450937 1.544642
232.173264 354.519806     9.562500 -2.605469 59.054688     -0.995870 0.090787 -0.090787 -0.995870     11.203013 11.203013 4.724042
544.068481 391.155243     5673.562500 146.593750 6.179688     -0.999566 -0.029445 0.029445 -0.999566     2.437499 2.437499 1.537492
246.098938 273.697876     136.125000 1.210938 47.777344     -0.999759 -0.021964 0.021964 -0.999759     11.783909 11.783909 3.265821
410.991058 183.979111     9.500000 -8.183594 128.050781     0.001024 -0.999999 0.999999 0.001024     18.270412 18.270412 3.139256
410.991058 183.979111     46.066406 0.429688 9.037109     0.001024 -0.999999 0.999999 0.001024     18.270412 18.270412 6.363950
286.986664 324.308441     8.828125 -3.070312 57.015625     -0.255853 -0.966716 0.966716 -0.255853     97.085983 97.085983 0.602303
286.986664 324.308441     27221.406250 -3110.843750 9503.421875     -0.255853 -0.966716 0.966716 -0.255853     97.085983 97.085983 1.195742
232.938599 354.938599     5655.078125 187.078125 10.351562     -0.998476 0.055181 -0.055181 -0.998476     12.471756 12.471756 4.722005
620.622559 340.495087     128.902344 -36.226562 54.820312     -0.966080 0.258242 -0.258242 -0.966080     12.339702 12.339702 1.632745
620.622559 340.495087     88.437500 22.812500 18.429688     -0.966080 0.258242 -0.258242 -0.966080     12.339702 12.339702 4.792818
489.308594 185.225525     136.937500 2.234375 48.593750     -0.071290 -0.997456 0.997456 -0.071290     17.695076 17.695076 0.169682
489.308594 185.225525     22.886719 -33.398438 220.339844     -0.071290 -0.997456 0.997456 -0.071290     17.695076 17.695076 3.206166
349.693756 197.040649     5631.984375 202.125000 13.093750     0.043448 -0.999056 0.999056 0.043448     18.418296 18.418296 1.550423
349.693756 197.040649     153.015625 -75.562500 96.253906     0.043448 -0.999056 0.999056 0.043448     18.418296 18.418296 4.722021
589.436951 280.407196     29.275879 -1.875000 12.335938     -0.991465 -0.130372 0.130372 -0.991465     31.311540 31.311540 1.552398
589.436951 280.407196     132.968750 1.664062 48.175781     -0.991465 -0.130372 0.130372 -0.991465     31.311540 31.311540 5.736282
537.863647 390.909088     28919.503906 -4179.976562 9904.164062     -0.999565 -0.029489 0.029489 -0.999565     2.232019 2.232019 1.541874
18.740875 431.007294     29.992378 20.503906 40.257812     -0.997150 -0.075450 0.075450 -0.997150     14.144637 14.144637 4.698640
551.182922 185.896347     30.695312 16.191406 40.433594     -0.037873 -0.999283 0.999283 -0.037873     17.832951 17.832951 3.123150
551.182922 185.896347     42.243538 16.822998 40.991211     -0.037873 -0.999283 0.999283 -0.037873     17.832951 17.832951 6.369406
244.074997 273.165375     19.648193 -8.787720 44.334473     -0.999629 -0.027219 0.027219 -0.999629     12.256125 12.256125 3.228842
410.760773 194.488037     40.062866 15.555054 45.684570     0.016916 -0.999857 0.999857 0.016916     18.017394 18.017394 4.716148
410.760773 194.488037     51.531250 11.718750 17.921875     0.016916 -0.999857 0.999857 0.016916     18.017394 18.017394 6.344926
489.623535 195.361343     126.046875 13.578125 8.750000     -0.043414 -0.999057 0.999057 -0.043414     17.386448 17.386448 4.722568
90.853981 165.207962     42.942787 16.207642 46.284180     -0.999968 0.007956 -0.007956 -0.999968     7.119298 7.119298 4.658074
286.859100 321.682465     50.992645 -14.135376 40.173584     -0.241511 -0.970398 0.970398 -0.241511     107.133189 107.133189 0.522608
234.164703 355.294128     42.957382 15.459473 48.009766     -0.999975 -0.007109 0.007109 -0.999975     13.158788 13.158788 4.710967
18.674419 431.643402     45.010468 13.493164 47.577148     -0.999169 -0.040753 0.040753 -0.999169     15.926644 15.926644 4.708001
578.673157 280.593353     75.302872 -41.958130 187.317871     -0.993542 -0.113467 0.113467 -0.993542     31.975806 31.975806 1.569532
578.673157 280.593353     85.074219 -92.962891 151.214844     -0.993542 -0.113467 0.113467 -0.993542     31.975806 31.975806 2.666845
467.421051 273.578949     16.257812 3.109375 55.296875     -0.999680 -0.025291 0.025291 -0.999680     13.736725 13.736725 3.144663
467.421051 273.578949     510.492188 -206.511719 218.960938     -0.999680 -0.025291 0.025291 -0.999680     13.736725 13.736725 6.237790
94.819069 165.361862     1656.843750 -127.867188 138.620605     -0.999984 0.005704 -0.005704 -0.999984     7.425335 7.425335 4.665422
25.328152 432.324707     313.890625 -133.203125 107.253906     -0.998340 -0.057588 0.057588 -0.998340     16.867047 16.867047 4.703790
265.440186 306.008545     1891.523438 1254.789062 1832.023438     0.046824 -0.998903 0.998903 0.046824     8.658289 8.658289 1.557349
237.052231 320.991852     429.500000 18.726562 69.968750     0.058509 -0.998287 0.998287 0.058509     40.104850 40.104850 3.161349
237.052231 320.991852     262.312500 -43.761719 18.234375     0.058509 -0.998287 0.998287 0.058509     40.104850 40.104850 6.264467
282.631073 316.165833     487.500000 -107.488281 25.508057     -0.369614 -0.929186 0.929186 -0.369614     115.550903 115.550903 0.704353
467.391785 273.824615     24.539062 20.480469 254.546875     -0.999590 -0.028643 0.028643 -0.999590     13.981903 13.981903 3.125433
467.391785 273.824615     875.218750 -116.476562 18.859375     -0.999590 -0.028643 0.028643 -0.999590     13.981903 13.981903 6.234218
187.226837 286.146973     11514.484375 -1983.031250 424.113281     -0.942972 -0.332871 0.332871 -0.942972     21.516783 21.516783 1.401173
95.360130 165.530548     315.593750 -132.015625 105.734375     -0.999975 0.007108 -0.007108 -0.999975     8.029721 8.029721 4.626318
67.510460 213.598328     760.218750 -107.523438 15.656250     0.332788 -0.943002 0.943002 0.332788     21.058162 21.058162 4.483387
455.212738 273.463104     283.531250 -75.796875 24.892334     -0.999632 -0.027132 0.027132 -0.999632     14.109548 14.109548 3.133209
455.212738 273.463104     307.484375 -138.125000 118.187500     -0.999632 -0.027132 0.027132 -0.999632     14.109548 14.109548 6.200313
186.114426 286.912933     2.843750 -0.437500 133.867188     -0.958397 -0.285439 0.285439 -0.958397     24.876262 24.876262 1.407907
80.952728 438.672729     24464.949219 -8710.898438 12289.539062     -0.983709 -0.179771 0.179771 -0.983709     13.954714 13.954714 2.600964
80.952728 438.672729     932.687500 -201.492188 45.816406     -0.983709 -0.179771 0.179771 -0.983709     13.954714 13.954714 5.034956
489.184265 199.530930     1100.093750 -253.761719 63.479492     -0.015148 -0.999885 0.999885 -0.015148     19.157186 19.157186 1.595172
489.184265 199.530930     4.609375 4.246094 204.117188     -0.015148 -0.999885 0.999885 -0.015148     19.157186 19.157186 4.713016
187.616257 289.913055     591.320312 -115.539062 24.258789     -0.776395 -0.630247 0.630247 -0.776395     30.010325 30.010325 1.099716
520.330444 390.362061     50.851562 7.617188 16.156250     -0.999508 -0.031367 0.031367 -0.999508     2.382956 2.382956 1.550622
383.456299 271.800964     26.804688 -6.531250 60.781250     -0.999989 0.004777 -0.004777 -0.999989     14.444810 14.444810 3.214286
383.456299 271.800964     620.187500 -164.111328 51.994385     -0.999989 0.004777 -0.004777 -0.999989     14.444810 14.444810 6.359663
410.663239 198.828430     2279.343750 -511.960938 119.433105     0.024761 -0.999693 0.999693 0.024761     18.954185 18.954185 1.566547
410.663239 198.828430     17.367188 0.210938 37.234375     0.024761 -0.999693 0.999693 0.024761     18.954185 18.954185 4.711489
551.242920 200.626617     1557.656250 -316.714844 65.801758     -0.018056 -0.999837 0.999837 -0.018056     18.904395 18.904395 1.573570
551.242920 200.626617     274.890625 -138.500000 141.939453     -0.018056 -0.999837 0.999837 -0.018056     18.904395 18.904395 4.730227
242.900864 169.702591     47.062500 4.890625 28.054688     -0.993838 0.110842 -0.110842 -0.993838     24.674819 24.674819 2.344084
386.206055 271.991913     381.406250 -44.187500 122.361328     -0.999704 -0.024316 0.024316 -0.999704     14.415490 14.415490 3.152393
244.692062 167.860321     378.359375 -58.031250 129.105469     -0.989243 0.146279 -0.146279 -0.989243     26.730258 26.730258 2.374101
244.692062 167.860321     163.312500 -20.421875 5.000000     -0.989243 0.146279 -0.146279 -0.989243     26.730258 26.730258 3.960097
308.730042 218.300385     618.875000 -148.152344 36.153320     -0.996119 -0.088013 0.088013 -0.996119     18.316468 18.316468 1.542531
370.995636 166.576416     279.625000 -33.593750 7.164062     -0.999813 -0.019344 0.019344 -0.999813     4.950481 4.950481 4.736547
515.854187 390.208344     25846.761719 -9367.851562 12566.250000     -0.999495 -0.031766 0.031766 -0.999495     2.346680 2.346680 1.552596
103.166664 210.652374     382.656250 -47.421875 9.367188     -0.750622 0.660732 -0.660732 -0.750622     24.892501 24.892501 0.996699
103.166664 210.652374     119.226562 19.562500 29.421875     -0.750622 0.660732 -0.660732 -0.750622     24.892501 24.892501 5.273046
160.395645 454.852173     380.515625 -56.296875 127.064453     -0.965365 0.260902 -0.260902 -0.965365     15.745189 15.745189 1.325972
160.395645 454.852173     4278.406250 -583.875000 80.445312     -0.965365 0.260902 -0.260902 -0.965365     15.745189 15.745189 1.873371
242.587631 168.662369     1070.484375 -257.808594 63.353516     -0.971599 0.236635 -0.236635 -0.971599     31.783502 31.783502 2.464546
242.587631 168.662369     449.750000 -63.078125 13.289062     -0.971599 0.236635 -0.236635 -0.971599     31.783502 31.783502 3.944423
246.567688 146.903931     56.476562 6.734375 12.671875     -0.992914 -0.118837 0.118837 -0.992914     11.516870 11.516870 2.391078
103.533333 210.886276     1827.593750 -427.759766 110.346680     -0.749216 0.662326 -0.662326 -0.749216     24.727297 24.727297 0.995718
103.533333 210.886276     2271.671875 -508.957031 116.109375     -0.749216 0.662326 -0.662326 -0.749216     24.727297 24.727297 5.271563
294.998047 145.267059     230.304688 52.273438 33.984375     -0.949443 -0.313939 0.313939 -0.949443     32.544947 32.544947 0.626406
477.297638 388.950989     1436.750000 -176.203125 25.097656     -0.999474 -0.032432 0.032432 -0.999474     2.261006 2.261006 1.560992
319.707520 189.498611     11.707031 -1.417969 24.015625     -0.977539 0.210753 -0.210753 -0.977539     23.876521 23.876521 1.759595
319.707520 189.498611     850.062500 -114.625000 20.414062     -0.977539 0.210753 -0.210753 -0.977539     23.876521 23.876521 4.810166
272.360718 119.257141     280.286133 -79.614258 24.107422     -0.842422 -0.538818 0.538818 -0.842422     15.741065 15.741065 0.450211
319.165771 182.656250     353.984375 -50.578125 109.035156     -0.883855 0.467760 -0.467760 -0.883855     40.437880 40.437880 2.142858
319.165771 182.656250     12.523438 -0.324219 21.976562     -0.883855 0.467760 -0.467760 -0.883855     40.437880 40.437880 5.139455
265.408386 305.194672     12.160156 -0.222656 22.882812     0.048323 -0.998832 0.998832 0.048323     9.126735 9.126735 1.557204
521.382446 207.877197     276.558105 -77.800781 23.677734     -0.981358 -0.192189 0.192189 -0.981358     20.538176 20.538176 1.496404
521.382446 207.877197     442.531250 -39.304688 6.406250     -0.981358 -0.192189 0.192189 -0.981358     20.538176 20.538176 4.591433
379.510590 166.690475     1828.750000 -233.109375 35.726562     -0.999740 -0.022783 0.022783 -0.999740     5.944520 5.944520 4.743358
427.633331 167.434723     327.511719 -89.679688 26.652344     -0.999867 -0.016312 0.016312 -0.999867     5.700219 5.700219 1.595859
106.570618 215.165726     253.359375 -33.148438 100.316406     -0.922138 0.386860 -0.386860 -0.922138     36.133479 36.133479 0.525728
243.063828 169.227493     10357.187500 -1208.625000 147.648438     -0.969308 0.245851 -0.245851 -0.969308     44.630413 44.630413 1.156528
243.063828 169.227493     52.484375 -7.355469 23.828125     -0.969308 0.245851 -0.245851 -0.969308     44.630413 44.630413 2.327671
279.527466 213.897430     9531.062500 -194.406250 5.546875     0.059295 -0.998241 0.998241 0.059295     15.352559 15.352559 3.114238
241.692429 169.334320     8816.312500 -1890.347656 416.429199     -0.964101 0.265535 -0.265535 -0.964101     45.832496 45.832496 1.157765
489.490112 200.081497     495.183594 -612.133789 757.324219     -0.007759 -0.999970 0.999970 -0.007759     20.691700 20.691700 1.586615
489.490112 200.081497     374.625000 -44.468750 126.861328     -0.007759 -0.999970 0.999970 -0.007759     20.691700 20.691700 4.710740
106.581848 215.390594     95.792969 -76.164062 76.166504     -0.908387 0.418131 -0.418131 -0.908387     34.786854 34.786854 0.558666
523.217468 209.721542     1468.531250 -210.070312 30.300781     -0.962783 -0.270276 0.270276 -0.962783     22.916104 22.916104 1.439055
523.217468 209.721542     58.750000 -10.753906 17.427734     -0.962783 -0.270276 0.270276 -0.962783     22.916104 22.916104 4.553936
605.363281 263.344574     1604.000000 -220.343750 30.613281     -0.998279 -0.058637 0.058637 -0.998279     10.056634 10.056634 5.667410
474.694580 388.867004     9.886719 1.343750 94.976562     -0.999465 -0.032713 0.032713 -0.999465     2.198325 2.198325 1.562706
597.561096 263.703247     38.937500 -25.621094 97.109375     -0.999348 -0.036117 0.036117 -0.999348     10.182076 10.182076 3.112566
597.561096 263.703247     43.117188 -5.121094 22.578125     -0.999348 -0.036117 0.036117 -0.999348     10.182076 10.182076 5.842313
106.705803 215.349365     10239.562500 -1125.921875 134.710938     -0.909712 0.415239 -0.415239 -0.909712     33.693835 33.693835 0.530894
588.971375 263.387390     29293.835938 -10874.417969 13034.218750     -0.999049 -0.043596 0.043596 -0.999049     10.395527 10.395527 5.746904
520.649048 213.330978     831.968750 -949.173828 1108.378906     -0.998655 -0.051857 0.051857 -0.998655     30.751170 30.751170 1.542021
520.649048 213.330978     41.023438 -14.960938 157.972656     -0.998655 -0.051857 0.051857 -0.998655     30.751170 30.751170 4.636333
379.798950 208.968674     265.843750 -32.390625 8.134766     -0.999286 -0.037795 0.037795 -0.999286     34.111092 34.111092 1.575308
578.023071 263.244568     720.181641 -890.851562 1102.639648     -0.999226 -0.039344 0.039344 -0.999226     10.586399 10.586399 2.952567
578.023071 263.244568     11.855469 -1.703125 23.386719     -0.999226 -0.039344 0.039344 -0.999226     10.586399 10.586399 5.728868
379.059235 209.109344     10239.078125 -1099.656250 131.664062     -0.999405 -0.034488 0.034488 -0.999405     33.689534 33.689534 1.577125
561.288818 288.176910     161.031250 -5.750000 12.093750     -0.999767 -0.021592 0.021592 -0.999767     6.423649 6.423649 4.696914
474.705200 388.925934     11.828125 -1.945312 23.468750     -0.999451 -0.033117 0.033117 -0.999451     2.408720 2.408720 1.564207
378.831390 209.897354     246.734375 -32.539062 103.789062     -0.999743 0.022655 -0.022655 -0.999743     31.146854 31.146854 1.621285
378.831390 209.897354     10165.968750 176.718750 38.125000     -0.999743 0.022655 -0.022655 -0.999743     31.146854 31.146854 4.715338
415.584656 284.619049     10257.390625 -1090.859375 132.625000     -0.999596 -0.028416 0.028416 -0.999596     3.868733 3.868733 1.595270
247.545105 230.325485     204.460938 -36.937500 38.578125     -0.999270 -0.038216 0.038216 -0.999270     15.943575 15.943575 1.561653
551.547913 287.777069     12.433594 2.898438 89.964844     -0.999486 -0.032068 0.032068 -0.999486     7.882289 7.882289 1.566994
551.547913 287.777069     19.687500 0.156250 24.174805     -0.999486 -0.032068 0.032068 -0.999486     7.882289 7.882289 4.683088
235.347488 243.208496     192.726562 -46.625000 58.033203     -0.998677 -0.051429 0.051429 -0.998677     15.943767 15.943767 3.080409
235.347488 243.208496     9221.531250 331.875000 78.187500     -0.998677 -0.051429 0.051429 -0.998677     15.943767 15.943767 6.236071
264.575195 237.406021     23.062500 -0.882812 24.652344     0.052427 -0.998625 0.998625 0.052427     13.815598 13.815598 4.677062
490.001007 286.410522     18.843750 -0.179688 23.738281     -0.999666 -0.025840 0.025840 -0.999666     6.957407 6.957407 1.573244
229.892944 242.979111     18.843750 0.054688 22.630859     -0.999145 -0.041355 0.041355 -0.999145     15.919288 15.919288 1.597768
229.892944 242.979111     10189.921875 -1068.031250 131.820312     -0.999145 -0.041355 0.041355 -0.999145     15.919288 15.919288 3.033562
379.782227 210.766251     134.859375 -14.453125 5.203125     -0.999906 -0.013703 0.013703 -0.999906     31.099118 31.099118 1.583802
379.782227 210.766251     29158.203125 -10575.652344 12863.664062     -0.999906 -0.013703 0.013703 -0.999906     31.099118 31.099118 4.702430
220.630356 209.867706     5.339844 6.300781 214.390625     0.071965 -0.997407 0.997407 0.071965     13.387785 13.387785 3.128697
220.206192 216.082474     8201.593750 377.156250 96.968750     0.068543 -0.997648 0.997648 0.068543     13.453232 13.453232 3.157169
220.206192 216.082474     204.093750 -26.046875 8.421875     0.068543 -0.997648 0.997648 0.068543     13.453232 13.453232 4.702930
245.675217 174.414536     723.646484 -894.747070 1107.089844     -0.999933 -0.011602 0.011602 -0.999933     13.524072 13.524072 2.271003
266.011688 210.498047     7692.031250 388.125000 104.265625     0.063332 -0.997993 0.997993 0.063332     13.222103 13.222103 3.084630
266.011688 210.498047     10143.234375 -1049.140625 133.171875     0.063332 -0.997993 0.997993 0.063332     13.222103 13.222103 6.168686
482.089630 286.292969     6855.812500 261.109375 93.828125     -0.999452 -0.033088 0.033088 -0.999452     9.176244 9.176244 1.575133
235.964005 236.510284     6864.343750 215.234375 97.171875     -0.925992 0.377543 -0.377543 -0.925992     28.478326 28.478326 0.715321
250.787964 176.498566     10116.812500 -1024.734375 136.757812     -0.958589 -0.284792 0.284792 -0.958589     15.360903 15.360903 2.169729
250.787964 176.498566     62.093750 -9.437500 16.156250     -0.958589 -0.284792 0.284792 -0.958589     15.360903 15.360903 4.034052
259.535156 204.143768     79.031250 -15.281250 26.335938     -0.995610 -0.093597 0.093597 -0.995610     39.662099 39.662099 4.730591
520.873169 213.602539     50.718750 -23.750000 61.531250     -0.999681 -0.025268 0.025268 -0.999681     31.350914 31.350914 1.559044
520.873169 213.602539     150.687500 1.968750 150.015625     -0.999681 -0.025268 0.025268 -0.999681     31.350914 31.350914 4.651841
221.927307 208.570923     12.870380 -13.579483 122.876678     0.162381 -0.986728 0.986728 0.162381     18.765859 18.765859 2.778551
221.927307 208.570923     184.187500 18.386719 64.700684     0.162381 -0.986728 0.986728 0.162381     18.765859 18.765859 5.882795
483.570343 286.650909     268.476562 -151.449219 109.306152     -0.999355 -0.035903 0.035903 -0.999355     10.867488 10.867488 1.578519
238.630432 233.694565     287.187500 -63.699219 175.379883     -0.822074 0.569381 -0.569381 -0.822074     29.821862 29.821862 0.955285
61.819904 296.526062     248.296875 75.836426 64.826157     -0.994073 0.108713 -0.108713 -0.994073     15.673239 15.673239 1.747224
380.043518 210.864243     46.656250 42.246094 105.106812     -0.999808 -0.019614 0.019614 -0.999808     31.223365 31.223365 1.583771
380.043518 210.864243     34.656250 18.523438 41.304688     -0.999808 -0.019614 0.019614 -0.999808     31.223365 31.223365 6.286634
22.166666 59.060184     24.593750 -0.172607 15.089781     0.304441 -0.952531 0.952531 0.304441     18.466199 18.466199 1.554450
22.166666 59.060184     101.453125 -252.234375 782.839844     0.304441 -0.952531 0.952531 0.304441     18.466199 18.466199 4.695581
555.561768 457.711609     71.453125 -77.783203 94.228516     -0.954005 -0.299790 0.299790 -0.954005     16.980768 16.980768 2.870223
555.561768 457.711609     54.312500 39.187500 292.573242     -0.954005 -0.299790 0.299790 -0.954005     16.980768 16.980768 4.722474
371.564514 447.241943     47.726562 -35.750000 40.812500     -0.993537 -0.113509 0.113509 -0.993537     12.073703 12.073703 1.535185
371.564514 447.241943     181.593750 17.011719 68.936035     -0.993537 -0.113509 0.113509 -0.993537     12.073703 12.073703 3.141639
