1.0
805
458.873230 459.051270     248.078125 -124.359375 87.781250     -0.877989 0.478681 -0.478681 -0.877989     20.114690 20.114690 4.070941
143.636810 261.064667     5323.062500 249.469727 269.185486     -0.998985 0.045035 -0.045035 -0.998985     4.739472 4.739472 1.567690
143.636810 261.064667     192.058838 -82.459961 37.085938     -0.998985 0.045035 -0.045035 -0.998985     4.739472 4.739472 4.709211
149.368637 319.745758     203.538818 -88.007812 40.128906     -0.997495 0.070744 -0.070744 -0.997495     4.928764 4.928764 1.570136
149.368637 319.745758     277.283203 -13.449219 2.781250     -0.997495 0.070744 -0.070744 -0.997495     4.928764 4.928764 4.709891
142.307083 261.185028     182.374756 -71.705078 30.001953     -0.998787 0.049233 -0.049233 -0.998787     5.804657 5.804657 1.565370
142.307083 261.185028     189.000000 -41.175781 11.054688     -0.998787 0.049233 -0.049233 -0.998787     5.804657 5.804657 4.708902
149.273071 319.769226     284.852783 -15.333008 2.324219     -0.997456 0.071280 -0.071280 -0.997456     5.379341 5.379341 1.570487
149.273071 319.769226     6230.265625 394.330078 306.125244     -0.997456 0.071280 -0.071280 -0.997456     5.379341 5.379341 4.710221
136.135269 169.714981     74.671875 45.167969 44.125000     -0.976470 0.215653 -0.215653 -0.976470     5.735515 5.735515 4.719793
58.717705 194.392349     299.736328 -21.105469 3.890625     -0.917820 0.396996 -0.396996 -0.917820     5.359596 5.359596 1.606341
130.500000 135.500000     137.533203 -5.486328 4.113281     -1.000000 -0.000000 0.000000 -1.000000     5.031153 5.031153 1.568819
130.500000 135.500000     287.037109 -14.246094 3.203125     -1.000000 -0.000000 0.000000 -1.000000     5.031153 5.031153 4.703145
64.871429 254.004761     190.137939 -74.753906 31.681641     -0.998781 0.049371 -0.049371 -0.998781     4.899265 4.899265 4.713760
139.687805 229.419510     20.968750 -11.078125 90.517090     -0.999116 0.042029 -0.042029 -0.999116     7.895850 7.895850 1.270926
139.687805 229.419510     216.557373 -93.901367 43.546875     -0.999116 0.042029 -0.042029 -0.999116     7.895850 7.895850 4.995548
148.648834 319.799316     83.117188 62.814453 77.140625     -0.997525 0.070311 -0.070311 -0.997525     6.125418 6.125418 1.570054
148.648834 319.799316     193.806641 -41.798828 11.490234     -0.997525 0.070311 -0.070311 -0.997525     6.125418 6.125418 4.709778
59.095436 194.265564     315.710449 -23.921875 3.445312     -0.916618 0.399764 -0.399764 -0.916618     5.946273 5.946273 1.608744
142.204086 261.091827     7279.843750 525.502930 347.938843     -0.998808 0.048820 -0.048820 -0.998808     6.558092 6.558092 1.563724
142.204086 261.091827     284.550781 -14.894531 2.777344     -0.998808 0.048820 -0.048820 -0.998808     6.558092 6.558092 4.707815
58.751175 147.657272     82.597656 62.318359 82.615234     -0.929569 0.368647 -0.368647 -0.929569     5.630017 5.630017 1.608874
135.683548 169.767929     318.326172 -21.738281 4.492188     -0.976608 0.215028 -0.215028 -0.976608     6.345934 6.345934 4.720445
63.787754 254.085709     136.757812 9.488281 81.299316     -0.998539 0.054033 -0.054033 -0.998539     5.501281 5.501281 1.573452
63.787754 254.085709     322.967773 -23.812500 3.765625     -0.998539 0.054033 -0.054033 -0.998539     5.501281 5.501281 4.714516
242.282806 100.408165     293.794922 -14.355469 3.781250     -0.812505 -0.582954 0.582954 -0.812505     15.404210 15.404210 1.673031
65.385895 308.933624     9380.781250 -725.421875 228.625000     -0.997263 0.073940 -0.073940 -0.997263     5.141036 5.141036 1.575199
65.385895 308.933624     139.195312 5.505859 82.941406     -0.997263 0.073940 -0.073940 -0.997263     5.141036 5.141036 4.717052
148.446060 319.784271     193.045898 4.832031 1.663086     -0.997490 0.070802 -0.070802 -0.997490     6.960553 6.960553 1.568751
148.446060 319.784271     199.060547 -77.670898 33.328125     -0.997490 0.070802 -0.070802 -0.997490     6.960553 6.960553 4.708960
139.604935 229.205765     85.035156 62.929688 93.987305     -0.999158 0.041017 -0.041017 -0.999158     8.873173 8.873173 1.264779
139.604935 229.205765     99.406250 80.531250 72.654297     -0.999158 0.041017 -0.041017 -0.999158     8.873173 8.873173 5.003704
142.332321 261.149384     198.246094 -42.419922 12.181641     -0.998749 0.050003 -0.050003 -0.998749     7.100713 7.100713 1.562085
142.332321 261.149384     78.062500 58.203125 281.562500     -0.998749 0.050003 -0.050003 -0.998749     7.100713 7.100713 4.708436
58.353909 147.818924     8689.312500 1098.264648 651.157959     -0.929340 0.369225 -0.369225 -0.929340     6.335385 6.335385 1.616195
289.544617 80.940506     222.681641 -96.416016 45.406250     0.153594 -0.988134 0.988134 0.153594     19.742022 19.742022 4.712271
58.657440 194.460205     20.203125 10.242188 26.187500     -0.915846 0.401529 -0.401529 -0.915846     6.939670 6.939670 1.615022
243.843140 102.172112     22.109375 22.933594 71.101562     -0.723712 -0.690102 0.690102 -0.723712     18.686335 18.686335 1.666484
135.651337 169.789276     34.250000 36.625000 60.132812     -0.976984 0.213311 -0.213311 -0.976984     6.918948 6.918948 4.721521
64.163124 309.042542     18.750000 9.585938 69.863281     -0.997112 0.075943 -0.075943 -0.997112     5.733477 5.733477 1.574907
64.163124 309.042542     227.119141 -0.861328 2.242188     -0.997112 0.075943 -0.075943 -0.997112     5.733477 5.733477 4.716853
63.000000 254.105438     78.500000 -50.539062 257.578125     -0.998614 0.052640 -0.052640 -0.998614     6.351551 6.351551 1.574132
63.000000 254.105438     9393.734375 1947.402344 1412.533325     -0.998614 0.052640 -0.052640 -0.998614     6.351551 6.351551 4.714455
244.067200 102.009880     226.096680 2.496582 1.631836     -0.707057 -0.707157 0.707157 -0.707057     20.269034 20.269034 1.676726
148.548965 319.829895     41.304688 2.863281 9.953125     -0.997632 0.068774 -0.068774 -0.997632     7.785913 7.785913 1.568837
148.548965 319.829895     176.320312 13.447266 82.922852     -0.997632 0.068774 -0.068774 -0.997632     7.785913 7.785913 4.708565
283.082977 79.310440     332.687988 -24.332031 4.429688     -0.986444 -0.164098 0.164098 -0.986444     40.178955 40.178955 0.199393
283.082977 79.310440     21.421875 11.789062 28.960938     -0.986444 -0.164098 0.164098 -0.986444     40.178955 40.178955 2.402144
63.695236 309.095245     18.781250 12.375000 49.367188     -0.997259 0.073986 -0.073986 -0.997259     6.362352 6.362352 1.576127
63.695236 309.095245     87.839844 43.158203 120.268555     -0.997259 0.073986 -0.073986 -0.997259     6.362352 6.362352 4.717558
519.862061 106.215515     225.464844 -0.708984 2.761719     -0.307640 -0.951503 0.951503 -0.307640     15.998852 15.998852 3.903239
519.862061 106.215515     26.718750 12.078125 78.250000     -0.307640 -0.951503 0.951503 -0.307640     15.998852 15.998852 4.719015
139.322342 229.102570     10306.828125 3596.654297 3341.834473     -0.999415 0.034187 -0.034187 -0.999415     9.500616 9.500616 1.269605
139.322342 229.102570     325.980469 -23.179688 5.585938     -0.999415 0.034187 -0.034187 -0.999415     9.500616 9.500616 5.012525
142.452316 261.217987     113.093750 90.218750 81.593750     -0.998783 0.049319 -0.049319 -0.998783     7.887715 7.887715 1.561085
142.452316 261.217987     24.937500 24.109375 48.765625     -0.998783 0.049319 -0.049319 -0.998783     7.887715 7.887715 4.708690
282.642517 79.796066     182.365234 -7.869141 6.539062     -0.995333 -0.096503 0.096503 -0.995333     40.850381 40.850381 0.482545
282.642517 79.796066     200.416016 1.996094 2.088867     -0.995333 -0.096503 0.096503 -0.995333     40.850381 40.850381 2.840595
546.247498 138.272720     123.117188 96.500000 219.137695     0.365546 -0.930793 0.930793 0.365546     30.084302 30.084302 5.230754
127.800003 105.066666     182.187500 14.095703 84.180176     -0.999682 -0.025224 0.025224 -0.999682     5.586464 5.586464 1.559141
127.800003 105.066666     205.792969 -44.656250 13.382812     -0.999682 -0.025224 0.025224 -0.999682     5.586464 5.586464 4.708758
58.176056 147.968307     18.378906 18.421875 102.236328     -0.929948 0.367690 -0.367690 -0.929948     7.281147 7.281147 1.622621
244.894470 102.160805     229.776367 -98.737305 46.890625     -0.681561 -0.731761 0.731761 -0.681561     23.131294 23.131294 1.681533
455.486725 179.716812     46.222656 8.109375 14.919922     -0.762841 -0.646586 0.646586 -0.762841     9.434696 9.434696 1.376872
135.465759 169.863007     46.468750 32.375000 33.093750     -0.977210 0.212276 -0.212276 -0.977210     7.751094 7.751094 4.722965
548.027161 145.698502     319.484131 -16.406250 4.132812     -0.256884 -0.966442 0.966442 -0.256884     35.601773 35.601773 5.753362
58.195782 194.692764     53.281250 45.421875 69.929688     -0.915638 0.402003 -0.402003 -0.915638     7.891915 7.891915 1.619179
485.097443 268.843231     194.058594 -65.421875 89.628906     -0.599824 -0.800132 0.800132 -0.599824     15.925804 15.925804 1.547202
422.995178 128.246384     230.959229 3.393066 1.961914     -0.367420 -0.930055 0.930055 -0.367420     16.255792 16.255792 1.540824
422.995178 128.246384     199.121094 298.023438 795.252930     -0.367420 -0.930055 0.930055 -0.367420     16.255792 16.255792 5.359627
507.435791 295.214020     320.357422 -26.957031 11.023438     -0.577424 -0.816444 0.816444 -0.577424     13.001202 13.001202 1.635195
507.435791 295.214020     348.353027 -26.257812 5.453125     -0.577424 -0.816444 0.816444 -0.577424     13.001202 13.001202 5.191945
568.752747 199.861816     25.230469 57.001953 293.033203     -0.178462 -0.983947 0.983947 -0.178462     18.560176 18.560176 4.758730
568.752747 199.861816     189.466797 1.894531 5.280273     -0.178462 -0.983947 0.983947 -0.178462     18.560176 18.560176 6.233051
130.942963 135.239548     122.500000 96.484375 88.197266     -0.999993 0.003830 -0.003830 -0.999993     6.733312 6.733312 1.567841
130.942963 135.239548     254.404297 -22.423828 14.972656     -0.999993 0.003830 -0.003830 -0.999993     6.733312 6.733312 4.701567
62.586594 254.125702     50.062500 33.812500 34.773438     -0.998761 0.049761 -0.049761 -0.998761     7.506065 7.506065 1.575954
62.586594 254.125702     25.453125 12.460938 34.625000     -0.998761 0.049761 -0.049761 -0.998761     7.506065 7.506065 4.715094
575.169067 194.304977     39.609375 35.832031 85.632812     0.254112 -0.967175 0.967175 0.254112     36.341937 36.341937 5.190761
61.405407 114.342339     241.901367 3.676270 2.526367     -0.999938 -0.011120 0.011120 -0.999938     5.699337 5.699337 1.569203
61.405407 114.342339     217.734375 335.537109 907.158203     -0.999938 -0.011120 0.011120 -0.999938     5.699337 5.699337 4.713237
248.535004 135.660004     267.840820 0.041016 27.824219     -0.995923 -0.090210 0.090210 -0.995923     14.010670 14.010670 0.890364
281.156769 79.427254     193.718750 13.539062 87.501465     -0.990190 -0.139728 0.139728 -0.990190     40.506320 40.506320 2.444933
281.156769 79.427254     52.125000 33.984375 35.890625     -0.990190 -0.139728 0.139728 -0.990190     40.506320 40.506320 4.818546
63.533875 309.021667     28.000000 12.890625 37.203125     -0.997294 0.073522 -0.073522 -0.997294     7.305936 7.305936 1.577841
63.533875 309.021667     21.796875 13.949219 67.921875     -0.997294 0.073522 -0.073522 -0.997294     7.305936 7.305936 4.717807
485.115387 268.930756     282.771484 -22.656250 93.464844     -0.589679 -0.807638 0.807638 -0.589679     16.108716 16.108716 1.524960
608.832275 278.554840     11483.796875 6265.453125 7421.187500     -0.333639 -0.942701 0.942701 -0.333639     17.077194 17.077194 4.636991
244.226334 105.634384     13.550781 12.253906 44.355469     -0.569344 -0.822099 0.822099 -0.569344     34.256401 34.256401 1.652774
244.226334 105.634384     65.328125 50.593750 74.726562     -0.569344 -0.822099 0.822099 -0.569344     34.256401 34.256401 3.681472
130.781143 135.437714     5.375000 0.062500 70.429688     -0.999995 0.003183 -0.003183 -0.999995     7.475232 7.475232 1.567328
130.781143 135.437714     222.300781 -20.000977 18.302734     -0.999995 0.003183 -0.003183 -0.999995     7.475232 7.475232 4.702255
607.749023 277.189240     215.048584 -85.012695 38.162109     -0.217425 -0.976077 0.976077 -0.217425     22.058399 22.058399 5.809784
148.239914 319.809418     322.717773 -16.889648 4.984375     -0.997420 0.071787 -0.071787 -0.997420     8.906859 8.906859 1.568366
148.239914 319.809418     26.003906 55.445312 289.650391     -0.997420 0.071787 -0.071787 -0.997420     8.906859 8.906859 4.708196
455.988983 179.720581     15.027344 16.988281 67.382812     -0.765498 -0.643438 0.643438 -0.765498     10.800501 10.800501 1.357584
589.920349 130.778763     204.337891 -38.271484 19.316406     -0.527719 -0.849419 0.849419 -0.527719     14.201088 14.201088 1.095610
589.920349 130.778763     353.997314 -26.001953 6.179688     -0.527719 -0.849419 0.849419 -0.527719     14.201088 14.201088 1.585013
142.389832 261.167084     57.796875 10.554688 34.796875     -0.998890 0.047096 -0.047096 -0.998890     8.812995 8.812995 1.561244
142.389832 261.167084     24.511719 16.140625 68.789062     -0.998890 0.047096 -0.047096 -0.998890     8.812995 8.812995 4.710183
423.761688 128.663834     43.328125 35.914062 89.636719     -0.433360 -0.901221 0.901221 -0.433360     18.339785 18.339785 1.569101
423.761688 128.663834     260.011719 4.024414 25.973633     -0.433360 -0.901221 0.901221 -0.433360     18.339785 18.339785 5.463621
139.851273 228.886078     343.277344 640.371094 1746.269531     -0.999004 0.044621 -0.044621 -0.999004     11.193681 11.193681 1.262868
139.851273 228.886078     129.390625 101.375000 93.724609     -0.999004 0.044621 -0.044621 -0.999004     11.193681 11.193681 5.008104
127.506226 105.058090     220.812500 -13.824219 31.056641     -0.999949 -0.010063 0.010063 -0.999949     6.472463 6.472463 1.559945
127.506226 105.058090     59.031250 37.265625 39.320312     -0.999949 -0.010063 0.010063 -0.999949     6.472463 6.472463 4.706145
246.218292 108.488228     84.593750 12.937500 34.742188     -0.526577 -0.850127 0.850127 -0.526577     35.815072 35.815072 1.614321
246.218292 108.488228     77.328125 55.546875 78.101562     -0.526577 -0.850127 0.850127 -0.526577     35.815072 35.815072 3.747973
281.168030 79.543381     19.160156 8.660156 44.749512     -0.990210 -0.139585 0.139585 -0.990210     40.797203 40.797203 2.425511
281.168030 79.543381     318.734375 -29.324219 14.757812     -0.990210 -0.139585 0.139585 -0.990210     40.797203 40.797203 4.854900
135.476929 169.889236     240.186523 -22.412598 21.837891     -0.976485 0.215585 -0.215585 -0.976485     8.447268 8.447268 4.725650
202.352707 148.108521     349.718750 -23.191406 7.468750     -0.205511 -0.978655 0.978655 -0.205511     17.141652 17.141652 5.004370
58.329758 194.603210     27.187500 56.988281 289.294922     -0.916375 0.400321 -0.400321 -0.916375     8.722253 8.722253 1.623074
249.060242 136.028107     244.180176 -106.952148 53.394531     -0.971570 -0.236752 0.236752 -0.971570     16.189892 16.189892 0.581283
249.060242 136.028107     614.726562 129.878906 1992.216797     -0.971570 -0.236752 0.236752 -0.971570     16.189892 16.189892 4.410940
521.032532 320.660461     15.722656 16.640625 68.144531     -0.775336 -0.631548 0.631548 -0.775336     11.667735 11.667735 5.298618
62.590908 254.136368     67.311279 -3.664062 6.835938     -0.998657 0.051816 -0.051816 -0.998657     8.151797 8.151797 1.574863
62.590908 254.136368     215.931641 -11.421875 34.582031     -0.998657 0.051816 -0.051816 -0.998657     8.151797 8.151797 4.717115
58.993919 147.610947     365.458984 -68.769531 48.789062     -0.929216 0.369537 -0.369537 -0.929216     8.165968 8.165968 1.623280
508.461029 295.040100     28.578125 31.667969 350.035156     -0.640210 -0.768200 0.768200 -0.640210     17.674821 17.674821 5.378862
144.437775 222.899139     294.701172 -19.753906 92.234375     -0.901055 0.433704 -0.433704 -0.901055     34.312150 34.312150 3.846597
61.448002 114.176003     269.039062 7.060547 27.594727     -0.999890 -0.014812 0.014812 -0.999890     6.221809 6.221809 1.570376
61.448002 114.176003     330.826172 -16.027344 6.789062     -0.999890 -0.014812 0.014812 -0.999890     6.221809 6.221809 4.712784
250.193390 118.783897     23.394531 36.519531 243.226562     -0.382651 -0.923893 0.923893 -0.382651     39.149531 39.149531 1.450509
250.193390 118.783897     338.275391 -15.546875 110.210938     -0.382651 -0.923893 0.923893 -0.382651     39.149531 39.149531 3.619600
146.096619 299.475861     281.906250 93.687500 173.257812     -0.996280 0.086172 -0.086172 -0.996280     13.266860 13.266860 1.683248
146.096619 299.475861     11784.906250 5861.832031 7750.211914     -0.996280 0.086172 -0.086172 -0.996280     13.266860 13.266860 4.740313
62.946510 309.132568     365.526123 -27.751953 7.265625     -0.997115 0.075912 -0.075912 -0.997115     8.363305 8.363305 1.579780
62.946510 309.132568     20.546875 8.589844 45.340820     -0.997115 0.075912 -0.075912 -0.997115     8.363305 8.363305 4.718535
200.486542 137.448425     219.606201 -87.309570 40.609375     -0.199877 -0.979821 0.979821 -0.199877     16.596682 16.596682 1.702955
200.486542 137.448425     790.578125 536.453125 3072.966797     -0.199877 -0.979821 0.979821 -0.199877     16.596682 16.596682 3.157388
127.783585 104.511192     53.171875 41.542969 94.654297     -0.999947 -0.010284 0.010284 -0.999947     10.321384 10.321384 1.551503
127.783585 104.511192     371.656250 270.937500 422.101562     -0.999947 -0.010284 0.010284 -0.999947     10.321384 10.321384 4.702098
456.490387 179.724365     81.976562 23.148438 26.546875     -0.766492 -0.642254 0.642254 -0.766492     12.201286 12.201286 1.345283
128.115387 136.763733     284.415771 -0.072266 30.850586     -0.995717 0.092449 -0.092449 -0.995717     16.156611 16.156611 0.392558
128.115387 136.763733     138.000000 107.664062 100.630859     -0.995717 0.092449 -0.092449 -0.995717     16.156611 16.156611 3.524179
521.260681 320.684814     350.816895 -65.158203 53.328125     -0.781191 -0.624291 0.624291 -0.781191     12.529149 12.529149 5.325298
484.993896 268.713409     238.930664 -105.336914 57.617188     -0.572111 -0.820176 0.820176 -0.572111     18.423114 18.423114 1.457746
424.590912 128.958328     289.979492 -1.093750 35.109375     -0.479389 -0.877603 0.877603 -0.479389     20.142813 20.142813 1.600535
148.160324 319.813629     74.969971 -3.526367 8.453125     -0.997639 0.068674 -0.068674 -0.997639     9.995618 9.995618 1.567315
148.160324 319.813629     16.871094 18.437500 60.210938     -0.997639 0.068674 -0.068674 -0.997639     9.995618 9.995618 4.708065
58.450123 194.540146     40.730713 14.716919 20.882027     -0.915024 0.403400 -0.403400 -0.915024     9.398914 9.398914 1.624120
62.770317 114.176682     268.691406 6.019531 29.100586     -0.999882 -0.015352 0.015352 -0.999882     7.072192 7.072192 1.570343
62.770317 114.176682     1722.398438 668.691406 3345.679688     -0.999882 -0.015352 0.015352 -0.999882     7.072192 7.072192 4.712534
251.291000 124.762352     219.681641 -9.109375 37.054688     -0.376445 -0.926439 0.926439 -0.376445     40.598341 40.598341 1.445583
251.291000 124.762352     21.460938 -17.867188 36.921875     -0.376445 -0.926439 0.926439 -0.376445     40.598341 40.598341 3.615173
125.651550 135.568024     28.515625 8.332031 13.988281     -1.000000 -0.000171 0.000171 -1.000000     23.736897 23.736897 3.134000
125.651550 135.568024     13.300781 10.019531 35.296875     -1.000000 -0.000171 0.000171 -1.000000     23.736897 23.736897 6.284623
281.218109 79.562202     91.496094 36.666992 37.493164     -0.992222 -0.124484 0.124484 -0.992222     41.683425 41.683425 2.443135
281.218109 79.562202     374.921875 797.179688 1703.367188     -0.992222 -0.124484 0.124484 -0.992222     41.683425 41.683425 4.862758
521.491394 320.783508     436.906250 240.921875 410.585938     -0.784957 -0.619550 0.619550 -0.784957     13.550519 13.550519 5.365838
484.825958 268.422638     44.000000 29.105591 58.015770     -0.576111 -0.817371 0.817371 -0.576111     19.570731 19.570731 1.480138
224.073639 264.802338     226.175293 -43.210938 58.902344     -0.268646 -0.963239 0.963239 -0.268646     19.042212 19.042212 4.542182
140.616730 221.470383     5.687500 6.937500 57.000000     -0.993108 0.117200 -0.117200 -0.993108     42.877965 42.877965 3.288869
220.504349 235.456528     144.968750 112.281250 105.544922     -0.329734 -0.944074 0.944074 -0.329734     13.701661 13.701661 1.854921
509.066040 295.218353     27.468750 -19.859375 37.146484     -0.673616 -0.739082 0.739082 -0.673616     19.726138 19.726138 3.351279
509.066040 295.218353     30.460938 -0.281250 38.343750     -0.673616 -0.739082 0.739082 -0.673616     19.726138 19.726138 3.946214
130.404327 103.145065     274.832031 -41.697266 79.187500     -0.995317 0.096665 -0.096665 -0.995317     18.201505 18.201505 0.407370
130.404327 103.145065     6.531250 7.343750 67.359375     -0.995317 0.096665 -0.096665 -0.995317     18.201505 18.201505 3.533138
58.447514 147.867401     11844.929688 8281.355469 8383.029297     -0.927618 0.373530 -0.373530 -0.927618     8.920329 8.920329 1.627045
142.104477 261.142853     355.726562 -17.312500 110.117188     -0.998899 0.046923 -0.046923 -0.998899     9.887524 9.887524 1.560575
142.104477 261.142853     123.093750 33.957031 67.472656     -0.998899 0.046923 -0.046923 -0.998899     9.887524 9.887524 4.709635
62.392693 254.123291     357.580566 -68.023438 58.000000     -0.998598 0.052933 -0.052933 -0.998598     9.099686 9.099686 1.575657
62.392693 254.123291     314.994141 -14.439453 94.277344     -0.998598 0.052933 -0.052933 -0.998598     9.099686 9.099686 4.718932
200.451920 137.067307     244.553711 -28.705078 62.916016     -0.197758 -0.980251 0.980251 -0.197758     17.322506 17.322506 3.152555
200.451920 137.067307     297.224609 -0.867188 32.452148     -0.197758 -0.980251 0.980251 -0.197758     17.322506 17.322506 5.015614
221.042404 237.855118     6.111973 -16.539093 113.203613     -0.283864 -0.958865 0.958865 -0.283864     14.228898 14.228898 1.796066
221.042404 237.855118     23.531250 10.708984 47.621582     -0.283864 -0.958865 0.958865 -0.283864     14.228898 14.228898 4.997851
136.243530 170.479279     267.008789 7.835938 30.726562     -0.980828 0.194874 -0.194874 -0.980828     15.400585 15.400585 3.025203
62.617645 309.128143     7.625000 7.593750 74.390625     -0.997248 0.074140 -0.074140 -0.997248     9.273267 9.273267 1.582227
62.617645 309.128143     28.878906 -20.597656 38.048828     -0.997248 0.074140 -0.074140 -0.997248     9.273267 9.273267 4.718526
482.590027 268.462036     31.136719 6.406250 71.437500     -0.931863 -0.362810 0.362810 -0.931863     24.928350 24.928350 0.938846
482.590027 268.462036     36.171875 15.835938 16.767578     -0.931863 -0.362810 0.362810 -0.931863     24.928350 24.928350 1.851131
223.940140 264.658447     20.125000 3.648438 37.325195     -0.309802 -0.950801 0.950801 -0.309802     19.744988 19.744988 4.566009
425.033325 128.720001     354.121094 -16.085938 8.796875     -0.478612 -0.878027 0.878027 -0.478612     21.930928 21.930928 1.591216
128.219833 102.184990     6.093872 -15.007874 111.237549     -0.999852 -0.017188 0.017188 -0.999852     22.903387 22.903387 3.153801
128.219833 102.184990     384.625732 -29.677734 9.109375     -0.999852 -0.017188 0.017188 -0.999852     22.903387 22.903387 6.290970
254.748322 133.241379     20.390625 23.210938 68.640625     -0.361558 -0.932350 0.932350 -0.361558     43.848138 43.848138 1.465490
254.748322 133.241379     26.898438 4.531250 71.703125     -0.361558 -0.932350 0.932350 -0.361558     43.848138 43.848138 4.855431
456.768799 179.529251     16.093750 17.343750 50.187500     -0.765915 -0.642942 0.642942 -0.765915     13.216565 13.216565 1.331000
137.922195 171.681915     81.342041 -2.872070 10.835938     -0.997384 0.072280 -0.072280 -0.997384     24.670016 24.670016 2.729068
521.700867 320.829926     257.613281 34.585693 6.694731     -0.792362 -0.610051 0.610051 -0.792362     14.670942 14.670942 5.402176
481.164490 268.117767     18836.625000 4779.542969 8760.216797     -0.971485 -0.237102 0.237102 -0.971485     25.290095 25.290095 1.067778
509.526215 295.439331     10.093750 8.781250 91.000000     -0.704641 -0.709564 0.709564 -0.704641     21.186649 21.186649 3.932940
509.526215 295.439331     37.500000 17.968750 20.300781     -0.704641 -0.709564 0.709564 -0.704641     21.186649 21.186649 5.506755
186.645157 67.105988     148.703125 100.171875 104.216797     -0.293142 -0.956069 0.956069 -0.293142     18.281771 18.281771 1.980021
186.645157 67.105988     286.125977 -2.777344 36.570312     -0.293142 -0.956069 0.956069 -0.293142     18.281771 18.281771 5.187667
145.761230 299.842865     32.062500 -21.980469 41.208984     -0.995463 0.095154 -0.095154 -0.995463     15.559065 15.559065 1.650733
145.761230 299.842865     121.062500 30.121094 67.726562     -0.995463 0.095154 -0.095154 -0.995463     15.559065 15.559065 4.763878
65.375000 112.348404     257.970703 -28.582031 68.482422     -0.994880 0.101066 -0.101066 -0.994880     19.902554 19.902554 0.399287
148.103256 319.786224     6.733101 -14.390076 110.737061     -0.997733 0.067300 -0.067300 -0.997733     10.934550 10.934550 1.567156
148.103256 319.786224     225.289062 -6.212891 39.802734     -0.997733 0.067300 -0.067300 -0.997733     10.934550 10.934550 4.706923
200.518005 137.015442     422.137939 -28.341797 69.433594     -0.203656 -0.979043 0.979043 -0.203656     17.620854 17.620854 3.186290
200.518005 137.015442     79.312500 57.015625 66.203125     -0.203656 -0.979043 0.979043 -0.203656     17.620854 17.620854 5.024329
58.290672 194.672455     46.123291 29.225708 62.070190     -0.912586 0.408885 -0.408885 -0.912586     10.529014 10.529014 1.629737
267.230438 116.381119     13.031250 11.218750 115.140625     -0.093057 -0.995661 0.995661 -0.093057     110.464477 110.464477 1.589234
267.230438 116.381119     306.264648 -0.590332 35.651367     -0.093057 -0.995661 0.995661 -0.093057     110.464477 110.464477 5.069663
220.936096 238.073486     149.609375 57.671875 92.367188     -0.279078 -0.960268 0.960268 -0.279078     14.847596 14.847596 1.804072
220.936096 238.073486     294.720215 -31.807617 87.074219     -0.279078 -0.960268 0.960268 -0.279078     14.847596 14.847596 5.011728
46.214287 288.852386     9372.484375 -791.625000 275.859375     -0.998183 0.060257 -0.060257 -0.998183     11.573620 11.573620 1.870080
46.214287 288.852386     21.765625 2.541016 37.734375     -0.998183 0.060257 -0.060257 -0.998183     11.573620 11.573620 4.464161
138.061722 172.242798     22.867188 25.601562 74.609375     -0.998038 0.062612 -0.062612 -0.998038     26.187326 26.187326 2.724996
480.904510 268.207703     16.437500 16.312500 54.148438     -0.972846 -0.231453 0.231453 -0.972846     26.397218 26.397218 1.076457
65.496391 251.687729     30.835938 36.371094 242.125000     -0.979087 0.203443 -0.203443 -0.979087     26.431344 26.431344 0.500519
200.985550 134.398849     356.625732 46.781250 93.054688     -0.097115 -0.995273 0.995273 -0.097115     22.718581 22.718581 2.795615
200.985550 134.398849     32.714844 6.914062 71.617188     -0.097115 -0.995273 0.995273 -0.097115     22.718581 22.718581 4.975703
140.141571 221.222885     264.030273 3.853516 33.614258     -0.995361 0.096206 -0.096206 -0.995361     42.767775 42.767775 3.250879
128.114075 101.983009     369.953125 -20.511719 112.617188     -0.999573 -0.029206 0.029206 -0.999573     23.550281 23.550281 3.098952
128.114075 101.983009     34.328125 -23.902344 44.935547     -0.999573 -0.029206 0.029206 -0.999573     23.550281 23.550281 6.262522
142.056091 261.201172     28.707031 5.347656 71.960938     -0.998785 0.049281 -0.049281 -0.998785     11.021103 11.021103 1.556405
142.056091 261.201172     26.242188 11.287109 48.844238     -0.998785 0.049281 -0.049281 -0.998785     11.021103 11.021103 4.710715
222.465836 251.340057     321.521484 -12.246094 96.027344     -0.159701 -0.987165 0.987165 -0.159701     18.817596 18.817596 1.692862
222.465836 251.340057     20.156250 9.062500 139.156250     -0.159701 -0.987165 0.987165 -0.159701     18.817596 18.817596 4.663959
146.986938 310.347961     281.352539 -1.964844 36.794922     -0.997706 0.067699 -0.067699 -0.997706     47.014988 47.014988 6.269761
506.208313 305.023376     47.820312 313.734375 2076.788086     -0.866492 -0.499191 0.499191 -0.866492     49.147742 49.147742 3.716427
506.208313 305.023376     256.428223 -20.758789 71.554688     -0.866492 -0.499191 0.499191 -0.866492     49.147742 49.147742 6.310798
62.738232 309.124298     119.140625 27.042969 68.166016     -0.997048 0.076776 -0.076776 -0.997048     10.190907 10.190907 1.583025
62.738232 309.124298     14.422852 -2.783569 37.128418     -0.997048 0.076776 -0.076776 -0.997048     10.190907 10.190907 4.719386
186.688797 67.427383     306.619385 1.500977 37.690430     -0.298358 -0.954454 0.954454 -0.298358     19.018412 19.018412 5.193104
58.380489 148.000000     7.959896 -12.093719 110.267090     -0.926230 0.376958 -0.376958 -0.926230     10.138575 10.138575 1.632106
270.362976 123.216438     17.343750 16.343750 57.398438     -0.217950 -0.975960 0.975960 -0.217950     116.547239 116.547239 1.661295
270.362976 123.216438     425.571289 -27.815430 72.941406     -0.217950 -0.975960 0.975960 -0.217950     116.547239 116.547239 4.748809
425.876801 129.137543     70.449219 461.181641 3042.611328     -0.525979 -0.850497 0.850497 -0.525979     23.589687 23.589687 1.631653
498.630371 294.262909     15.856445 0.829224 40.433411     -0.673538 -0.739153 0.739153 -0.673538     50.265201 50.265201 0.720546
498.630371 294.262909     28.625000 13.375000 165.078125     -0.673538 -0.739153 0.739153 -0.673538     50.265201 50.265201 5.399754
333.051910 88.813148     225.562500 -5.859375 41.322266     -0.940080 -0.340953 0.340953 -0.940080     19.171951 19.171951 3.947156
333.051910 88.813148     39.292969 7.726562 70.289062     -0.940080 -0.340953 0.340953 -0.940080     19.171951 19.171951 4.341444
63.008751 111.256020     376.431641 -16.527344 11.664062     -1.000000 0.000285 -0.000285 -1.000000     24.994478 24.994478 6.344756
457.084778 179.399002     37.917969 -28.210938 54.246094     -0.765176 -0.643821 0.643821 -0.765176     14.260163 14.260163 1.318569
65.514015 250.889404     75.597656 494.722656 3266.228516     -0.978767 0.204975 -0.204975 -0.978767     28.347356 28.347356 0.474746
58.227627 194.346298     297.341064 -24.268555 92.511719     -0.908932 0.416943 -0.416943 -0.908932     13.721144 13.721144 6.400283
125.152893 135.731400     20.141602 3.973511 40.778755     -0.999991 0.004291 -0.004291 -0.999991     26.662142 26.662142 3.145020
125.152893 135.731400     20480.078125 5202.488281 9117.390625     -0.999991 0.004291 -0.004291 -0.999991     26.662142 26.662142 6.297141
46.320515 289.123932     51.381592 36.884949 79.230034     -0.998605 0.052793 -0.052793 -0.998605     12.938340 12.938340 1.874423
46.320515 289.123932     26.203125 19.390625 25.296875     -0.998605 0.052793 -0.052793 -0.998605     12.938340 12.938340 4.476783
243.029968 354.554321     808.453125 760.148438 799.691406     -0.345235 -0.938516 0.938516 -0.345235     14.293313 14.293313 1.880160
243.029968 354.554321     31.187500 5.117188 73.625000     -0.345235 -0.938516 0.938516 -0.345235     14.293313 14.293313 5.033071
128.092102 101.763161     80.771484 526.640625 3465.167969     -0.999685 -0.025100 0.025100 -0.999685     24.212110 24.212110 6.271813
138.240814 172.665436     120.218750 25.507812 70.775391     -0.998764 0.049695 -0.049695 -0.998764     27.224606 27.224606 2.710887
248.330429 173.230438     35.875000 19.617188 150.000000     0.549049 -0.835790 0.835790 0.549049     14.032190 14.032190 0.377808
248.330429 173.230438     25.046875 9.218750 13.484375     0.549049 -0.835790 0.835790 0.549049     14.032190 14.032190 4.635076
445.317078 133.160980     322.759766 -12.761719 96.050781     -0.910255 -0.414049 0.414049 -0.910255     14.370636 14.370636 4.594769
212.666672 198.955887     30.616211 9.253967 40.944618     -0.361091 -0.932531 0.932531 -0.361091     13.812184 13.812184 2.150510
212.666672 198.955887     38.042969 40.281250 276.156250     -0.361091 -0.932531 0.932531 -0.361091     13.812184 13.812184 5.048316
245.232834 52.928360     8.930748 -10.583771 119.382080     -0.892459 -0.451128 0.451128 -0.892459     19.593564 19.593564 1.728330
245.232834 52.928360     381.164795 45.212891 90.726562     -0.892459 -0.451128 0.451128 -0.892459     19.593564 19.593564 2.241649
423.466003 185.964737     83.488281 542.292969 3559.082031     -0.424187 -0.905575 0.905575 -0.424187     5.528130 5.528130 4.721565
495.487244 294.474152     303.892334 1.678711 38.682617     -0.726135 -0.687553 0.687553 -0.726135     60.785832 60.785832 0.699433
495.487244 294.474152     44.125000 19.593750 190.718750     -0.726135 -0.687553 0.687553 -0.726135     60.785832 60.785832 3.377496
60.153309 149.412888     274.350586 4.509766 33.903320     -0.971708 0.236187 -0.236187 -0.971708     31.306329 31.306329 5.959215
567.497681 371.267609     233.943359 -3.523438 44.076172     -0.131660 -0.991295 0.991295 -0.131660     9.824118 9.824118 5.055532
222.175446 251.434555     21.406250 3.046875 13.132812     -0.161020 -0.986951 0.986951 -0.161020     20.635547 20.635547 1.694132
222.175446 251.434555     431.681885 -25.854492 76.726562     -0.161020 -0.986951 0.986951 -0.161020     20.635547 20.635547 4.726630
457.380096 179.298645     77.242920 66.768433 120.229095     -0.765805 -0.643073 0.643073 -0.765805     15.099107 15.099107 1.314016
247.806946 173.127411     50.089844 17.204590 40.649269     0.617766 -0.786362 0.786362 0.617766     15.501981 15.501981 2.641600
247.806946 173.127411     31.531250 23.406250 29.937500     0.617766 -0.786362 0.786362 0.617766     15.501981 15.501981 4.640012
234.610489 321.835205     386.185547 -22.273438 116.046875     0.035611 -0.999366 0.999366 0.035611     24.832057 24.832057 4.928088
511.518402 223.762543     297.827148 1.722656 41.562500     -0.720008 -0.693966 0.693966 -0.720008     17.739583 17.739583 2.602508
59.318760 196.015518     42.382812 -33.992188 70.712891     -0.979774 0.200107 -0.200107 -0.979774     37.829815 37.829815 5.854288
567.591980 370.567993     28.828125 10.625000 15.500000     -0.118185 -0.992992 0.992992 -0.118185     10.703193 10.703193 5.052118
146.597351 310.358734     9.570992 -10.334137 127.118408     -0.997549 0.069969 -0.069969 -0.997549     46.960442 46.960442 6.281634
434.024902 129.791153     10.365616 -138.169312 1955.313477     -0.903774 -0.428011 0.428011 -0.903774     32.259450 32.259450 3.968667
66.005592 250.506287     304.943359 -16.672852 95.828125     -0.977372 0.211529 -0.211529 -0.977372     29.603681 29.603681 0.479998
139.594955 220.768921     10513.687500 -905.156250 336.031250     -0.997885 0.065005 -0.065005 -0.997885     43.474917 43.474917 3.214145
59.094341 149.031448     43.925781 9.671875 72.132812     -0.988308 0.152470 -0.152470 -0.988308     34.414728 34.414728 5.802751
62.211880 110.944557     6.417703 -3.289886 75.666992     -0.999995 0.003275 -0.003275 -0.999995     25.633932 25.633932 6.361001
186.376816 67.387680     124.250000 25.773438 74.953125     -0.355428 -0.934704 0.934704 -0.355428     19.850604 19.850604 2.059721
186.376816 67.387680     25.906250 3.546875 16.078125     -0.355428 -0.934704 0.934704 -0.355428     19.850604 19.850604 5.257381
127.508873 101.431953     33.406250 12.765625 18.468750     -0.999452 -0.033109 0.033109 -0.999452     24.838606 24.838606 3.083140
127.508873 101.431953     334.617188 -9.964844 97.128906     -0.999452 -0.033109 0.033109 -0.999452     24.838606 24.838606 4.703741
567.814697 370.129364     36.218750 26.781250 35.125000     -0.111601 -0.993753 0.993753 -0.111601     11.710552 11.710552 1.213502
567.814697 370.129364     303.793945 -0.892578 41.508789     -0.111601 -0.993753 0.993753 -0.111601     11.710552 11.710552 5.067873
247.519302 173.084213     393.521484 -18.125000 14.406250     0.625588 -0.780153 0.780153 0.625588     15.821889 15.821889 0.153818
247.519302 173.084213     39.023438 22.156250 153.789062     0.625588 -0.780153 0.780153 0.625588     15.821889 15.821889 5.054662
234.187851 318.535919     12.814331 -170.291626 2419.630859     -0.153301 -0.988179 0.988179 -0.153301     24.706141 24.706141 1.892710
234.187851 318.535919     61.563477 18.866638 39.719360     -0.153301 -0.988179 0.988179 -0.153301     24.706141 24.706141 5.007874
471.392517 170.373825     297.425781 -2.806641 44.619141     -0.872472 -0.488664 0.488664 -0.872472     12.646530 12.646530 4.209622
191.448715 93.606834     236.978516 -2.750000 46.476562     -0.199267 -0.979945 0.979945 -0.199267     19.811813 19.811813 5.149378
142.135590 261.186432     34.671875 5.832031 77.031250     -0.998921 0.046431 -0.046431 -0.998921     12.766982 12.766982 1.552990
142.135590 261.186432     62.500000 31.765625 223.906250     -0.998921 0.046431 -0.046431 -0.998921     12.766982 12.766982 4.712094
62.716171 309.084167     390.737305 42.669922 92.257812     -0.996930 0.078303 -0.078303 -0.996930     11.715878 11.715878 1.584262
62.716171 309.084167     45.062500 10.179688 9.328125     -0.996930 0.078303 -0.078303 -0.996930     11.715878 11.715878 4.721368
243.550766 355.323090     13.807495 -182.236328 2595.820312     -0.373747 -0.927531 0.927531 -0.373747     14.950448 14.950448 1.887779
243.550766 355.323090     25120.656250 5369.410156 8776.063477     -0.373747 -0.927531 0.927531 -0.373747     14.950448 14.950448 5.042726
212.013367 204.446518     40.578125 30.453125 39.515625     -0.099622 -0.995025 0.995025 -0.099622     23.141016 23.141016 4.998841
557.467834 278.987122     441.483643 -31.898438 80.242188     -0.386667 -0.922219 0.922219 -0.386667     13.365738 13.365738 4.746373
46.368614 289.262787     316.357422 -17.062500 99.644531     -0.999174 0.040634 -0.040634 -0.999174     14.733042 14.733042 1.883873
46.368614 289.262787     43.207031 42.402344 287.171875     -0.999174 0.040634 -0.040634 -0.999174     14.733042 14.733042 4.501582
568.032593 369.184784     16.127640 -215.268188 3121.267578     -0.106675 -0.994294 0.994294 -0.106675     13.613253 13.613253 1.195641
568.032593 369.184784     18.640625 -5.464844 56.164062     -0.106675 -0.994294 0.994294 -0.106675     13.613253 13.613253 5.066921
471.732208 170.740585     277.894043 -6.123047 82.365234     -0.846078 -0.533060 0.533060 -0.846078     13.484854 13.484854 4.130979
471.732208 170.740585     313.490723 0.531250 43.815430     -0.846078 -0.533060 0.533060 -0.846078     13.484854 13.484854 4.507645
459.166382 178.261230     36.921875 9.125000 23.328125     -0.779990 -0.625791 0.625791 -0.779990     21.975602 21.975602 1.212360
459.166382 178.261230     41.437500 14.468750 22.187500     -0.779990 -0.625791 0.625791 -0.779990     21.975602 21.975602 5.548704
124.935249 135.681656     291.095703 85.380859 369.173828     -0.999938 0.011127 -0.011127 -0.999938     27.201525 27.201525 3.161127
124.935249 135.681656     6.889416 -2.737244 81.030273     -0.999938 0.011127 -0.011127 -0.999938     27.201525 27.201525 6.324834
247.429901 173.130844     71.718750 30.937500 248.984375     0.630992 -0.775789 0.775789 0.630992     16.948078 16.948078 5.058529
247.429901 173.130844     49.234375 39.109375 50.890625     0.630992 -0.775789 0.775789 0.630992     16.948078 16.948078 6.365901
434.567108 129.564697     395.671875 -23.199219 119.437500     -0.911835 -0.410557 0.410557 -0.911835     33.118420 33.118420 3.956421
59.159058 149.253113     143.250000 33.246094 86.445312     -0.989289 0.145973 -0.145973 -0.989289     36.074463 36.074463 5.795878
138.757568 172.998398     47.531250 -4.929688 200.623047     -0.999441 0.033439 -0.033439 -0.999441     28.316003 28.316003 2.684294
62.592422 248.977036     30388.921875 4552.453125 8130.750977     -0.996828 0.079590 -0.079590 -0.996828     36.880977 36.880977 3.194331
62.592422 248.977036     324.358643 -14.600586 102.679688     -0.996828 0.079590 -0.079590 -0.996828     36.880977 36.880977 6.375869
511.617523 223.550690     38.992188 8.617188 82.449219     -0.746395 -0.665503 0.665503 -0.746395     17.640144 17.640144 2.542816
568.406860 368.254822     69.521484 16.099670 38.401207     -0.107940 -0.994157 0.994157 -0.107940     15.466636 15.466636 1.219201
568.406860 368.254822     59.093750 49.375000 63.703125     -0.107940 -0.994157 0.994157 -0.107940     15.466636 15.466636 1.448099
61.783451 110.533447     12.063194 -10.243317 138.332764     -0.999998 0.002181 -0.002181 -0.999998     26.868459 26.868459 6.352029
462.930359 176.126709     55.371094 21.031250 20.125000     -0.849865 -0.527000 0.527000 -0.849865     33.856320 33.856320 3.248090
462.930359 176.126709     46.062500 14.609375 31.156250     -0.849865 -0.527000 0.527000 -0.849865     33.856320 33.856320 3.641399
59.043327 196.266983     404.369141 -17.667969 17.070312     -0.988973 0.148096 -0.148096 -0.988973     40.826465 40.826465 5.775913
191.569290 93.614235     33317.109375 3201.871094 7634.935547     -0.153448 -0.988157 0.988157 -0.153448     20.802969 20.802969 5.126942
243.570251 355.363647     82.468750 30.187500 258.031250     -0.380263 -0.924878 0.924878 -0.380263     15.808467 15.808467 1.903883
243.570251 355.363647     62.281250 55.359375 178.828125     -0.380263 -0.924878 0.924878 -0.380263     15.808467 15.808467 5.050169
557.415161 279.108307     50.687500 15.640625 34.359375     -0.349097 -0.937087 0.937087 -0.349097     14.484502 14.484502 4.780691
222.073944 251.654541     43.003906 23.046875 162.429688     -0.165026 -0.986289 0.986289 -0.165026     22.387368 22.387368 1.707519
222.073944 251.654541     33.015625 32.839844 53.132812     -0.165026 -0.986289 0.986289 -0.165026     22.387368 22.387368 2.990339
57.580982 302.939392     55.031250 16.953125 38.648438     -0.985491 -0.169727 0.169727 -0.985491     41.487405 41.487405 5.806670
234.136917 318.232269     4.428246 -4.310883 123.257812     -0.169935 -0.985455 0.985455 -0.169935     25.265229 25.265229 1.918487
234.136917 318.232269     35083.625000 2891.035156 7425.228516     -0.169935 -0.985455 0.985455 -0.169935     25.265229 25.265229 5.036840
127.352432 101.251740     12502.734375 -1036.171875 368.703125     -0.999860 -0.016717 0.016717 -0.999860     26.064996 26.064996 3.116918
127.352432 101.251740     72.609375 58.328125 183.031250     -0.999860 -0.016717 0.016717 -0.999860     26.064996 26.064996 6.289191
146.581467 310.443207     58.648438 23.539062 22.781250     -0.996878 0.078961 -0.078961 -0.996878     47.408840 47.408840 6.301061
247.114853 173.148453     30.187500 26.339844 46.635742     0.625851 -0.779943 0.779943 0.625851     17.514275 17.514275 5.016903
247.114853 173.148453     70.437500 22.312500 46.992188     0.625851 -0.779943 0.779943 0.625851     17.514275 17.514275 6.380147
212.100723 204.405273     84.281250 60.328125 189.328125     -0.120906 -0.992664 0.992664 -0.120906     23.835429 23.835429 5.014980
186.256973 67.386993     412.358398 40.357422 95.742188     -0.382399 -0.923997 0.923997 -0.382399     20.900059 20.900059 5.292509
139.828201 220.571091     107.437500 36.187500 270.453125     -0.998537 0.054069 -0.054069 -0.998537     43.944576 43.944576 3.187082
569.541687 366.907410     409.316406 -26.039062 125.070312     -0.075503 -0.997146 0.997146 -0.075503     19.856195 19.856195 1.498939
125.235756 135.772156     77.660156 13.535034 38.840240     -0.999968 0.008033 -0.008033 -0.999968     27.290612 27.290612 3.152393
125.235756 135.772156     51.886719 11.734375 76.218750     -0.999968 0.008033 -0.008033 -0.999968     27.290612 27.290612 6.310938
173.245514 124.820358     33.625000 32.359375 53.431641     -0.149402 -0.988777 0.988777 -0.149402     2.901974 2.901974 1.578429
59.499382 149.313507     63.890625 25.531250 24.890625     -0.993906 0.110229 -0.110229 -0.993906     37.448120 37.448120 5.759553
484.517792 197.387589     13003.359375 -1690.156250 975.859375     -0.711174 -0.703016 0.703016 -0.711174     30.242906 30.242906 4.627690
435.070801 129.218887     47.054688 22.671875 167.328125     -0.918114 -0.396317 0.396317 -0.918114     33.822679 33.822679 0.581349
435.070801 129.218887     417.718994 38.953125 99.703125     -0.918114 -0.396317 0.396317 -0.918114     33.822679 33.822679 3.938262
62.426075 110.338631     59.175781 14.398438 81.765625     -0.999984 -0.005581 0.005581 -0.999984     27.623569 27.623569 3.134926
62.426075 110.338631     36.078125 33.136719 54.003906     -0.999984 -0.005581 0.005581 -0.999984     27.623569 27.623569 6.307962
557.443359 278.912628     52.500000 23.460938 173.312500     -0.335591 -0.942008 0.942008 -0.335591     15.274358 15.274358 4.787058
62.072449 248.511230     73.179688 27.984375 28.906250     -0.996941 0.078155 -0.078155 -0.996941     37.853750 37.853750 3.176042
62.072449 248.511230     119.393555 20.053345 44.842201     -0.996941 0.078155 -0.078155 -0.996941     37.853750 37.853750 6.371761
175.766953 141.447037     79.152344 29.437500 31.921875     -0.149888 -0.988703 0.988703 -0.149888     3.287395 3.287395 1.574729
570.516418 367.047516     14.133011 15.065506 52.316971     -0.096640 -0.995319 0.995319 -0.096640     23.523577 23.523577 1.550077
138.798843 173.086838     318.406250 379.140625 625.132812     -0.999496 0.031755 -0.031755 -0.999496     28.861847 28.861847 2.686829
233.440353 318.234283     14.853630 15.524918 56.044388     -0.229188 -0.973382 0.973382 -0.229188     27.547097 27.547097 2.001879
233.440353 318.234283     135.791992 15.868958 7.372250     -0.229188 -0.973382 0.973382 -0.229188     27.547097 27.547097 5.109182
142.048965 261.183990     33.293213 6.963989 24.467926     -0.998979 0.045170 -0.045170 -0.998979     14.868229 14.868229 1.553647
142.048965 261.183990     140.029297 17.112183 7.815590     -0.998979 0.045170 -0.045170 -0.998979     14.868229 14.868229 3.117488
247.322281 172.530807     32.406250 42.148438 70.820312     0.600838 -0.799371 0.799371 0.600838     18.396983 18.396983 0.167558
247.322281 172.530807     399.750000 571.187500 1109.132812     0.600838 -0.799371 0.799371 0.600838     18.396983 18.396983 4.667609
176.313766 145.137619     16.409050 14.651642 58.014343     -0.149787 -0.988718 0.988718 -0.149787     3.625467 3.625467 1.577422
59.063961 196.251770     772.562500 182.906250 1121.171875     -0.993241 0.116074 -0.116074 -0.993241     42.613742 42.613742 5.738840
484.990784 387.995392     1539.703125 131.640625 1227.578125     -0.715319 -0.698798 0.698798 -0.715319     11.343286 11.343286 0.635229
484.990784 387.995392     145.244751 37.374939 41.303314     -0.715319 -0.698798 0.698798 -0.715319     11.343286 11.343286 2.546168
485.438324 198.085037     125.545898 16.304565 13.692406     -0.709141 -0.705066 0.705066 -0.709141     29.819488 29.819488 4.688097
212.127121 204.404663     2279.812500 3852.968750 6868.304688     -0.118047 -0.993008 0.993008 -0.118047     24.884300 24.884300 5.019915
186.129471 67.236916     34.852051 6.604248 18.980591     -0.415115 -0.909769 0.909769 -0.415115     21.925185 21.925185 2.160039
186.129471 67.236916     2065.500000 49.156250 1250.078125     -0.415115 -0.909769 0.909769 -0.415115     21.925185 21.925185 5.323426
176.687195 147.495941     1469.597168 -128.564453 2004.921875     -0.150286 -0.988643 0.988643 -0.150286     3.806279 3.806279 1.574903
59.105907 149.129318     33.750000 31.531250 97.179688     -0.997145 0.075512 -0.075512 -0.997145     38.579774 38.579774 5.706095
571.597534 367.582214     170.281250 -17.328125 5.109375     -0.121582 -0.992581 0.992581 -0.121582     26.981538 26.981538 1.559616
435.505310 128.812195     2875.750000 -60.550781 2049.937500     -0.920857 -0.389901 0.389901 -0.920857     34.849618 34.849618 0.534595
435.505310 128.812195     3705.265625 -189.976562 1586.125000     -0.920857 -0.389901 0.389901 -0.920857     34.849618 34.849618 3.962872
243.399658 361.785461     52.843750 39.859375 318.500000     -0.164808 -0.986326 0.986326 -0.164808     25.692245 25.692245 1.816548
243.399658 361.785461     124.944336 15.810303 15.316021     -0.164808 -0.986326 0.986326 -0.164808     25.692245 25.692245 5.006201
482.257416 366.633667     17.633179 12.810608 60.279373     -0.875011 -0.484103 0.484103 -0.875011     13.029868 13.029868 1.419066
482.257416 366.633667     2680.843750 4502.828125 7961.617188     -0.875011 -0.484103 0.484103 -0.875011     13.029868 13.029868 4.027538
139.420044 220.344345     50.453125 32.875000 103.914062     -0.998429 0.056026 -0.056026 -0.998429     43.937764 43.937764 3.184645
222.123444 253.371368     149.073853 42.783325 48.447906     -0.162401 -0.986725 0.986725 -0.162401     25.221383 25.221383 1.708315
222.123444 253.371368     53.296875 35.328125 141.898438     -0.162401 -0.986725 0.986725 -0.162401     25.221383 25.221383 3.158768
57.255920 303.031891     56.796875 38.484375 152.367188     -0.988634 -0.150343 0.150343 -0.988634     41.206581 41.206581 5.818494
177.017441 149.549423     111.000000 53.093750 478.734375     -0.150665 -0.988585 0.988585 -0.150665     4.124941 4.124941 1.573797
62.762501 110.179169     16396.445312 -690.750000 2356.296875     -0.999980 -0.006329 0.006329 -0.999980     27.984064 27.984064 3.139342
62.762501 110.179169     3071.093750 5112.468750 8950.656250     -0.999980 -0.006329 0.006329 -0.999980     27.984064 27.984064 6.306284
572.242615 367.755554     57.689941 5.392578 19.765625     -0.130235 -0.991483 0.991483 -0.130235     29.007128 29.007128 1.564804
177.598526 153.237457     142.687500 67.875000 527.890625     -0.150641 -0.988588 0.988588 -0.150641     4.696021 4.696021 1.575119
485.646820 198.263596     432.415039 -103.020020 100.685913     -0.704044 -0.710156 0.710156 -0.704044     30.385628 30.385628 4.694093
127.639641 101.004501     87.703125 96.539062 110.501953     -0.999824 -0.018746 0.018746 -0.999824     26.169257 26.169257 3.106485
127.639641 101.004501     18.790337 10.095352 67.045273     -0.999824 -0.018746 0.018746 -0.999824     26.169257 26.169257 6.283699
139.167526 173.259735     148.116943 42.348022 52.239685     -0.999828 0.018548 -0.018548 -0.999828     29.853289 29.853289 2.665071
474.149750 342.082123     2601.625000 3938.015625 10227.148438     -0.950045 -0.312113 0.312113 -0.950045     15.673855 15.673855 0.795886
474.149750 342.082123     45.862793 -3.711914 6.570312     -0.950045 -0.312113 0.312113 -0.950045     15.673855 15.673855 3.606252
61.974567 248.373291     653.437500 -124.304688 535.593750     -0.997385 0.072267 -0.072267 -0.997385     38.932995 38.932995 3.166022
61.974567 248.373291     95.031250 96.734375 143.283203     -0.997385 0.072267 -0.072267 -0.997385     38.932995 38.932995 6.355315
485.203918 388.062744     1.069850 -15.703644 898.679688     -0.719036 -0.694973 0.694973 -0.719036     12.170453 12.170453 0.876549
485.203918 388.062744     97.093750 98.582031 146.865234     -0.719036 -0.694973 0.694973 -0.719036     12.170453 12.170453 2.575032
146.854736 310.498993     863.718750 -188.476562 718.312500     -0.996663 0.081626 -0.081626 -0.996663     48.093761 48.093761 6.307515
125.080002 135.614288     1404.453125 90.781250 10.169922     -0.999977 -0.006722 0.006722 -0.999977     29.007002 29.007002 3.116230
125.080002 135.614288     2953.625000 4390.546875 11636.789062     -0.999977 -0.006722 0.006722 -0.999977     29.007002 29.007002 6.271642
247.412109 172.183594     99.625000 101.945312 151.689453     0.554683 -0.832062 0.832062 0.554683     19.984437 19.984437 0.288384
247.412109 172.183594     2.004227 -30.470367 1577.617188     0.554683 -0.832062 0.832062 0.554683     19.984437 19.984437 4.720787
482.577576 366.745697     149.278931 44.120300 57.956512     -0.875026 -0.484075 0.484075 -0.875026     13.958793 13.958793 1.429386
482.577576 366.745697     455.238281 -60.076172 93.236328     -0.875026 -0.484075 0.484075 -0.875026     13.958793 13.958793 4.038886
124.875916 98.486618     105.968750 109.101562 159.449219     -0.981820 -0.189816 0.189816 -0.981820     33.958547 33.958547 2.727436
124.875916 98.486618     1396.023438 96.636719 11.951172     -0.981820 -0.189816 0.189816 -0.981820     33.958547 33.958547 5.851402
15.093596 122.596062     29.703125 13.679688 46.226562     0.070509 -0.997511 0.997511 0.070509     3.483055 3.483055 1.577392
59.137257 196.368088     114.500000 119.195312 172.689453     -0.996876 0.078982 -0.078982 -0.996876     43.746651 43.746651 5.692334
233.284637 318.308990     1161.328125 87.062500 1258.832031     -0.296054 -0.955171 0.955171 -0.296054     28.788748 28.788748 2.119036
233.284637 318.308990     1427.203125 109.496094 15.709961     -0.296054 -0.955171 0.955171 -0.296054     28.788748 28.788748 5.181842
59.258636 149.531097     58.078125 44.750000 42.035156     -0.997987 0.063414 -0.063414 -0.997987     39.613040 39.613040 5.689569
436.235352 128.539658     50.703125 24.328125 58.078125     -0.919554 -0.392964 0.392964 -0.919554     35.982851 35.982851 0.527474
436.235352 128.539658     29545.492188 -2661.531250 8296.351562     -0.919554 -0.392964 0.392964 -0.919554     35.982851 35.982851 3.952695
474.223114 342.087646     29.273438 -10.710938 30.703125     -0.951538 -0.307531 0.307531 -0.951538     17.388758 17.388758 0.804334
482.862976 366.896301     34.541016 -2.191406 8.054688     -0.867464 -0.497500 0.497500 -0.867464     15.024558 15.024558 1.415905
482.862976 366.896301     49.406250 57.281250 101.250000     -0.867464 -0.497500 0.497500 -0.867464     15.024558 15.024558 4.022586
139.174881 220.000000     15.687134 12.125244 54.904297     -0.999124 0.041849 -0.041849 -0.999124     44.253907 44.253907 3.147951
485.682281 388.548492     21.573669 -3.337646 45.034180     -0.714288 -0.699851 0.699851 -0.714288     13.413504 13.413504 0.630995
485.682281 388.548492     147.984375 111.890625 94.187500     -0.714288 -0.699851 0.699851 -0.714288     13.413504 13.413504 2.609843
62.284645 109.930084     1381.296875 334.937500 1988.187500     -0.999994 0.003403 -0.003403 -0.999994     28.991231 28.991231 3.159022
62.284645 109.930084     7.057510 -43.646729 466.250977     -0.999994 0.003403 -0.003403 -0.999994     28.991231 28.991231 6.345995
142.086090 261.164246     144.245605 43.061707 66.725067     -0.998864 0.047646 -0.047646 -0.998864     16.559565 16.559565 1.551335
142.086090 261.164246     52.381104 -4.253906 9.445312     -0.998864 0.047646 -0.047646 -0.998864     16.559565 16.559565 3.127493
243.521744 361.909943     327.140625 241.835938 188.656250     -0.183198 -0.983076 0.983076 -0.183198     26.582232 26.582232 1.843108
243.521744 361.909943     75.968750 68.109375 217.507812     -0.183198 -0.983076 0.983076 -0.183198     26.582232 26.582232 5.020006
14.562616 129.914017     477.617188 -48.199463 91.357178     0.070229 -0.997531 0.997531 0.070229     4.087966 4.087966 1.574891
125.129837 135.711609     261.609375 241.484375 370.191406     -0.999938 0.011100 -0.011100 -0.999938     30.048406 30.048406 3.162230
125.129837 135.711609     1521.500000 501.039062 2521.933594     -0.999938 0.011100 -0.011100 -0.999938     30.048406 30.048406 6.311170
139.446762 173.384262     30580.164062 1235.289062 12611.140625     -0.999896 0.014431 -0.014431 -0.999896     30.665073 30.665073 2.664832
212.102036 204.287567     301.703125 270.007812 404.316406     -0.133946 -0.990989 0.990989 -0.133946     26.194326 26.194326 5.038512
573.914001 369.342560     1541.968750 601.867188 2731.574219     -0.186397 -0.982475 0.982475 -0.186397     33.816946 33.816946 1.587661
56.954098 302.990173     39.318359 -2.523438 8.945312     -0.990321 -0.138793 0.138793 -0.990321     41.798590 41.798590 2.657904
56.954098 302.990173     101.938477 5.340820 45.445801     -0.990321 -0.138793 0.138793 -0.990321     41.798590 41.798590 5.837643
247.276703 394.470886     29717.757812 2726.843750 14100.953125     -0.966663 -0.256053 0.256053 -0.966663     11.588434 11.588434 2.865744
14.326299 133.470779     348.343750 266.484375 441.988281     0.070058 -0.997543 0.997543 0.070058     4.519862 4.519862 1.583215
485.633331 388.457581     1657.671875 792.500000 3007.167969     -0.713247 -0.700913 0.700913 -0.713247     13.934834 13.934834 0.868552
485.633331 388.457581     54.815186 -4.245117 11.179688     -0.713247 -0.700913 0.700913 -0.713247     13.934834 13.934834 2.591774
62.302177 247.991943     45.992188 34.789062 104.948242     -0.996183 0.087290 -0.087290 -0.996183     39.601818 39.601818 3.191808
62.302177 247.991943     108.664062 -20.229004 21.377441     -0.996183 0.087290 -0.087290 -0.996183     39.601818 39.601818 6.391539
59.039906 196.328018     80.562500 19.568359 126.202637     -0.996952 0.078013 -0.078013 -0.996952     44.617987 44.617987 5.690559
221.998154 253.864517     196.039062 -3.313477 25.334839     -0.166493 -0.986043 0.986043 -0.166493     27.017769 27.017769 3.211736
473.796112 341.731384     41.537109 -2.546875 10.609375     -0.922060 -0.387047 0.387047 -0.922060     18.628527 18.628527 0.798786
13.882045 139.993454     209.937500 0.272461 28.504761     0.068833 -0.997628 0.997628 0.068833     5.081046 5.081046 1.579122
367.139526 144.505814     30.742188 -26.652344 61.434570     0.141243 -0.989975 0.989975 0.141243     19.017990 19.017990 1.520488
367.139526 144.505814     32.859375 -28.908203 65.185547     0.141243 -0.989975 0.989975 0.141243     19.017990 19.017990 4.681608
59.676666 149.154999     217.117188 4.481934 31.084229     -0.999511 0.031269 -0.031269 -0.999511     40.792364 40.792364 2.458031
59.676666 149.154999     24.796875 6.200195 19.375488     -0.999511 0.031269 -0.031269 -0.999511     40.792364 40.792364 5.656526
62.589577 109.676437     45.419922 -2.632812 12.007812     -0.999998 -0.001970 0.001970 -0.999998     29.786595 29.786595 3.164941
62.589577 109.676437     39.156250 15.781250 30.585938     -0.999998 -0.001970 0.001970 -0.999998     29.786595 29.786595 6.317399
473.691864 341.468018     14.156250 7.542480 43.858040     -0.893689 -0.448687 0.448687 -0.893689     19.483916 19.483916 0.764145
473.691864 341.468018     10.843750 0.046875 30.633911     -0.893689 -0.448687 0.448687 -0.893689     19.483916 19.483916 5.207536
483.255188 366.943634     95.062500 17.269043 51.037453     -0.881439 -0.472298 0.472298 -0.881439     17.096906 17.096906 1.425019
483.255188 366.943634     26.562500 10.406250 54.466797     -0.881439 -0.472298 0.472298 -0.881439     17.096906 17.096906 4.032299
134.978470 153.388641     28.937500 4.542969 86.705078     -0.540450 -0.841376 0.841376 -0.540450     69.167237 69.167237 1.953954
134.978470 153.388641     40.250000 1.671875 55.324219     -0.540450 -0.841376 0.841376 -0.540450     69.167237 69.167237 5.253083
574.494873 370.533325     11.156250 -21.554688 745.964844     -0.167127 -0.985935 0.985935 -0.167127     36.689351 36.689351 1.582272
486.201019 389.043243     165.843750 105.882812 1974.271973     -0.699582 -0.714552 0.714552 -0.699582     14.887016 14.887016 0.906187
486.201019 389.043243     191.156250 378.109375 4299.792969     -0.699582 -0.714552 0.714552 -0.699582     14.887016 14.887016 2.534256
146.815018 310.461548     275.625000 486.066406 4753.186523     -0.996540 0.083111 -0.083111 -0.996540     48.779397 48.779397 6.313851
437.189392 129.387375     14.906250 -4.500000 71.468750     -0.908170 -0.418601 0.418601 -0.908170     37.950045 37.950045 3.933512
13.502213 145.693588     81.171875 -16.203125 7.453125     0.069062 -0.997612 0.997612 0.069062     5.630444 5.630444 1.581919
366.343140 151.322906     34.281250 -8.312500 24.812500     0.032151 -0.999483 0.999483 0.032151     30.972514 30.972514 1.532633
366.343140 151.322906     130.171875 -76.906250 54.609375     0.032151 -0.999483 0.999483 0.032151     30.972514 30.972514 4.690970
59.766113 196.183197     115.515625 -71.296875 57.640625     -0.997857 0.065440 -0.065440 -0.997857     45.385835 45.385835 5.687777
212.171844 204.330612     104.179688 -19.656250 8.921875     -0.187660 -0.982234 0.982234 -0.187660     27.500059 27.500059 5.089938
365.478760 152.185226     114.359375 -70.359375 57.875000     0.056002 -0.998431 0.998431 0.056002     42.856291 42.856291 4.670443
365.478760 152.185226     116.046875 -71.750000 58.984375     0.056002 -0.998431 0.998431 0.056002     42.856291 42.856291 5.492911
486.799561 389.660797     114.632812 -21.796875 10.140625     -0.690425 -0.723404 0.723404 -0.690425     15.568750 15.568750 4.984140
248.630600 395.914185     41.453125 -31.890625 42.703125     -0.906165 -0.422925 0.422925 -0.906165     14.448639 14.448639 2.515387
473.306274 340.821350     140.726562 -26.390625 12.156250     -0.852772 -0.522284 0.522284 -0.852772     21.206737 21.206737 0.688836
473.306274 340.821350     217.531250 -61.515625 52.250000     -0.852772 -0.522284 0.522284 -0.852772     21.206737 21.206737 5.124884
142.088654 261.118195     58.187500 157.578125 462.464844     -0.998965 0.045477 -0.045477 -0.998965     18.149007 18.149007 3.119165
142.088654 261.118195     20.148438 -13.140625 35.468750     -0.998965 0.045477 -0.045477 -0.998965     18.149007 18.149007 6.278807
233.095551 318.461273     432.796875 -82.437500 814.525635     -0.336199 -0.941791 0.941791 -0.336199     29.888197 29.888197 2.176765
233.095551 318.461273     2276.513672 28.341797 590.148682     -0.336199 -0.941791 0.941791 -0.336199     29.888197 29.888197 5.226877
13.385486 147.762482     8803.164062 1565.523438 6198.171875     0.069615 -0.997574 0.997574 0.069615     6.488612 6.488612 1.581222
575.270447 371.089966     51.953125 110.171875 511.384766     -0.164857 -0.986318 0.986318 -0.164857     39.595679 39.595679 1.582668
485.723358 379.466095     25.656250 -13.906250 38.187500     -0.370809 -0.928709 0.928709 -0.370809     28.523660 28.523660 1.968723
485.723358 379.466095     53.531250 107.085938 510.847656     -0.370809 -0.928709 0.928709 -0.370809     28.523660 28.523660 4.838301
473.297699 340.570221     528.843750 112.875000 309.170898     -0.855200 -0.518299 0.518299 -0.855200     22.446061 22.446061 0.677942
473.297699 340.570221     372.515625 -217.046875 1170.000000     -0.855200 -0.518299 0.518299 -0.855200     22.446061 22.446061 5.133424
243.413284 361.708679     303.240662 -110.277832 18825.972656     -0.183134 -0.983088 0.983088 -0.183134     27.998045 27.998045 1.845436
243.413284 361.708679     55.023438 -23.945312 102.210938     -0.183134 -0.983088 0.983088 -0.183134     27.998045 27.998045 5.027947
479.789276 132.390808     63.587891 0.773438 4.820312     -0.594616 -0.804010 0.804010 -0.594616     13.294791 13.294791 5.034838
473.556824 340.327637     31.523438 -13.687500 40.679688     -0.847070 -0.531481 0.531481 -0.847070     23.816639 23.816639 0.653563
473.556824 340.327637     595.578125 255.093750 5991.289062     -0.847070 -0.531481 0.531481 -0.847070     23.816639 23.816639 5.121982
486.149048 379.476410     73.468750 76.304688 94.869141     -0.395326 -0.918541 0.918541 -0.395326     31.016009 31.016009 1.968212
486.149048 379.476410     6.140625 116.117188 3002.781250     -0.395326 -0.918541 0.918541 -0.395326     31.016009 31.016009 2.350313
248.935593 396.176270     41.585938 -11.960938 46.492188     -0.896109 -0.443834 0.443834 -0.896109     15.007749 15.007749 2.471009
450.098236 80.778946     668.921875 249.992188 5784.339844     -0.592435 -0.805618 0.805618 -0.592435     14.800634 14.800634 5.102380
474.266266 339.914856     325.810120 -159.355469 20149.304688     -0.855892 -0.517155 0.517155 -0.855892     26.049642 26.049642 0.688319
474.266266 339.914856     2313.218750 4202.148438 15858.052734     -0.855892 -0.517155 0.517155 -0.855892     26.049642 26.049642 5.117564
487.094147 379.599518     21.462891 -4.044922 50.824219     -0.414345 -0.910120 0.910120 -0.414345     33.919367 33.919367 1.808425
487.094147 379.599518     8149.238281 3717.460938 21535.554688     -0.414345 -0.910120 0.910120 -0.414345     33.919367 33.919367 2.464911
57.090057 303.070618     17.400391 -5.630859 32.955078     -0.992222 -0.124483 0.124483 -0.992222     42.851486 42.851486 5.872493
576.619507 372.172699     33.484375 1.359375 85.156250     -0.207400 -0.978256 0.978256 -0.207400     44.947182 44.947182 1.610344
147.000000 310.322510     27.843750 -31.937500 161.156250     -0.995898 0.090479 -0.090479 -0.995898     49.847455 49.847455 6.334690
232.947922 318.373505     39.875000 -7.437500 101.656250     -0.374326 -0.927297 0.927297 -0.374326     30.899587 30.899587 2.165133
232.947922 318.373505     11502.863281 3984.179688 21373.953125     -0.374326 -0.927297 0.927297 -0.374326     30.899587 30.899587 5.268451
479.767120 132.304794     58.234375 -1.128662 12.828482     -0.594708 -0.803941 0.803941 -0.594708     14.006097 14.006097 5.060825
248.966766 396.329315     26.902344 -1.882812 10.085938     -0.896376 -0.443294 0.443294 -0.896376     15.759250 15.759250 2.475256
243.345413 361.891296     33.609375 -5.562500 14.558594     -0.179289 -0.983796 0.983796 -0.179289     29.482012 29.482012 1.849526
243.345413 361.891296     21.250000 -13.671875 78.757812     -0.179289 -0.983796 0.983796 -0.179289     29.482012 29.482012 5.039899
57.020184 302.894531     88.921875 -21.895508 28.246090     -0.992794 -0.119834 0.119834 -0.992794     43.860886 43.860886 5.888446
249.273972 396.542480     2175.000000 3544.351562 19619.923828     -0.896816 -0.442403 0.442403 -0.896816     16.376161 16.376161 2.482083
233.036697 318.398438     20.687500 29.265625 67.652344     -0.437488 -0.899224 0.899224 -0.437488     32.503178 32.503178 2.214346
233.036697 318.398438     1474.328125 91.203125 5566.972656     -0.437488 -0.899224 0.899224 -0.437488     32.503178 32.503178 5.321700
479.905487 132.353653     121.000000 -36.602295 39.893456     -0.607824 -0.794072 0.794072 -0.607824     14.729195 14.729195 5.077985
442.383179 357.313080     32.250000 3.812500 98.882812     -0.937305 -0.348511 0.348511 -0.937305     14.115677 14.115677 1.264422
442.383179 357.313080     7.762459 -1.267700 205.835938     -0.937305 -0.348511 0.348511 -0.937305     14.115677 14.115677 4.126609
243.231506 362.155426     28.218750 32.648438 68.402344     -0.184170 -0.982894 0.982894 -0.184170     31.210674 31.210674 1.856110
243.231506 362.155426     29.898438 -1.207031 11.453125     -0.184170 -0.982894 0.982894 -0.184170     31.210674 31.210674 5.063782
249.320389 396.657776     49.296875 6.796875 109.468750     -0.900111 -0.435660 0.435660 -0.900111     17.637249 17.637249 2.520436
249.085831 396.602997     8.500000 8.234375 65.695312     -0.901595 -0.432580 0.432580 -0.901595     18.984417 18.984417 2.542536
600.612671 353.309326     147.687500 -97.343750 197.820312     -0.559023 -0.829152 0.829152 -0.559023     35.656796 35.656796 1.607304
35.448765 20.780918     65.281250 11.687500 115.500000     -0.876138 -0.482061 0.482061 -0.876138     20.442220 20.442220 4.177515
547.035400 236.774338     209.578125 271.171875 402.800781     -0.540984 -0.841033 0.841033 -0.540984     10.354704 10.354704 0.210248
596.244873 343.853119     243.187500 39.343750 317.109375     -0.486037 -0.873938 0.873938 -0.486037     40.770714 40.770714 1.599310
596.244873 343.853119     12.765625 -6.357422 73.122559     -0.486037 -0.873938 0.873938 -0.486037     40.770714 40.770714 6.282766
310.537445 350.740082     243.531250 44.171875 324.304688     -0.287036 -0.957920 0.957920 -0.287036     14.786415 14.786415 1.567392
310.537445 350.740082     74.968750 -91.070312 204.547852     -0.287036 -0.957920 0.957920 -0.287036     14.786415 14.786415 4.713884
564.655884 285.757324     222.296875 130.062500 795.796875     -0.482758 -0.875754 0.875754 -0.482758     40.659234 40.659234 1.637284
564.655884 285.757324     122.921875 -41.519531 213.272949     -0.482758 -0.875754 0.875754 -0.482758     40.659234 40.659234 4.724465
558.791565 276.668427     46.939453 -1.953125 16.023438     -0.494157 -0.869373 0.869373 -0.494157     42.633804 42.633804 1.635669
558.791565 276.668427     56.937500 56.134766 113.083008     -0.494157 -0.869373 0.869373 -0.494157     42.633804 42.633804 4.748638
80.970589 24.684874     52.312500 -2.679688 97.377930     -0.940384 -0.340115 0.340115 -0.940384     18.329967 18.329967 4.424845
457.125885 352.919586     14.888914 -1.099609 289.652344     -0.381342 -0.924434 0.924434 -0.381342     20.494975 20.494975 0.942881
457.125885 352.919586     35.304688 -17.824219 55.619629     -0.381342 -0.924434 0.924434 -0.381342     20.494975 20.494975 1.751764
231.145630 459.126221     18.062500 15.292969 130.845459     -0.994658 0.103225 -0.103225 -0.994658     8.188351 8.188351 3.125458
537.367859 368.785278     25.468750 2.625000 44.914062     -0.145251 -0.989395 0.989395 -0.145251     30.847852 30.847852 1.561260
537.367859 368.785278     56.406250 34.484375 369.320312     -0.145251 -0.989395 0.989395 -0.145251     30.847852 30.847852 4.885349
551.833313 265.040405     97.554688 -7.234375 21.085938     -0.497075 -0.867708 0.867708 -0.497075     45.303780 45.303780 1.648387
551.833313 265.040405     505.031250 396.078125 653.437500     -0.497075 -0.867708 0.867708 -0.497075     45.303780 45.303780 4.751257
454.654572 353.232422     22808.078125 483.718750 1686.062500     -0.429610 -0.903014 0.903014 -0.429610     26.551070 26.551070 0.926846
454.654572 353.232422     63.312500 -47.406250 56.289062     -0.429610 -0.903014 0.903014 -0.429610     26.551070 26.551070 1.881801
95.216354 25.739353     3712.351562 961.957031 255.003906     -0.996057 -0.088711 0.088711 -0.996057     23.307384 23.307384 4.664947
453.975006 355.504700     214.246094 -135.589844 229.470703     -0.330275 -0.943885 0.943885 -0.330275     28.791275 28.791275 1.755126
453.975006 355.504700     539.710938 411.101562 674.640625     -0.330275 -0.943885 0.943885 -0.330275     28.791275 28.791275 4.970805
415.166260 290.930511     101.226562 -3.375000 24.703125     -0.952288 -0.305201 0.305201 -0.952288     24.488430 24.488430 2.665093
453.595947 356.045959     2047.792969 487.627930 118.330322     -0.332545 -0.943087 0.943087 -0.332545     29.586180 29.586180 1.774978
453.595947 356.045959     643.031250 472.132812 700.875000     -0.332545 -0.943087 0.943087 -0.332545     29.586180 29.586180 4.974080
534.205811 372.938416     43348.078125 -768.546875 17322.027344     -0.140095 -0.990138 0.990138 -0.140095     45.778018 45.778018 1.564740
546.049316 255.449234     4382.527344 1174.558594 321.437500     -0.500757 -0.865588 0.865588 -0.500757     47.930292 47.930292 1.645169
546.049316 255.449234     1112.667969 248.840820 57.184082     -0.500757 -0.865588 0.865588 -0.500757     47.930292 47.930292 4.758349
76.903687 293.303131     987.390625 316.335938 102.839844     -0.990419 -0.138093 0.138093 -0.990419     19.622138 19.622138 2.762980
533.204163 373.148438     121.679688 -16.171875 29.984375     -0.168602 -0.985684 0.985684 -0.168602     51.520080 51.520080 1.576042
423.788452 148.634613     2047.847656 504.754883 126.587402     -0.664355 -0.747418 0.747418 -0.664355     6.191026 6.191026 1.412126
45.819046 299.533325     1140.943359 257.682617 59.899902     -0.995644 0.093233 -0.093233 -0.995644     11.225428 11.225428 1.598618
45.819046 299.533325     219.316406 -138.646484 299.556641     -0.995644 0.093233 -0.093233 -0.995644     11.225428 11.225428 3.165356
420.874359 277.784149     9.859375 -15.470703 53.589355     -0.845082 0.534636 -0.534636 -0.845082     96.194078 96.194078 1.684257
421.044739 149.418350     337.500000 132.660156 59.250000     -0.615633 -0.788033 0.788033 -0.615633     19.850904 19.850904 3.765565
334.016449 111.609055     2051.917969 495.487305 122.453369     -0.998822 -0.048532 0.048532 -0.998822     3.889899 3.889899 1.596953
334.016449 111.609055     760.082031 191.626953 474.529297     -0.998822 -0.048532 0.048532 -0.998822     3.889899 3.889899 4.712692
420.678436 149.149017     10.734375 -17.343750 61.930664     -0.614508 -0.788910 0.788910 -0.614508     20.277445 20.277445 3.756667
413.137054 271.278900     2033.226562 501.871094 126.173340     -0.824589 0.565732 -0.565732 -0.824589     109.212215 109.212215 1.715791
336.192017 112.126808     817.615234 149.257812 28.681641     -0.997905 -0.064700 0.064700 -0.997905     9.314061 9.314061 1.598311
336.192017 112.126808     5993.191406 1716.550781 501.621094     -0.997905 -0.064700 0.064700 -0.997905     9.314061 9.314061 4.655877
420.023071 148.476105     328.437500 126.835938 57.134766     -0.613427 -0.789752 0.789752 -0.613427     20.345112 20.345112 3.762343
46.069958 299.473236     632.632812 330.718750 175.718750     -0.994611 0.103677 -0.103677 -0.994611     12.608331 12.608331 1.612644
46.069958 299.473236     6144.414062 1776.937500 524.941406     -0.994611 0.103677 -0.103677 -0.994611     12.608331 12.608331 3.195153
419.597046 148.026672     2081.789062 502.806641 124.400146     -0.617232 -0.786781 0.786781 -0.617232     20.314030 20.314030 3.791864
335.931824 112.259743     2227.156250 425.373047 580.160156     -0.997595 -0.069316 0.069316 -0.997595     10.297546 10.297546 1.602082
335.931824 112.259743     71.718750 -14.468750 16.640625     -0.997595 -0.069316 0.069316 -0.997595     10.297546 10.297546 4.650861
479.853729 227.970749     1999.875000 466.041992 111.117432     -0.491440 -0.870912 0.870912 -0.491440     21.099157 21.099157 1.838919
418.432098 146.729630     2335.496094 516.845703 650.756836     -0.617604 -0.786489 0.786489 -0.617604     20.572373 20.572373 3.801546
393.029755 250.037231     2064.882812 510.936523 128.847656     -0.505678 -0.862722 0.862722 -0.505678     149.945048 149.945048 6.374946
336.365082 112.574074     2059.921875 501.220703 124.193359     -0.997040 -0.076885 0.076885 -0.997040     12.130275 12.130275 1.576780
336.365082 112.574074     62.765625 -219.539062 847.103516     -0.997040 -0.076885 0.076885 -0.997040     12.130275 12.130275 4.641559
528.506714 282.479828     204.750000 99.195312 395.093750     -0.561889 -0.827213 0.827213 -0.561889     10.312784 10.312784 4.782665
548.553467 320.186035     36.312500 -15.468750 29.593750     -0.441678 -0.897174 0.897174 -0.441678     15.745410 15.745410 4.818627
481.400909 210.497696     1912.484375 433.576172 101.448975     -0.766955 -0.641701 0.641701 -0.766955     9.644493 9.644493 1.118355
481.400909 210.497696     339.515625 113.191406 50.185547     -0.766955 -0.641701 0.641701 -0.766955     9.644493 9.644493 5.309007
478.665375 227.270065     167.312500 -58.625000 273.515625     -0.651973 -0.758242 0.758242 -0.651973     24.558881 24.558881 2.023511
319.639740 267.983154     1949.972656 455.004883 108.769043     0.683158 -0.730271 0.730271 0.683158     19.745473 19.745473 2.007315
130.441177 310.352936     66.531250 -227.972656 872.591797     -0.996640 0.081902 -0.081902 -0.996640     12.627774 12.627774 1.548038
130.441177 310.352936     215.515625 104.859375 400.355469     -0.996640 0.081902 -0.081902 -0.996640     12.627774 12.627774 3.144606
525.747986 278.185669     425.687500 123.964844 49.880859     -0.542086 -0.840323 0.840323 -0.542086     15.880958 15.880958 4.814091
25.510822 115.432899     2072.281250 505.706055 125.800293     -0.273381 -0.961906 0.961906 -0.273381     15.744239 15.744239 0.662855
25.510822 115.432899     1778.929688 363.221924 76.510880     -0.273381 -0.961906 0.961906 -0.273381     15.744239 15.744239 3.827533
29.068628 70.823532     29.687500 -52.250000 114.929688     0.138160 -0.990410 0.990410 0.138160     20.674586 20.674586 3.050748
474.042938 204.512619     370.281250 -166.031250 339.875000     -0.785411 -0.618975 0.618975 -0.785411     11.029626 11.029626 5.258279
385.354523 240.106995     1935.542969 426.193848 97.007935     -0.405334 -0.914168 0.914168 -0.405334     157.999892 157.999892 5.075814
385.354523 240.106995     1994.777344 465.022461 111.127441     -0.405334 -0.914168 0.914168 -0.405334     157.999892 157.999892 6.228216
11.442568 96.797295     1912.906250 432.658691 101.131714     0.093792 -0.995592 0.995592 0.093792     7.723331 7.723331 1.575827
11.442568 96.797295     1785.097656 376.497070 82.238861     0.093792 -0.995592 0.995592 0.093792     7.723331 7.723331 6.028826
45.948341 299.505524     96.750000 -165.625000 314.820312     -0.995221 0.097653 -0.097653 -0.995221     13.520917 13.520917 3.170328
466.295380 198.807831     2165.390625 528.288086 132.721680     -0.798517 -0.601972 0.601972 -0.798517     11.335232 11.335232 1.292443
528.612122 276.822998     527.882812 178.804688 61.433594     -0.373819 -0.927502 0.927502 -0.373819     31.344705 31.344705 2.193191
528.612122 276.822998     67.156250 -227.867188 882.740234     -0.373819 -0.927502 0.927502 -0.373819     31.344705 31.344705 2.549628
495.841888 251.845856     417.375000 -261.875000 648.406250     -0.911451 -0.411408 0.411408 -0.911451     12.837560 12.837560 2.029637
495.841888 251.845856     110.417969 42.324219 19.078125     -0.911451 -0.411408 0.411408 -0.911451     12.837560 12.837560 5.124279
471.544678 213.945389     1771.363281 363.546143 77.103912     -0.624761 -0.780816 0.780816 -0.624761     37.213758 37.213758 2.428746
471.544678 213.945389     2005.535156 466.946289 111.556885     -0.624761 -0.780816 0.780816 -0.624761     37.213758 37.213758 5.380911
377.066376 230.114822     1920.710938 424.798340 97.234253     -0.383063 -0.923722 0.923722 -0.383063     163.103849 163.103849 5.082197
470.069000 213.361053     458.187500 106.187500 80.218750     -0.637699 -0.770285 0.770285 -0.637699     39.786352 39.786352 2.470564
470.069000 213.361053     1796.886719 380.599121 83.573364     -0.637699 -0.770285 0.770285 -0.637699     39.786352 39.786352 5.392860
373.877655 224.314499     574.328125 192.921875 65.863281     -0.385409 -0.922746 0.922746 -0.385409     161.661103 161.661103 5.052094
469.194580 214.669861     447.710938 139.757812 46.671875     -0.614844 -0.788649 0.788649 -0.614844     48.863741 48.863741 0.558076
469.194580 214.669861     137.580078 51.589844 23.375000     -0.614844 -0.788649 0.788649 -0.614844     48.863741 48.863741 2.579252
130.359650 310.412292     2005.464844 466.875977 111.783691     -0.996613 0.082236 -0.082236 -0.996613     13.301355 13.301355 1.552802
130.359650 310.412292     686.484375 232.671875 155.746094     -0.996613 0.082236 -0.082236 -0.996613     13.301355 13.301355 3.142907
126.190887 89.780914     1938.554688 428.636719 98.406006     -0.995638 -0.093301 0.093301 -0.995638     30.168570 30.168570 3.014961
466.945923 213.903564     1816.546875 377.258789 90.608704     -0.643019 -0.765850 0.765850 -0.643019     50.230863 50.230863 0.597824
466.945923 213.903564     1978.894531 447.259277 104.827759     -0.643019 -0.765850 0.765850 -0.643019     50.230863 50.230863 2.588005
230.065506 33.161572     481.867188 146.531250 48.191406     -0.999824 0.018739 -0.018739 -0.999824     17.129250 17.129250 0.812817
213.130432 100.123192     166.707031 60.250000 27.500000     -0.518679 -0.854969 0.854969 -0.518679     19.882242 19.882242 0.933675
368.253082 215.651993     1954.515625 437.566406 111.523071     -0.419360 -0.907820 0.907820 -0.419360     161.723712 161.723712 5.059027
46.096027 299.417206     719.117188 235.984375 81.335938     -0.995387 0.095938 -0.095938 -0.995387     14.768321 14.768321 3.165381
211.063797 93.125862     120.578125 -110.390625 104.812500     -0.420436 -0.907322 0.907322 -0.420436     24.594716 24.594716 0.835276
211.063797 93.125862     1847.988281 396.865234 98.688293     -0.420436 -0.907322 0.907322 -0.420436     24.594716 24.594716 3.668872
226.816330 33.962101     58.109375 50.580078 82.204102     -0.976545 0.215316 -0.215316 -0.976545     18.508739 18.508739 1.085229
212.808701 87.594200     588.679688 95.260132 25.203060     -0.347045 -0.937849 0.937849 -0.347045     38.532552 38.532552 0.501920
212.808701 87.594200     1794.339844 356.282959 95.704620     -0.347045 -0.937849 0.937849 -0.347045     38.532552 38.532552 3.441153
230.440094 34.503269     84.000000 64.125000 118.960938     -0.999812 0.019400 -0.019400 -0.999812     22.621418 22.621418 1.260496
130.478592 310.369659     2019.222656 447.266602 113.123535     -0.996671 0.081526 -0.081526 -0.996671     14.512793 14.512793 3.142898
45.875000 299.550598     95.812500 60.832031 180.657227     -0.995011 0.099763 -0.099763 -0.995011     15.674356 15.674356 3.176443
361.557343 211.446732     185.569916 -14.648540 6.346328     -0.517424 -0.855729 0.855729 -0.517424     166.453515 166.453515 5.155849
230.215332 34.589417     92.380371 -13.384766 38.742188     -0.999999 -0.001502 0.001502 -0.999999     24.025260 24.025260 1.218781
310.588043 92.042252     68.031250 56.281250 146.703125     0.500507 -0.865733 0.865733 0.500507     17.621195 17.621195 4.334612
310.345062 91.996803     31564.421875 -5920.781250 14364.484375     0.505956 -0.862559 0.862559 0.505956     17.945092 17.945092 4.342857
230.266769 34.672668     111.710938 -21.783203 153.402344     -0.999710 -0.024071 0.024071 -0.999710     25.045365 25.045365 1.170858
230.352386 53.309525     57.023438 4.214600 20.543697     -0.836835 -0.547456 0.547456 -0.836835     17.612962 17.612962 2.358536
230.352386 53.309525     517.828125 -25.644653 109.573303     -0.836835 -0.547456 0.547456 -0.836835     17.612962 17.612962 5.567106
130.395111 310.447540     19.890625 -34.765625 151.320312     -0.996947 0.078076 -0.078076 -0.996947     15.459071 15.459071 3.138925
479.560181 283.939819     370.089905 -34.137772 15.763920     -0.794370 -0.607435 0.607435 -0.794370     19.364858 19.364858 0.764286
479.560181 283.939819     176.593750 -26.867188 92.531250     -0.794370 -0.607435 0.607435 -0.794370     19.364858 19.364858 2.056769
612.151733 216.241379     11.265625 -8.585938 63.488281     0.078815 -0.996889 0.996889 0.078815     17.165289 17.165289 1.586049
612.151733 216.241379     11.062500 -7.945312 62.472656     0.078815 -0.996889 0.996889 0.078815     17.165289 17.165289 1.977544
470.738403 464.725739     103.234375 -10.996094 171.195312     -0.848802 0.528711 -0.528711 -0.848802     11.652470 11.652470 1.143705
470.825928 465.311096     472.859375 -17.677734 219.563477     -0.838276 0.545246 -0.545246 -0.838276     13.546536 13.546536 1.104073
470.926056 465.408356     258.207397 -40.002930 207.484375     -0.829481 0.558535 -0.558535 -0.829481     13.966349 13.966349 1.120599
562.194580 449.875488     22.093750 -9.031250 29.875000     -0.740751 0.671779 -0.671779 -0.740751     28.049617 28.049617 4.206737
424.802826 465.004700     28.046875 -5.718750 36.453125     0.700145 -0.714001 0.714001 0.700145     14.358721 14.358721 1.088621
