1.0
379
235.751175 428.028168     1202.474609 -129.734375 432.000000     -0.603217 -0.797577 0.797577 -0.603217     19.107660 19.107660 3.359371
235.751175 428.028168     16101.421875 -2902.960938 6937.984375     -0.603217 -0.797577 0.797577 -0.603217     19.107660 19.107660 6.312275
515.054688 25.257235     1613.609375 -47.054688 5.750000     -0.512676 -0.858582 0.858582 -0.512676     14.347467 14.347467 0.202586
515.054688 25.257235     2314.132812 -72.296875 7.796875     -0.512676 -0.858582 0.858582 -0.512676     14.347467 14.347467 3.323502
514.084167 23.398058     4471.968750 -138.078125 15.968750     -0.449227 -0.893418 0.893418 -0.449227     15.507708 15.507708 3.053246
514.084167 23.398058     58.031250 82.030273 134.743744     -0.449227 -0.893418 0.893418 -0.449227     15.507708 15.507708 6.231383
441.882507 298.796570     13.093750 7.148438 168.292969     -0.045826 -0.998949 0.998949 -0.045826     15.542282 15.542282 2.316317
531.654114 19.909775     34.656250 48.025391 78.095932     -0.536857 -0.843673 0.843673 -0.536857     10.867962 10.867962 4.893519
542.728516 214.043015     597.750000 -107.750000 148.203125     -0.052006 -0.998647 0.998647 -0.052006     15.576436 15.576436 4.744613
413.317078 27.447155     34.406250 42.051758 83.949219     -0.993893 -0.110352 0.110352 -0.993893     11.347972 11.347972 1.368714
413.317078 27.447155     100.312500 11.846680 8.453491     -0.993893 -0.110352 0.110352 -0.993893     11.347972 11.347972 4.668372
542.665039 214.572815     130.875000 -24.908203 96.143692     -0.045914 -0.998945 0.998945 -0.045914     16.077783 16.077783 4.759621
542.665039 214.572815     147.531250 -20.659180 91.878311     -0.045914 -0.998945 0.998945 -0.045914     16.077783 16.077783 6.310082
586.841858 15.158139     247.437500 75.731445 194.824524     -0.542183 -0.840260 0.840260 -0.542183     8.617889 8.617889 6.294646
612.356445 420.679871     76.132812 -2.125000 13.962891     -0.596603 -0.802536 0.802536 -0.596603     19.303487 19.303487 1.687379
414.217255 27.849840     23.639282 -4.882812 175.875000     -0.992045 -0.125880 0.125880 -0.992045     11.863517 11.863517 1.410776
414.217255 27.849840     18.522461 -29.544922 109.117188     -0.992045 -0.125880 0.125880 -0.992045     11.863517 11.863517 4.664250
330.879089 327.761444     55.562500 -7.156250 10.015625     -0.834233 -0.551412 0.551412 -0.834233     6.812725 6.812725 1.605671
330.879089 327.761444     58.343750 3.140625 9.335938     -0.834233 -0.551412 0.551412 -0.834233     6.812725 6.812725 3.533268
329.703827 326.958954     449.388672 -56.306396 158.361572     -0.833264 -0.552876 0.552876 -0.833264     7.024844 7.024844 1.602244
329.703827 326.958954     152.916992 11.167969 32.000000     -0.833264 -0.552876 0.552876 -0.833264     7.024844 7.024844 3.500248
284.131470 164.169022     32.932861 1.324219 65.875000     -0.995157 0.098300 -0.098300 -0.995157     16.575485 16.575485 3.155858
281.572388 163.659927     129.264648 8.054688 41.515625     -0.999964 0.008459 -0.008459 -0.999964     16.376731 16.376731 1.525208
280.415985 163.802673     676.857422 -57.275391 162.105225     -0.999418 0.034121 -0.034121 -0.999418     16.771387 16.771387 1.538569
280.234741 163.838028     28.703125 14.328125 20.625000     -0.997511 0.070512 -0.070512 -0.997511     17.194183 17.194183 1.531928
37.100609 386.978668     127.871094 5.597656 38.671875     0.032025 -0.999487 0.999487 0.032025     21.806589 21.806589 1.535426
38.370213 315.012756     30.807617 7.095703 197.125000     0.284970 -0.958536 0.958536 0.284970     14.043197 14.043197 4.751050
36.294991 378.218933     157.890625 110.773438 89.289062     -0.049486 -0.998775 0.998775 -0.049486     21.305082 21.305082 1.550218
36.456055 378.222229     54.099609 -0.378906 7.648438     -0.058782 -0.998271 0.998271 -0.058782     21.660249 21.660249 1.551933
37.563416 374.953644     39.944946 34.934082 197.640625     -0.008118 -0.999967 0.999967 -0.008118     25.850648 25.850648 1.546199
37.806828 371.095612     854.473145 -52.485840 166.774170     0.035394 -0.999373 0.999373 0.035394     28.117230 28.117230 1.530350
157.751251 48.303482     34.648438 6.066406 41.140625     0.433762 -0.901027 0.901027 0.433762     15.671584 15.671584 4.427853
157.751251 48.303482     149.841797 -7.402344 41.171875     0.433762 -0.901027 0.901027 0.433762     15.671584 15.671584 5.736527
139.018631 58.000000     244.984375 170.179688 129.140625     0.062281 -0.998059 0.998059 0.062281     15.680399 15.680399 1.567193
79.852379 61.961906     1286.061523 74.963867 181.190674     -0.737873 0.674939 -0.674939 -0.737873     13.657926 13.657926 4.273230
577.985168 345.613861     63.208984 -1.906250 9.406250     -0.987020 0.160596 -0.160596 -0.987020     11.675440 11.675440 1.448107
577.903076 345.387665     59.906250 -7.359375 11.250000     -0.988536 0.150988 -0.150988 -0.988536     12.664786 12.664786 1.285799
47.707424 49.641922     36.483887 -11.595703 265.984375     0.477824 -0.878456 0.878456 0.477824     17.095819 17.095819 2.674392
55.468109 52.355354     135.781250 7.769531 72.890625     0.110933 -0.993828 0.993828 0.110933     42.734109 42.734109 1.489109
60.623348 275.559479     42.956940 34.535156 208.640625     -0.166792 -0.985992 0.985992 -0.166792     22.607050 22.607050 4.816800
577.633484 345.294830     67.296875 -0.859375 11.421875     -0.988435 0.151646 -0.151646 -0.988435     13.438142 13.438142 1.234159
577.633484 345.294830     12.948730 10.437500 117.765625     -0.988435 0.151646 -0.151646 -0.988435     13.438142 13.438142 4.346429
547.989807 288.448975     136.551758 11.453125 89.968750     -0.997970 -0.063694 0.063694 -0.997970     13.601240 13.601240 1.122219
547.989807 288.448975     152.468750 -11.074219 42.484375     -0.997970 -0.063694 0.063694 -0.997970     13.601240 13.601240 1.570047
105.386299 371.282196     85.648926 27.941406 291.515625     -0.995832 -0.091204 0.091204 -0.995832     25.045713 25.045713 2.445548
105.386299 371.282196     1351.138672 64.925293 175.920654     -0.995832 -0.091204 0.091204 -0.995832     25.045713 25.045713 4.563113
60.255951 275.646820     191.750549 65.402344 242.750000     -0.040101 -0.999196 0.999196 -0.040101     25.803377 25.803377 4.743868
105.539093 369.847748     168.485352 -41.867188 500.484375     -0.995882 -0.090657 0.090657 -0.995882     28.737492 28.737492 2.541399
392.766815 341.991028     305.578125 148.992188 118.148438     -0.797284 -0.603605 0.603605 -0.797284     14.071061 14.071061 1.563379
115.350700 328.132263     76.276123 -15.095703 1061.171875     -0.993430 -0.114441 0.114441 -0.993430     19.600532 19.600532 4.813183
106.599678 369.299835     290.906250 126.554688 118.695312     -0.998052 -0.062388 0.062388 -0.998052     27.857133 27.857133 2.567683
106.599678 369.299835     169.237305 -37.683594 506.375000     -0.998052 -0.062388 0.062388 -0.998052     27.857133 27.857133 4.544510
59.958668 282.585327     43.812500 7.722656 24.641602     -0.042548 -0.999094 0.999094 -0.042548     24.854278 24.854278 4.727044
384.665771 335.814026     67.312500 -5.578125 14.398438     -0.804920 -0.593383 0.593383 -0.804920     12.427953 12.427953 1.566459
128.846161 350.504822     20.765625 1.121094 33.246094     -0.999967 0.008156 -0.008156 -0.999967     12.442599 12.442599 1.630085
154.116013 67.501160     66.125000 3.453125 13.570312     -0.513909 -0.857845 0.857845 -0.513909     25.060693 25.060693 0.720852
154.116013 67.501160     491.265625 286.882812 255.320312     -0.513909 -0.857845 0.857845 -0.513909     25.060693 25.060693 2.100425
108.415092 368.541779     67.578125 21.171875 42.902344     -0.997709 0.067649 -0.067649 -0.997709     28.697853 28.697853 2.747522
108.415092 368.541779     62.437500 6.796875 62.496094     -0.997709 0.067649 -0.067649 -0.997709     28.697853 28.697853 4.622244
381.095123 333.407074     1353.000000 64.562500 174.336182     -0.813082 -0.582149 0.582149 -0.813082     12.154825 12.154825 1.567358
128.580399 350.121582     34.234375 -2.234375 13.351562     -0.999375 0.035364 -0.035364 -0.999375     13.751749 13.751749 1.634819
577.327332 345.460419     69.359375 25.859375 55.244141     -0.989233 0.146349 -0.146349 -0.989233     14.344515 14.344515 1.176558
577.327332 345.460419     617.156250 419.953125 395.117188     -0.989233 0.146349 -0.146349 -0.989233     14.344515 14.344515 4.077813
58.869900 286.421173     283.826660 -392.198242 2153.656250     0.050334 -0.998732 0.998732 0.050334     26.962283 26.962283 4.697691
115.705086 324.379669     33.656250 7.984375 18.164062     -0.992675 -0.120819 0.120819 -0.992675     38.169177 38.169177 1.506332
115.705086 324.379669     57.640625 37.507812 73.595703     -0.992675 -0.120819 0.120819 -0.992675     38.169177 38.169177 5.051083
128.329926 349.965973     72.875000 -3.468750 38.250000     -0.999882 0.015375 -0.015375 -0.999882     15.199519 15.199519 1.648010
47.989796 400.986389     335.937500 265.531250 264.328125     -0.098134 -0.995173 0.995173 -0.098134     15.536075 15.536075 1.579565
115.687439 323.454285     242.179688 -65.480469 155.185547     -0.974006 -0.226521 0.226521 -0.974006     42.046747 42.046747 4.993536
109.469910 367.799774     4.213562 -1.470703 68.922729     -0.995068 0.099197 -0.099197 -0.995068     28.947421 28.947421 1.616805
109.469910 367.799774     38.093750 0.734375 15.953125     -0.995068 0.099197 -0.099197 -0.995068     28.947421 28.947421 2.778307
380.058716 332.608612     21.802921 9.887650 42.101974     -0.817864 -0.575412 0.575412 -0.817864     13.021610 13.021610 1.566159
577.026123 345.954254     343.562500 277.000000 279.010986     -0.985859 0.167577 -0.167577 -0.985859     15.690926 15.690926 1.175557
577.026123 345.954254     1197.804688 866.273438 724.914062     -0.985859 0.167577 -0.167577 -0.985859     15.690926 15.690926 4.039536
55.857914 285.277863     283.933105 -382.537109 2129.765625     -0.132144 -0.991230 0.991230 -0.132144     40.730335 40.730335 4.795754
115.558083 343.476227     66.781250 5.437500 15.757812     0.123216 -0.992380 0.992380 0.123216     57.502715 57.502715 1.465204
115.558083 343.476227     228.156250 -44.750000 40.125000     0.123216 -0.992380 0.992380 0.123216     57.502715 57.502715 4.644794
52.530563 350.278717     223.462891 -60.914062 475.312500     -0.095966 -0.995385 0.995385 -0.095966     24.944227 24.944227 0.412332
52.530563 350.278717     47.906250 7.816406 26.408203     -0.095966 -0.995385 0.995385 -0.095966     24.944227 24.944227 1.545672
27.947195 338.801971     347.750000 289.673828 296.385620     -0.035583 -0.999367 0.999367 -0.035583     20.187392 20.187392 3.605764
383.852325 332.164551     1239.281250 894.929688 742.828125     -0.875336 -0.483515 0.483515 -0.875336     26.943191 26.943191 1.595941
547.975403 288.473846     78.273529 17.740417 179.385742     -0.998991 -0.044911 0.044911 -0.998991     14.384905 14.384905 1.111193
547.975403 288.473846     450.281250 300.957031 273.540222     -0.998991 -0.044911 0.044911 -0.998991     14.384905 14.384905 1.477914
53.723953 304.264771     274.445312 -47.367188 183.640625     0.015322 -0.999883 0.999883 0.015322     39.241652 39.241652 4.713922
383.272217 330.407776     1353.658203 61.200684 170.623779     -0.883891 -0.467693 0.467693 -0.883891     32.366039 32.366039 1.607120
116.046844 342.400879     408.687500 281.064453 263.152771     0.109746 -0.993960 0.993960 0.109746     57.816957 57.816957 1.461771
586.030823 108.686378     1247.656250 932.125000 819.828125     -0.943057 -0.332632 0.332632 -0.943057     21.067352 21.067352 0.548552
586.030823 108.686378     34.078125 9.625000 21.054688     -0.943057 -0.332632 0.332632 -0.943057     21.067352 21.067352 2.742338
576.789490 346.233917     225.772461 -24.866821 148.355713     -0.994608 0.103710 -0.103710 -0.994608     16.726926 16.726926 3.950908
576.789490 346.233917     401.593750 321.224609 318.580322     -0.994608 0.103710 -0.103710 -0.994608     16.726926 16.726926 4.272192
286.088379 147.604645     117.625000 -4.890625 58.687500     -0.088763 -0.996053 0.996053 -0.088763     20.456804 20.456804 4.879043
382.272217 328.719452     79.562500 -4.453125 15.507812     -0.855413 -0.517946 0.517946 -0.855413     34.975426 34.975426 1.588547
382.272217 328.719452     352.643005 -38.111511 137.786255     -0.855413 -0.517946 0.517946 -0.855413     34.975426 34.975426 6.347917
521.176819 207.408539     314.773438 4.531250 210.087891     -0.568985 -0.822348 0.822348 -0.568985     26.457885 26.457885 2.232641
521.176819 207.408539     315.626831 -281.851562 2065.117188     -0.568985 -0.822348 0.822348 -0.568985     26.457885 26.457885 5.433094
548.084961 289.060272     509.000000 305.794922 256.692749     -0.997867 -0.065285 0.065285 -0.997867     16.438491 16.438491 1.024448
548.084961 289.060272     697.926880 -61.944122 122.715439     -0.997867 -0.065285 0.065285 -0.997867     16.438491 16.438491 1.482044
376.434052 324.095093     409.062500 319.089844 308.184814     -0.830759 -0.556632 0.556632 -0.830759     35.746153 35.746153 1.567479
376.434052 324.095093     312.952148 55.140625 586.453125     -0.830759 -0.556632 0.556632 -0.830759     35.746153 35.746153 6.239354
282.646332 146.753052     331.320312 13.378906 212.570312     -0.867034 -0.498250 0.498250 -0.867034     24.947907 24.947907 5.603640
519.432678 207.942307     292.882812 185.117188 121.132812     -0.705581 -0.708629 0.708629 -0.705581     33.575507 33.575507 2.537313
115.901489 342.050232     51.968750 5.085938 30.784180     0.153655 -0.988125 0.988125 0.153655     61.171597 61.171597 1.430564
115.901489 342.050232     101.859375 25.523438 22.877075     0.153655 -0.988125 0.988125 0.153655     61.171597 61.171597 4.629060
260.210266 169.275696     66.773438 40.773438 33.265625     -0.604880 -0.796316 0.796316 -0.604880     18.950388 18.950388 1.951500
463.637085 293.004028     1271.484375 859.898438 803.875000     -0.994450 0.105211 -0.105211 -0.994450     16.296692 16.296692 1.220425
463.637085 293.004028     1120.286133 -103.917664 125.438660     -0.994450 0.105211 -0.105211 -0.994450     16.296692 16.296692 4.181705
282.511932 147.286469     167.031250 94.203125 166.859375     -0.794762 -0.606921 0.606921 -0.794762     26.810555 26.810555 5.483289
370.272827 319.344635     507.437500 287.871094 231.139282     -0.792333 -0.610089 0.610089 -0.792333     38.119208 38.119208 1.555968
370.272827 319.344635     339.140625 25.566406 208.376953     -0.792333 -0.610089 0.610089 -0.792333     38.119208 38.119208 5.980356
470.336487 351.530792     126.093750 -0.179688 62.269531     -0.920955 -0.389669 0.389669 -0.920955     17.303515 17.303515 4.094471
259.317871 168.228577     179.656250 163.187500 442.906250     -0.629271 -0.777186 0.777186 -0.629271     23.499896 23.499896 2.047169
366.410065 316.162933     111.984375 30.459961 28.352539     -0.786775 -0.617240 0.617240 -0.786775     37.044769 37.044769 1.554500
366.410065 316.162933     117.031250 97.026367 211.695679     -0.786775 -0.617240 0.617240 -0.786775     37.044769 37.044769 5.905942
597.979980 38.294998     411.062500 317.814453 305.576416     -0.752872 -0.658167 0.658167 -0.752872     25.534657 25.534657 4.049071
270.091522 155.065216     1537.335938 909.539062 791.515625     -0.881283 0.472588 -0.472588 -0.881283     49.309741 49.309741 0.761926
270.091522 155.065216     347.141846 -319.566406 2149.484375     -0.881283 0.472588 -0.472588 -0.881283     49.309741 49.309741 1.629796
18.420000 39.334999     234.031250 144.312500 392.117188     0.022710 -0.999742 0.999742 0.022710     9.200440 9.200440 0.800705
463.467377 293.130432     41.703125 15.656250 26.304688     -0.999452 -0.033114 0.033114 -0.999452     17.959902 17.959902 4.053400
597.398254 37.486725     512.812500 286.683594 227.772583     -0.746906 -0.664930 0.664930 -0.746906     25.619474 25.619474 4.042019
356.510742 309.035400     138.078125 31.671875 28.895142     -0.794768 -0.606913 0.606913 -0.794768     35.830064 35.830064 1.559940
356.510742 309.035400     351.073242 -29.210938 732.835938     -0.794768 -0.606913 0.606913 -0.794768     35.830064 35.830064 5.875866
267.155396 156.799805     1443.375000 43.605469 22.081055     -0.864596 0.502468 -0.502468 -0.864596     47.435834 47.435834 0.834176
267.155396 156.799805     2396.320801 -265.258179 245.102295     -0.864596 0.502468 -0.502468 -0.864596     47.435834 47.435834 1.621087
518.262451 207.431412     1186.593750 -28.093750 181.813477     -0.797623 -0.603156 0.603156 -0.797623     33.477691 33.477691 2.632091
518.262451 207.431412     284.718750 123.031250 369.562500     -0.797623 -0.603156 0.603156 -0.797623     33.477691 33.477691 5.860588
548.440857 289.495087     1540.960938 910.242188 791.445312     -0.994493 -0.104805 0.104805 -0.994493     17.535444 17.535444 0.986252
548.440857 289.495087     3279.022461 -481.616943 450.844910     -0.994493 -0.104805 0.104805 -0.994493     17.535444 17.535444 5.695171
115.239998 341.909515     23.968750 15.076172 48.046715     0.223374 -0.974733 0.974733 0.223374     65.134066 65.134066 1.372501
115.239998 341.909515     278.562500 -66.625000 64.000000     0.223374 -0.974733 0.974733 0.223374     65.134066 65.134066 4.553723
585.628784 108.735497     375.031250 45.195312 197.210938     -0.950993 -0.309213 0.309213 -0.950993     21.984107 21.984107 0.581210
585.628784 108.735497     35.687500 38.939453 185.176941     -0.950993 -0.309213 0.309213 -0.950993     21.984107 21.984107 2.799452
596.071167 35.501694     365.062500 70.250000 382.875000     -0.737670 -0.675162 0.675162 -0.737670     25.158877 25.158877 4.048886
353.666901 307.154846     1350.379883 52.903320 170.552490     -0.796015 -0.605277 0.605277 -0.796015     35.529352 35.529352 1.556378
353.666901 307.154846     428.156250 321.794922 304.484009     -0.796015 -0.605277 0.605277 -0.796015     35.529352 35.529352 5.877048
263.880157 156.074738     502.562500 28.343750 382.437500     -0.919776 0.392444 -0.392444 -0.919776     57.527936 57.527936 0.630356
263.880157 156.074738     59.859375 12.796875 24.101562     -0.919776 0.392444 -0.392444 -0.919776     57.527936 57.527936 3.811715
353.600372 308.403717     362.250000 59.841797 337.999451     -0.782201 -0.623026 0.623026 -0.782201     39.586313 39.586313 1.560694
353.600372 308.403717     1571.882812 928.789062 800.609375     -0.782201 -0.623026 0.623026 -0.782201     39.586313 39.586313 5.793325
470.012817 351.282043     64.250000 20.156250 30.289062     -0.883275 -0.468855 0.468855 -0.883275     17.969375 17.969375 0.801694
470.012817 351.282043     440.625000 -69.484375 1607.437500     -0.883275 -0.468855 0.468855 -0.883275     17.969375 17.969375 4.006139
596.526428 34.335014     11634.240234 -849.863037 415.983643     -0.751049 -0.660247 0.660247 -0.751049     27.071868 27.071868 4.062146
514.497742 208.060333     4044.171875 350.296875 58.963867     -0.996621 0.082138 -0.082138 -0.996621     34.354909 34.354909 0.559149
514.497742 208.060333     1834.343750 1283.953125 2723.640625     -0.996621 0.082138 -0.082138 -0.996621     34.354909 34.354909 3.706013
576.385437 346.239594     41.765625 9.437500 45.257812     -0.997615 0.069023 -0.069023 -0.997615     17.544063 17.544063 1.395546
576.385437 346.239594     275.501160 20.203125 10.203125     -0.997615 0.069023 -0.069023 -0.997615     17.544063 17.544063 3.944340
265.369354 157.128265     355.700684 32.730469 16.625000     -0.999068 -0.043163 0.043163 -0.999068     65.194444 65.194444 4.696145
265.369354 157.128265     25215.781250 -151.825195 334.101440     -0.999068 -0.043163 0.043163 -0.999068     65.194444 65.194444 6.285084
117.355736 345.169312     392.031250 50.687500 211.128906     -0.031517 -0.999503 0.999503 -0.031517     73.701285 73.701285 1.549662
117.355736 345.169312     908.312500 37.281250 328.342346     -0.031517 -0.999503 0.999503 -0.031517     73.701285 73.701285 6.378166
351.745392 308.238739     144.937500 -9.359375 73.699219     -0.783138 -0.621848 0.621848 -0.783138     41.949804 41.949804 1.561797
351.745392 308.238739     397.013550 86.440430 68.843750     -0.783138 -0.621848 0.621848 -0.783138     41.949804 41.949804 5.794976
541.189026 32.841095     4056.015625 339.273438 62.812500     -0.831073 -0.556163 0.556163 -0.831073     32.466016 32.466016 0.997091
541.189026 32.841095     3304.250000 -1073.500000 4695.718750     -0.831073 -0.556163 0.556163 -0.831073     32.466016 32.466016 2.150257
599.697876 36.846004     229.843750 32.437500 105.480469     -0.760307 -0.649564 0.649564 -0.760307     26.839001 26.839001 1.956131
599.697876 36.846004     24904.484375 -1154.819336 490.148804     -0.760307 -0.649564 0.649564 -0.760307     26.839001 26.839001 4.081982
119.314186 346.909698     3818.500000 299.871094 66.126953     -0.190469 -0.981693 0.981693 -0.190469     78.234505 78.234505 0.365386
119.314186 346.909698     4987.343750 -2287.484375 5984.609375     -0.190469 -0.981693 0.981693 -0.190469     78.234505 78.234505 1.653861
265.558685 157.582047     51499.546875 -1812.281250 5393.171875     -0.993866 -0.110587 0.110587 -0.993866     65.378921 65.378921 4.635697
265.558685 157.582047     1612.421875 948.117188 817.656250     -0.993866 -0.110587 0.110587 -0.993866     65.378921 65.378921 6.209342
318.377075 314.403351     3596.140625 288.613281 75.109375     -0.842858 -0.538136 0.538136 -0.842858     7.718411 7.718411 3.573260
318.377075 314.403351     1154.906250 117.697266 311.709656     -0.842858 -0.538136 0.538136 -0.842858     7.718411 7.718411 4.718218
567.940979 335.196747     50278.984375 8630.289062 23598.484375     -0.643665 -0.765307 0.765307 -0.643665     29.217329 29.217329 1.891747
567.940979 335.196747     47574.984375 4420.359375 23681.234375     -0.643665 -0.765307 0.765307 -0.643665     29.217329 29.217329 5.020167
585.108154 109.193878     535.226562 290.257812 277.343750     -0.975056 -0.221959 0.221959 -0.975056     24.493576 24.493576 0.669668
585.108154 109.193878     47131.015625 -4415.570312 27076.150391     -0.975056 -0.221959 0.221959 -0.975056     24.493576 24.493576 2.997340
406.833344 37.301170     92.406250 -24.234375 145.093750     -0.959129 -0.282968 0.282968 -0.959129     17.628854 17.628854 2.588675
267.714996 280.519989     257.371094 0.511719 239.382812     -0.830683 -0.556746 0.556746 -0.830683     10.965760 10.965760 4.775173
347.587738 310.158844     46951.718750 -4457.734375 24571.632812     -0.794472 -0.607300 0.607300 -0.794472     54.478338 54.478338 5.979797
562.415588 332.603516     45376.195312 -3963.902344 23992.335938     -0.707429 -0.706784 0.706784 -0.707429     38.380053 38.380053 2.116985
562.415588 332.603516     234.875000 -66.843750 142.406250     -0.707429 -0.706784 0.706784 -0.707429     38.380053 38.380053 5.194438
545.139038 35.282207     167.109375 -62.250000 88.382812     -0.846362 -0.532608 0.532608 -0.846362     31.814889 31.814889 2.182343
545.139038 35.282207     306.328125 -47.781250 151.546875     -0.846362 -0.532608 0.532608 -0.846362     31.814889 31.814889 4.144823
266.196228 158.031021     35.703125 -6.734375 39.132812     -0.982682 -0.185299 0.185299 -0.982682     64.202880 64.202880 4.574500
342.779785 308.624329     416.859375 -14.984375 152.859375     -0.823809 -0.566868 0.566868 -0.823809     57.770348 57.770348 6.170267
514.416870 208.017426     39.578125 -9.187500 46.429688     -0.999996 0.002815 -0.002815 -0.999996     35.509826 35.509826 0.493177
514.416870 208.017426     600.640625 -50.843750 167.781250     -0.999996 0.002815 -0.002815 -0.999996     35.509826 35.509826 1.492449
557.776611 322.092712     284.113281 -14.332031 254.921875     -0.431384 -0.902169 0.902169 -0.431384     45.364387 45.364387 1.830572
557.776611 322.092712     533.257812 279.304688 278.031250     -0.431384 -0.902169 0.902169 -0.431384     45.364387 45.364387 4.847545
405.694580 36.724136     196.544922 -45.001953 213.718750     -0.950866 -0.309604 0.309604 -0.950866     19.321049 19.321049 2.540077
582.397278 109.823433     13.245117 -5.887207 41.798828     -0.998781 0.049357 -0.049357 -0.998781     24.429348 24.429348 3.455145
600.398987 37.271648     13.570312 -18.730469 127.089844     -0.762796 -0.646639 0.646639 -0.762796     27.059272 27.059272 1.954944
600.398987 37.271648     268.242188 -44.451172 142.125000     -0.762796 -0.646639 0.646639 -0.762796     27.059272 27.059272 4.086239
340.638092 308.999817     25.386719 -41.476562 101.414062     -0.830467 -0.557067 0.557067 -0.830467     60.609561 60.609561 6.215901
553.434692 321.448914     13.664795 -13.261719 187.992188     -0.509714 -0.860344 0.860344 -0.509714     54.843309 54.843309 1.960464
553.434692 321.448914     19.403564 -60.069824 431.756836     -0.509714 -0.860344 0.860344 -0.509714     54.843309 54.843309 4.808001
469.484863 350.590912     25.747772 86.387451 493.492188     -0.848909 -0.528539 0.528539 -0.848909     18.310607 18.310607 4.034119
545.821533 35.628254     12.703552 -8.312500 227.406250     -0.850047 -0.526707 0.526707 -0.850047     31.863443 31.863443 2.190709
545.821533 35.628254     13.253906 -19.078125 123.859375     -0.850047 -0.526707 0.526707 -0.850047     31.863443 31.863443 4.144759
406.010559 36.476791     13.037109 -24.658569 163.131775     -0.965653 -0.259836 0.259836 -0.965653     20.311376 20.311376 2.615269
121.886345 345.203918     18.295166 -71.321289 754.656250     0.075854 -0.997119 0.997119 0.075854     84.048999 84.048999 1.470285
121.886345 345.203918     171.830078 -28.941406 22.492188     0.075854 -0.997119 0.997119 0.075854     84.048999 84.048999 6.206010
463.566772 293.136810     14.187500 -17.472656 127.222656     -0.998722 -0.050547 0.050547 -0.998722     19.121715 19.121715 1.073594
463.566772 293.136810     16.992188 -42.585938 382.062500     -0.998722 -0.050547 0.050547 -0.998722     19.121715 19.121715 4.057302
548.895569 109.458862     20.268066 -54.567383 512.125000     -0.999531 -0.030637 0.030637 -0.999531     20.495754 20.495754 1.546623
549.364075 321.149536     13.136719 -7.908691 76.238220     -0.580529 -0.814240 0.814240 -0.580529     63.160681 63.160681 2.160579
549.364075 321.149536     29.007812 -48.636719 120.324219     -0.580529 -0.814240 0.814240 -0.580529     63.160681 63.160681 5.110453
546.942017 109.292770     204.803711 1.201172 132.453125     -0.999449 -0.033202 0.033202 -0.999449     20.228953 20.228953 1.545666
338.732513 308.724548     121.003906 -10.275391 91.816406     -0.830876 -0.556458 0.556458 -0.830876     60.680484 60.680484 6.215591
269.142334 159.244675     207.368164 -41.144531 225.406250     -0.972481 -0.232982 0.232982 -0.972481     61.435017 61.435017 1.196112
269.142334 159.244675     14.213867 -24.858643 166.459045     -0.972481 -0.232982 0.232982 -0.972481     61.435017 61.435017 2.879464
545.096130 322.189423     47.697983 -42.937256 1127.093750     -0.661146 -0.750257 0.750257 -0.661146     78.351247 78.351247 2.307704
545.096130 322.189423     270.691406 -43.716797 145.546875     -0.661146 -0.750257 0.750257 -0.661146     78.351247 78.351247 5.271017
601.398865 37.688667     252.976562 48.413086 162.544922     -0.770943 -0.636904 0.636904 -0.770943     27.971708 27.971708 4.091256
514.265076 208.213257     17.623047 -19.265625 281.589844     -0.998354 0.057354 -0.057354 -0.998354     36.336014 36.336014 0.507842
514.265076 208.213257     17.041992 10.333740 25.408447     -0.998354 0.057354 -0.057354 -0.998354     36.336014 36.336014 1.527415
546.704834 36.001659     50.662109 -535.484375 5757.500000     -0.854447 -0.519538 0.519538 -0.854447     32.347947 32.347947 2.193159
546.704834 36.001659     16.273804 -12.827148 253.312500     -0.854447 -0.519538 0.519538 -0.854447     32.347947 32.347947 4.125022
530.221436 107.584885     178.259766 -29.414062 25.953125     -0.998504 -0.054685 0.054685 -0.998504     20.431127 20.431127 1.542156
539.441162 322.977539     165.345703 -63.972656 151.546875     -0.975797 -0.218678 0.218678 -0.975797     87.268170 87.268170 0.841490
539.441162 322.977539     22.545044 -54.129883 523.421875     -0.975797 -0.218678 0.218678 -0.975797     87.268170 87.268170 2.466342
465.147644 294.150421     205.445312 -14.394531 234.050781     -0.952147 -0.305640 0.305640 -0.952147     20.121473 20.121473 0.904133
465.147644 294.150421     17.609375 -10.585938 74.640625     -0.952147 -0.305640 0.305640 -0.952147     20.121473 20.121473 4.005738
469.458191 349.130035     19.140625 -44.480469 398.367188     -0.761191 -0.648528 0.648528 -0.761191     21.421828 21.421828 2.404742
469.458191 349.130035     99.343750 -1055.628906 11315.500000     -0.761191 -0.648528 0.648528 -0.761191     21.421828 21.421828 3.949722
513.497864 106.319344     213.618164 -2.281250 137.156250     -0.998017 -0.062945 0.062945 -0.998017     21.091179 21.091179 1.554084
513.497864 106.319344     14.699219 -7.495361 79.862976     -0.998017 -0.062945 0.062945 -0.998017     21.091179 21.091179 4.720203
336.034027 307.723541     172.541016 37.356445 138.962646     -0.831704 -0.555219 0.555219 -0.831704     60.470984 60.470984 6.218503
464.713226 293.793030     276.349609 -43.707031 149.945312     -0.906721 -0.421731 0.421731 -0.906721     20.579353 20.579353 0.883407
464.713226 293.793030     166.328125 -28.921875 176.230469     -0.906721 -0.421731 0.421731 -0.906721     20.579353 20.579353 1.980141
502.888367 104.667450     26.941406 -55.805176 317.999512     -0.996217 -0.086900 0.086900 -0.996217     23.984333 23.984333 4.712473
469.983948 347.901062     2.858887 -29.632812 447.359375     -0.639559 -0.768742 0.768742 -0.639559     26.206097 26.206097 2.233078
469.983948 347.901062     18.977966 -13.315430 257.843750     -0.639559 -0.768742 0.768742 -0.639559     26.206097 26.206097 5.071231
496.577240 103.956398     25.952515 -55.036133 548.281250     -0.996043 -0.088873 0.088873 -0.996043     24.648930 24.648930 4.723489
269.895416 159.864380     16.687500 -6.145020 82.130157     -0.967565 -0.252624 0.252624 -0.967565     63.303789 63.303789 2.878205
269.895416 159.864380     168.597656 -27.503906 179.785156     -0.967565 -0.252624 0.252624 -0.967565     63.303789 63.303789 4.530225
514.573608 208.094879     227.861328 -3.939453 142.234375     -0.991758 0.128124 -0.128124 -0.991758     38.313502 38.313502 0.627709
514.573608 208.094879     28.727051 -54.744141 315.250977     -0.991758 0.128124 -0.128124 -0.991758     38.313502 38.313502 3.746125
496.301849 103.639191     67.030029 -857.523438 11424.617188     -0.996461 -0.084060 0.084060 -0.996461     26.313280 26.313280 4.724502
517.926331 209.701599     129.677734 -6.246094 106.527344     -0.971240 -0.238102 0.238102 -0.971240     44.440393 44.440393 3.189695
517.926331 209.701599     284.012695 -47.265625 163.796875     -0.971240 -0.238102 0.238102 -0.971240     44.440393 44.440393 4.787801
497.537598 102.902802     264.547852 48.066406 176.852539     -0.996862 -0.079162 0.079162 -0.996862     29.272097 29.272097 4.714654
335.483948 307.911316     29.145142 -64.762695 826.734375     -0.832631 -0.553828 0.553828 -0.832631     61.538576 61.538576 6.228069
496.905457 101.948830     118.687500 -1404.410156 17242.156250     -0.996701 -0.081156 0.081156 -0.996701     32.327749 32.327749 4.701823
270.288300 159.876831     180.238281 17.841797 150.087891     -0.982684 -0.185290 0.185290 -0.982684     67.638810 67.638810 2.980446
270.288300 159.876831     228.668945 -19.675781 257.949219     -0.982684 -0.185290 0.185290 -0.982684     67.638810 67.638810 4.588634
