1.0
243
399.558258 184.058258     91.265625 44.937500 46.441406     -0.850386 -0.526160 0.526160 -0.850386     19.426854 19.426854 2.146350
436.181488 283.718506     66.671875 1.179688 12.421875     -0.999764 -0.021730 0.021730 -0.999764     15.843729 15.843729 6.379200
426.071594 203.799194     345.000000 144.773438 258.636719     -0.801819 -0.597567 0.597567 -0.801819     55.249704 55.249704 2.529014
395.783478 282.984375     128.937500 -10.179688 14.617188     -0.996120 0.088007 -0.088007 -0.996120     16.666903 16.666903 1.758128
437.535065 205.454208     630.890625 135.789062 247.378906     -0.952917 -0.303232 0.303232 -0.952917     64.299450 64.299450 3.164799
422.279724 283.318146     699.781250 29.773438 24.703125     -0.999033 -0.043976 0.043976 -0.999033     21.764631 21.764631 1.666628
441.735596 207.960510     744.703125 138.554688 283.277344     -0.963661 -0.267128 0.267128 -0.963661     70.417415 70.417415 1.382540
441.735596 207.960510     5115.636719 345.437500 3467.781250     -0.963661 -0.267128 0.267128 -0.963661     70.417415 70.417415 3.228083
447.475891 209.441071     7016.941406 -186.482422 2531.203125     -0.977413 -0.211339 0.211339 -0.977413     73.971410 73.971410 1.400567
447.475891 209.441071     983.171875 125.640625 57.132812     -0.977413 -0.211339 0.211339 -0.977413     73.971410 73.971410 4.742237
68.628387 194.623611     1059.625000 89.867188 337.035156     -0.754440 -0.656369 0.656369 -0.754440     27.227633 27.227633 5.244921
68.628387 194.623611     6487.984375 436.593750 3562.531250     -0.754440 -0.656369 0.656369 -0.754440     27.227633 27.227633 6.147756
434.237366 285.060516     1197.937500 39.015625 373.250000     -0.991237 -0.132098 0.132098 -0.991237     28.598632 28.598632 1.662189
450.688538 210.326706     9144.839844 -419.652344 2584.576172     -0.992580 -0.121593 0.121593 -0.992580     81.252888 81.252888 1.330294
450.688538 210.326706     1309.796875 159.148438 76.117188     -0.992580 -0.121593 0.121593 -0.992580     81.252888 81.252888 4.757350
439.138550 285.713531     12473.187500 -647.658203 2784.542969     -0.990519 -0.137373 0.137373 -0.990519     30.507221 30.507221 1.658762
439.138550 285.713531     1530.859375 -124.617188 559.242188     -0.990519 -0.137373 0.137373 -0.990519     30.507221 30.507221 4.721205
454.468414 211.015793     1501.937500 202.203125 86.367188     -0.998888 -0.047152 0.047152 -0.998888     86.723803 86.723803 4.827443
448.915253 286.272583     82.890625 2.218750 3.625000     -0.992041 -0.125915 0.125915 -0.992041     33.650042 33.650042 4.719167
444.380005 268.225006     122.406250 4.812500 3.722656     -0.998644 -0.052052 0.052052 -0.998644     7.613117 7.613117 1.595220
461.939240 214.050308     1786.437500 -97.093750 1469.496094     -0.992129 0.125221 -0.125221 -0.992129     104.910212 104.910212 4.949036
455.107666 287.355042     21.187500 -0.656250 18.593750     -0.990336 -0.138687 0.138687 -0.990336     34.285894 34.285894 4.730915
464.007111 216.041245     1875.234375 -106.617188 1468.910156     -0.985666 0.168708 -0.168708 -0.985666     110.704814 110.704814 5.051129
488.369659 255.085312     10.687500 -2.429688 34.488281     -0.999609 -0.027958 0.027958 -0.999609     8.494092 8.494092 4.681903
491.024475 255.240814     23.000000 7.093750 22.257812     -0.999182 -0.040449 0.040449 -0.999182     8.452138 8.452138 4.681789
490.314301 262.814301     11.531250 -2.570312 36.437500     -0.999030 -0.044024 0.044024 -0.999030     7.604187 7.604187 4.686756
465.680573 234.544342     26.593750 -23.132812 39.945312     -0.930471 0.366366 -0.366366 -0.930471     171.165293 171.165293 0.679414
489.767120 270.287659     26.968750 -22.195312 39.472656     -0.998465 -0.055395 0.055395 -0.998465     7.673253 7.673253 4.666836
468.608002 236.202087     177.750000 -23.203125 50.234375     -0.962466 0.271402 -0.271402 -0.962466     170.888468 170.888468 0.550955
468.608002 236.202087     25.031250 5.820312 33.386719     -0.962466 0.271402 -0.271402 -0.962466     170.888468 170.888468 5.261507
521.568176 267.986359     11.468750 -2.843750 41.648438     -0.972694 0.232092 -0.232092 -0.972694     19.322333 19.322333 5.045334
563.083740 169.172409     29.218750 -3.960938 60.074219     0.100530 -0.994934 0.994934 0.100530     14.541337 14.541337 4.009777
572.746948 208.444901     30.718750 -24.046875 55.328125     -0.725342 -0.688389 0.688389 -0.725342     17.731060 17.731060 1.345505
572.746948 208.444901     117.968750 -102.445312 145.242188     -0.725342 -0.688389 0.688389 -0.725342     17.731060 17.731060 4.881226
562.837708 169.223679     112.093750 -91.828125 136.667969     0.101595 -0.994826 0.994826 0.101595     15.106039 15.106039 4.004053
591.915100 187.433960     268.171875 18.109375 5.320312     0.601136 -0.799146 0.799146 0.601136     13.643771 13.643771 0.365421
591.915100 187.433960     956.250000 -147.789062 79.132812     0.601136 -0.799146 0.799146 0.601136     13.643771 13.643771 1.523640
592.085083 187.259567     1464.281250 -105.546875 77.664062     0.603685 -0.797223 0.797223 0.603685     14.344821 14.344821 0.463824
592.085083 187.259567     107.531250 -86.148438 134.507812     0.603685 -0.797223 0.797223 0.603685     14.344821 14.344821 1.538726
374.714691 326.217651     1817.937500 -80.859375 78.890625     -0.984811 0.173629 -0.173629 -0.984811     30.568055 30.568055 2.577976
374.714691 326.217651     2207.875000 -36.171875 86.601562     -0.984811 0.173629 -0.173629 -0.984811     30.568055 30.568055 3.599568
572.921997 207.865250     329.437500 14.671875 4.171875     -0.456553 -0.889696 0.889696 -0.456553     21.128218 21.128218 1.013917
572.921997 207.865250     702.937500 36.468750 11.703125     -0.456553 -0.889696 0.889696 -0.456553     21.128218 21.128218 4.705988
562.897644 169.917328     107.437500 -82.406250 133.101562     0.093000 -0.995666 0.995666 0.093000     15.061984 15.061984 4.040202
592.089478 188.104935     90.343750 -46.468750 49.375000     0.523275 -0.852164 0.852164 0.523275     17.531956 17.531956 0.328676
592.089478 188.104935     24.187500 -20.187500 37.011719     0.523275 -0.852164 0.852164 0.523275     17.531956 17.531956 0.728244
382.107239 326.465881     187.218750 -244.281250 422.179688     -0.997499 0.070681 -0.070681 -0.997499     30.061211 30.061211 4.845051
382.107239 326.465881     129.531250 -37.453125 149.460938     -0.997499 0.070681 -0.070681 -0.997499     30.061211 30.061211 5.336729
573.542603 206.577286     19.312500 -16.562500 81.726562     0.125326 -0.992116 0.992116 0.125326     24.115296 24.115296 0.776415
573.542603 206.577286     485.843750 -75.156250 2227.273438     0.125326 -0.992116 0.992116 0.125326     24.115296 24.115296 2.065569
592.676270 187.556137     53.968750 9.875000 18.617188     0.521764 -0.853090 0.853090 0.521764     18.006335 18.006335 0.300919
592.676270 187.556137     690.093750 -407.562500 3254.171875     0.521764 -0.853090 0.853090 0.521764     18.006335 18.006335 0.795277
584.093567 195.987961     103.015625 35.359375 23.054688     0.658806 -0.752313 0.752313 0.658806     23.920594 23.920594 4.632836
584.507996 195.848526     1220.343750 -497.625000 3580.585938     0.658550 -0.752537 0.752537 0.658550     25.349958 25.349958 4.612096
446.599060 331.943390     1826.062500 -569.437500 3542.718750     -0.997657 -0.068411 0.068411 -0.997657     9.087904 9.087904 4.746001
446.599060 331.943390     2386.031250 -743.718750 3578.617188     -0.997657 -0.068411 0.068411 -0.997657     9.087904 9.087904 5.104571
371.591034 330.160767     11.125000 -8.835938 72.070312     -0.986823 0.161804 -0.161804 -0.986823     33.342750 33.342750 4.599634
380.744293 331.219482     2667.781250 -204.226562 68.464844     -0.997148 0.075466 -0.075466 -0.997148     37.562478 37.562478 4.620883
584.361206 195.802887     321.773438 -290.703125 361.406250     0.650121 -0.759831 0.759831 0.650121     26.170336 26.170336 4.605728
385.756073 331.661987     183.796875 146.054688 189.421875     -0.998925 0.046346 -0.046346 -0.998925     39.007253 39.007253 4.631150
390.602264 331.965088     2751.390625 -185.859375 66.113281     -0.999855 0.017045 -0.017045 -0.999855     41.727629 41.727629 4.713736
543.938354 326.687225     13.468750 -12.640625 79.906250     -0.998988 -0.044970 0.044970 -0.998988     8.432436 8.432436 4.802123
536.293884 323.666656     341.257812 -288.070312 341.703125     -0.998619 -0.052540 0.052540 -0.998619     14.076012 14.076012 1.561771
536.293884 323.666656     4137.875000 -1175.156250 3440.015625     -0.998619 -0.052540 0.052540 -0.998619     14.076012 14.076012 4.793932
584.078369 195.800003     2932.062500 -463.664062 270.398438     0.650437 -0.759560 0.759560 0.650437     27.324371 27.324371 4.604533
564.642395 349.578796     6143.312500 -1347.843750 3222.320312     -0.837666 0.546183 -0.546183 -0.837666     19.654220 19.654220 4.344313
571.186646 287.326660     15.324219 -3.324219 20.085938     0.241551 -0.970388 0.970388 0.241551     17.538299 17.538299 1.469960
460.255249 319.835663     18.675781 -2.148438 16.835938     -0.967729 -0.251993 0.251993 -0.967729     18.025730 18.025730 2.570700
460.255249 319.835663     14.343750 -13.539062 87.191406     -0.967729 -0.251993 0.251993 -0.967729     18.025730 18.025730 3.126575
420.549652 308.244690     22.833984 -3.347656 17.414062     -0.935166 -0.354210 0.354210 -0.935166     13.987491 13.987491 5.156837
549.622131 212.902283     11.812500 -4.562500 41.273438     0.140644 -0.990060 0.990060 0.140644     14.137310 14.137310 4.030940
549.622131 212.902283     13.695312 -3.246094 23.359375     0.140644 -0.990060 0.990060 0.140644     14.137310 14.137310 5.794444
467.295288 173.078735     24.316406 -6.457031 29.863281     -0.996965 0.077853 -0.077853 -0.996965     32.610798 32.610798 4.727965
352.183716 302.418610     19.472656 -2.566406 18.925781     0.682639 -0.730756 0.730756 0.682639     31.887220 31.887220 1.565892
389.424835 198.498917     27.054688 -5.207031 29.199219     -0.700267 -0.713881 0.713881 -0.700267     28.647585 28.647585 1.240259
389.424835 198.498917     2884.937500 -494.539062 343.265625     -0.700267 -0.713881 0.713881 -0.700267     28.647585 28.647585 2.141247
464.044861 173.402237     26.750000 3.281250 150.570312     -0.997636 0.068723 -0.068723 -0.997636     32.856229 32.856229 4.746938
549.098816 213.377914     12.570312 -3.984375 23.332031     0.180804 -0.983519 0.983519 0.180804     15.022844 15.022844 2.578083
549.098816 213.377914     16.195312 -3.441406 19.320312     0.180804 -0.983519 0.983519 0.180804     15.022844 15.022844 5.705231
353.411346 301.648926     12.515625 -5.125000 42.234375     0.706833 -0.707380 0.707380 0.706833     32.886987 32.886987 1.569038
429.223083 184.452255     33.968750 -5.140625 168.476562     -0.985984 0.166841 -0.166841 -0.985984     62.344164 62.344164 1.436133
429.223083 184.452255     23.855469 -5.656250 33.652344     -0.985984 0.166841 -0.166841 -0.985984     62.344164 62.344164 4.126864
428.219116 184.652557     17.082031 -5.191406 36.273438     -0.986012 0.166674 -0.166674 -0.986012     62.899982 62.899982 1.429803
428.219116 184.652557     7857.656250 -1642.828125 3129.148438     -0.986012 0.166674 -0.166674 -0.986012     62.899982 62.899982 4.130703
551.568970 262.625000     16.402344 -5.457031 40.355469     -0.057658 -0.998336 0.998336 -0.057658     18.807496 18.807496 1.668001
551.568970 262.625000     29.001953 -8.523438 47.390625     -0.057658 -0.998336 0.998336 -0.057658     18.807496 18.807496 3.144714
551.777771 260.468475     9.343750 -4.992188 44.394531     0.079741 -0.996816 0.996816 0.079741     19.271364 19.271364 4.682469
237.902908 242.597092     31.739258 -4.802734 26.011719     0.457014 -0.889460 0.889460 0.457014     16.605061 16.605061 4.304102
130.013840 242.242218     20.449219 -4.828125 36.582031     -0.768628 0.639695 -0.639695 -0.768628     20.854155 20.854155 0.789258
204.990479 241.438095     12.281250 -5.226562 45.738281     -0.834750 0.550628 -0.550628 -0.834750     17.670027 17.670027 0.672911
548.942078 213.671051     7.593750 -4.554688 50.339844     0.177004 -0.984210 0.984210 0.177004     15.529135 15.529135 5.698188
551.847717 261.254517     24.613281 -9.425781 53.738281     -0.037913 -0.999281 0.999281 -0.037913     19.771620 19.771620 4.732681
169.292038 240.703537     14.906250 -9.359375 65.828125     -0.902550 0.430586 -0.430586 -0.902550     17.896751 17.896751 0.578634
109.900002 241.689285     30.990234 -7.351562 41.437500     -0.819425 0.573186 -0.573186 -0.819425     20.619598 20.619598 0.734059
221.696518 241.487564     2820.968750 -531.796875 430.269531     -0.851502 0.524352 -0.524352 -0.851502     17.621764 17.621764 0.658005
187.441315 240.802811     38.218750 -4.125000 177.398438     -0.947386 0.320093 -0.320093 -0.947386     17.876457 17.876457 0.441160
294.755859 246.615021     7.773438 -6.781250 78.246094     0.149617 -0.988744 0.988744 0.149617     15.007417 15.007417 4.633284
267.844330 242.896225     33.703125 -7.503906 40.824219     0.291476 -0.956578 0.956578 0.291476     16.040594 16.040594 4.477616
168.746628 242.699326     20.761719 -9.070312 62.617188     0.550156 -0.835062 0.835062 0.550156     20.155973 20.155973 4.222035
204.952591 241.655167     17.031250 -17.210938 96.257812     -0.743621 0.668601 -0.668601 -0.743621     18.344490 18.344490 0.809924
149.529007 242.392487     22.285156 -9.539062 56.269531     0.631785 -0.775143 0.775143 0.631785     21.492230 21.492230 4.100314
427.160889 186.235229     10.695312 -3.570312 26.812500     -0.982834 0.184494 -0.184494 -0.982834     71.212790 71.212790 0.584726
427.160889 186.235229     46.031250 -14.437500 192.203125     -0.982834 0.184494 -0.184494 -0.982834     71.212790 71.212790 1.402017
551.404297 260.475861     9.906250 -7.992188 76.875000     -0.026472 -0.999650 0.999650 -0.026472     23.236349 23.236349 4.717545
281.815002 243.274994     26.496094 -7.972656 49.339844     0.313320 -0.949647 0.949647 0.313320     15.097305 15.097305 4.471691
253.054993 242.070007     2650.531250 -633.210938 771.937500     0.541566 -0.840659 0.840659 0.541566     16.824407 16.824407 4.213230
281.567047 245.689651     7.718750 -6.046875 54.605469     0.165300 -0.986243 0.986243 0.165300     15.363824 15.363824 4.622963
204.529221 243.597397     160.726562 -37.800781 67.355469     0.318693 -0.947858 0.947858 0.318693     19.463777 19.463777 4.477605
550.577271 260.806183     11.148438 -5.460938 48.699219     0.038135 -0.999273 0.999273 0.038135     26.151378 26.151378 3.119648
550.577271 260.806183     9.445312 -5.187500 50.371094     0.038135 -0.999273 0.999273 0.038135     26.151378 26.151378 4.688840
187.053696 243.053696     8312.375000 -1603.703125 3122.054688     0.415540 -0.909575 0.909575 0.415540     20.754419 20.754419 4.365494
129.941360 242.268524     30.349609 -10.988281 61.941406     -0.827412 0.561595 -0.561595 -0.827412     21.514868 21.514868 0.693615
237.346024 244.792389     15.406250 -8.335938 66.437500     0.245426 -0.969415 0.969415 0.245426     17.868870 17.868870 4.546829
252.743393 244.924530     18.085938 -11.773438 87.472656     0.212144 -0.977238 0.977238 0.212144     17.554444 17.554444 4.590494
149.259842 244.847763     11.328125 -7.484375 75.242188     0.365133 -0.930956 0.930956 0.365133     22.794600 22.794600 4.439733
319.812225 246.716156     13.890625 -5.812500 44.027344     0.138308 -0.990389 0.990389 0.138308     13.232290 13.232290 4.643548
109.405251 241.483963     25.855469 -11.320312 71.292969     -0.869524 0.493891 -0.493891 -0.869524     21.713962 21.713962 0.666547
221.398575 244.177933     6.562500 -7.500000 85.382812     0.266418 -0.963857 0.963857 0.266418     19.674154 19.674154 4.522896
294.734436 246.659744     2542.078125 -695.039062 913.800781     0.150835 -0.988559 0.988559 0.150835     15.249477 15.249477 4.631414
342.402710 247.615387     14.250000 -9.054688 68.761719     0.104789 -0.994494 0.994494 0.104789     12.002291 12.002291 4.672289
186.559143 245.580643     8.234375 -7.656250 81.613281     0.283292 -0.959034 0.959034 0.283292     21.024669 21.024669 4.535557
267.095795 247.916168     15.523438 -10.906250 88.628906     0.175223 -0.984529 0.984529 0.175223     16.374373 16.374373 4.633996
129.384811 244.254898     27.187500 -10.500000 64.398438     0.458684 -0.888600 0.888600 0.458684     23.467167 23.467167 4.326148
425.571655 188.195694     18.246094 -8.000000 62.316406     -0.978177 0.207773 -0.207773 -0.978177     80.159591 80.159591 0.606403
425.571655 188.195694     335.850586 -28.210938 70.507812     -0.978177 0.207773 -0.207773 -0.978177     80.159591 80.159591 1.549994
550.115662 260.674133     101.222656 -9.882812 74.113281     0.029599 -0.999562 0.999562 0.029599     27.775100 27.775100 3.109579
550.115662 260.674133     38.777344 7.503906 95.316406     0.029599 -0.999562 0.999562 0.029599     27.775100 27.775100 4.709986
342.210327 250.380081     628.636719 -1.566406 77.871094     0.094920 -0.995485 0.995485 0.094920     12.013266 12.013266 4.683009
108.851509 243.461716     11902.015625 -122.421875 3420.687500     0.534470 -0.845187 0.845187 0.534470     24.215639 24.215639 4.248785
220.885559 246.795639     20397.375000 1022.093750 3262.039062     0.203065 -0.979165 0.979165 0.203065     19.553351 19.553351 4.612958
548.599976 213.895233     36.343750 16.212891 24.431698     0.203502 -0.979074 0.979074 0.203502     16.505817 16.505817 2.556441
548.599976 213.895233     64.906250 25.752441 43.504723     0.203502 -0.979074 0.979074 0.203502     16.505817 16.505817 3.980705
203.984619 246.205124     30.937500 -41.781250 260.656250     0.252989 -0.967469 0.967469 0.252989     20.019048 20.019048 4.558350
307.945007 243.494995     82.125000 33.355957 59.207855     0.207019 -0.978337 0.978337 0.207019     14.187368 14.187368 4.580346
549.311218 261.621338     107.906250 49.563965 87.080261     0.097361 -0.995249 0.995249 0.097361     30.058819 30.058819 2.933372
549.311218 261.621338     20923.734375 2398.062500 4498.742188     0.097361 -0.995249 0.995249 0.097361     30.058819 30.058819 4.662651
319.452454 250.072128     157.343750 62.168945 106.010239     0.116882 -0.993146 0.993146 0.116882     13.474218 13.474218 4.673498
168.330887 245.453430     207.718750 65.057617 114.584579     0.300004 -0.953938 0.953938 0.300004     22.040251 22.040251 4.497676
423.313538 194.017303     43.388794 24.720703 43.097656     -0.956342 0.292248 -0.292248 -0.956342     108.228029 108.228029 0.597036
352.876251 247.490097     358.187500 84.744141 122.404160     0.125882 -0.992045 0.992045 0.125882     11.864525 11.864525 4.667454
116.648621 245.976379     25254.031250 3597.406250 5455.914062     -0.942651 0.333780 -0.333780 -0.942651     33.059148 33.059148 0.616939
307.621216 246.412872     553.625000 146.198242 177.571564     0.141052 -0.990002 0.990002 0.141052     14.491387 14.491387 4.641368
331.398163 246.930557     774.718750 418.832031 718.951904     0.123820 -0.992305 0.992305 0.123820     13.347652 13.347652 4.659081
148.895203 246.552399     192.781250 0.298401 2.895468     0.299241 -0.954177 0.954177 0.299241     23.340887 23.340887 1.387266
148.895203 246.552399     25143.078125 27.507812 13688.742188     0.299241 -0.954177 0.954177 0.299241     23.340887 23.340887 4.531217
267.119568 248.480972     58.603226 -30.310566 48.993515     0.157229 -0.987562 0.987562 0.157229     16.884953 16.884953 4.636096
203.737305 248.022079     79.432236 -38.206947 72.269722     0.223076 -0.974801 0.974801 0.223076     20.371481 20.371481 1.471115
203.737305 248.022079     22845.671875 -329.234375 16449.742188     0.223076 -0.974801 0.974801 0.223076     20.371481 20.371481 4.599884
252.084152 249.995056     168.941223 -72.036682 139.685669     0.162852 -0.986650 0.986650 0.162852     18.080069 18.080069 1.522577
252.084152 249.995056     397.392090 -129.184723 214.540680     0.162852 -0.986650 0.986650 0.162852     18.080069 18.080069 4.641225
307.363647 249.345459     824.394653 -178.078857 251.529419     0.114774 -0.993392 0.993392 0.114774     14.556230 14.556230 4.671819
281.435974 245.989624     1194.382080 -207.077881 255.550903     0.183040 -0.983106 0.983106 0.183040     16.104986 16.104986 4.613801
186.258850 247.670349     1867.931641 -272.864380 257.239502     0.229083 -0.973407 0.973407 0.229083     21.670820 21.670820 1.469350
186.258850 247.670349     19305.906250 -216.343750 18765.675781     0.229083 -0.973407 0.973407 0.229083     21.670820 21.670820 4.597046
362.554321 251.322098     24.843750 1.062500 22.484375     0.093890 -0.995583 0.995583 0.093890     10.888883 10.888883 4.687961
421.370026 197.591614     30.937500 -0.757812 24.210938     -0.938228 0.346017 -0.346017 -0.938228     115.385455 115.385455 0.660306
281.065521 248.589737     27110.437500 5230.507812 21045.984375     0.159683 -0.987168 0.987168 0.159683     16.090456 16.090456 4.639299
342.113342 250.653336     28.515671 21.653809 55.609375     0.102681 -0.994714 0.994714 0.102681     12.277700 12.277700 4.681658
266.877686 250.474823     49.785835 41.603027 113.578125     0.144473 -0.989509 0.989509 0.144473     16.795958 16.795958 1.542676
266.877686 250.474823     99.500046 100.241699 374.734375     0.144473 -0.989509 0.989509 0.144473     16.795958 16.795958 4.654354
168.037811 247.216385     54.968750 -4.640625 28.837891     0.254081 -0.967183 0.967183 0.254081     22.241626 22.241626 1.436036
168.037811 247.216385     141.615723 -14.945312 12.085938     0.254081 -0.967183 0.967183 0.254081     22.241626 22.241626 4.551508
236.967087 247.559494     20.304688 -3.617188 20.765625     0.173251 -0.984878 0.984878 0.173251     18.465802 18.465802 4.622310
126.274887 246.906067     20.843750 29.078125 60.312500     -0.994518 0.104567 -0.104567 -0.994518     36.982668 36.982668 0.300701
195.064102 248.117523     1342.234375 63.601562 22.039062     -0.950797 0.309814 -0.309814 -0.950797     37.889092 37.889092 0.415056
195.064102 248.117523     60.771484 63.675781 75.859375     -0.950797 0.309814 -0.309814 -0.950797     37.889092 37.889092 3.629590
221.995972 250.211273     244.898438 128.656250 197.156250     -0.129366 -0.991597 0.991597 -0.129366     27.666171 27.666171 1.688361
221.995972 250.211273     594.554688 -17.609375 49.937500     -0.129366 -0.991597 0.991597 -0.129366     27.666171 27.666171 4.801323
133.915192 246.549286     76.625000 -18.609375 44.257812     -0.999996 0.002844 -0.002844 -0.999996     39.708934 39.708934 6.343573
22.917910 231.914185     290.601562 232.578125 443.109375     -0.709186 -0.705022 0.705022 -0.709186     19.366786 19.366786 4.658679
533.010620 191.890457     146.042969 144.765625 169.492188     -0.933555 -0.358435 0.358435 -0.933555     21.143504 21.143504 4.747590
532.864868 191.834839     1315.429688 464.289062 659.140625     -0.993867 0.110583 -0.110583 -0.993867     22.103485 22.103485 5.310405
