1.0
251
454.835754 311.739136     125.671875 -10.593750 3.289062     -0.996329 0.085608 -0.085608 -0.996329     6.940529 6.940529 4.906682
487.876770 287.818665     77.843750 -47.687500 63.703125     -0.757186 0.653200 -0.653200 -0.757186     21.376019 21.376019 5.392104
497.852386 380.266663     3.250000 29.140625 346.875000     -0.083905 -0.996474 0.996474 -0.083905     4.015584 4.015584 1.577911
471.725372 297.064301     482.765625 -255.937500 193.265625     -0.863796 0.503841 -0.503841 -0.863796     29.843059 29.843059 5.067842
465.545502 295.627014     756.671875 -381.921875 319.125000     -0.865174 0.501473 -0.501473 -0.865174     44.492036 44.492036 5.074012
609.229736 374.039062     5128.734375 -2351.390625 3021.968750     0.241718 -0.970346 0.970346 0.241718     27.534867 27.534867 1.185686
530.886475 410.791199     763.203125 -102.109375 16.750000     -0.033694 -0.999432 0.999432 -0.033694     10.523726 10.523726 6.038395
349.231628 325.198517     13.281250 42.812500 454.281250     -0.991290 0.131696 -0.131696 -0.991290     6.607974 6.607974 3.075330
336.454559 327.062195     22.906250 132.781250 1610.343750     -0.991099 0.133129 -0.133129 -0.991099     7.838531 7.838531 3.087734
530.502014 400.705963     25.187500 155.734375 1944.593750     -0.095741 -0.995406 0.995406 -0.095741     13.622029 13.622029 6.417630
529.876892 388.252502     6.218750 5.640625 83.898438     -0.082783 -0.996568 0.996568 -0.082783     15.507967 15.507967 1.586376
530.036743 387.921631     214.625000 -336.515625 2342.937500     -0.080349 -0.996767 0.996767 -0.080349     15.994842 15.994842 1.589515
418.233948 267.027527     16.781250 4.703125 17.121094     -0.055706 -0.998447 0.998447 -0.055706     10.642653 10.642653 2.467801
418.233948 267.027527     8.187500 16.507812 136.648438     -0.055706 -0.998447 0.998447 -0.055706     10.642653 10.642653 4.574990
418.114288 265.730621     237.687500 -318.734375 2466.218750     -0.072047 -0.997401 0.997401 -0.072047     10.847987 10.847987 2.391194
418.114288 265.730621     35.656250 197.578125 2481.921875     -0.072047 -0.997401 0.997401 -0.072047     10.847987 10.847987 4.614393
531.071167 391.579559     37.562500 -24.140625 50.937500     -0.078480 -0.996916 0.996916 -0.078480     18.318197 18.318197 1.591320
469.970001 237.979996     18.390625 4.781250 19.605469     -0.694224 -0.719759 0.719759 -0.694224     15.746771 15.746771 4.319373
469.970001 237.979996     12.062500 31.234375 202.921875     -0.694224 -0.719759 0.719759 -0.694224     15.746771 15.746771 6.067434
417.570953 262.379547     1307.500000 69.820312 107.556641     -0.125451 -0.992100 0.992100 -0.125451     11.114262 11.114262 2.312309
417.570953 262.379547     22008.015625 -3139.796875 3142.984375     -0.125451 -0.992100 0.992100 -0.125451     11.114262 11.114262 4.637731
531.549683 392.551544     42.250000 211.421875 2569.687500     -0.079990 -0.996796 0.996796 -0.079990     20.024329 20.024329 1.595547
417.145782 260.510193     27.484375 1.015625 66.472656     -0.146427 -0.989221 0.989221 -0.146427     11.419323 11.419323 2.271053
417.145782 260.510193     3491.562500 460.460938 421.527344     -0.146427 -0.989221 0.989221 -0.146427     11.419323 11.419323 4.651723
466.615143 281.410095     3877.125000 618.160156 585.316406     0.605406 -0.795917 0.795917 0.605406     19.718115 19.718115 1.030123
469.959808 237.982147     371.000000 -270.687500 2607.343750     -0.661049 -0.750343 0.750343 -0.661049     16.944378 16.944378 6.013144
416.843750 259.414062     17.000000 47.250000 258.281250     -0.157498 -0.987519 0.987519 -0.157498     11.974546 11.974546 2.274016
416.843750 259.414062     48.015625 -28.796875 53.664062     -0.157498 -0.987519 0.987519 -0.157498     11.974546 11.974546 4.651115
572.413635 128.454346     48.187500 218.140625 2602.375000     -0.998323 -0.057893 0.057893 -0.998323     45.782433 45.782433 4.689081
572.413635 128.454346     24410.031250 -3392.195312 3741.046875     -0.998323 -0.057893 0.057893 -0.998323     45.782433 45.782433 5.594448
466.702240 281.157318     16.398438 -15.843750 72.625000     0.633044 -0.774116 0.774116 0.633044     20.155933 20.155933 1.010212
466.702240 281.157318     21097.250000 2263.314453 1795.409668     0.633044 -0.774116 0.774116 0.633044     20.155933 20.155933 4.147440
532.148376 392.909607     390.468750 -204.015625 2869.828125     -0.082788 -0.996567 0.996567 -0.082788     22.358465 22.358465 1.596798
470.685944 232.359299     17.289062 -12.843750 31.023438     -0.026023 -0.999661 0.999661 -0.026023     23.580144 23.580144 1.497634
524.187866 118.258713     27212.289062 2132.718750 1881.275391     -0.989402 -0.145200 0.145200 -0.989402     84.661286 84.661286 5.902954
515.208069 113.798859     22.421875 62.164062 315.355469     -0.983909 -0.178673 0.178673 -0.983909     97.874922 97.874922 5.871717
416.386658 257.106659     23.859375 47.828125 512.859375     -0.185566 -0.982632 0.982632 -0.185566     12.789059 12.789059 1.448643
416.386658 257.106659     26.781250 -26.562500 40.726562     -0.185566 -0.982632 0.982632 -0.185566     12.789059 12.789059 4.650821
466.548553 281.043701     34550.875000 1435.097656 2093.394043     0.671712 -0.740812 0.740812 0.671712     21.061158 21.061158 0.960756
466.548553 281.043701     25.734375 -18.781250 37.960938     0.671712 -0.740812 0.740812 0.671712     21.061158 21.061158 4.103553
532.628479 393.481781     31319.632812 -3468.671875 4335.140625     -0.084488 -0.996425 0.996425 -0.084488     24.520302 24.520302 1.598350
416.053772 255.820724     4.484375 -6.500000 84.796875     -0.192438 -0.981309 0.981309 -0.192438     13.486769 13.486769 1.441090
416.053772 255.820724     30.390625 -20.203125 41.054688     -0.192438 -0.981309 0.981309 -0.192438     13.486769 13.486769 4.661700
261.914490 296.892181     16.367188 14.132812 100.285156     0.253794 -0.967258 0.967258 0.253794     15.744395 15.744395 1.251550
261.914490 296.892181     302.875000 -55.765625 11.167969     0.253794 -0.967258 0.967258 0.253794     15.744395 15.744395 3.823952
256.769989 322.660004     10.820312 -29.570312 167.234375     0.514049 -0.857761 0.857761 0.514049     13.936860 13.936860 1.119535
415.737793 254.828217     36.234375 -18.117188 39.007812     -0.199347 -0.979929 0.979929 -0.199347     14.069853 14.069853 1.406084
415.737793 254.828217     4.609375 2.312500 84.398438     -0.199347 -0.979929 0.979929 -0.199347     14.069853 14.069853 4.660115
259.842316 307.165375     29936.109375 -3310.171875 4888.140625     0.218703 -0.975791 0.975791 0.218703     16.223221 16.223221 1.461060
415.894379 263.907440     307.468750 -56.375000 11.765625     -0.096438 -0.995339 0.995339 -0.096438     19.731007 19.731007 1.490934
366.228851 298.437805     126.945312 -12.359375 11.828125     0.587573 -0.809171 0.809171 0.587573     15.651020 15.651020 1.017136
366.228851 298.437805     36.578125 13.863281 24.171875     0.587573 -0.809171 0.809171 0.587573     15.651020 15.651020 2.484243
415.747650 264.935455     154.523438 -15.640625 37.898438     -0.088534 -0.996073 0.996073 -0.088534     20.841001 20.841001 1.503841
365.487000 299.007446     42.841797 -10.544922 19.171875     0.599897 -0.800077 0.800077 0.599897     17.348725 17.348725 1.040869
365.487000 299.007446     16.250000 38.687500 131.152344     0.599897 -0.800077 0.800077 0.599897     17.348725 17.348725 2.475628
393.930695 265.623749     313.750000 -57.914062 12.925781     0.080152 -0.996783 0.996783 0.080152     8.956816 8.956816 1.455961
365.155853 299.253235     348.904297 12.613281 42.640625     0.610253 -0.792207 0.792207 0.610253     17.328072 17.328072 1.014798
365.155853 299.253235     52.562500 9.593750 105.019531     0.610253 -0.792207 0.792207 0.610253     17.328072 17.328072 2.458752
260.737823 235.056763     346.856934 24.394531 55.992188     -0.161731 -0.986835 0.986835 -0.161731     16.868086 16.868086 1.548722
608.635010 192.720001     318.968750 -61.632812 16.039062     -0.983376 0.181582 -0.181582 -0.983376     4.199121 4.199121 1.550904
261.213501 242.520081     28754.093750 -3484.304688 5873.046875     -0.090186 -0.995925 0.995925 -0.090186     17.762100 17.762100 1.526522
394.017792 265.484436     319.570312 61.812500 167.234375     0.085740 -0.996318 0.996318 0.085740     9.461546 9.461546 1.468074
335.708344 290.394226     328.965820 49.183594 187.015625     0.179762 -0.983710 0.983710 0.179762     10.473193 10.473193 1.488339
365.481476 299.367523     91.542938 -44.617432 29.347656     0.652195 -0.758051 0.758051 0.652195     18.434546 18.434546 0.943017
365.481476 299.367523     57.535156 -3.726562 6.437500     0.652195 -0.758051 0.758051 0.652195     18.434546 18.434546 2.420070
608.589294 192.790176     759.102539 10.685547 8.060547     -0.983497 0.180924 -0.180924 -0.983497     4.688509 4.688509 1.546549
366.040619 299.345184     109.978516 46.121094 255.273438     0.679589 -0.733593 0.733593 0.679589     19.846435 19.846435 0.894825
366.040619 299.345184     3387.492188 -101.001953 2251.949219     0.679589 -0.733593 0.733593 0.679589     19.846435 19.846435 2.396917
304.146912 260.156403     543.109375 12.992188 0.951172     -0.028946 -0.999581 0.999581 -0.028946     9.590817 9.590817 1.510602
608.670593 192.839218     6291.669922 -490.015625 3319.121094     -0.983459 0.181133 -0.181133 -0.983459     5.291036 5.291036 1.546308
67.007576 303.125000     104.437500 -0.402344 34.804688     -0.893183 -0.449693 0.449693 -0.893183     16.399081 16.399081 2.530980
67.007576 303.125000     109.007812 -1.804688 36.085938     -0.893183 -0.449693 0.449693 -0.893183     16.399081 16.399081 5.110842
303.890198 258.215698     7220.720703 -295.230469 2983.304688     -0.053920 -0.998545 0.998545 -0.053920     10.442954 10.442954 1.558843
361.751190 238.526321     5.003058 10.398865 314.546875     -0.285715 -0.958315 0.958315 -0.285715     8.993520 8.993520 1.535685
211.663284 298.951904     273.367188 37.656250 66.542969     -0.994413 0.105560 -0.105560 -0.994413     14.592864 14.592864 1.599142
66.946030 303.390472     291.148438 33.074219 83.507812     -0.839175 -0.543862 0.543862 -0.839175     17.536840 17.536840 2.263268
66.946030 303.390472     8080.988281 -817.421875 2695.222656     -0.839175 -0.543862 0.543862 -0.839175     17.536840 17.536840 5.166513
608.380798 193.074738     47.703125 3.445312 32.851562     -0.983422 0.181330 -0.181330 -0.983422     5.825700 5.825700 1.539410
209.439621 297.253235     76.578125 -2.273438 54.578125     -0.991428 0.130652 -0.130652 -0.991428     26.938916 26.938916 1.640503
104.522125 302.628326     91.734375 -13.781250 64.355469     -0.934512 0.355930 -0.355930 -0.934512     17.518587 17.518587 4.947453
361.637512 237.779160     9127.777344 -1358.511719 2598.679688     -0.292007 -0.956416 0.956416 -0.292007     9.480162 9.480162 1.462864
608.382446 193.282135     61.796875 3.664062 43.039062     -0.983162 0.182737 -0.182737 -0.983162     6.615859 6.615859 1.542090
82.177803 304.194489     102.781250 -14.609375 114.617188     -0.999156 -0.041080 0.041080 -0.999156     29.205670 29.205670 4.707107
364.102081 233.264587     10658.066406 -1769.646484 2655.859375     -0.174433 -0.984669 0.984669 -0.174433     32.093230 32.093230 2.805045
364.102081 233.264587     74.937500 5.375000 44.660156     -0.174433 -0.984669 0.984669 -0.174433     32.093230 32.093230 3.318741
82.699203 305.119049     30.968750 -2.062500 24.582031     -0.996550 -0.083000 0.083000 -0.996550     33.055995 33.055995 4.710572
607.496399 194.151077     114.437500 5.203125 174.710938     -0.981390 0.192025 -0.192025 -0.981390     8.977008 8.977008 1.542741
84.108597 311.483246     51.343750 21.468750 70.519531     -0.942466 -0.334303 0.334303 -0.942466     54.244844 54.244844 4.521395
83.045105 312.027283     442.281250 -145.562500 684.144531     -0.954447 -0.298381 0.298381 -0.954447     58.955110 58.955110 2.538954
83.045105 312.027283     28077.878906 -1927.332031 2672.593750     -0.954447 -0.298381 0.298381 -0.954447     58.955110 58.955110 4.545919
18.552174 189.000000     62.156250 4.343750 14.453125     -0.886510 0.462709 -0.462709 -0.886510     11.077530 11.077530 4.846490
150.407074 259.814148     10.023438 15.320312 85.628906     -0.997379 0.072356 -0.072356 -0.997379     11.175188 11.175188 1.591347
150.407074 259.814148     31987.664062 -1812.007812 2785.718750     -0.997379 0.072356 -0.072356 -0.997379     11.175188 11.175188 4.752591
119.748726 164.723221     24.218750 3.921875 23.609375     -0.999899 -0.014223 0.014223 -0.999899     12.654963 12.654963 4.748474
153.517654 248.524963     32646.539062 -1332.316406 2857.128906     -0.279074 -0.960270 0.960270 -0.279074     44.222610 44.222610 0.186927
153.517654 248.524963     32898.695312 -496.640625 3166.187500     -0.279074 -0.960270 0.960270 -0.279074     44.222610 44.222610 1.648545
492.224213 168.708527     114.765625 38.757812 46.117188     -0.999713 -0.023943 0.023943 -0.999713     3.600022 3.600022 1.543856
285.220001 196.791428     113.187500 39.812500 51.750000     -0.999983 0.005778 -0.005778 -0.999983     26.547087 26.547087 1.570453
285.220001 196.791428     34201.492188 1033.765625 4175.472656     -0.999983 0.005778 -0.005778 -0.999983     26.547087 26.547087 4.006712
285.309998 196.637497     123.500000 53.126465 89.005936     -0.999694 0.024726 -0.024726 -0.999694     27.015484 27.015484 1.587046
285.309998 196.637497     75.438919 -39.531364 75.985321     -0.999694 0.024726 -0.024726 -0.999694     27.015484 27.015484 4.079843
285.852844 196.867920     35689.718750 3332.191406 5847.960938     -0.984795 -0.173721 0.173721 -0.984795     34.827873 34.827873 1.416041
285.852844 196.867920     180.265625 54.820312 54.984375     -0.984795 -0.173721 0.173721 -0.984795     34.827873 34.827873 2.703783
286.100098 195.733398     390.593750 124.175781 178.063934     -0.988134 -0.153593 0.153593 -0.988134     39.836272 39.836272 2.763398
398.066406 198.039062     642.281250 174.378906 210.389862     -0.976504 -0.215500 0.215500 -0.976504     25.492106 25.492106 0.854730
398.066406 198.039062     57.656250 -24.585938 31.570312     -0.976504 -0.215500 0.215500 -0.976504     25.492106 25.492106 2.202811
347.959717 196.266220     66.578125 -44.820312 61.734375     -0.994812 0.101727 -0.101727 -0.994812     33.173776 33.173776 2.391926
347.959717 196.266220     1034.687500 235.936523 237.474792     -0.994812 0.101727 -0.101727 -0.994812     33.173776 33.173776 3.251509
349.347260 195.179993     84.265625 33.625000 164.257812     -0.923239 0.384227 -0.384227 -0.923239     34.453692 34.453692 0.597578
349.347260 195.179993     35573.238281 4697.726562 7367.261719     -0.923239 0.384227 -0.384227 -0.923239     34.453692 34.453692 3.707916
399.872498 197.882507     1240.250000 264.389648 263.872681     -0.982711 -0.185145 0.185145 -0.982711     29.284162 29.284162 0.912120
400.514404 197.734573     81.781250 28.031250 163.351562     -0.985486 -0.169758 0.169758 -0.985486     29.759351 29.759351 0.976891
578.316162 222.020615     2300.218750 417.458008 371.766357     -0.959173 0.282821 -0.282821 -0.959173     22.033410 22.033410 1.586988
578.316162 222.020615     27.062500 49.171875 118.980469     -0.959173 0.282821 -0.282821 -0.959173     22.033410 22.033410 3.617006
598.696411 269.906036     33256.687500 5168.003906 8850.863281     0.440481 -0.897762 0.897762 0.440481     18.751069 18.751069 0.295395
562.477112 194.870911     2803.281250 513.863281 429.103271     -0.544160 -0.838981 0.838981 -0.544160     27.527056 27.527056 5.569527
562.477112 194.870911     98.609375 -48.914062 79.250000     -0.544160 -0.838981 0.838981 -0.544160     27.527056 27.527056 6.079004
533.651978 189.731277     94.562500 -38.328125 103.460938     -0.995946 -0.089949 0.089949 -0.995946     16.873991 16.873991 4.739010
355.967621 248.004044     3.031250 -11.156250 219.125000     -0.191334 -0.981525 0.981525 -0.191334     11.937283 11.937283 1.548170
238.232391 236.249863     7.203125 -12.359375 137.882812     -0.998095 0.061696 -0.061696 -0.998095     232.685753 232.685753 4.688353
426.028168 236.584503     4.625000 -16.593750 291.750000     -0.733981 -0.679170 0.679170 -0.733981     20.114733 20.114733 0.773620
250.134903 239.851761     6.093750 -18.406250 303.484375     -0.999005 0.044591 -0.044591 -0.999005     238.018117 238.018117 4.683278
450.258667 191.022079     95.218750 -40.171875 105.875000     -0.921652 -0.388017 0.388017 -0.921652     21.871806 21.871806 1.034491
450.258667 191.022079     7.468750 -23.187500 363.031250     -0.921652 -0.388017 0.388017 -0.921652     21.871806 21.871806 2.330653
450.607513 190.825272     9.218750 -27.281250 405.640625     -0.911864 -0.410493 0.410493 -0.911864     24.094800 24.094800 2.351214
450.843964 190.756500     12.656250 -34.343750 473.484375     -0.907542 -0.419961 0.419961 -0.907542     24.846376 24.846376 2.347711
450.974792 190.880249     96.015625 -39.835938 105.734375     -0.897463 -0.441089 0.441089 -0.897463     25.528449 25.528449 2.340879
490.109009 210.165878     21.812500 -54.375000 701.453125     -0.385645 -0.922647 0.922647 -0.385645     9.457082 9.457082 1.849593
490.109009 210.165878     26.875000 -62.437500 765.265625     -0.385645 -0.922647 0.922647 -0.385645     9.457082 9.457082 4.795442
450.802185 190.597076     132.843750 -32.640625 91.734375     -0.883304 -0.468800 0.468800 -0.883304     26.223820 26.223820 2.313366
459.858398 232.294983     30.875000 -69.562500 846.468750     -0.035612 -0.999366 0.999366 -0.035612     26.378701 26.378701 1.544987
446.645905 189.640228     8.296875 -10.828125 142.132812     -0.936087 -0.351768 0.351768 -0.936087     26.386926 26.386926 1.073504
446.645905 189.640228     43.687500 -88.187500 1063.625000     -0.936087 -0.351768 0.351768 -0.936087     26.386926 26.386926 2.367869
463.023682 234.082932     19.062500 -28.496094 373.914062     -0.364277 -0.931290 0.931290 -0.364277     37.035100 37.035100 1.751073
462.589386 270.826080     20.945312 -23.183594 397.101562     -0.856925 0.515441 -0.515441 -0.856925     18.434557 18.434557 0.785927
461.305206 272.947784     32.009766 12.070312 81.183594     -0.725933 0.687766 -0.687766 -0.725933     19.754207 19.754207 1.021618
463.291229 233.802444     46.710449 77.814453 226.322266     -0.342463 -0.939531 0.939531 -0.342463     38.186199 38.186199 1.755335
490.021454 210.128754     17.156250 16.421875 64.296875     -0.380511 -0.924776 0.924776 -0.380511     9.851584 9.851584 1.851076
461.343323 274.119995     26.921875 16.304688 53.023438     -0.720048 0.693925 -0.693925 -0.720048     21.997285 21.997285 1.016391
461.343323 274.119995     4.734375 15.273438 204.464844     -0.720048 0.693925 -0.693925 -0.720048     21.997285 21.997285 4.118523
463.823120 232.880951     80.258789 117.315430 198.039062     -0.296545 -0.955019 0.955019 -0.296545     38.468346 38.468346 1.690047
489.597687 209.513412     47.801025 -19.369141 23.000000     -0.398224 -0.917288 0.917288 -0.398224     10.758158 10.758158 1.865082
489.597687 209.513412     216.519531 257.523438 452.968750     -0.398224 -0.917288 0.917288 -0.398224     10.758158 10.758158 4.835199
463.070282 274.559448     87.547607 75.158691 80.134766     -0.785445 0.618931 -0.618931 -0.785445     27.125953 27.125953 0.875709
463.070282 274.559448     46.976074 78.146484 236.830078     -0.785445 0.618931 -0.618931 -0.785445     27.125953 27.125953 2.215752
463.090240 275.163422     32.250000 -26.937500 36.429688     -0.772699 0.634773 -0.634773 -0.772699     28.126641 28.126641 0.883426
463.090240 275.163422     661.976562 176.808594 379.820312     -0.772699 0.634773 -0.634773 -0.772699     28.126641 28.126641 2.236145
464.370636 232.479584     87.816406 0.578125 357.601562     -0.282603 -0.959237 0.959237 -0.282603     39.972652 39.972652 1.701139
489.234314 208.755783     100.213379 -82.253906 87.875000     -0.409080 -0.912499 0.912499 -0.409080     11.644071 11.644071 1.896516
489.234314 208.755783     29.320312 47.578125 147.505859     -0.409080 -0.912499 0.912499 -0.409080     11.644071 11.644071 4.826467
463.725372 277.742432     38.648438 -36.488281 229.609375     0.665091 -0.746762 0.746762 0.665091     34.980437 34.980437 0.877107
463.725372 277.742432     120.167969 91.910156 109.261719     0.665091 -0.746762 0.746762 0.665091     34.980437 34.980437 4.033802
496.166016 252.818176     98.783325 -3.855957 12.431641     0.093337 -0.995635 0.995635 0.093337     11.063484 11.063484 1.605380
465.413483 231.715332     1738.046875 -1144.390625 10356.835938     -0.271101 -0.962551 0.962551 -0.271101     41.779442 41.779442 0.193646
465.413483 231.715332     113.807678 36.327637 34.871094     -0.271101 -0.962551 0.962551 -0.271101     41.779442 41.779442 1.733159
463.679871 278.094666     24.531250 -14.867188 29.226562     0.658983 -0.752157 0.752157 0.658983     34.863588 34.863588 0.886068
463.679871 278.094666     36.273438 32.625000 44.796875     0.658983 -0.752157 0.752157 0.658983     34.863588 34.863588 4.048608
465.681152 231.499435     48.967773 80.977539 248.863281     -0.272663 -0.962110 0.962110 -0.272663     42.667456 42.667456 0.214799
465.681152 231.499435     82.696167 57.085449 42.697266     -0.272663 -0.962110 0.962110 -0.272663     42.667456 42.667456 1.742325
464.012299 278.163086     730.757812 163.570312 435.484375     0.662915 -0.748695 0.748695 0.662915     35.072231 35.072231 0.881921
464.012299 278.163086     1884.015625 -1050.460938 9909.257812     0.662915 -0.748695 0.748695 0.662915     35.072231 35.072231 4.038639
461.585419 278.061554     174.602051 -66.593750 40.175781     -0.858209 0.513301 -0.513301 -0.858209     38.511584 38.511584 2.239784
462.924103 230.834076     75.589844 36.961914 32.362305     -0.734852 -0.678228 0.678228 -0.734852     47.740947 47.740947 0.807006
496.182434 252.581085     7278.117188 684.480469 10470.929688     0.081440 -0.996678 0.996678 0.081440     11.548309 11.548309 1.613927
461.349670 278.165161     50.109375 83.191406 260.447266     -0.875463 0.483284 -0.483284 -0.875463     38.636027 38.636027 2.209792
496.156799 252.473373     201.931152 126.873047 268.544922     0.080125 -0.996785 0.996785 0.080125     12.263202 12.263202 1.600331
461.215912 278.338318     113.977539 -32.171387 30.244141     -0.870312 0.492501 -0.492501 -0.870312     38.551486 38.551486 2.215956
