1.0
638
571.991333 55.151142     484.562500 -272.771484 192.015869     -0.858076 0.513524 -0.513524 -0.858076     24.138281 24.138281 1.538540
574.260254 53.668667     699.406250 -406.943359 277.395020     -0.854492 0.519464 -0.519464 -0.854492     24.649699 24.649699 1.545606
576.078613 52.486183     905.343750 -528.855469 351.035645     -0.855624 0.517598 -0.517598 -0.855624     25.099923 25.099923 1.553923
576.078613 52.486183     1249.250000 -762.695312 516.502930     -0.855624 0.517598 -0.517598 -0.855624     25.099923 25.099923 4.769850
581.832397 48.336571     985.250000 -570.167969 330.641113     -0.846463 0.532447 -0.532447 -0.846463     27.278986 27.278986 1.553585
581.832397 48.336571     9.937500 10.769531 53.178276     -0.846463 0.532447 -0.532447 -0.846463     27.278986 27.278986 4.767067
582.951721 63.420456     1240.781250 -753.548828 530.979492     -0.865405 0.501073 -0.501073 -0.865405     3.217953 3.217953 1.568925
582.951721 63.420456     150.828125 -89.816406 76.550781     -0.865405 0.501073 -0.501073 -0.865405     3.217953 3.217953 4.722522
581.636841 50.197224     404.375000 -43.265625 838.296875     -0.844417 0.535686 -0.535686 -0.844417     32.741796 32.741796 1.549209
581.636841 50.197224     37.984375 32.523438 46.093750     -0.844417 0.535686 -0.535686 -0.844417     32.741796 32.741796 4.787682
462.747253 121.956047     473.656250 -360.531250 2049.242188     -0.831299 0.555825 -0.555825 -0.831299     18.277724 18.277724 4.680149
424.992462 29.456713     657.156250 -279.796875 713.898438     -0.144193 -0.989550 0.989550 -0.144193     16.190466 16.190466 4.686526
384.106781 263.723297     95.703125 -18.257812 51.625000     -0.661924 -0.749571 0.749571 -0.661924     13.696459 13.696459 1.442440
474.694763 327.548615     581.281250 -573.718750 2738.539062     0.670492 -0.741917 0.741917 0.670492     90.481981 90.481981 0.832687
474.694763 327.548615     212.500000 91.718750 68.734375     0.670492 -0.741917 0.741917 0.670492     90.481981 90.481981 4.078607
424.575897 31.376299     268.765625 -77.234375 108.685547     -0.115395 -0.993320 0.993320 -0.115395     18.932586 18.932586 4.668875
391.007690 313.526154     139.671875 60.609375 98.578125     -0.940764 0.339061 -0.339061 -0.940764     30.201906 30.201906 3.789678
391.007690 313.526154     908.718750 -476.859375 910.273438     -0.940764 0.339061 -0.339061 -0.940764     30.201906 30.201906 5.517814
490.734192 431.511139     36.062500 -10.070312 40.691406     -0.954357 0.298667 -0.298667 -0.954357     27.098123 27.098123 3.103473
439.576599 442.196045     282.125000 -68.843750 111.783203     -0.899126 -0.437689 0.437689 -0.899126     22.084968 22.084968 2.230231
451.411133 123.489426     24.781250 -23.132812 52.425781     -0.927256 0.374429 -0.374429 -0.927256     39.614849 39.614849 4.688902
384.911438 373.258301     25.718750 36.390625 358.952576     -0.812729 -0.582641 0.582641 -0.812729     33.411576 33.411576 5.544807
466.159058 336.812897     2082.265625 -804.828125 931.515625     0.706530 -0.707683 0.707683 0.706530     93.599577 93.599577 1.078958
466.159058 336.812897     401.312500 76.796875 38.044922     0.706530 -0.707683 0.707683 0.706530     93.599577 93.599577 4.217809
475.134857 172.961838     1248.593750 -757.683594 543.511719     0.622901 -0.782301 0.782301 0.622901     23.830505 23.830505 3.038852
475.134857 172.961838     204.234375 -7.234375 43.488281     0.622901 -0.782301 0.782301 0.622901     23.830505 23.830505 3.791581
449.950531 123.364662     34.328125 1.031250 11.429688     -0.942791 0.333384 -0.333384 -0.942791     42.078985 42.078985 2.720842
449.950531 123.364662     20.445312 6.593750 166.000000     -0.942791 0.333384 -0.333384 -0.942791     42.078985 42.078985 4.773045
351.799988 234.327591     5989.656250 -3849.765625 6304.015625     0.493494 -0.869749 0.869749 0.493494     15.363234 15.363234 3.128428
351.799988 234.327591     1745.109375 275.492188 98.677734     0.493494 -0.869749 0.869749 0.493494     15.363234 15.363234 4.752800
424.504669 31.903917     279.171875 81.937500 120.296875     -0.107309 -0.994226 0.994226 -0.107309     21.006386 21.006386 4.660597
448.667511 343.613098     732.500000 -423.753906 245.904297     -0.889261 0.457400 -0.457400 -0.889261     102.373272 102.373272 1.007047
395.483154 155.452805     103.062500 -107.054688 143.843750     -0.980065 -0.198677 0.198677 -0.980065     21.334367 21.334367 1.787735
581.197937 51.143085     74.062500 -13.355469 26.822266     -0.843166 0.537653 -0.537653 -0.843166     34.963474 34.963474 1.548803
581.197937 51.143085     814.562500 -464.707031 266.088379     -0.843166 0.537653 -0.537653 -0.843166     34.963474 34.963474 4.795570
466.006561 171.308197     751.062500 -423.652344 240.010742     -0.998993 0.044869 -0.044869 -0.998993     29.564471 29.564471 5.095579
450.855408 124.600365     36.164062 0.226562 12.453125     -0.952033 0.305997 -0.305997 -0.952033     45.070270 45.070270 2.692020
450.855408 124.600365     810.375000 -468.828125 272.303223     -0.952033 0.305997 -0.305997 -0.952033     45.070270 45.070270 4.745841
386.704590 257.542206     793.718750 -433.585938 277.327148     -0.102895 -0.994692 0.994692 -0.102895     35.070781 35.070781 0.946056
294.577667 298.393219     3606.343750 -877.484375 870.546875     -0.998992 -0.044900 0.044900 -0.998992     15.182641 15.182641 5.368352
345.448761 458.444183     35.125000 1.126953 35.954102     -0.045162 -0.998980 0.998980 -0.045162     20.198545 20.198545 4.729739
422.963928 162.484619     8939.031250 -4323.609375 6371.343750     -0.986992 -0.160768 0.160768 -0.986992     33.007911 33.007911 1.757117
422.963928 162.484619     1562.546875 -156.246094 355.453125     -0.986992 -0.160768 0.160768 -0.986992     33.007911 33.007911 4.859727
376.311249 308.633636     271.156250 -81.648438 115.433594     -0.920888 -0.389828 0.389828 -0.920888     41.636875 41.636875 0.769685
376.311249 308.633636     522.351562 353.609375 523.767944     -0.920888 -0.389828 0.389828 -0.920888     41.636875 41.636875 1.685038
574.218140 76.197983     67.242188 -47.164062 57.575928     -0.865424 0.501041 -0.501041 -0.865424     3.397910 3.397910 1.564213
357.289062 226.257141     334.164062 -99.660156 154.867188     0.637532 -0.770424 0.770424 0.637532     17.120027 17.120027 4.718669
304.876343 134.341400     1091.007812 263.068359 623.163574     -0.967079 0.254476 -0.254476 -0.967079     21.725230 21.725230 5.559828
577.218933 80.357986     37.757812 -0.367188 14.234375     -0.868398 0.495867 -0.495867 -0.868398     3.856127 3.856127 1.566677
579.657043 84.778099     2098.171875 -359.054688 408.064453     -0.870769 0.491692 -0.491692 -0.870769     3.998244 3.998244 1.575729
293.824432 298.488556     5466.828125 -787.015625 803.789062     -0.999954 -0.009554 0.009554 -0.999954     15.878663 15.878663 5.404148
576.314209 75.166664     235.031250 -232.945312 311.085938     -0.865367 0.501139 -0.501139 -0.865367     4.030528 4.030528 1.565151
579.123230 82.085365     31.109375 36.125000 361.673584     -0.869380 0.494144 -0.494144 -0.869380     25.007470 25.007470 1.579682
434.339752 344.991089     3370.921875 -1007.917969 695.554688     -0.959610 0.281333 -0.281333 -0.959610     111.441252 111.441252 0.949331
434.339752 344.991089     1060.000000 -538.921875 628.932617     -0.959610 0.281333 -0.281333 -0.959610     111.441252 111.441252 4.003192
263.669495 64.817795     39.156250 29.101562 54.355469     -0.572174 -0.820132 0.820132 -0.572174     26.369681 26.369681 4.710384
326.475555 271.306183     1015.718750 -458.380859 681.357178     0.615598 -0.788060 0.788060 0.615598     17.746003 17.746003 1.502715
326.475555 271.306183     12442.531250 -5354.546875 7093.203125     0.615598 -0.788060 0.788060 0.615598     17.746003 17.746003 3.143057
436.995789 147.374451     3894.046875 699.200195 1474.212891     -0.991989 0.126321 -0.126321 -0.991989     82.431918 82.431918 2.304935
297.111542 132.144165     5956.015625 -2435.835938 1424.548828     -0.919273 0.393622 -0.393622 -0.919273     40.367960 40.367960 5.715884
306.587189 57.572952     999.531250 -506.855469 1005.628906     -0.742274 0.670097 -0.670097 -0.742274     17.427266 17.427266 4.715412
296.533844 129.149094     7659.750000 -827.656250 752.726562     -0.913449 0.406954 -0.406954 -0.913449     47.296513 47.296513 5.781147
293.660889 298.363312     27.609375 -12.632812 33.812500     -0.999878 0.015604 -0.015604 -0.999878     16.974394 16.974394 0.187753
293.660889 298.363312     1002.843750 -482.617188 1156.476074     -0.999878 0.015604 -0.015604 -0.999878     16.974394 16.974394 1.843521
430.321655 149.406769     29.765625 -12.914062 84.140625     -0.979890 0.199540 -0.199540 -0.979890     82.357158 82.357158 2.280843
418.799316 344.942657     5920.125000 401.391602 1460.447021     -0.986782 0.162055 -0.162055 -0.986782     116.873676 116.873676 0.902363
418.799316 344.942657     137.656250 -203.953125 319.607422     -0.986782 0.162055 -0.162055 -0.986782     116.873676 116.873676 1.704796
367.653046 210.569107     217.281250 -177.664062 167.890625     0.647645 -0.761943 0.761943 0.647645     27.383447 27.383447 4.673595
424.445374 32.120102     80.007812 -27.460938 21.234375     -0.107383 -0.994218 0.994218 -0.107383     23.472401 23.472401 4.656179
417.330750 154.824753     463.203125 99.460938 180.355469     -0.948331 0.317282 -0.317282 -0.948331     85.184000 85.184000 2.318052
417.330750 154.824753     7252.875000 -3158.015625 1815.072266     -0.948331 0.317282 -0.317282 -0.948331     85.184000 85.184000 5.475261
549.295837 134.363907     42.507812 -1.453125 15.476562     -0.611282 -0.791413 0.791413 -0.611282     18.377625 18.377625 5.447369
234.731445 299.851532     757.871094 189.656250 224.544922     0.228585 -0.973524 0.973524 0.228585     20.463311 20.463311 1.052468
234.731445 299.851532     11.027344 0.015625 61.390625     0.228585 -0.973524 0.973524 0.228585     20.463311 20.463311 4.139809
237.331818 176.619690     32.574219 -14.031250 90.304688     -0.894181 -0.447705 0.447705 -0.894181     26.620568 26.620568 5.197927
393.401184 166.289291     10.808594 0.781250 63.453125     -0.916809 0.399326 -0.399326 -0.916809     85.806812 85.806812 1.450501
393.401184 166.289291     24.093750 -27.484375 145.015625     -0.916809 0.399326 -0.399326 -0.916809     85.806812 85.806812 2.313441
291.566498 264.748779     276.859375 -329.265625 430.150391     -0.781699 0.623656 -0.623656 -0.781699     9.427058 9.427058 1.600918
291.566498 264.748779     384.960938 -96.281250 49.078125     -0.781699 0.623656 -0.623656 -0.781699     9.427058 9.427058 3.529085
401.411987 345.648682     1220.656250 336.365234 267.316406     -0.993092 0.117339 -0.117339 -0.993092     115.162602 115.162602 0.921808
401.411987 345.648682     245.812500 -193.882812 179.632812     -0.993092 0.117339 -0.117339 -0.993092     115.162602 115.162602 1.714842
386.716431 257.343628     16.132812 0.164062 69.359375     -0.065937 -0.997824 0.997824 -0.065937     36.996858 36.996858 0.901292
326.243408 271.686218     51.718750 -87.125000 172.882812     0.617076 -0.786904 0.786904 0.617076     18.933695 18.933695 1.495703
326.243408 271.686218     690.640625 -236.859375 156.378906     0.617076 -0.786904 0.786904 0.617076     18.933695 18.933695 3.138539
233.773102 298.799988     5.738281 7.300781 113.515625     0.219912 -0.975520 0.975520 0.219912     23.319555 23.319555 1.029934
233.773102 298.799988     17.480469 -0.679688 84.046875     0.219912 -0.975520 0.975520 0.219912     23.319555 23.319555 4.262472
506.397125 174.741623     1686.542969 490.777344 323.919922     0.544348 -0.838860 0.838860 0.544348     10.367815 10.367815 1.969632
506.397125 174.741623     333.921875 -374.453125 466.718750     0.544348 -0.838860 0.838860 0.544348     10.367815 10.367815 4.242884
457.910004 257.630005     529.457031 -125.125000 57.078125     -0.754214 0.656629 -0.656629 -0.754214     16.357832 16.357832 2.001669
457.910004 257.630005     300.921875 81.773438 130.039062     -0.754214 0.656629 -0.656629 -0.754214     16.357832 16.357832 4.224310
246.258560 416.996185     186.781250 -261.796875 447.148438     -0.930226 0.366987 -0.366987 -0.930226     14.512533 14.512533 3.836429
246.258560 416.996185     23.406250 -5.023438 92.984375     -0.930226 0.366987 -0.366987 -0.930226     14.512533 14.512533 5.412639
209.485031 173.005859     244.468750 -239.648438 324.941406     -0.953407 -0.301688 0.301688 -0.953407     54.907904 54.907904 3.100871
209.485031 173.005859     66.281250 -18.984375 154.039062     -0.953407 -0.301688 0.301688 -0.953407     54.907904 54.907904 5.289406
380.763306 171.891632     6.058594 6.281250 118.898438     -0.908970 0.416861 -0.416861 -0.908970     86.181973 86.181973 1.489810
293.526642 298.548584     67.437500 -8.578125 197.835938     -0.998566 0.053526 -0.053526 -0.998566     17.658513 17.658513 0.244740
293.526642 298.548584     6.476562 5.199219 121.398438     -0.998566 0.053526 -0.053526 -0.998566     17.658513 17.658513 1.854163
242.037277 417.607452     50.136719 -28.851562 117.562500     -0.933214 0.359320 -0.359320 -0.933214     17.052804 17.052804 3.873993
242.037277 417.607452     628.367188 -145.656250 62.125000     -0.933214 0.359320 -0.359320 -0.933214     17.052804 17.052804 5.331985
503.443542 177.745972     1977.007812 539.894531 342.931641     0.592424 -0.805626 0.805626 0.592424     14.430659 14.430659 2.072786
503.443542 177.745972     54.109375 -33.695312 142.265625     0.592424 -0.805626 0.805626 0.592424     14.430659 14.430659 5.358427
458.913055 256.973907     14.722656 5.019531 89.382812     -0.763314 0.646028 -0.646028 -0.763314     17.344804 17.344804 2.007718
458.913055 256.973907     355.609375 -415.953125 551.832031     -0.763314 0.646028 -0.646028 -0.763314     17.344804 17.344804 4.179858
197.749817 170.523499     7.468750 6.285156 126.140625     -0.952605 -0.304209 0.304209 -0.952605     57.624463 57.624463 3.081192
199.884125 366.506439     89.125000 -163.375000 320.820312     -0.000310 -1.000000 1.000000 -0.000310     14.943347 14.943347 3.148320
233.423599 298.440247     55.042969 -38.539062 223.093750     0.224306 -0.974519 0.974519 0.224306     24.376807 24.376807 1.011018
233.423599 298.440247     533.343750 -579.984375 740.328125     0.224306 -0.974519 0.974519 0.224306     24.376807 24.376807 4.317642
235.046173 419.522369     81.062500 -27.257812 18.816406     -0.947116 0.320891 -0.320891 -0.947116     19.750267 19.750267 3.827132
192.439514 169.493530     8539.296875 -1337.062500 1078.023438     -0.958015 -0.286718 0.286718 -0.958015     57.564509 57.564509 3.113208
192.439514 169.493530     23.574219 6.253906 105.117188     -0.958015 -0.286718 0.286718 -0.958015     57.564509 57.564509 5.208162
199.748154 366.799988     45.867188 -1.281250 17.367188     -0.014835 -0.999890 0.999890 -0.014835     14.786457 14.786457 3.194007
544.712891 295.945557     37.917969 -16.304688 95.921875     0.211714 -0.977332 0.977332 0.211714     19.165965 19.165965 1.264659
544.712891 295.945557     19.648438 5.949219 92.859375     0.211714 -0.977332 0.977332 0.211714     19.165965 19.165965 1.949029
501.478577 179.364288     30.640625 -13.906250 37.757812     0.621806 -0.783172 0.783172 0.621806     17.680060 17.680060 2.152339
501.478577 179.364288     152.109375 -231.359375 388.414062     0.621806 -0.783172 0.783172 0.621806     17.680060 17.680060 5.358565
224.953247 421.580139     31.218750 -58.140625 120.916016     -0.966318 0.257350 -0.257350 -0.966318     21.785061 21.785061 3.758369
224.953247 421.580139     819.554688 -191.289062 74.953125     -0.966318 0.257350 -0.257350 -0.966318     21.785061 21.785061 5.249877
291.428558 264.857147     78.968750 -27.171875 19.425781     -0.780511 0.625142 -0.625142 -0.780511     9.969827 9.969827 1.594549
291.428558 264.857147     32.453125 -0.832031 108.492188     -0.780511 0.625142 -0.625142 -0.780511     9.969827 9.969827 3.530318
520.815979 359.434021     7512.015625 -3355.707031 1968.107422     0.457282 -0.889322 0.889322 0.457282     10.481770 10.481770 6.293859
184.116684 166.974792     47.984375 -33.296875 31.640625     -0.953167 -0.302444 0.302444 -0.953167     57.025163 57.025163 3.060180
184.116684 166.974792     26817.984375 8793.789062 30104.246094     -0.953167 -0.302444 0.302444 -0.953167     57.025163 57.025163 5.040989
459.626465 256.509735     22.019531 6.781250 95.335938     -0.764276 0.644889 -0.644889 -0.764276     18.020464 18.020464 2.017482
459.626465 256.509735     61.953125 -42.460938 260.234375     -0.764276 0.644889 -0.644889 -0.764276     18.020464 18.020464 4.165851
198.608444 367.611267     375.375000 -445.671875 610.341797     -0.003082 -0.999995 0.999995 -0.003082     18.074269 18.074269 3.147197
521.231201 358.809143     576.031250 -605.406250 760.562500     0.463198 -0.886255 0.886255 0.463198     11.189688 11.189688 4.224399
472.776245 253.958557     78.031250 -187.390625 500.164062     -0.934941 0.354803 -0.354803 -0.934941     36.694346 36.694346 2.381492
472.776245 253.958557     75.484375 7.007812 238.250000     -0.934941 0.354803 -0.354803 -0.934941     36.694346 36.694346 4.501340
221.214111 422.137115     215.031250 -292.765625 447.632812     -0.969391 0.245524 -0.245524 -0.969391     22.918750 22.918750 0.452982
221.214111 422.137115     76.546875 -88.546875 393.687500     -0.969391 0.245524 -0.245524 -0.969391     22.918750 22.918750 3.707709
544.187012 296.008118     73.343750 -24.335938 18.800781     0.225130 -0.974329 0.974329 0.225130     20.255809 20.255809 1.267504
544.187012 296.008118     54.445312 35.253906 201.046875     0.225130 -0.974329 0.974329 0.225130     20.255809 20.255809 1.975688
199.195557 244.355560     23.605469 8.972656 130.843750     -0.067279 -0.997734 0.997734 -0.067279     10.306846 10.306846 2.598402
199.195557 244.355560     111.812500 -248.843750 616.023438     -0.067279 -0.997734 0.997734 -0.067279     10.306846 10.306846 4.620712
198.325928 367.575317     226.109375 -303.671875 457.687500     0.010209 -0.999948 0.999948 0.010209     18.810608 18.810608 3.131336
523.358643 354.750000     84.917969 -90.195312 1234.179688     0.537771 -0.843091 0.843091 0.537771     14.503979 14.503979 1.398317
172.821228 163.766464     175.281250 -343.328125 750.546875     -0.951683 -0.307081 0.307081 -0.951683     57.901590 57.901590 1.512762
172.821228 163.766464     33.187500 -63.687500 139.121094     -0.951683 -0.307081 0.307081 -0.951683     57.901590 57.901590 3.042497
499.843750 180.490631     71.937500 -55.453125 49.099609     0.642418 -0.766354 0.766354 0.642418     20.137602 20.137602 5.350928
217.851715 422.776489     28.843750 12.953125 15.421875     -0.970479 0.241186 -0.241186 -0.970479     22.937526 22.937526 0.459882
217.851715 422.776489     502.265625 200.281250 2174.687500     -0.970479 0.241186 -0.241186 -0.970479     22.937526 22.937526 3.729778
376.048431 308.560028     71.125000 -22.750000 18.460938     -0.928020 -0.372529 0.372529 -0.928020     44.368557 44.368557 0.768305
376.048431 308.560028     765.015625 -240.531250 114.781250     -0.928020 -0.372529 0.372529 -0.928020     44.368557 44.368557 1.704732
525.053589 355.658386     24.679688 11.609375 17.671875     0.526661 -0.850075 0.850075 0.526661     22.312935 22.312935 1.265358
525.053589 355.658386     395.796875 -480.320312 687.701172     0.526661 -0.850075 0.850075 0.526661     22.312935 22.312935 2.340311
197.598724 367.997864     815.390625 -319.757812 129.675781     0.071641 -0.997430 0.997430 0.071641     21.602548 21.602548 2.979135
367.375793 210.928299     684.515625 -674.765625 807.046875     0.645918 -0.763407 0.763407 0.645918     29.059803 29.059803 4.676228
538.752502 293.875244     51.031250 4.226562 6.050781     0.202752 -0.979230 0.979230 0.202752     35.533045 35.533045 1.110695
538.752502 293.875244     26.015625 -4.875000 118.179688     0.202752 -0.979230 0.979230 0.202752     35.533045 35.533045 2.212473
198.996460 244.664307     865.859375 -335.984375 134.535156     -0.055409 -0.998464 0.998464 -0.055409     10.753045 10.753045 2.554869
198.996460 244.664307     202.812500 -384.921875 812.585938     -0.055409 -0.998464 0.998464 -0.055409     10.753045 10.753045 4.604828
475.652283 253.338135     80.562500 -95.515625 119.406250     -0.949000 0.315275 -0.315275 -0.949000     37.911214 37.911214 1.407596
475.652283 253.338135     1371.933594 1572.984375 10228.789062     -0.949000 0.315275 -0.315275 -0.949000     37.911214 37.911214 4.411452
197.451996 301.440002     128.406250 -96.570312 79.410156     0.008499 -0.999964 0.999964 0.008499     13.410961 13.410961 3.219579
524.659668 356.481445     595.765625 -97.328125 211.765625     0.534730 -0.845023 0.845023 0.534730     23.257603 23.257603 1.274275
524.659668 356.481445     31.812500 14.156250 16.859375     0.534730 -0.845023 0.845023 0.534730     23.257603 23.257603 5.009875
500.113220 179.339630     783.015625 -731.531250 863.484375     0.625682 -0.780078 0.780078 0.625682     22.286598 22.286598 2.244515
500.113220 179.339630     437.828125 -514.257812 728.320312     0.625682 -0.780078 0.780078 0.625682     22.286598 22.286598 4.805791
537.946716 292.176971     56.625000 4.539062 6.777344     0.065362 -0.997862 0.997862 0.065362     36.799881 36.799881 2.190958
537.946716 292.176971     758.062500 -237.890625 113.007812     0.065362 -0.997862 0.997862 0.065362     36.799881 36.799881 5.396902
198.833847 245.243073     51.041016 -35.429688 47.015625     -0.045103 -0.998982 0.998982 -0.045103     11.242638 11.242638 2.557909
198.833847 245.243073     33.937500 -66.414062 152.519531     -0.045103 -0.998982 0.998982 -0.045103     11.242638 11.242638 4.598988
195.076675 369.432922     866.250000 -223.421875 94.957031     0.346584 -0.938019 0.938019 0.346584     28.273652 28.273652 2.514390
214.697495 423.334625     78.343750 -24.750000 20.511719     -0.971911 0.235348 -0.235348 -0.971911     23.319536 23.319536 0.470920
214.697495 423.334625     129.968750 -98.273438 81.960938     -0.971911 0.235348 -0.235348 -0.971911     23.319536 23.319536 3.741052
165.334900 162.566437     79.812500 -96.476562 124.578125     -0.957681 -0.287833 0.287833 -0.957681     60.485291 60.485291 1.510924
194.538239 369.865448     1309.351562 1210.746094 10110.804688     0.320579 -0.947222 0.947222 0.320579     29.407241 29.407241 2.522825
196.827484 301.295319     383.593750 -193.000000 105.535156     -0.066781 -0.997768 0.997768 -0.066781     17.068409 17.068409 3.388758
500.240875 178.669098     917.484375 -293.523438 131.937500     0.620656 -0.784083 0.784083 0.620656     23.100991 23.100991 4.792183
500.240875 178.669098     7959.109375 -3238.226562 1937.052734     0.620656 -0.784083 0.784083 0.620656     23.100991 23.100991 5.467438
198.667587 245.173080     51.492188 -35.554688 34.125000     -0.052741 -0.998608 0.998608 -0.052741     12.021656 12.021656 2.597201
198.667587 245.173080     859.046875 -271.125000 136.984375     -0.052741 -0.998608 0.998608 -0.052741     12.021656 12.021656 4.579172
512.712891 351.663361     47.312500 -62.796875 154.009766     0.459114 -0.888377 0.888377 0.459114     9.748164 9.748164 1.374530
512.712891 351.663361     8596.218750 -1447.390625 1211.023438     0.459114 -0.888377 0.888377 0.459114     9.748164 9.748164 2.047208
193.904816 368.445679     35.968750 -3.000000 26.628906     0.213363 -0.976973 0.976973 0.213363     30.727570 30.727570 2.631176
514.130127 367.777405     651.921875 -140.343750 238.773438     0.642003 -0.766702 0.766702 0.642003     31.076194 31.076194 1.257555
514.130127 367.777405     34.625000 15.406250 18.941406     0.642003 -0.766702 0.766702 0.642003     31.076194 31.076194 4.941050
575.464783 194.464783     27.031250 11.640625 18.429688     -0.936022 0.351941 -0.351941 -0.936022     13.171688 13.171688 0.722770
575.464783 194.464783     974.031250 -832.671875 912.937500     -0.936022 0.351941 -0.351941 -0.936022     13.171688 13.171688 1.495612
404.398712 341.196533     70.718750 4.726562 7.062500     -0.985233 0.171222 -0.171222 -0.985233     130.860894 130.860894 0.956508
404.398712 341.196533     1283.322266 970.648438 10017.117188     -0.985233 0.171222 -0.171222 -0.985233     130.860894 130.860894 1.770574
196.591843 245.355103     380.296875 -187.132812 101.492188     -0.076028 -0.997106 0.997106 -0.076028     21.626874 21.626874 3.087353
293.400574 298.431824     16.343750 -25.312500 82.468750     -0.998995 0.044821 -0.044821 -0.998995     18.722219 18.722219 0.248983
293.400574 298.431824     849.546875 -291.554688 209.324219     -0.998995 0.044821 -0.044821 -0.998995     18.722219 18.722219 1.866741
233.126877 298.530701     77.812500 -96.273438 129.525391     0.253288 -0.967391 0.967391 0.253288     26.103480 26.103480 0.968966
233.126877 298.530701     164.750000 -53.343750 29.679688     0.253288 -0.967391 0.967391 0.253288     26.103480 26.103480 4.332486
196.035294 301.101166     416.812500 -195.937500 103.062500     -0.080470 -0.996757 0.996757 -0.080470     19.701649 19.701649 3.418631
326.365540 271.506531     51.500000 -2.437500 18.945312     0.613225 -0.789908 0.789908 0.613225     20.046411 20.046411 1.497228
326.365540 271.506531     468.453125 -92.757812 720.804688     0.613225 -0.789908 0.789908 0.613225     20.046411 20.046411 3.141206
510.016388 354.684418     34.671875 -15.742188 40.554688     0.522105 -0.852881 0.852881 0.522105     14.566976 14.566976 1.357854
510.016388 354.684418     136.250000 -102.945312 86.060547     0.522105 -0.852881 0.852881 0.522105     14.566976 14.566976 2.222361
525.619263 162.963303     867.968750 -311.031250 220.332031     0.441146 -0.897435 0.897435 0.441146     7.310205 7.310205 4.808111
209.073761 424.446472     116.093750 5.070312 6.601562     -0.971973 0.235093 -0.235093 -0.971973     24.101548 24.101548 0.509207
209.073761 424.446472     8642.875000 -979.515625 1372.031250     -0.971973 0.235093 -0.235093 -0.971973     24.101548 24.101548 3.781719
575.458008 194.151260     17.234375 -22.546875 98.847656     -0.932368 0.361512 -0.361512 -0.932368     13.417467 13.417467 0.799358
195.110931 246.512238     1323.910156 682.324219 9814.210938     0.010940 -0.999940 0.999940 0.010940     25.631844 25.631844 2.790859
381.496338 170.782425     107.875000 -63.445312 159.925781     -0.904671 0.426110 -0.426110 -0.904671     88.586430 88.586430 1.493405
291.259094 264.870453     43.960938 -18.562500 101.507812     -0.786877 0.617110 -0.617110 -0.786877     10.579783 10.579783 1.607427
291.259094 264.870453     859.203125 -318.171875 260.097656     -0.786877 0.617110 -0.617110 -0.786877     10.579783 10.579783 3.482442
195.524200 300.939514     186.812500 6.460938 6.386719     -0.091332 -0.995821 0.995821 -0.091332     20.815888 20.815888 3.425304
192.816635 367.923981     823.546875 254.753906 118.066895     0.200949 -0.979602 0.979602 0.200949     32.835496 32.835496 2.626001
500.669495 177.002121     28.281250 -10.054688 150.769531     0.610368 -0.792118 0.792118 0.610368     25.440605 25.440605 4.819377
500.669495 177.002121     19.976562 20.070312 68.421875     0.610368 -0.792118 0.792118 0.610368     25.440605 25.440605 5.523169
512.006287 370.093689     265.968750 -259.304688 355.980469     0.651666 -0.758506 0.758506 0.651666     33.644900 33.644900 1.216530
512.006287 370.093689     7771.625000 -3078.894531 1937.167969     0.651666 -0.758506 0.758506 0.651666     33.644900 33.644900 4.952121
542.897034 349.313721     489.296875 -90.546875 715.812500     0.355103 -0.934827 0.934827 0.355103     11.776813 11.776813 1.387770
542.897034 349.313721     35.023438 -12.634766 42.664062     0.355103 -0.934827 0.934827 0.355103     11.776813 11.776813 4.966685
387.039032 256.870880     20.186523 -9.671875 56.984375     -0.042935 -0.999078 0.999078 -0.042935     39.018714 39.018714 0.883533
507.693939 356.878998     1369.154297 490.113281 9554.773438     0.561611 -0.827401 0.827401 0.561611     18.174686 18.174686 1.358850
507.693939 356.878998     1253.484375 -299.117188 245.996094     0.561611 -0.827401 0.827401 0.561611     18.174686 18.174686 2.267154
191.076416 371.740631     29.039062 12.039062 20.335938     0.251895 -0.967755 0.967755 0.251895     32.914417 32.914417 2.444731
574.957764 193.947189     61.018555 -30.019531 144.921875     -0.934377 0.356285 -0.356285 -0.934377     13.885485 13.885485 0.761635
191.791504 241.146759     162.500000 -127.125000 109.503906     -0.222273 -0.974984 0.974984 -0.222273     30.655625 30.655625 3.247472
191.791504 241.146759     23818.593750 6694.132812 25540.519531     -0.222273 -0.974984 0.974984 -0.222273     30.655625 30.655625 3.531380
195.098709 302.433655     191.250000 -62.437500 33.859375     -0.082807 -0.996566 0.996566 -0.082807     21.515416 21.515416 3.445952
541.650391 351.000000     220.250000 10.648438 8.292969     0.379674 -0.925120 0.925120 0.379674     14.004959 14.004959 1.385396
541.650391 351.000000     6849.359375 -1004.328125 2831.617188     0.379674 -0.925120 0.925120 0.379674     14.004959 14.004959 4.954788
507.224365 357.217957     25.382812 -29.796875 67.425781     0.567329 -0.823491 0.823491 0.567329     18.499551 18.499551 1.362902
507.224365 357.217957     42.187500 18.875000 23.601562     0.567329 -0.823491 0.823491 0.567329     18.499551 18.499551 2.279647
189.812103 349.244141     84.773438 16.140625 39.500000     0.077767 -0.996972 0.996972 0.077767     39.712956 39.712956 4.675725
166.697952 173.298401     116.687500 -115.507812 117.896484     -0.876386 -0.481609 0.481609 -0.876386     110.403265 110.403265 2.723292
424.243896 278.410583     23.250000 19.125000 27.867188     0.220093 -0.975479 0.975479 0.220093     20.524519 20.524519 0.204302
424.243896 278.410583     55.289062 -37.218750 35.835938     0.220093 -0.975479 0.975479 0.220093     20.524519 20.524519 0.815106
539.119873 354.979462     1544.298828 174.253906 8998.835938     0.422970 -0.906144 0.906144 0.422970     17.441502 17.441502 1.378070
539.119873 354.979462     95.031250 -40.492188 30.703125     0.422970 -0.906144 0.906144 0.422970     17.441502 17.441502 4.959794
525.329468 162.662796     26.523438 -30.773438 69.964844     0.424601 -0.905381 0.905381 0.424601     8.198954 8.198954 4.824861
559.163696 178.079651     175.453125 95.945312 99.132812     -0.775142 0.631788 -0.631788 -0.775142     8.888995 8.888995 0.850892
559.163696 178.079651     132.281250 49.687500 33.632812     -0.775142 0.631788 -0.631788 -0.775142     8.888995 8.888995 1.496692
560.516724 240.650711     38.328125 -18.664062 46.976562     -0.854406 -0.519606 0.519606 -0.854406     12.360228 12.360228 1.430753
560.516724 240.650711     85.593750 75.375000 77.367188     -0.854406 -0.519606 0.519606 -0.854406     12.360228 12.360228 1.942708
194.895950 378.091980     84.906250 74.875000 78.140625     -0.117271 -0.993100 0.993100 -0.117271     98.447757 98.447757 1.491480
574.451538 193.815155     59.640625 -2.906250 20.445312     -0.937203 0.348784 -0.348784 -0.937203     14.226285 14.226285 0.702581
473.585907 243.511017     1664.111328 -13.285156 8849.375000     -0.949712 0.313123 -0.313123 -0.949712     26.803265 26.803265 1.381282
473.585907 243.511017     59.585938 -39.851562 39.203125     -0.949712 0.313123 -0.313123 -0.949712     26.803265 26.803265 4.681471
328.721405 321.064667     61.351562 -17.015625 46.546875     -0.802790 -0.596262 0.596262 -0.802790     13.536820 13.536820 1.610232
328.721405 321.064667     5.242188 3.609375 83.257812     -0.802790 -0.596262 0.596262 -0.802790     13.536820 13.536820 3.628118
501.064911 174.780701     49.687500 -21.539062 112.265625     0.595509 -0.803349 0.803349 0.595509     28.369070 28.369070 4.823707
501.064911 174.780701     64.648438 -41.648438 42.335938     0.595509 -0.803349 0.803349 0.595509     28.369070 28.369070 5.569496
475.003357 223.474747     5.796875 2.757812 81.515625     -0.930407 0.366529 -0.366529 -0.930407     8.666273 8.666273 1.572104
475.003357 223.474747     68.578125 -3.828125 22.023438     -0.930407 0.366529 -0.366529 -0.930407     8.666273 8.666273 4.749392
508.296295 373.139984     6.554688 0.984375 82.476562     0.674380 -0.738385 0.738385 0.674380     37.173382 37.173382 1.195849
508.296295 373.139984     62.113281 -22.359375 114.921875     0.674380 -0.738385 0.738385 0.674380     37.173382 37.173382 4.949355
569.127991 217.957352     7.484375 0.312500 86.812500     -0.995690 -0.092748 0.092748 -0.995690     10.703078 10.703078 1.587586
569.127991 217.957352     0.891602 -12.861328 869.609375     -0.995690 -0.092748 0.092748 -0.995690     10.703078 10.703078 4.817165
424.021332 281.817078     8.867188 -0.156250 91.234375     0.052674 -0.998612 0.998612 0.052674     22.838766 22.838766 0.980894
424.021332 281.817078     83.812500 -42.968750 36.250000     0.052674 -0.998612 0.998612 0.052674     22.838766 22.838766 4.014781
478.039398 222.387878     6.867138 -9.637634 213.722656     -0.931761 0.363072 -0.363072 -0.931761     8.555523 8.555523 1.572851
478.039398 222.387878     10.727539 62.638672 3417.039062     -0.931761 0.363072 -0.363072 -0.931761     8.555523 8.555523 4.754468
538.401794 355.649536     13.040394 16.688721 771.687500     0.435374 -0.900250 0.900250 0.435374     18.366799 18.366799 1.380626
538.401794 355.649536     21.692383 -4.548828 42.437500     0.435374 -0.900250 0.900250 0.435374     18.366799 18.366799 4.951018
540.610107 169.747711     9.261940 -61.921295 1328.779297     0.632748 -0.774358 0.774358 0.632748     7.135239 7.135239 4.697802
175.499268 250.532196     16.485840 9.314453 61.033203     -0.169824 -0.985474 0.985474 -0.169824     149.306884 149.306884 1.590547
175.499268 250.532196     16.675781 -57.850586 693.321289     -0.169824 -0.985474 0.985474 -0.169824     149.306884 149.306884 4.987482
556.492859 179.760712     489.558105 225.987305 8791.617188     -0.789269 0.614047 -0.614047 -0.789269     9.308577 9.308577 0.902759
556.492859 179.760712     75.871094 2.097656 16.417969     -0.789269 0.614047 -0.614047 -0.789269     9.308577 9.308577 1.510373
385.008972 304.209991     71.628906 -21.367188 119.437500     -0.972611 0.232437 -0.232437 -0.972611     61.783847 61.783847 1.198421
385.008972 304.209991     10.835938 0.593750 94.671875     -0.972611 0.232437 -0.232437 -0.972611     61.783847 61.783847 4.051254
560.486938 240.530441     14.933594 -1.359375 23.453125     -0.856450 -0.516230 0.516230 -0.856450     12.985144 12.985144 1.469682
560.486938 240.530441     10.191406 4.089844 557.617188     -0.856450 -0.516230 0.516230 -0.856450     12.985144 12.985144 1.949332
510.791321 371.780243     13.167969 4.167969 591.304688     0.687416 -0.726263 0.726263 0.687416     42.835920 42.835920 1.143718
510.791321 371.780243     31.414062 -1.406250 27.421875     0.687416 -0.726263 0.726263 0.687416     42.835920 42.835920 4.976338
500.195679 174.870575     19.593750 2.156250 620.359375     0.603405 -0.797435 0.797435 0.603405     31.402905 31.402905 4.807592
568.617004 217.740433     41.761719 -0.968750 29.109375     -0.995946 -0.089950 0.089950 -0.995946     11.355163 11.355163 1.595285
568.617004 217.740433     186.062500 51.370117 22.739258     -0.995946 -0.089950 0.089950 -0.995946     11.355163 11.355163 2.266124
474.007935 243.218246     294.336914 91.383789 37.263672     -0.949940 0.312433 -0.312433 -0.949940     26.533253 26.533253 1.361936
474.007935 243.218246     15.242188 -10.054688 65.371094     -0.949940 0.312433 -0.312433 -0.949940     26.533253 26.533253 4.707311
131.716217 416.720734     38.597656 -3.070312 648.398438     -0.726883 0.686762 -0.686762 -0.726883     16.559456 16.559456 1.480864
131.716217 416.720734     584.631836 188.343750 69.661133     -0.726883 0.686762 -0.686762 -0.726883     16.559456 16.559456 4.494278
525.340820 161.739548     164.152344 75.226562 37.650391     0.408674 -0.912680 0.912680 0.408674     9.221173 9.221173 4.106972
525.340820 161.739548     4.574723 -16.458467 213.924957     0.408674 -0.912680 0.912680 0.408674     9.221173 9.221173 4.843212
491.838501 221.738831     665.414062 -123.000000 113.437500     -0.965732 0.259540 -0.259540 -0.965732     26.589033 26.589033 4.772638
573.959778 193.549591     99.403320 6.453125 28.796875     -0.938007 0.346617 -0.346617 -0.938007     15.171050 15.171050 0.635962
573.959778 193.549591     31.296875 -26.945312 89.562500     -0.938007 0.346617 -0.346617 -0.938007     15.171050 15.171050 2.152591
556.350647 179.655838     2.654297 -10.554688 243.734375     -0.786537 0.617543 -0.617543 -0.786537     9.861389 9.861389 0.894214
556.350647 179.655838     31.558594 33.379517 141.013397     -0.786537 0.617543 -0.617543 -0.786537     9.861389 9.861389 1.508683
540.815674 169.019608     58.496094 -8.500000 7.125000     0.622093 -0.782943 0.782943 0.622093     7.994745 7.994745 4.690669
172.531082 258.395630     704.132812 -106.500000 129.625000     -0.133838 -0.991003 0.991003 -0.133838     152.325940 152.325940 1.593115
489.200012 203.331711     365.287109 -42.250000 39.031250     -0.890083 0.455798 -0.455798 -0.890083     11.650433 11.650433 2.090193
486.174896 224.837158     182.577393 -47.442657 153.677277     -0.948956 0.315410 -0.315410 -0.948956     26.384508 26.384508 4.769663
391.164642 169.321533     718.132812 -381.687500 251.937500     -0.916774 0.399406 -0.399406 -0.916774     103.232702 103.232702 1.341065
291.429077 264.756378     2650.693359 867.070312 311.019531     -0.786530 0.617552 -0.617552 -0.786530     11.212912 11.212912 1.606330
291.429077 264.756378     727.045898 -176.097656 84.515625     -0.786530 0.617552 -0.617552 -0.786530     11.212912 11.212912 3.462295
486.409149 223.709427     814.378906 -284.023438 373.953125     -0.948585 0.316523 -0.316523 -0.948585     30.691035 30.691035 4.783664
526.814392 163.698608     559.174072 60.539062 283.364868     0.419853 -0.907592 0.907592 0.419853     19.230625 19.230625 0.224052
526.814392 163.698608     4.610840 -33.673828 1006.671875     0.419853 -0.907592 0.907592 0.419853     19.230625 19.230625 3.768197
408.375854 340.215637     9.558105 -37.945312 2732.261719     -0.982607 0.185699 -0.185699 -0.982607     137.782867 137.782867 0.942665
408.375854 340.215637     301.607544 95.130859 653.109375     -0.982607 0.185699 -0.185699 -0.982607     137.782867 137.782867 1.783577
438.320984 185.650208     38.272858 -6.126465 55.089844     -0.959518 0.281647 -0.281647 -0.959518     22.834260 22.834260 0.782426
387.998932 302.744446     4322.402344 -1966.312500 1168.812500     -0.955814 0.293971 -0.293971 -0.955814     62.937168 62.937168 1.277508
387.998932 302.744446     758.542969 -210.171875 596.187500     -0.955814 0.293971 -0.293971 -0.955814     62.937168 62.937168 4.198696
560.074219 240.332031     295.757080 95.450195 1314.859375     -0.852531 -0.522676 0.522676 -0.852531     13.867034 13.867034 1.505262
560.074219 240.332031     542.069824 712.918457 10822.035156     -0.852531 -0.522676 0.522676 -0.852531     13.867034 13.867034 1.957883
328.747742 321.193695     3994.578125 -1731.695312 1090.656250     -0.820538 -0.571592 0.571592 -0.820538     14.456673 14.456673 1.635683
328.747742 321.193695     941.164062 -387.453125 775.335938     -0.820538 -0.571592 0.571592 -0.820538     14.456673 14.456673 3.660221
507.771271 373.491119     3500.382812 1820.662109 1606.472656     -0.719952 0.694024 -0.694024 -0.719952     47.250509 47.250509 1.842149
507.771271 373.491119     4094.234375 -1681.289062 1053.296875     -0.719952 0.694024 -0.694024 -0.719952     47.250509 47.250509 4.263732
567.796204 217.577362     3663.128906 680.445312 14955.250000     -0.997284 -0.073646 0.073646 -0.997284     11.659656 11.659656 1.594163
169.678299 264.697784     548.269409 -278.273438 19050.667969     -0.109141 -0.994026 0.994026 -0.109141     154.366905 154.366905 1.573650
489.403503 203.372803     9547.256836 2813.820312 18497.179688     -0.893700 0.448665 -0.448665 -0.893700     12.361201 12.361201 2.105151
420.182678 226.971161     49.750000 -45.484375 51.156250     0.320923 -0.947105 0.947105 0.320923     12.540965 12.540965 4.411168
483.696442 225.754471     58.812500 -56.093750 64.843750     -0.932554 0.361031 -0.361031 -0.932554     44.194320 44.194320 4.803216
541.153076 168.146255     78.062500 -76.390625 89.031250     0.608531 -0.793530 0.793530 0.608531     8.981743 8.981743 4.685665
570.947754 194.427277     12281.548828 2503.371094 17642.492188     -0.944651 0.328076 -0.328076 -0.944651     15.028593 15.028593 0.933867
570.947754 194.427277     94.156250 -93.296875 107.750000     -0.944651 0.328076 -0.328076 -0.944651     15.028593 15.028593 1.486240
488.501984 203.589645     124.265625 34.320312 21.027344     -0.901387 0.433013 -0.433013 -0.901387     13.452639 13.452639 2.131411
488.501984 203.589645     1763.328125 -153.750000 31.640625     -0.901387 0.433013 -0.433013 -0.901387     13.452639 13.452639 5.316787
293.298981 298.404633     74.046875 -78.968750 103.738281     -0.997239 0.074253 -0.074253 -0.997239     19.492751 19.492751 0.309904
293.298981 298.404633     110.562500 -112.453125 133.921875     -0.997239 0.074253 -0.074253 -0.997239     19.492751 19.492751 1.896728
388.725952 286.449005     570.765625 122.953125 50.427734     0.311683 -0.950186 0.950186 0.311683     94.180863 94.180863 1.566704
388.725952 286.449005     289.406250 203.484375 192.632812     0.311683 -0.950186 0.950186 0.311683     94.180863 94.180863 5.045259
326.281982 271.601898     2091.781250 -114.921875 29.750000     0.638878 -0.769308 0.769308 0.638878     20.913458 20.913458 1.474642
326.281982 271.601898     57.093750 -83.070312 127.367188     0.638878 -0.769308 0.769308 0.638878     20.913458 20.913458 4.647065
555.681274 179.988297     186.375000 168.546875 163.773438     -0.786394 0.617725 -0.617725 -0.786394     10.257095 10.257095 1.505737
482.701202 226.305161     507.437500 135.109375 158.203125     -0.927686 0.373361 -0.373361 -0.927686     43.895851 43.895851 1.397314
482.701202 226.305161     203.843750 -185.125000 191.609375     -0.927686 0.373361 -0.373361 -0.927686     43.895851 43.895851 2.362170
565.419434 217.526840     63.859375 -93.914062 145.714844     -0.998934 -0.046159 0.046159 -0.998934     11.355053 11.355053 1.561578
420.383759 226.900375     255.593750 -354.437500 650.078125     0.249721 -0.968318 0.968318 0.249721     15.206897 15.206897 1.577925
420.383759 226.900375     178.593750 39.625000 36.914062     0.249721 -0.968318 0.968318 0.249721     15.206897 15.206897 4.364710
165.354172 270.640991     226.750000 118.656250 95.035156     -0.079599 -0.996827 0.996827 -0.079599     160.330442 160.330442 1.551345
165.354172 270.640991     61.437500 -14.710938 36.203125     -0.079599 -0.996827 0.996827 -0.079599     160.330442 160.330442 4.948519
531.782104 165.433517     178.281250 171.796875 208.390625     0.556995 -0.830516 0.830516 0.556995     36.370657 36.370657 0.255423
531.782104 165.433517     242.031250 52.429688 38.824219     0.556995 -0.830516 0.830516 0.556995     36.370657 36.370657 2.571317
233.103699 298.476532     67.296875 -102.953125 171.941406     0.282569 -0.959247 0.959247 0.282569     27.919199 27.919199 0.920445
233.103699 298.476532     223.968750 116.937500 94.242188     0.282569 -0.959247 0.959247 0.282569     27.919199 27.919199 4.378032
481.434692 223.766983     91.953125 -141.125000 245.718750     -0.918009 0.396559 -0.396559 -0.918009     49.837324 49.837324 1.472706
481.434692 223.766983     218.062500 -60.625000 172.011719     -0.918009 0.396559 -0.396559 -0.918009     49.837324 49.837324 4.897361
559.978821 240.176682     251.593750 110.671875 172.546875     -0.851573 -0.524236 0.524236 -0.851573     14.642747 14.642747 1.937203
559.978821 240.176682     302.281250 -411.562500 767.156250     -0.851573 -0.524236 0.524236 -0.851573     14.642747 14.642747 5.986200
562.716003 217.452667     17.070312 -19.742188 45.332031     -0.999361 -0.035741 0.035741 -0.999361     11.164764 11.164764 1.556273
468.600403 87.255119     16138.808594 1827.421875 16873.875000     -0.951494 -0.307667 0.307667 -0.951494     26.884213 26.884213 1.280381
468.600403 87.255119     532.312500 137.046875 146.171875     -0.951494 -0.307667 0.307667 -0.951494     26.884213 26.884213 5.016177
420.399994 228.508331     93.531250 -47.007812 43.660156     0.081271 -0.996692 0.996692 0.081271     23.581623 23.581623 1.565108
420.399994 228.508331     400.703125 -277.859375 280.179688     0.081271 -0.996692 0.996692 0.081271     23.581623 23.581623 4.457675
126.628319 360.500000     412.687500 -157.992188 506.089844     -0.339102 -0.940750 0.940750 -0.339102     16.063193 16.063193 1.088597
367.402405 211.142532     20.500000 -3.875000 13.632812     0.643814 -0.765182 0.765182 0.643814     31.109685 31.109685 4.685279
395.969757 168.624451     597.171875 190.734375 199.703125     -0.918638 0.395100 -0.395100 -0.918638     111.410806 111.410806 1.273208
395.969757 168.624451     447.484375 138.742188 100.679688     -0.918638 0.395100 -0.395100 -0.918638     111.410806 111.410806 1.582330
390.468567 286.153076     411.343750 -143.921875 473.273438     0.330856 -0.943681 0.943681 0.330856     96.256988 96.256988 1.288310
390.468567 286.153076     208.875000 -16.289062 36.957031     0.330856 -0.943681 0.943681 0.330856     96.256988 96.256988 1.582836
102.280823 315.832184     204.718750 -138.085938 117.312500     0.596060 -0.802940 0.802940 0.596060     22.787979 22.787979 5.495615
104.403923 373.521576     49.241211 -21.535156 22.750000     0.239634 -0.970863 0.970863 0.239634     18.985126 18.985126 1.562672
104.403923 373.521576     299.625000 -216.523438 268.660156     0.239634 -0.970863 0.970863 0.239634     18.985126 18.985126 3.277160
470.148621 224.358215     228.187500 -137.914062 108.753906     -0.964324 0.264726 -0.264726 -0.964324     57.607475 57.607475 1.974747
470.148621 224.358215     301.812500 -114.617188 55.019531     -0.964324 0.264726 -0.264726 -0.964324     57.607475 57.607475 4.813678
328.849579 321.231720     670.484375 198.140625 197.484375     -0.818514 -0.574487 0.574487 -0.818514     15.514319 15.514319 1.635169
328.849579 321.231720     13.080078 -6.566406 37.109375     -0.818514 -0.574487 0.574487 -0.818514     15.514319 15.514319 3.642955
100.462738 311.145569     420.609375 -247.617188 244.238281     0.305583 -0.952165 0.952165 0.305583     32.257257 32.257257 5.800915
554.392090 180.898270     101.937500 -107.796875 201.351562     -0.775904 0.630851 -0.630851 -0.775904     11.154807 11.154807 0.915537
554.392090 180.898270     95.781250 43.265625 222.421875     -0.775904 0.630851 -0.630851 -0.775904     11.154807 11.154807 1.507592
570.139038 194.560333     9.648438 3.425781 70.960938     -0.944294 0.329104 -0.329104 -0.944294     15.652472 15.652472 0.876429
570.139038 194.560333     21.274414 -9.535156 40.171875     -0.944294 0.329104 -0.329104 -0.944294     15.652472 15.652472 1.478008
561.408508 217.075195     26554.527344 552.953125 15314.445312     -0.998747 -0.050050 0.050050 -0.998747     12.535024 12.535024 1.558756
561.408508 217.075195     64.593750 -27.164062 44.203125     -0.998747 -0.050050 0.050050 -0.998747     12.535024 12.535024 2.071552
341.836456 195.448593     89.187500 57.625000 54.498047     0.460179 -0.887826 0.887826 0.460179     14.186402 14.186402 4.060650
559.575928 239.854431     28.453125 -25.671875 79.666016     -0.849032 -0.528342 0.528342 -0.849032     15.494565 15.494565 1.957939
559.575928 239.854431     697.390625 195.187500 194.203125     -0.849032 -0.528342 0.528342 -0.849032     15.494565 15.494565 5.907556
334.472351 320.011536     27370.003906 -479.679688 14870.125000     -0.952423 -0.304781 0.304781 -0.952423     26.368198 26.368198 3.955034
545.390015 176.059998     55.145508 24.914062 47.625000     0.705254 -0.708955 0.708955 0.705254     6.008129 6.008129 4.710808
549.067322 261.985565     31.109375 -8.125000 14.117188     -0.663385 -0.748278 0.748278 -0.663385     11.290214 11.290214 1.667924
549.067322 261.985565     803.718750 134.796875 201.531250     -0.663385 -0.748278 0.748278 -0.663385     11.290214 11.290214 2.526679
291.128296 264.700653     27638.433594 -1121.445312 14505.062500     -0.791468 0.611210 -0.611210 -0.791468     11.985379 11.985379 1.601947
291.128296 264.700653     844.593750 42.703125 237.476562     -0.791468 0.611210 -0.611210 -0.791468     11.985379 11.985379 3.423322
471.943237 258.132446     32.224609 13.921875 23.500000     -0.900551 0.434751 -0.434751 -0.900551     15.029636 15.029636 5.089226
341.825897 195.688263     28799.710938 -1276.621094 13715.023438     0.460080 -0.887877 0.887877 0.460080     14.635219 14.635219 4.046401
340.280457 323.969543     9.675781 11.875000 50.296875     -0.827517 -0.561440 0.561440 -0.827517     26.253734 26.253734 1.610660
340.280457 323.969543     75.250000 -4.339844 93.305664     -0.827517 -0.561440 0.561440 -0.827517     26.253734 26.253734 2.224866
555.220093 238.100479     93.500000 -0.675781 100.915039     -0.923176 -0.384378 0.384378 -0.923176     16.190436 16.190436 1.817661
325.961792 271.946930     141.656250 -5.230469 128.209473     0.622210 -0.782850 0.782850 0.622210     21.811726 21.811726 1.491026
325.961792 271.946930     176.031250 -12.542969 137.152344     0.622210 -0.782850 0.782850 0.622210     21.811726 21.811726 4.670515
544.043762 257.084381     197.718750 -14.593750 154.546875     -0.726116 -0.687572 0.687572 -0.726116     11.016566 11.016566 1.610739
543.616455 256.414764     297.218750 -38.546875 179.231445     -0.722888 -0.690965 0.690965 -0.722888     11.536213 11.536213 1.627065
292.848480 298.459198     358.562500 -76.445312 225.548828     -0.997292 0.073545 -0.073545 -0.997292     20.240494 20.240494 0.303282
292.848480 298.459198     397.281250 -41.058594 326.520508     -0.997292 0.073545 -0.073545 -0.997292     20.240494 20.240494 1.875686
290.952942 264.455872     80.351562 -98.183594 173.708740     -0.789861 0.613286 -0.613286 -0.789861     12.933457 12.933457 1.602095
290.952942 264.455872     260.687500 -78.000000 87.859375     -0.789861 0.613286 -0.613286 -0.789861     12.933457 12.933457 3.432816
326.960297 272.151215     326.625000 -90.375000 166.343750     -0.836337 0.548216 -0.548216 -0.836337     26.771479 26.771479 2.625637
326.960297 272.151215     694.375000 -179.875000 349.578125     -0.836337 0.548216 -0.548216 -0.836337     26.771479 26.771479 5.804860
261.261902 290.171417     1790.250000 -362.578125 473.187500     -0.046117 -0.998936 0.998936 -0.046117     10.138048 10.138048 1.549769
261.261902 290.171417     36.312500 5.265625 18.687500     -0.046117 -0.998936 0.998936 -0.046117     10.138048 10.138048 4.640755
232.629044 298.411163     42.070312 -0.269531 19.601562     0.296901 -0.954908 0.954908 0.296901     29.505233 29.505233 0.909179
232.629044 298.411163     870.500000 -362.375000 172.468750     0.296901 -0.954908 0.954908 0.296901     29.505233 29.505233 4.326374
290.300507 264.169189     101.257812 49.117188 50.351562     -0.793330 0.608792 -0.608792 -0.793330     14.494916 14.494916 3.402630
260.928864 290.531372     6073.593750 4857.917969 17056.867188     -0.036350 -0.999339 0.999339 -0.036350     10.740364 10.740364 1.553819
260.928864 290.531372     1035.281250 -427.531250 206.968750     -0.036350 -0.999339 0.999339 -0.036350     10.740364 10.740364 4.643246
292.085785 298.248962     82.031250 -81.078125 92.515625     -0.996681 0.081409 -0.081409 -0.996681     20.967661 20.967661 1.868784
292.085785 298.248962     107.625000 -107.390625 121.187500     -0.996681 0.081409 -0.081409 -0.996681     20.967661 20.967661 5.490160
260.584259 291.056183     6721.882812 4419.726562 16807.507812     -0.012962 -0.999916 0.999916 -0.012962     11.509736 11.509736 1.547462
231.438782 298.322235     4090.125000 -446.546875 154.031250     0.344137 -0.938920 0.938920 0.344137     33.043005 33.043005 0.828105
231.438782 298.322235     179.593750 -193.046875 282.937500     0.344137 -0.938920 0.938920 0.344137     33.043005 33.043005 2.638386
260.281891 291.191284     146.875000 -151.328125 173.781250     -0.003939 -0.999992 0.999992 -0.003939     12.309901 12.309901 1.543469
64.976921 380.861542     38.690224 16.152588 56.093750     0.014800 -0.999890 0.999890 0.014800     3.768282 3.768282 1.574352
259.922394 291.391052     18.218750 -3.566406 14.999268     0.001897 -0.999998 0.999998 0.001897     13.399796 13.399796 1.531795
268.063538 422.397980     213.750000 4.359375 12.632812     -0.861463 0.507820 -0.507820 -0.861463     14.870812 14.870812 2.161101
63.154438 344.070831     5418.562500 -670.609375 297.468750     -0.018380 -0.999831 0.999831 -0.018380     13.925348 13.925348 1.574082
46.625500 371.729095     97.187500 -0.468750 13.601562     0.205176 -0.978725 0.978725 0.205176     20.492935 20.492935 6.273803
49.250000 174.919357     29.484375 -38.464844 86.078125     -0.196749 -0.980454 0.980454 -0.196749     17.204306 17.204306 1.569533
71.779831 123.324371     20.750000 1.890625 27.406250     0.084576 -0.996417 0.996417 0.084576     15.435337 15.435337 5.181063
71.779831 123.324371     186.812500 -209.640625 319.210938     0.084576 -0.996417 0.996417 0.084576     15.435337 15.435337 5.894168
232.327682 204.915253     384.578125 -88.078125 115.593750     -0.999380 -0.035217 0.035217 -0.999380     18.192499 18.192499 5.428324
230.705109 298.120605     207.781250 126.765625 165.820312     0.356676 -0.934228 0.934228 0.356676     35.850966 35.850966 2.665135
259.637329 291.341339     347.968750 341.031250 358.804688     -0.007082 -0.999975 0.999975 -0.007082     14.810219 14.810219 1.533155
212.255920 400.644562     36.625000 -10.703125 35.742188     0.153839 -0.988096 0.988096 0.153839     17.266137 17.266137 1.384384
211.533859 305.924316     78.320312 -114.164062 175.101562     -0.007470 -0.999972 0.999972 -0.007470     14.344241 14.344241 1.386694
211.533859 305.924316     61.968002 -19.463867 239.765625     -0.007470 -0.999972 0.999972 -0.007470     14.344241 14.344241 4.821342
212.073029 305.221436     298.968750 288.421875 353.343750     -0.007209 -0.999974 0.999974 -0.007209     16.310822 16.310822 1.366758
212.073029 305.221436     524.781250 -636.562500 1004.171875     -0.007209 -0.999974 0.999974 -0.007209     16.310822 16.310822 4.813825
214.905441 400.845276     195.031250 120.015625 178.882812     -0.953284 0.302077 -0.302077 -0.953284     23.372405 23.372405 3.403583
212.779114 304.829315     191.500000 -217.640625 333.070312     -0.003589 -0.999994 0.999994 -0.003589     19.915238 19.915238 1.341361
212.779114 304.829315     9189.019531 4137.652344 16892.000000     -0.003589 -0.999994 0.999994 -0.003589     19.915238 19.915238 4.809808
216.059113 400.950745     395.156250 -88.671875 113.695312     -0.997115 0.075904 -0.075904 -0.997115     24.248124 24.248124 3.130585
107.078880 113.379135     36.625000 -10.867188 36.234375     -0.960846 -0.277083 0.277083 -0.960846     12.668475 12.668475 3.367987
112.509804 115.252945     25.266052 -12.495605 43.265625     -0.952632 -0.304126 0.304126 -0.952632     12.799007 12.799007 3.275231
207.718369 214.008163     419.843750 225.968750 175.828125     0.189595 -0.981862 0.981862 0.189595     16.411525 16.411525 4.324061
214.441269 304.196564     85.984375 -128.664062 204.269531     0.005035 -0.999987 0.999987 0.005035     27.951556 27.951556 1.278639
214.441269 304.196564     87.642303 -4.454102 262.453125     0.005035 -0.999987 0.999987 0.005035     27.951556 27.951556 4.810364
121.743477 118.252174     425.468750 -156.195312 68.632812     -0.950558 -0.310548 0.310548 -0.950558     12.830231 12.830231 3.315212
227.345459 153.072723     63.649811 -33.479004 44.476562     -0.906519 -0.422165 0.422165 -0.906519     7.280388 7.280388 2.388568
253.129074 391.672821     33.812500 -27.867188 62.203125     -0.978109 0.208092 -0.208092 -0.978109     42.038121 42.038121 0.917866
209.455307 213.173187     305.406250 287.328125 350.281250     0.364602 -0.931164 0.931164 0.364602     20.496652 20.496652 2.196044
209.455307 213.173187     36.406250 -8.218750 49.713867     0.364602 -0.931164 0.931164 0.364602     20.496652 20.496652 4.188588
70.455284 455.731720     45.056190 42.810059 193.187500     0.043656 -0.999047 0.999047 0.043656     6.664082 6.664082 1.566999
219.173523 439.547943     165.351562 -155.046875 190.265625     -0.987261 0.159112 -0.159112 -0.987261     10.795403 10.795403 6.289698
255.847580 392.213989     104.255127 -11.868652 270.187500     -0.984285 0.176590 -0.176590 -0.984285     47.307376 47.307376 0.846560
229.187500 203.202377     422.500000 219.109375 395.367188     -0.872123 0.489287 -0.489287 -0.872123     27.666530 27.666530 4.720911
172.603363 132.898453     16.213135 -6.621094 33.875000     -0.949575 -0.313540 0.313540 -0.949575     22.374269 22.374269 1.611379
253.201584 398.523712     31.097366 5.745850 63.320312     -0.897980 0.440036 -0.440036 -0.897980     68.950431 68.950431 0.706897
253.201584 398.523712     169.070312 -153.765625 213.062500     -0.897980 0.440036 -0.440036 -0.897980     68.950431 68.950431 0.959104
70.705147 431.549133     1181.968750 447.140625 406.406250     0.033548 -0.999437 0.999437 0.033548     8.395269 8.395269 1.568805
73.745811 235.605789     91.890350 53.921387 199.851562     0.013933 -0.999903 0.999903 0.013933     13.522016 13.522016 6.381550
247.256836 294.414825     315.703125 16.687500 55.429688     -0.824713 0.565552 -0.565552 -0.824713     95.677758 95.677758 2.673383
247.256836 294.414825     53.031250 -36.320312 201.045898     -0.824713 0.565552 -0.565552 -0.824713     95.677758 95.677758 3.996111
250.849884 293.465912     17.385315 -3.333984 24.906250     -0.777580 0.628785 -0.628785 -0.777580     96.726396 96.726396 1.281566
250.849884 293.465912     213.468750 -229.523438 328.095703     -0.777580 0.628785 -0.628785 -0.777580     96.726396 96.726396 3.948712
195.046097 152.772202     6.712179 -9.314026 77.757812     -0.854820 -0.518925 0.518925 -0.854820     100.746287 100.746287 2.445253
531.528748 388.034485     76.956055 -42.324219 80.734375     0.701621 -0.712551 0.712551 0.701621     10.025325 10.025325 5.551374
532.192932 387.016083     108.224686 142.530762 2672.093750     0.687865 -0.725838 0.725838 0.687865     10.699570 10.699570 1.102129
532.192932 387.016083     403.281250 -51.726562 8.683594     0.687865 -0.725838 0.725838 0.687865     10.699570 10.699570 5.553325
532.553040 386.166656     6.826172 -5.038086 94.351562     0.681319 -0.731987 0.731987 0.681319     11.871501 11.871501 1.141023
532.553040 386.166656     30.798096 -10.841797 57.734375     0.681319 -0.731987 0.731987 0.681319     11.871501 11.871501 5.512159
532.870178 385.642365     20.354797 -3.043945 25.367188     0.680933 -0.732345 0.732345 0.680933     12.248761 12.248761 1.159919
532.870178 385.642365     1283.500000 453.296875 399.507812     0.680933 -0.732345 0.732345 0.680933     12.248761 12.248761 5.447487
496.727264 251.344498     408.156250 -193.906250 95.515625     -0.957272 -0.289190 0.289190 -0.957272     14.691815 14.691815 1.952690
496.727264 251.344498     177.866180 126.277344 7627.304688     -0.957272 -0.289190 0.289190 -0.957272     14.691815 14.691815 5.275863
435.867188 417.593750     1068.671875 239.242188 176.871094     -0.996142 0.087757 -0.087757 -0.996142     19.142562 19.142562 1.798355
435.867188 417.593750     14.125000 31.382812 439.478516     -0.996142 0.087757 -0.087757 -0.996142     19.142562 19.142562 4.313340
358.752563 193.357391     602.531250 -279.562500 8214.156250     0.638452 -0.769662 0.769662 0.638452     13.150851 13.150851 4.452060
533.414124 384.612122     444.234375 -41.367188 65.570312     0.669587 -0.742734 0.742734 0.669587     13.637411 13.637411 1.171689
533.414124 384.612122     75.000000 -115.734375 330.255859     0.669587 -0.742734 0.742734 0.669587     13.637411 13.637411 5.402260
466.912872 73.248962     118.031250 -175.312500 427.042969     -0.975736 -0.218952 0.218952 -0.975736     21.504864 21.504864 1.277854
466.912872 73.248962     405.375000 -21.492188 4.285156     -0.975736 -0.218952 0.218952 -0.975736     21.504864 21.504864 5.055377
511.928436 264.429413     48.218750 -13.046875 14.437500     -0.784646 -0.619943 0.619943 -0.784646     25.400617 25.400617 1.213224
511.928436 264.429413     25.409424 -5.367188 27.031250     -0.784646 -0.619943 0.619943 -0.784646     25.400617 25.400617 1.961111
426.286591 417.345795     20.781250 -3.269531 15.991943     -0.998460 0.055475 -0.055475 -0.998460     21.751765 21.751765 1.716008
375.455322 238.561707     553.515625 -196.203125 91.597656     0.552467 -0.833535 0.833535 0.552467     6.419026 6.419026 4.661704
375.455322 238.561707     25.295898 -20.548828 54.765625     0.552467 -0.833535 0.833535 0.552467     6.419026 6.419026 5.880980
542.161438 262.566925     122.406250 83.507812 736.962891     -0.730376 -0.683045 0.683045 -0.730376     11.158657 11.158657 1.562145
503.181427 265.071716     19353.296875 3248.523438 16059.367188     -0.946281 -0.323346 0.323346 -0.946281     47.631180 47.631180 1.737851
503.181427 265.071716     486.031250 -63.281250 76.289062     -0.946281 -0.323346 0.323346 -0.946281     47.631180 47.631180 3.959760
531.500854 385.716522     120.656250 -176.835938 467.154297     -0.718688 0.695332 -0.695332 -0.718688     15.910236 15.910236 2.161763
531.500854 385.716522     15.412109 -9.003906 36.796875     -0.718688 0.695332 -0.695332 -0.718688     15.910236 15.910236 4.297876
375.454895 238.729324     16.922852 -11.389648 43.726562     0.547946 -0.836514 0.836514 0.547946     6.887119 6.887119 0.457665
375.454895 238.729324     51.484375 -15.953125 18.421875     0.547946 -0.836514 0.836514 0.547946     6.887119 6.887119 4.643338
542.000000 262.382141     36.250000 -22.382812 59.816406     -0.732320 -0.680961 0.680961 -0.732320     12.092921 12.092921 1.563685
505.126465 266.331787     561.298950 512.215820 6667.539062     -0.944830 -0.327561 0.327561 -0.944830     45.392964 45.392964 1.798765
505.126465 266.331787     93.031250 70.398438 74.499512     -0.944830 -0.327561 0.327561 -0.944830     45.392964 45.392964 3.974532
536.518677 373.981293     20375.679688 1800.687500 16425.804688     0.506819 -0.862053 0.862053 0.506819     30.920089 30.920089 1.179158
536.518677 373.981293     55.887207 -29.246094 41.562500     0.506819 -0.862053 0.862053 0.506819     30.920089 30.920089 5.052123
570.921570 228.228760     987.437500 -815.070312 996.769531     -0.967663 -0.252246 0.252246 -0.967663     23.202202 23.202202 1.991074
555.591187 248.405411     1411.750000 436.093750 397.656250     -0.861768 -0.507302 0.507302 -0.861768     22.583164 22.583164 1.828860
584.040833 204.142853     578.002075 428.276367 7240.664062     -0.908577 0.417718 -0.417718 -0.908577     24.416296 24.416296 0.641446
584.040833 204.142853     113.187500 4.921875 36.203125     -0.908577 0.417718 -0.417718 -0.908577     24.416296 24.416296 3.825681
540.141052 257.602570     409.625000 -21.843750 4.824219     -0.675538 -0.737325 0.737325 -0.675538     20.562931 20.562931 1.585516
568.922607 227.888245     44.343750 38.851562 69.281250     -0.971766 -0.235946 0.235946 -0.971766     22.987137 22.987137 1.923870
376.174042 236.987335     9.278320 1.566406 72.156250     0.522942 -0.852368 0.852368 0.522942     9.148800 9.148800 0.536761
376.174042 236.987335     48.875000 -45.132812 167.046875     0.522942 -0.852368 0.852368 0.522942     9.148800 9.148800 4.600845
555.455627 248.458710     46.957520 -22.507812 20.796875     -0.861702 -0.507415 0.507415 -0.861702     22.671819 22.671819 1.786318
426.472412 316.620697     23.513184 -2.650391 131.289062     0.510686 -0.859767 0.859767 0.510686     12.828872 12.828872 1.253861
575.132080 217.874207     52.781250 -16.937500 20.968750     -0.823120 0.567867 -0.567867 -0.823120     51.344749 51.344749 1.511307
575.132080 217.874207     387.562500 -13.976562 5.308594     -0.823120 0.567867 -0.567867 -0.823120     51.344749 51.344749 1.904041
546.768555 253.204636     43.125000 37.226562 69.218750     -0.817410 -0.576056 0.576056 -0.817410     43.757219 43.757219 1.918192
539.273499 368.966156     777.892456 347.324219 7612.695312     0.504103 -0.863644 0.863644 0.504103     35.448790 35.448790 1.154605
539.273499 368.966156     27.250000 -0.730469 16.716797     0.504103 -0.863644 0.863644 0.504103     35.448790 35.448790 5.088878
359.143494 246.287003     20734.742188 568.890625 16483.941406     0.457145 -0.889392 0.889392 0.457145     11.840120 11.840120 3.218094
502.927917 265.818359     850.145874 372.356445 7726.703125     -0.952746 -0.303769 0.303769 -0.952746     45.553804 45.553804 1.727778
502.927917 265.818359     1586.562500 228.718750 422.703125     -0.952746 -0.303769 0.303769 -0.952746     45.553804 45.553804 4.038235
471.092255 198.217712     33.593750 2.867188 19.001709     -0.856915 0.515457 -0.515457 -0.856915     17.649934 17.649934 1.029408
471.092255 198.217712     968.779541 461.530273 7901.742188     -0.856915 0.515457 -0.515457 -0.856915     17.649934 17.649934 3.850861
413.940338 323.897125     21058.250000 -428.906250 16379.121094     -0.778444 0.627714 -0.627714 -0.778444     33.711693 33.711693 4.303799
557.765320 233.784836     39.218750 -18.572266 95.746826     0.598554 -0.801083 0.801083 0.598554     77.242702 77.242702 5.395526
557.765320 233.784836     39.531250 -17.218750 92.498535     0.598554 -0.801083 0.801083 0.598554     77.242702 77.242702 5.936540
503.813965 267.591370     45.500000 -14.101562 86.484375     -0.927761 -0.373176 0.373176 -0.927761     49.904049 49.904049 1.366028
503.813965 267.591370     13.177734 21.484375 68.437500     -0.927761 -0.373176 0.373176 -0.927761     49.904049 49.904049 1.734718
444.466675 204.191116     1133.908447 326.605469 7985.179688     -0.943616 -0.331041 0.331041 -0.943616     32.451831 32.451831 1.969865
444.466675 204.191116     18.429688 23.441406 76.312500     -0.943616 -0.331041 0.331041 -0.943616     32.451831 32.451831 4.940308
556.246155 233.156006     21595.343750 -228.398438 15713.632812     0.628356 -0.777926 0.777926 0.628356     77.302266 77.302266 5.316609
556.246155 233.156006     17.658203 20.773438 74.179688     0.628356 -0.777926 0.777926 0.628356     77.302266 77.302266 5.973042
461.551910 197.080765     58.218750 -5.398438 82.522949     -0.995619 0.093502 -0.093502 -0.995619     26.784365 26.784365 1.394664
461.551910 197.080765     33792.250000 -4583.851562 14631.343750     -0.995619 0.093502 -0.093502 -0.995619     26.784365 26.784365 2.208243
562.963440 186.392029     74.656250 -4.208984 82.779297     -0.806765 0.590872 -0.590872 -0.806765     18.100328 18.100328 1.528049
126.829460 392.271332     84.343750 0.974609 95.051025     -0.872898 0.487902 -0.487902 -0.872898     14.728839 14.728839 1.869810
540.303894 180.187851     98.062500 1.910156 113.216064     -0.731889 0.681424 -0.681424 -0.731889     36.852311 36.852311 1.509257
442.442810 203.867157     190.687500 -12.414062 141.621826     -0.939956 -0.341297 0.341297 -0.939956     32.563041 32.563041 2.073746
442.442810 203.867157     293.687500 -39.066406 166.498291     -0.939956 -0.341297 0.341297 -0.939956     32.563041 32.563041 5.089568
559.314514 187.646194     211.156250 -124.040039 74.540070     -0.835868 0.548931 -0.548931 -0.835868     19.188704 19.188704 1.493891
471.429260 242.528305     383.593750 -218.441406 125.897827     -0.930777 0.365588 -0.365588 -0.930777     14.230592 14.230592 2.187466
471.429260 242.528305     288.968750 -161.521484 91.871216     -0.930777 0.365588 -0.365588 -0.930777     14.230592 14.230592 4.150568
502.052704 267.490265     228.375000 -44.531250 108.109375     -0.939823 -0.341663 0.341663 -0.939823     50.402498 50.402498 1.780922
116.480347 377.572052     2313.750000 734.109375 239.625000     0.247490 -0.968890 0.968890 0.247490     15.195600 15.195600 0.610235
116.480347 377.572052     0.468750 -24.687500 5070.460938     0.247490 -0.968890 0.968890 0.247490     15.195600 15.195600 2.420912
472.172607 188.154266     2638.781250 -480.079102 114.660950     -0.817158 0.576413 -0.576413 -0.817158     37.534486 37.534486 1.561241
472.172607 188.154266     297.230469 -74.868286 20.530922     -0.817158 0.576413 -0.576413 -0.817158     37.534486 37.534486 5.281598
531.932068 323.228149     1108.937500 -1232.718750 8351.843750     0.539100 -0.842242 0.842242 0.539100     25.826708 25.826708 2.275264
412.378418 238.895142     163.062500 -169.562500 182.687500     -0.295242 -0.955423 0.955423 -0.295242     40.851334 40.851334 1.106975
412.378418 238.895142     439.078125 152.828125 60.406250     -0.295242 -0.955423 0.955423 -0.295242     40.851334 40.851334 3.889397
128.108231 389.195282     19.429688 12.054688 72.402344     0.689080 -0.724685 0.724685 0.689080     22.342771 22.342771 5.226707
116.729858 314.146912     596.289062 -134.140869 30.994904     -0.055615 -0.998452 0.998452 -0.055615     13.838959 13.838959 1.307487
116.729858 314.146912     0.625000 -22.375000 6823.703125     -0.055615 -0.998452 0.998452 -0.055615     13.838959 13.838959 4.211493
115.947021 377.026489     608.109375 214.484375 76.609375     0.384785 -0.923006 0.923006 0.384785     18.716630 18.716630 2.202392
115.947021 377.026489     317.875000 81.468750 26.218750     0.384785 -0.923006 0.923006 0.384785     18.716630 18.716630 2.853018
436.174988 234.264999     2406.562500 -2076.406250 9678.312500     -0.822006 0.569478 -0.569478 -0.822006     22.672195 22.672195 3.822847
490.744690 106.442551     19.648438 10.765625 70.644531     -0.741118 -0.671375 0.671375 -0.741118     13.081391 13.081391 1.568054
103.084579 303.203979     258.140625 4.880859 9.732910     0.519259 -0.854617 0.854617 0.519259     16.783900 16.783900 5.623094
487.759033 104.069275     3529.085938 -640.250000 117.249268     -0.802565 -0.596565 0.596565 -0.802565     15.368695 15.368695 1.641032
507.463318 136.995407     541.914062 265.367188 404.199219     0.383273 -0.923635 0.923635 0.383273     18.985677 18.985677 4.307423
500.949921 267.390259     7.351562 66.132812 695.015625     -0.946073 -0.323954 0.323954 -0.946073     50.785648 50.785648 1.485009
500.949921 267.390259     567.625000 202.578125 74.140625     -0.946073 -0.323954 0.323954 -0.946073     50.785648 50.785648 1.796536
125.475609 210.039627     573.843750 -128.405518 29.652771     -0.758037 -0.652212 0.652212 -0.758037     23.028846 23.028846 1.857176
125.475609 210.039627     169.093750 -171.843750 183.109375     -0.758037 -0.652212 0.652212 -0.758037     23.028846 23.028846 4.598045
464.819519 293.073181     22.218750 7.093750 39.531250     -0.928093 0.372348 -0.372348 -0.928093     14.827800 14.827800 3.850761
497.695923 268.467590     542.015625 153.062500 64.093750     -0.977934 -0.208916 0.208916 -0.977934     59.142849 59.142849 1.482086
497.695923 268.467590     1.000000 -19.953125 8297.125000     -0.977934 -0.208916 0.208916 -0.977934     59.142849 59.142849 1.817405
493.813782 271.303162     23.242188 29.011719 142.285156     -0.997559 -0.069822 0.069822 -0.997559     68.908452 68.908452 1.616824
493.813782 271.303162     0.437500 17.125000 4272.914062     -0.997559 -0.069822 0.069822 -0.997559     68.908452 68.908452 1.946137
493.442047 224.832611     227.468750 47.601562 118.046875     -0.985566 0.169292 -0.169292 -0.985566     9.415025 9.415025 0.983214
493.442047 224.832611     351.656250 -13.427734 23.953613     -0.985566 0.169292 -0.169292 -0.985566     9.415025 9.415025 5.368637
177.021011 260.617645     24.656250 12.921875 57.664062     -0.805918 -0.592028 0.592028 -0.805918     16.394447 16.394447 0.809501
183.296112 308.631073     26.132812 59.738281 509.222656     -0.261462 -0.965214 0.965214 -0.261462     11.436576 11.436576 1.366032
302.469299 48.707581     891.937500 274.406250 93.156250     0.534150 -0.845390 0.845390 0.534150     19.258395 19.258395 1.465311
591.606506 339.398163     28.671875 67.578125 540.351562     -0.963958 -0.266053 0.266053 -0.963958     18.681334 18.681334 1.506131
